Applications Graphics Acceleration Info:
Uptime: 147610 Realtime: 147610

** Graphics info for pid 3008 [dev.polski.grammarmatrix] **

Stats since: 141788236150ns
Total frames rendered: 325
Janky frames: 25 (7.69%)
Janky frames (legacy): 21 (6.46%)
50th percentile: 17ms
90th percentile: 19ms
95th percentile: 23ms
99th percentile: 53ms
Number Missed Vsync: 3
Number High input latency: 374
Number Slow UI thread: 6
Number Slow bitmap uploads: 0
Number Slow issue draw commands: 21
Number Frame deadline missed: 25
Number Frame deadline missed (legacy): 9
HISTOGRAM: 5ms=12 6ms=4 7ms=1 8ms=2 9ms=0 10ms=0 11ms=1 12ms=0 13ms=1 14ms=0 15ms=0 16ms=67 17ms=184 18ms=15 19ms=12 20ms=5 21ms=4 22ms=0 23ms=1 24ms=2 25ms=0 26ms=0 27ms=0 28ms=0 29ms=0 30ms=0 31ms=1 32ms=3 34ms=2 36ms=1 38ms=1 40ms=0 42ms=0 44ms=0 46ms=0 48ms=2 53ms=1 57ms=1 61ms=0 65ms=1 69ms=1 73ms=0 77ms=0 81ms=0 85ms=0 89ms=0 93ms=0 97ms=0 101ms=0 105ms=0 109ms=0 113ms=0 117ms=0 121ms=0 125ms=0 129ms=0 133ms=0 150ms=0 200ms=0 250ms=0 300ms=0 350ms=0 400ms=0 450ms=0 500ms=0 550ms=0 600ms=0 650ms=0 700ms=0 750ms=0 800ms=0 850ms=0 900ms=0 950ms=0 1000ms=0 1050ms=0 1100ms=0 1150ms=0 1200ms=0 1250ms=0 1300ms=0 1350ms=0 1400ms=0 1450ms=0 1500ms=0 1550ms=0 1600ms=0 1650ms=0 1700ms=0 1750ms=0 1800ms=0 1850ms=0 1900ms=0 1950ms=0 2000ms=0 2050ms=0 2100ms=0 2150ms=0 2200ms=0 2250ms=0 2300ms=0 2350ms=0 2400ms=0 2450ms=0 2500ms=0 2550ms=0 2600ms=0 2650ms=0 2700ms=0 2750ms=0 2800ms=0 2850ms=0 2900ms=0 2950ms=0 3000ms=0 3050ms=0 3100ms=0 3150ms=0 3200ms=0 3250ms=0 3300ms=0 3350ms=0 3400ms=0 3450ms=0 3500ms=0 3550ms=0 3600ms=0 3650ms=0 3700ms=0 3750ms=0 3800ms=0 3850ms=0 3900ms=0 3950ms=0 4000ms=0 4050ms=0 4100ms=0 4150ms=0 4200ms=0 4250ms=0 4300ms=0 4350ms=0 4400ms=0 4450ms=0 4500ms=0 4550ms=0 4600ms=0 4650ms=0 4700ms=0 4750ms=0 4800ms=0 4850ms=0 4900ms=0 4950ms=0
50th gpu percentile: 14ms
90th gpu percentile: 15ms
95th gpu percentile: 16ms
99th gpu percentile: 4950ms
GPU HISTOGRAM: 1ms=0 2ms=17 3ms=4 4ms=1 5ms=1 6ms=2 7ms=8 8ms=3 9ms=3 10ms=16 11ms=14 12ms=33 13ms=51 14ms=83 15ms=63 16ms=11 17ms=3 18ms=1 19ms=3 20ms=1 21ms=1 22ms=0 23ms=0 24ms=1 25ms=0 4950ms=5

Pipeline=Skia (OpenGL)
Memory policy:
  Max surface area: 2592000
  Max resource usage: 124.42MB (x48)
  Background retention: 50% (altUiHidden = true)
  GPU Context timeout: 10
Contexts: 1 (stopped = 0)
CPU Caches:
  Glyph Cache: 33.70 KB (1 entry)
  Glyph Count: 11 
Total CPU memory usage:
  34510 bytes, 33.70 KB (0.00 bytes is purgeable)
GPU Caches:
  Other:
    Other: 49.27 KB (1 entry)
    Buffer Object: 36.00 KB (1 entry)
  Scratch:
    RenderTarget: 11.88 MB (1 entry)
    Buffer Object: 110.00 KB (3 entries)
    Texture: 2.00 MB (1 entry)
Total GPU memory usage:
  14748944 bytes, 14.07 MB (68.00 KB is purgeable)

GraphicBufferAllocator buffers:
        Handle |        Size |     W (Stride) x H | Layers |   Format |      Usage | Requestor
0xb400007b2c426ab0 |     unknown | 1080 (   0) x 2400 |      1 |        1 | 0x     b00 | VRI[GlassBenchmarkActivity]#0(BLAST Consumer)0
0xb400007b2c437af0 |     unknown | 1080 (   0) x 2400 |      1 |        1 | 0x     b00 | VRI[GlassBenchmarkActivity]#0(BLAST Consumer)0
0xb400007b2c4387e0 |     unknown | 1080 (   0) x 2400 |      1 |        1 | 0x     b00 | VRI[GlassBenchmarkActivity]#0(BLAST Consumer)0
Total allocated by GraphicBufferAllocator (estimate): 0.00 KB
GoldfishAllocator::dumpDebugInfo is not implemented
Profile data in ms:

	dev.polski.grammarmatrix/dev.polski.grammarmatrix.GlassBenchmarkActivity/android.view.ViewRootImpl@edf9393 (visibility=0)
Window: dev.polski.grammarmatrix/dev.polski.grammarmatrix.GlassBenchmarkActivity
Stats since: 141788235233ns
Total frames rendered: 325
Janky frames: 25 (7.69%)
Janky frames (legacy): 21 (6.46%)
50th percentile: 17ms
90th percentile: 19ms
95th percentile: 23ms
99th percentile: 53ms
Number Missed Vsync: 3
Number High input latency: 374
Number Slow UI thread: 6
Number Slow bitmap uploads: 0
Number Slow issue draw commands: 21
Number Frame deadline missed: 25
Number Frame deadline missed (legacy): 9
HISTOGRAM: 5ms=12 6ms=4 7ms=1 8ms=2 9ms=0 10ms=0 11ms=1 12ms=0 13ms=1 14ms=0 15ms=0 16ms=67 17ms=184 18ms=15 19ms=12 20ms=5 21ms=4 22ms=0 23ms=1 24ms=2 25ms=0 26ms=0 27ms=0 28ms=0 29ms=0 30ms=0 31ms=1 32ms=3 34ms=2 36ms=1 38ms=1 40ms=0 42ms=0 44ms=0 46ms=0 48ms=2 53ms=1 57ms=1 61ms=0 65ms=1 69ms=1 73ms=0 77ms=0 81ms=0 85ms=0 89ms=0 93ms=0 97ms=0 101ms=0 105ms=0 109ms=0 113ms=0 117ms=0 121ms=0 125ms=0 129ms=0 133ms=0 150ms=0 200ms=0 250ms=0 300ms=0 350ms=0 400ms=0 450ms=0 500ms=0 550ms=0 600ms=0 650ms=0 700ms=0 750ms=0 800ms=0 850ms=0 900ms=0 950ms=0 1000ms=0 1050ms=0 1100ms=0 1150ms=0 1200ms=0 1250ms=0 1300ms=0 1350ms=0 1400ms=0 1450ms=0 1500ms=0 1550ms=0 1600ms=0 1650ms=0 1700ms=0 1750ms=0 1800ms=0 1850ms=0 1900ms=0 1950ms=0 2000ms=0 2050ms=0 2100ms=0 2150ms=0 2200ms=0 2250ms=0 2300ms=0 2350ms=0 2400ms=0 2450ms=0 2500ms=0 2550ms=0 2600ms=0 2650ms=0 2700ms=0 2750ms=0 2800ms=0 2850ms=0 2900ms=0 2950ms=0 3000ms=0 3050ms=0 3100ms=0 3150ms=0 3200ms=0 3250ms=0 3300ms=0 3350ms=0 3400ms=0 3450ms=0 3500ms=0 3550ms=0 3600ms=0 3650ms=0 3700ms=0 3750ms=0 3800ms=0 3850ms=0 3900ms=0 3950ms=0 4000ms=0 4050ms=0 4100ms=0 4150ms=0 4200ms=0 4250ms=0 4300ms=0 4350ms=0 4400ms=0 4450ms=0 4500ms=0 4550ms=0 4600ms=0 4650ms=0 4700ms=0 4750ms=0 4800ms=0 4850ms=0 4900ms=0 4950ms=0
50th gpu percentile: 14ms
90th gpu percentile: 15ms
95th gpu percentile: 16ms
99th gpu percentile: 4950ms
GPU HISTOGRAM: 1ms=0 2ms=17 3ms=4 4ms=1 5ms=1 6ms=2 7ms=8 8ms=3 9ms=3 10ms=16 11ms=14 12ms=33 13ms=51 14ms=83 15ms=63 16ms=11 17ms=3 18ms=1 19ms=3 20ms=1 21ms=1 22ms=0 23ms=0 24ms=1 25ms=0 4950ms=5



---PROFILEDATA---
Flags,FrameTimelineVsyncId,IntendedVsync,Vsync,InputEventId,HandleInputStart,AnimationStart,PerformTraversalsStart,DrawStart,FrameDeadline,FrameInterval,FrameStartTime,SyncQueued,SyncStart,IssueDrawCommandsStart,SwapBuffers,FrameCompleted,DequeueBufferDuration,QueueBufferDuration,GpuCompleted,SwapBuffersCompleted,DisplayPresentTime,CommandSubmissionCompleted,
0,41319,145476669432,145476669432,-287029790,145477442318,145478047610,145478353860,145478377735,145510002764,145477436776,16666666,145478586818,145478872443,145478921735,145479310151,145493773443,1541,80875,145493773443,145480676651,0,145479310151,
0,41327,145493336098,145493336098,-399166328,145494068235,145494520693,145495536985,145495564610,145526669430,145494062901,16666666,145495824526,145495835818,145495886401,145496563276,145510602443,1875,106417,145510602443,145497364818,0,145496563276,
0,41342,145526669430,145526669430,0,145527335735,145527336568,145528485818,145528518651,145543336096,145527330568,16666666,145528807651,145528894985,145528927693,145529233068,145543790360,1625,96791,145543790360,145529914193,0,145529233068,
0,41350,145543336096,145543336096,0,145544201276,145544201860,145545923651,145545955610,145576669428,145544195693,16666666,145546046026,145546149901,145546184818,145546467401,145560827443,1958,120875,145560827443,145547132401,0,145546467401,
0,41358,145560002762,145560002762,0,145561233360,145561234443,145562583693,145562620151,145593336094,145561226901,16666666,145564614318,145564878068,145564923068,145565478735,145577205693,2084,116250,145577205693,145566371026,0,145565478735,
0,41373,145593336094,145593336094,-598186745,145593839276,145594230568,145594810151,145594837193,145610002760,145593833735,16666666,145595069068,145595159526,145595192651,145596768485,145610917526,2666,616834,145610917526,145598239401,0,145596768485,
0,41381,145610002760,145610002760,-449689849,145610952943,145611382651,145612565985,145612595568,145643336092,145610947235,16666666,145612810776,145612945818,145612983568,145613335776,145627629193,2375,405000,145627629193,145614282651,0,145613335776,
0,41389,145626669426,145626669426,-773653475,145628823526,145629727693,145630735526,145630764110,145660002758,145628817026,16666666,145630859901,145631030360,145631090360,145631466693,145643920901,1625,228459,145643920901,145632589110,0,145631466693,
0,41397,145643336092,145643336092,-790104633,145644397693,145645851735,145647100943,145647136193,145676669424,145644391901,16666666,145647145818,145647236776,145647270860,145647638235,145660680485,1833,284833,145660680485,145648504276,0,145647638235,
0,41405,145660002758,145660002758,-730965553,145660838693,145661571735,145661829068,145661854568,145693336090,145660832276,16666666,145662391443,145662441110,145662476318,145663128526,145677347777,1833,98542,145677347777,145663942235,0,145663128526,
0,41413,145676669424,145676669424,-278557226,145677668277,145678332193,145679381777,145679410985,145710002756,145677507152,16666666,145679623443,145679652360,145679673652,145679971110,145693812860,1792,172958,145693812860,145680854652,0,145679971110,
0,41421,145693336090,145693336090,-196646141,145694219485,145694974152,145695879485,145695905693,145726669422,145694214068,16666666,145695997693,145696112318,145696385027,145696685193,145710551318,1833,213375,145710551318,145697322360,0,145696685193,
0,41429,145710002756,145710002756,-366014003,145710889860,145711411277,145712487610,145712516818,145743336088,145710883318,16666666,145712525110,145712667610,145712718360,145713107652,145727284152,1709,160625,145727284152,145713864402,0,145713107652,
0,41437,145726669422,145726669422,-1013156210,145727358693,145727963068,145728538818,145728567318,145760002754,145727353110,16666666,145729085027,145729301943,145729320818,145729689902,145743788902,2375,91375,145743788902,145730407485,0,145729689902,
0,41445,145743336088,145743336088,-590982730,145744206402,145744627360,145745443735,145745482277,145776669420,145744200985,16666666,145745722027,145745902902,145746006027,145746509485,145760990860,2333,468000,145760990860,145747814902,0,145746509485,
0,41453,145760002754,145760002754,-676404608,145761282277,145762280902,145763471610,145763536110,145793336086,145761276693,16666666,145763756318,145763867402,145763909235,145764481360,145777349360,2166,279041,145777349360,145765510318,0,145764481360,
0,41461,145776669420,145776669420,-606271554,145778087943,145779120485,145779881443,145779916152,145810002752,145778081402,16666666,145779927193,145780103693,145780146443,145780579818,145793737610,2041,271209,145793737610,145781396652,0,145780579818,
0,41469,145793336086,145793336086,-598160487,145794166818,145794614402,145795228152,145795546235,145826669418,145794161360,16666666,145795881277,145796535777,145796619402,145796999193,145810597652,2000,317291,145810597652,145797988818,0,145796999193,
0,41477,145810002752,145810002752,-1017047560,145810666152,145811574610,145813455443,145813492402,145843336084,145810660235,16666666,145813720485,145813805235,145813838735,145814494485,145816378693,2166,855458,145816281943,145816378693,0,145814494485,
0,41485,145826669418,145826669418,-495478747,145827905652,145828748985,145829330527,145829359402,145860002750,145827900402,16666666,145829457943,145829473652,145829496402,145829889902,145843907110,1917,201375,145843907110,145830612568,0,145829889902,
0,41493,145843336084,145843336084,-630277853,145844226943,145844946110,145845594277,145845623902,145876669416,145844219902,16666666,145845631693,145845803985,145845930360,145846249985,145860720652,2833,282000,145860720652,145847062943,0,145846249985,
0,41501,145860002750,145860002750,-962086880,145860870652,145861616860,145861931860,145861965485,145893336082,145860864068,16666666,145862194360,145862307402,145862344235,145862857527,145877168068,1750,92125,145877168068,145863834443,0,145862857527,
0,41509,145876669416,145876669416,-1046385929,145878110652,145878632485,145879513277,145879542152,145910002748,145878105527,16666666,145879955693,145880222527,145880542818,145880841735,145893806443,2792,160750,145893806443,145881758652,0,145880841735,
0,41517,145893336082,145893336082,-99774697,145894107693,145894819235,145895520610,145895557318,145926669414,145894101902,16666666,145896568568,145896669902,145896708485,145897008943,145910760943,1500,87583,145910760943,145897601027,0,145897008943,
0,41525,145910002748,145910002748,-607644491,145910883485,145911409902,145911976235,145911999860,145943336080,145910877985,16666666,145912329652,145912594360,145912612485,145912952735,145927088443,1917,148833,145927088443,145913566902,0,145912952735,
0,41533,145926669414,145926669414,-683962082,145927474943,145927927443,145928715402,145928741610,145960002746,145927468943,16666666,145928948568,145929030527,145929523068,145930458110,145943857943,2916,52875,145943857943,145931332610,0,145930458110,
0,41548,145960002746,145960002746,0,145960585693,145960586568,145961742318,145961777318,145976669412,145960580277,16666666,145962018152,145962235860,145962299818,145963058943,145977243443,2875,474708,145977243443,145964432402,0,145963058943,
0,41556,145976669412,145976669412,0,145977618943,145977619652,145979535027,145979574110,146010002744,145977612693,16666666,145979668152,145979755860,145979791402,145980784902,145993796777,1833,146208,145993796777,145981504652,0,145980784902,
0,41564,145993336078,145993336078,0,145993974443,145993975235,145995118652,145995172027,146026669410,145993968277,16666666,145995187902,145995438652,145995517235,145995945402,146010427568,1459,110834,146010427568,145997607943,0,145995945402,
0,41579,146026669410,146026669410,-867618929,146027277902,146027766818,146028288860,146028312943,146043336076,146027272402,16666666,146028550485,146028569777,146028653485,146029288652,146043763277,1584,348625,146043763277,146030514110,0,146029288652,
0,41587,146043336076,146043336076,-337218705,146044325527,146044820735,146046140152,146046171485,146076669408,146044320360,16666666,146046567360,146046692860,146046740235,146047099277,146060764110,2167,191666,146060764110,146047962610,0,146047099277,
0,41595,146060002742,146060002742,-33838594,146060978027,146061677485,146062767402,146062806860,146093336074,146060971402,16666666,146062935943,146063057068,146063097860,146063479985,146077114527,2792,455125,146077114527,146065288485,0,146063479985,
0,41603,146076669408,146076669408,-636716842,146077532568,146078064610,146078613735,146078643485,146110002740,146077527068,16666666,146078858943,146079128277,146079165443,146079601902,146094036068,1625,81583,146094036068,146080665943,0,146079601902,
0,41611,146093336074,146093336074,-177441550,146094298360,146094901652,146095243527,146095288443,146126669406,146094291818,16666666,146095798610,146095819110,146095919277,146096649235,146110711152,2292,167334,146110711152,146097331568,0,146096649235,
0,41619,146110002740,146110002740,-188980931,146110746943,146111213360,146112380610,146112424360,146143336072,146110741652,16666666,146113767402,146113852985,146113885902,146114418110,146127275527,1875,309042,146127275527,146115510693,0,146114418110,
0,41627,146126669406,146126669406,-421401896,146127543443,146128538652,146129107652,146129135943,146160002738,146127538193,16666666,146129237985,146129479777,146129566110,146130059485,146131316777,2125,281250,146131283860,146131316777,0,146130059485,
0,41635,146143336072,146143336072,-959168393,146144169318,146145176027,146145461485,146145507027,146176669404,146144163318,16666666,146145930360,146146021443,146146059818,146147270902,146161040527,2042,142208,146161040527,146147958652,0,146147270902,
0,41643,146160002738,146160002738,-983891159,146161375443,146162095318,146162373693,146162400902,146193336070,146161370152,16666666,146162608152,146162737235,146162787277,146163313527,146177392735,6583,669625,146177392735,146164460652,0,146163313527,
0,41651,146176669404,146176669404,-886719158,146177868777,146178559818,146181194110,146181233193,146210002736,146177861568,16666666,146181510235,146181651235,146181685277,146182213402,146193908110,1917,654750,146193908110,146183614943,0,146182213402,
0,41659,146193336070,146193336070,-97780078,146194286735,146195083318,146195632693,146195656943,146226669402,146194281027,16666666,146195746693,146196403693,146196547777,146197127485,146210420027,1542,437125,146210420027,146198127527,0,146197127485,
0,41667,146210002736,146210002736,-434095134,146211099652,146211935985,146212465860,146212492485,146243336068,146211093527,16666666,146212974735,146213208902,146213329443,146213786943,146227178318,2000,109375,146227178318,146214424110,0,146213786943,
0,41675,146226669402,146226669402,-257012808,146227515318,146227988235,146228643985,146228753193,146260002734,146227510068,16666666,146228961402,146229168777,146229310027,146229651318,146243991943,2541,248292,146243991943,146230311193,0,146229651318,
0,41683,146243336068,146243336068,-746399976,146244410610,146245283985,146248234568,146248282693,146276669400,146244404027,16666666,146248529568,146248645318,146248793152,146249106485,146260954693,3000,387542,146260954693,146250173860,0,146249106485,
0,41691,146260002734,146260002734,-667699787,146261343610,146261760902,146262320277,146262343985,146293336066,146261338068,16666666,146262439235,146262808485,146262836610,146263835027,146277607235,2250,303125,146277607235,146264756193,0,146263835027,
0,41699,146276669400,146276669400,-1064545430,146278025610,146278441735,146278688152,146278721068,146310002732,146278019277,16666666,146279077902,146279454277,146279492860,146279933568,146293839693,1417,62417,146293839693,146280638235,0,146279933568,
0,41707,146293336066,146293336066,-526516018,146294197360,146294680735,146295007485,146295043652,146326669398,146294191693,16666666,146295338902,146295532777,146295571735,146295958818,146310554485,1958,182500,146310554485,146296720277,0,146295958818,
0,41715,146310002732,146310002732,-100672343,146310977402,146311574152,146312876693,146312911943,146343336064,146310971610,16666666,146314529443,146314668818,146314735068,146315462068,146327212235,1834,366125,146327212235,146316805777,0,146315462068,
0,41723,146326669398,146326669398,-539205729,146327353902,146328609693,146329656068,146329711818,146360002730,146327348360,16666666,146329831693,146330171027,146330268110,146330619860,146343902985,1916,186959,146343902985,146331385777,0,146330619860,
0,41731,146343336064,146343336064,-977303513,146344666402,146345081527,146345322318,146345346277,146376669396,146344660527,16666666,146345552693,146345909943,146345930443,146346380818,146361086152,1916,74166,146361086152,146346910402,0,146346380818,
0,41739,146360002730,146360002730,-522615467,146361312568,146362190443,146362497985,146362533235,146393336062,146361306443,16666666,146362878902,146362909527,146362957152,146363603402,146377322944,3042,148209,146377322944,146364533152,0,146363603402,
0,41754,146393336062,146393336062,0,146393865569,146393866152,146395967319,146396183569,146410002728,146393860277,16666666,146397160152,146397231235,146397396110,146397686194,146412416527,1750,104792,146412416527,146398680485,0,146397686194,
0,41762,146410002728,146410002728,0,146412714194,146412715569,146414554860,146414607527,146443336060,146412707694,16666666,146414824110,146414917152,146414957069,146415371277,146427152610,1542,146708,146427152610,146416449902,0,146415371277,
0,41770,146426669394,146426669394,0,146427666610,146427667402,146428803527,146428837402,146460002726,146427660819,16666666,146429049527,146429092485,146429127402,146429581527,146443916027,2417,316958,146443916027,146430529069,0,146429581527,
0,41785,146460002726,146460002726,-490725068,146460673027,146461131069,146461418694,146461440569,146476669392,146460667902,16666666,146461629860,146461795402,146461831319,146462194860,146477078277,1875,646709,146477078277,146463605735,0,146462194860,
0,41793,146476669392,146476669392,-706829609,146477478819,146478264194,146480076777,146480114860,146510002724,146477472444,16666666,146481253277,146481451902,146481503777,146481844819,146494024777,4125,234083,146494024777,146482803444,0,146481844819,
0,41801,146493336058,146493336058,-816769175,146493926944,146494539735,146495111194,146495136069,146526669390,146493921277,16666666,146495229652,146495275652,146495450777,146496618777,146497771735,1958,428917,146497743485,146497771735,0,146496618777,
0,41809,146510002724,146510002724,-622968418,146510720860,146511551444,146512578485,146512637610,146543336056,146510716985,16666666,146512652152,146512834277,146513004527,146513281944,146527152527,1125,74125,146527152527,146514021194,0,146513281944,
0,41817,146526669390,146526669390,-138663267,146527478652,146527999027,146529045110,146529073152,146560002722,146527472402,16666666,146529272652,146529448319,146529537652,146530095277,146543847152,1833,165083,146543847152,146530758402,0,146530095277,
0,41825,146543336056,146543336056,-61141824,146544342110,146545186277,146546978652,146547012235,146576669388,146544335694,16666666,146547241235,146547346110,146547378860,146547678360,146560678860,2292,108542,146560678860,146548532360,0,146547678360,
0,41833,146560002722,146560002722,-43592954,146561073277,146561688777,146562927735,146562969069,146593336054,146561067694,16666666,146563091735,146563192777,146563232610,146563570235,146577343735,2375,181500,146577343735,146564333110,0,146563570235,
0,41841,146576669388,146576669388,-1068930365,146577387569,146578171235,146578980027,146579011194,146610002720,146577380944,16666666,146579019110,146579270194,146579303110,146579601985,146593814027,1833,563667,146593814027,146580599277,0,146579601985,
0,41849,146593336054,146593336054,-527210977,146594147985,146594545944,146594782027,146594808652,146626669386,146594142194,16666666,146595023027,146595182277,146595200610,146595858319,146597020402,1959,316375,146596991694,146597020402,0,146595858319,
0,41857,146610002720,146610002720,-783978447,146611195944,146611772902,146612925569,146612958402,146643336052,146611190152,16666666,146613152027,146613276194,146613312527,146613585277,146627389110,2291,215292,146627389110,146614534902,0,146613585277,
0,41865,146626669386,146626669386,-803156056,146627454735,146627848819,146628849235,146628893819,146660002718,146627449402,16666666,146629013569,146629181360,146629228694,146629597194,146644416735,1541,167416,146644416735,146630425069,0,146629597194,
0,41873,146643336052,146643336052,-696228144,146644360652,146645051152,146645788235,146645818277,146676669384,146644354944,16666666,146645826402,146646143027,146646228694,146646602027,146660677110,3834,266709,146660677110,146647435694,0,146646602027,
0,41881,146660002718,146660002718,-100350694,146660873194,146661434735,146661849485,146661890777,146693336050,146660866110,16666666,146662139194,146662355069,146662377319,146662922819,146677555277,2000,89416,146677555277,146663670277,0,146662922819,
0,41889,146676669384,146676669384,-957700512,146677568110,146678209402,146679234069,146679292902,146710002716,146677561402,16666666,146679596777,146679758027,146679801152,146680524402,146693899235,3458,384208,146693899235,146681603652,0,146680524402,
0,41897,146693336050,146693336050,-123812820,146694090819,146694738610,146695507485,146695550069,146726669382,146694084152,16666666,146695660902,146695967360,146696165235,146696813777,146710570902,1917,205000,146710570902,146697531444,0,146696813777,
0,41905,146710002716,146710002716,-695039718,146710666027,146711225819,146711903152,146711929027,146743336048,146710660235,16666666,146711937777,146711970110,146712180110,146713022402,146727284527,1709,142208,146727284527,146713636235,0,146713022402,
0,41913,146726669382,146726669382,-503291608,146728234777,146728745194,146729349610,146729376027,146760002714,146728228402,16666666,146729594235,146729708152,146729727152,146730125402,146743810069,1667,91333,146743810069,146730893485,0,146730125402,
0,41921,146743336048,146743336048,-443177626,146744416485,146744902694,146746467902,146746493527,146776669380,146744410569,16666666,146746692860,146746805902,146746841235,146747196319,146761055902,2292,187250,146761055902,146748294985,0,146747196319,
0,41929,146760002714,146760002714,-683910246,146761453444,146761983110,146762823110,146762853360,146793336046,146761447985,16666666,146762947402,146763157194,146763194902,146763492485,146777719985,2042,82042,146777719985,146764336569,0,146763492485,
0,41937,146776669380,146776669380,-446512783,146777817569,146778380860,146778937652,146778960985,146810002712,146777811902,16666666,146778968277,146779004985,146779215027,146779686860,146794099569,1750,127708,146794099569,146780676444,0,146779686860,
0,41945,146793336046,146793336046,-874755380,146794637360,146795163694,146795410860,146795435902,146826669378,146794631444,16666666,146795629110,146795750194,146795769777,146796662902,146797814319,2167,527042,146797760735,146797814319,0,146796662902,
0,41960,146826669378,146826669378,0,146827245610,146827246402,146828676277,146828708735,146843336044,146827240027,16666666,146829036319,146829196402,146829257069,146829605527,146843726610,1459,191500,146843726610,146830558944,0,146829605527,
0,41968,146843336044,146843336044,0,146844616027,146844616944,146846072902,146846129319,146876669376,146844610777,16666666,146846261819,146846376985,146846416527,146846711735,146861252985,1542,80208,146861252985,146847221694,0,146846711735,
0,41976,146860002710,146860002710,0,146862072319,146862072944,146863060069,146863093985,146893336042,146862066610,16666666,146863101360,146863307277,146863333277,146864544319,146877407277,1833,185083,146877407277,146865513110,0,146864544319,
0,41991,146893336042,146893336042,-958411963,146895160152,146895826277,146896817944,146896862402,146910002708,146895153152,16666666,146897159819,146897291235,146897328735,146897617444,146912681360,1625,174708,146912681360,146898333235,0,146897617444,
0,41999,146910002708,146910002708,-937668430,146912876527,146913459819,146914221652,146914249277,146943336040,146912871235,16666666,146914423527,146914695485,146914854694,146915641194,146927407985,1833,418042,146927407985,146917033402,0,146915641194,
0,42007,146926669374,146926669374,-598183343,146928233777,146928538402,146928986485,146929013735,146960002706,146928228985,16666666,146929093735,146929199694,146929356152,146929673860,146943870485,1583,67291,146943870485,146930536485,0,146929673860,
0,42015,146943336040,146943336040,-819779056,146944410569,146944599569,146944823027,146944841985,146976669372,146944407277,16666666,146946110902,146946282069,146946350360,146946627402,146960776319,1500,121750,146960776319,146947367319,0,146946627402,
0,42023,146960002706,146960002706,-783216184,146960710319,146961313235,146961554485,146961579777,146993336038,146960705235,16666666,146961786402,146961910194,146961949610,146962687819,146977859944,173833,62209,146977859944,146963471527,0,146962687819,
0,42031,146976669372,146976669372,-807503124,146978105652,146978894194,146979667235,146979701944,147010002704,146978099694,16666666,146979913777,146980270985,146980311777,146981822610,146993883902,1791,332042,146993883902,146982970319,0,146981822610,
0,42039,146993336038,146993336038,-703497413,146994083860,146994477485,146995023860,146995046735,147026669370,146994078777,16666666,146995146444,146995233485,146995255819,146995885110,146997099069,2167,165500,146997030860,146997099069,0,146995885110,
0,42047,147010002704,147010002704,-135222553,147011773444,147012731860,147013046694,147013076819,147043336036,147011767527,16666666,147013293652,147013522402,147013548569,147014149235,147027337985,2083,103208,147027337985,147014773610,0,147014149235,
0,42055,147026669370,147026669370,-499369674,147027515985,147029108110,147029346402,147029372902,147060002702,147027510485,16666666,147029597902,147029768485,147029799694,147030107235,147043789777,1541,74000,147043789777,147030591985,0,147030107235,
0,42063,147043336036,147043336036,-489797252,147044353819,147044944527,147045673860,147045701902,147076669368,147044348610,16666666,147045895444,147046309194,147046438110,147046762985,147060448110,1792,143833,147060448110,147047482694,0,147046762985,
0,42071,147060002702,147060002702,-534460889,147060820069,147061246277,147061818360,147061847527,147093336034,147060814777,16666666,147061933069,147062614944,147062680402,147063175235,147064503777,2042,488625,147064472860,147064503777,0,147063175235,
0,42079,147076669368,147076669368,-505841370,147077356152,147077825611,147078063527,147078087361,147110002700,147077350527,16666666,147078303361,147078828652,147078979111,147079538611,147080801194,2417,290625,147080745569,147080801194,0,147079538611,
0,42087,147093336034,147093336034,-71784172,147094535111,147095203027,147095481611,147095508111,147126669366,147094530236,16666666,147095725277,147095818027,147095851986,147096441236,147110825611,1667,146167,147110825611,147097099694,0,147096441236,
0,42095,147110002700,147110002700,-809025649,147111089777,147111553944,147112320486,147112346486,147143336032,147111084736,16666666,147112533444,147112687069,147112735444,147113138819,147127079652,1959,255750,147127079652,147113854486,0,147113138819,
0,42103,147126669366,147126669366,-531979059,147127472819,147127956986,147129664986,147129697486,147160002698,147127467402,16666666,147129788486,147129918944,147130191027,147130582527,147144656819,1833,124042,147144656819,147131387402,0,147130582527,
0,42111,147143336032,147143336032,-633621385,147146180569,147146748319,147147010236,147147033236,147176669364,147146174652,16666666,147147245944,147147359027,147147451611,147147766944,147161267069,2167,342708,147161267069,147148668819,0,147147766944,
0,42119,147160002698,147160002698,-772371627,147161773361,147162250652,147162488902,147162514236,147193336030,147161768111,16666666,147162755694,147162845861,147162996069,147163514736,147164660944,3417,255667,147164604277,147164660944,0,147163514736,
0,42127,147176669364,147176669364,-934482888,147177614527,147178447027,147179639277,147179670944,147210002696,147177607986,16666666,147179855944,147179989902,147180112736,147180645444,147193815694,1500,234000,147193815694,147181360944,0,147180645444,
0,42135,147193336030,147193336030,-22792665,147194312736,147195151986,147195866194,147195892444,147226669362,147194307111,16666666,147195981027,147196746611,147196981319,147197363736,147210777069,1667,99917,147210777069,147198068736,0,147197363736,
0,42143,147210002696,147210002696,-829463055,147211037777,147211474319,147212742194,147212776986,147243336028,147211032319,16666666,147213210486,147213309944,147213343569,147213635152,147227257277,2125,197125,147227257277,147214327902,0,147213635152,
0,42151,147226669362,147226669362,-699512485,147227914277,147229263861,147229492194,147229519819,147260002694,147227908736,16666666,147229780486,147229815069,147229862486,147230534986,147232215569,2292,861958,147232124069,147232215569,0,147230534986,
0,42166,147260002694,147260002694,0,147261465444,147261466277,147263321152,147263354861,147276669360,147261457819,16666666,147263564027,147263750069,147263783319,147264406569,147277037611,3500,269417,147277037611,147265345152,0,147264406569,
0,42174,147276669360,147276669360,0,147277478944,147277479861,147279502986,147279538652,147310002692,147277472069,16666666,147279951611,147280104986,147280139902,147280529736,147293722194,1750,99500,147293722194,147281343402,0,147280529736,
0,42182,147293336026,147293336026,0,147294075236,147294076111,147294711652,147294756694,147326669358,147294068694,16666666,147295619111,147295672361,147295726527,147296401986,147310531069,1542,105834,147310531069,147296991652,0,147296401986,
0,42190,147310002692,147310002692,0,147311454152,147311454861,147312395361,147312435611,147343336024,147311448736,16666666,147312679986,147312948694,147312998194,147313326736,147327140569,2250,130500,147327140569,147314068402,0,147313326736,
0,42198,147326669358,147326669358,0,147327360152,147327360736,147329107027,147329141736,147360002690,147327354944,16666666,147329149402,147329243277,147329275444,147329554986,147331052152,1834,704250,147330990069,147331052152,0,147329554986,
0,42206,147343336024,147343336024,0,147344574902,147344575986,147344576527,147344632819,147376669356,147344569069,16666666,147345115902,147345279361,147345364027,147346235652,147361328569,381459,154041,147361328569,147347548736,0,147346235652,
0,42214,147360002690,147360002690,0,147362588736,147362589444,147362590027,147362640361,147393336022,147362583569,16666666,147363065319,147363112861,147363209277,147363717027,147377399236,1625,151709,147377399236,147364546902,0,147363717027,
0,42222,147376669356,147376669356,0,147377933236,147377933819,147377934194,147377985777,147410002688,147377928402,16666666,147378315027,147378463611,147378497777,147379746569,147393933652,2375,160875,147393933652,147380965777,0,147379746569,
0,42230,147393336022,147393336022,0,147394445027,147394445486,147394446027,147394490361,147426669354,147394439819,16666666,147394796486,147394923111,147394964652,147396479736,147410634027,1916,221583,147410634027,147397482819,0,147396479736,
0,42238,147410002688,147410002688,0,147411675486,147411676236,147411676652,147411724277,147443336020,147411670486,16666666,147412896069,147413349402,147413397027,147414221611,147427411736,1416,70208,147427411736,147414813652,0,147414221611,
0,42246,147426669354,147426669354,0,147427923069,147427923694,147427924111,147427987236,147460002686,147427917194,16666666,147428625611,147428867444,147428907319,147429571361,147444587194,2500,188875,147444587194,147430194402,0,147429571361,
0,42254,147443336020,147443336020,0,147445789611,147445790236,147445790777,147445843444,147476669352,147445784027,16666666,147446169152,147446360777,147446393277,147446889986,147460595569,2041,84792,147460595569,147447370611,0,147446889986,
0,42262,147460002686,147460002686,0,147460872819,147460873486,147460873944,147460925277,147493336018,147460867861,16666666,147461315611,147461413652,147461448694,147462621361,147477070986,1583,140375,147477070986,147463257236,0,147462621361,
0,42270,147476669352,147476669352,0,147477405361,147477406111,147477406652,147477468527,147510002684,147477399777,16666666,147478032486,147478308944,147478400861,147479353027,147493883777,1584,72875,147493883777,147479789777,0,147479353027,
0,42278,147493336018,147493336018,0,147494200736,147494201486,147494201861,147494251861,147526669350,147494195402,16666666,147494592194,147494778361,147494822444,147495962694,147510649236,1417,91708,147510649236,147496789611,0,147495962694,
0,42286,147510002684,147510002684,0,147511035486,147511036361,147511036944,147511091027,147543336016,147511030277,16666666,147511416736,147511515652,147511549777,147512883944,147527363402,1500,79292,147527363402,147513477569,0,147512883944,
0,42294,147526669350,147526669350,0,147527929069,147527929777,147527930402,147527987861,147560002682,147527923361,16666666,147528747527,147528985986,147529021777,147529642402,147543968236,2500,286958,147543968236,147530800861,0,147529642402,
0,42302,147543336016,147543336016,0,147544539777,147544540611,147544541111,147544597361,147576669348,147544534027,16666666,147544991944,147545288277,147545664402,147546695277,147560545152,2084,132875,147560545152,147547560027,0,147546695277,
0,42310,147560002682,147560002682,0,147560809819,147560810694,147560811277,147560864944,147593336014,147560804027,16666666,147561237027,147561414277,147561454152,147562146319,147577344402,3416,286167,147577344402,147562930652,0,147562146319,
0,42318,147576669348,147576669348,0,147577410319,147577411527,147577412111,147577478819,147610002680,147577404069,16666666,147578037611,147578311361,147578348111,147579499861,147593785277,3291,340667,147593785277,147580299861,0,147579499861,
0,42326,147593336014,147593336014,0,147594264152,147594265069,147594265736,147594331902,147626669346,147594257819,16666666,147594785361,147595087736,147595621861,147596771569,147610484194,1833,177916,147610484194,147597446236,0,147596771569,
0,42334,147610002680,147610002680,0,147610781611,147610782944,147610783361,147610843861,147626669346,147610764819,16666666,147611995944,147612616194,147613305277,147614044069,145477300360,1791,80458,145477300360,147614612777,0,147614044069,
---PROFILEDATA---


View hierarchy:

  dev.polski.grammarmatrix/dev.polski.grammarmatrix.GlassBenchmarkActivity/android.view.ViewRootImpl@edf9393
  7 views, 12.02 kB of render nodes


Total ViewRootImpl   : 1
Total attached Views : 7
Total RenderNode     : 12.02 kB (used) / 36.09 kB (capacity)

