Applications Graphics Acceleration Info:
Uptime: 89514 Realtime: 89514

** Graphics info for pid 2242 [dev.polski.grammarmatrix] **

Stats since: 83618126164ns
Total frames rendered: 328
Janky frames: 19 (5.79%)
Janky frames (legacy): 39 (11.89%)
50th percentile: 17ms
90th percentile: 21ms
95th percentile: 29ms
99th percentile: 38ms
Number Missed Vsync: 1
Number High input latency: 450
Number Slow UI thread: 4
Number Slow bitmap uploads: 0
Number Slow issue draw commands: 16
Number Frame deadline missed: 19
Number Frame deadline missed (legacy): 10
HISTOGRAM: 5ms=11 6ms=3 7ms=1 8ms=1 9ms=3 10ms=2 11ms=1 12ms=2 13ms=0 14ms=0 15ms=3 16ms=53 17ms=162 18ms=34 19ms=7 20ms=6 21ms=9 22ms=3 23ms=3 24ms=3 25ms=1 26ms=1 27ms=1 28ms=1 29ms=1 30ms=1 31ms=0 32ms=7 34ms=4 36ms=0 38ms=1 40ms=0 42ms=0 44ms=0 46ms=0 48ms=1 53ms=1 57ms=0 61ms=1 65ms=0 69ms=0 73ms=0 77ms=0 81ms=0 85ms=0 89ms=0 93ms=0 97ms=0 101ms=0 105ms=0 109ms=0 113ms=0 117ms=0 121ms=0 125ms=0 129ms=0 133ms=0 150ms=0 200ms=0 250ms=0 300ms=0 350ms=0 400ms=0 450ms=0 500ms=0 550ms=0 600ms=0 650ms=0 700ms=0 750ms=0 800ms=0 850ms=0 900ms=0 950ms=0 1000ms=0 1050ms=0 1100ms=0 1150ms=0 1200ms=0 1250ms=0 1300ms=0 1350ms=0 1400ms=0 1450ms=0 1500ms=0 1550ms=0 1600ms=0 1650ms=0 1700ms=0 1750ms=0 1800ms=0 1850ms=0 1900ms=0 1950ms=0 2000ms=0 2050ms=0 2100ms=0 2150ms=0 2200ms=0 2250ms=0 2300ms=0 2350ms=0 2400ms=0 2450ms=0 2500ms=0 2550ms=0 2600ms=0 2650ms=0 2700ms=0 2750ms=0 2800ms=0 2850ms=0 2900ms=0 2950ms=0 3000ms=0 3050ms=0 3100ms=0 3150ms=0 3200ms=0 3250ms=0 3300ms=0 3350ms=0 3400ms=0 3450ms=0 3500ms=0 3550ms=0 3600ms=0 3650ms=0 3700ms=0 3750ms=0 3800ms=0 3850ms=0 3900ms=0 3950ms=0 4000ms=0 4050ms=0 4100ms=0 4150ms=0 4200ms=0 4250ms=0 4300ms=0 4350ms=0 4400ms=0 4450ms=0 4500ms=0 4550ms=0 4600ms=0 4650ms=0 4700ms=0 4750ms=0 4800ms=0 4850ms=0 4900ms=0 4950ms=0
50th gpu percentile: 13ms
90th gpu percentile: 16ms
95th gpu percentile: 19ms
99th gpu percentile: 4950ms
GPU HISTOGRAM: 1ms=3 2ms=16 3ms=3 4ms=2 5ms=3 6ms=2 7ms=3 8ms=5 9ms=7 10ms=14 11ms=28 12ms=36 13ms=51 14ms=68 15ms=49 16ms=9 17ms=5 18ms=6 19ms=2 20ms=2 21ms=4 22ms=1 23ms=0 24ms=2 25ms=2 4950ms=5

Pipeline=Skia (OpenGL)
Memory policy:
  Max surface area: 2592000
  Max resource usage: 124.42MB (x48)
  Background retention: 50% (altUiHidden = true)
  GPU Context timeout: 10
Contexts: 1 (stopped = 0)
CPU Caches:
  Glyph Cache: 33.70 KB (1 entry)
  Glyph Count: 11 
Total CPU memory usage:
  34510 bytes, 33.70 KB (0.00 bytes is purgeable)
GPU Caches:
  Other:
    Other: 26.44 KB (1 entry)
    Buffer Object: 36.00 KB (1 entry)
  Scratch:
    Buffer Object: 80.00 KB (2 entries)
    Texture: 2.00 MB (1 entry)
Total GPU memory usage:
  2243008 bytes, 2.14 MB (68.00 KB is purgeable)

GraphicBufferAllocator buffers:
        Handle |        Size |     W (Stride) x H | Layers |   Format |      Usage | Requestor
0xb400007b2c426870 |     unknown | 1080 (   0) x 2400 |      1 |        1 | 0x     b00 | VRI[GlassBenchmarkActivity]#0(BLAST Consumer)0
0xb400007b2c427a70 |     unknown | 1080 (   0) x 2400 |      1 |        1 | 0x     b00 | VRI[GlassBenchmarkActivity]#0(BLAST Consumer)0
0xb400007b2c429d50 |     unknown | 1080 (   0) x 2400 |      1 |        1 | 0x     b00 | VRI[GlassBenchmarkActivity]#0(BLAST Consumer)0
Total allocated by GraphicBufferAllocator (estimate): 0.00 KB
GoldfishAllocator::dumpDebugInfo is not implemented
Profile data in ms:

	dev.polski.grammarmatrix/dev.polski.grammarmatrix.GlassBenchmarkActivity/android.view.ViewRootImpl@f292274 (visibility=0)
Window: dev.polski.grammarmatrix/dev.polski.grammarmatrix.GlassBenchmarkActivity
Stats since: 83618125997ns
Total frames rendered: 328
Janky frames: 19 (5.79%)
Janky frames (legacy): 39 (11.89%)
50th percentile: 17ms
90th percentile: 21ms
95th percentile: 29ms
99th percentile: 38ms
Number Missed Vsync: 1
Number High input latency: 450
Number Slow UI thread: 4
Number Slow bitmap uploads: 0
Number Slow issue draw commands: 16
Number Frame deadline missed: 19
Number Frame deadline missed (legacy): 10
HISTOGRAM: 5ms=11 6ms=3 7ms=1 8ms=1 9ms=3 10ms=2 11ms=1 12ms=2 13ms=0 14ms=0 15ms=3 16ms=53 17ms=162 18ms=34 19ms=7 20ms=6 21ms=9 22ms=3 23ms=3 24ms=3 25ms=1 26ms=1 27ms=1 28ms=1 29ms=1 30ms=1 31ms=0 32ms=7 34ms=4 36ms=0 38ms=1 40ms=0 42ms=0 44ms=0 46ms=0 48ms=1 53ms=1 57ms=0 61ms=1 65ms=0 69ms=0 73ms=0 77ms=0 81ms=0 85ms=0 89ms=0 93ms=0 97ms=0 101ms=0 105ms=0 109ms=0 113ms=0 117ms=0 121ms=0 125ms=0 129ms=0 133ms=0 150ms=0 200ms=0 250ms=0 300ms=0 350ms=0 400ms=0 450ms=0 500ms=0 550ms=0 600ms=0 650ms=0 700ms=0 750ms=0 800ms=0 850ms=0 900ms=0 950ms=0 1000ms=0 1050ms=0 1100ms=0 1150ms=0 1200ms=0 1250ms=0 1300ms=0 1350ms=0 1400ms=0 1450ms=0 1500ms=0 1550ms=0 1600ms=0 1650ms=0 1700ms=0 1750ms=0 1800ms=0 1850ms=0 1900ms=0 1950ms=0 2000ms=0 2050ms=0 2100ms=0 2150ms=0 2200ms=0 2250ms=0 2300ms=0 2350ms=0 2400ms=0 2450ms=0 2500ms=0 2550ms=0 2600ms=0 2650ms=0 2700ms=0 2750ms=0 2800ms=0 2850ms=0 2900ms=0 2950ms=0 3000ms=0 3050ms=0 3100ms=0 3150ms=0 3200ms=0 3250ms=0 3300ms=0 3350ms=0 3400ms=0 3450ms=0 3500ms=0 3550ms=0 3600ms=0 3650ms=0 3700ms=0 3750ms=0 3800ms=0 3850ms=0 3900ms=0 3950ms=0 4000ms=0 4050ms=0 4100ms=0 4150ms=0 4200ms=0 4250ms=0 4300ms=0 4350ms=0 4400ms=0 4450ms=0 4500ms=0 4550ms=0 4600ms=0 4650ms=0 4700ms=0 4750ms=0 4800ms=0 4850ms=0 4900ms=0 4950ms=0
50th gpu percentile: 13ms
90th gpu percentile: 16ms
95th gpu percentile: 19ms
99th gpu percentile: 4950ms
GPU HISTOGRAM: 1ms=3 2ms=16 3ms=3 4ms=2 5ms=3 6ms=2 7ms=3 8ms=5 9ms=7 10ms=14 11ms=28 12ms=36 13ms=51 14ms=68 15ms=49 16ms=9 17ms=5 18ms=6 19ms=2 20ms=2 21ms=4 22ms=1 23ms=0 24ms=2 25ms=2 4950ms=5



---PROFILEDATA---
Flags,FrameTimelineVsyncId,IntendedVsync,Vsync,InputEventId,HandleInputStart,AnimationStart,PerformTraversalsStart,DrawStart,FrameDeadline,FrameInterval,FrameStartTime,SyncQueued,SyncStart,IssueDrawCommandsStart,SwapBuffers,FrameCompleted,DequeueBufferDuration,QueueBufferDuration,GpuCompleted,SwapBuffersCompleted,DisplayPresentTime,CommandSubmissionCompleted,
0,12379,87376671756,87376671756,-848115353,87377557540,87377996582,87379515832,87379547415,87410005088,87377551374,16666666,87379783915,87379990582,87380111832,87380641332,87393827665,1542,182625,87393827665,87381493582,0,87380641332,
0,12387,87393338422,87393338422,-955324575,87394063290,87394506040,87395433290,87395459499,87426671754,87394056874,16666666,87395556124,87395642499,87395680915,87395963540,87397288040,2375,710500,87397218332,87397288040,0,87395963540,
0,12395,87410005088,87410005088,-112153743,87410705290,87411235999,87411832874,87412396582,87443338420,87410698999,16666666,87412406249,87412741082,87412822582,87413205540,87427175540,2250,86250,87427175540,87413840332,0,87413205540,
0,12403,87426671754,87426671754,-402462676,87427673665,87428843249,87429267749,87429298415,87460005086,87427667790,16666666,87429551707,87429654332,87429687707,87429965999,87443793749,1875,92625,87443793749,87430565249,0,87429965999,
0,12411,87443338420,87443338420,-860857163,87444293415,87444717290,87446010457,87446038415,87476671752,87444287874,16666666,87446277207,87446373082,87446393915,87446866874,87460578624,1584,90208,87460578624,87447516124,0,87446866874,
0,12419,87460005086,87460005086,-499260181,87462074957,87463019499,87463837290,87463873124,87493338418,87462069040,16666666,87463984540,87464200540,87464718040,87465067374,87477213957,1584,127292,87477213957,87465815249,0,87465067374,
0,12427,87476671752,87476671752,-973621486,87477476707,87477890957,87478777082,87478806915,87510005084,87477470332,16666666,87478816165,87479009290,87479063040,87479658832,87494123082,1958,99833,87494123082,87480746415,0,87479658832,
0,12435,87493338418,87493338418,-899773968,87494879415,87495584707,87495934124,87495971040,87526671750,87494872874,16666666,87496931790,87497289290,87497326040,87497662332,87510616040,1875,94917,87510616040,87498497874,0,87497662332,
0,12443,87510005084,87510005084,-683333561,87510935207,87511532040,87512958207,87513041040,87543338416,87510929415,16666666,87513270624,87513481290,87513514582,87513822749,87527359707,2417,148708,87527359707,87514857290,0,87513822749,
0,12451,87526671750,87526671750,-981877656,87527870415,87530346957,87533570665,87533636082,87560005082,87527864082,16666666,87533827415,87533952790,87533998040,87534420207,87545387540,2417,174416,87545387540,87536419124,0,87534420207,
0,12459,87543338416,87543338416,-625379023,87544997207,87546011665,87547216082,87547266082,87576671748,87544990249,16666666,87547280124,87547476332,87547520957,87548411374,87561358290,1959,118667,87561358290,87549698999,0,87548411374,
0,12467,87560005082,87560005082,-218722501,87561305707,87562211790,87562587957,87562639499,87593338414,87561297749,16666666,87562986290,87563370457,87563443249,87564662624,87580721624,1791,134833,87580721624,87565687624,0,87564662624,
0,12475,87576671748,87576671748,-521029221,87579128040,87579622499,87587106749,87587172790,87610005080,87579121749,16666666,87587503249,87587736499,87587779540,87588497249,87597226415,4458,669875,87597226415,87590127832,0,87588497249,
0,12483,87593338414,87593338414,-416382044,87596596624,87597555165,87599000374,87599049207,87626671746,87596586374,16666666,87599195165,87599846540,87600344040,87603645749,87612841915,1584,88583,87612841915,87604869499,0,87603645749,
0,12491,87610005080,87610005080,-100666278,87611120165,87612735499,87614546290,87614600665,87643338412,87611112540,16666666,87614836457,87616941415,87616987415,87618149499,87627353124,2166,154792,87627353124,87619222249,0,87618149499,
0,12499,87626671746,87626671746,-934610423,87627626832,87631014707,87634069707,87634130832,87660005078,87627620374,16666666,87634508374,87634650249,87634710957,87638131749,87644586040,5750,679375,87644586040,87641394665,0,87638131749,
0,12507,87643338412,87643338412,-39964496,87644973874,87645697082,87655775291,87656861416,87676671744,87644968499,16666666,87665212166,87665358999,87665401832,87667701207,87678009666,2708,322250,87678009666,87668986541,0,87667701207,
0,12514,87660005078,87660005078,-904071967,87666257041,87670167457,87673370707,87673422499,87710005076,87666247082,16666666,87673860749,87674374916,87674425707,87675957124,87692927291,9874000,278958,87692927291,87687933041,0,87675957124,
0,12522,87676671744,87676671744,-74835682,87685250499,87687063249,87688623791,87688677249,87726671742,87685244874,16666666,87688692041,87690589916,87690627499,87691877082,87711218916,8231291,157125,87711218916,87701230499,0,87691877082,
0,12530,87693338410,87693338410,-668679922,87701154332,87701733416,87711626207,87711710832,87743338408,87701148957,16666666,87714929207,87715087166,87715123124,87715454541,87732618957,2708,1756250,87732618957,87719104207,0,87715454541,
0,12546,87726671742,87726671742,-382450727,87734963957,87734964999,87735471874,87735503291,87760005074,87734957457,16666666,87736748707,87736957791,87736992874,87737455124,87742729832,10750,3707000,87742509582,87742729832,0,87737455124,
0,12554,87743338408,87743338408,0,87744559457,87744560291,87747044041,87747086416,87776671740,87744553999,16666666,87747437874,87747755832,87748581957,87749262666,87763648832,1792,200667,87763648832,87750556249,0,87749262666,
0,12562,87760005074,87776671740,0,87778723791,87778724749,87782480416,87782512707,87793338406,87778703624,16666666,87782518749,87782623666,87782707416,87784162416,87794538499,2875,156834,87794538499,87791784082,0,87784162416,
0,12570,87793338406,87793338406,0,87796394791,87796395624,87798062416,87798094041,87826671738,87796388957,16666666,87798290082,87800226166,87800258582,87801313249,87810541207,407667,903833,87810541207,87803960332,0,87801313249,
0,12578,87810005072,87810005072,0,87811564791,87811565416,87813367666,87813398749,87843338404,87811559624,16666666,87813497249,87813591291,87813630499,87814347916,87827693541,1750,87750,87827693541,87815330541,0,87814347916,
0,12586,87826671738,87826671738,0,87831687041,87831688082,87833807249,87833840082,87860005070,87831681166,16666666,87834478957,87834750666,87834784707,87835156916,87837863041,2583,491166,87837589166,87837863041,0,87835156916,
0,12594,87843338404,87843338404,0,87849771249,87849772499,87853800041,87853845166,87860005070,87849763791,16666666,87854163374,87854784707,87856558207,87857426541,85728923706,8551083,1924083,85728923706,87868954999,0,87857426541,
0,12602,87860005070,87860005070,0,87866868082,87866868957,87867367999,87867404582,87876671736,87866862957,16666666,87867851457,87869029082,87869123207,87869483499,87877690541,2458,219791,87877690541,87870602999,0,87869483499,
0,12617,87893338402,87893338402,-185994759,87894183291,87894773457,87896751291,87896806832,87910005068,87894176791,16666666,87897171957,87897258791,87897303416,87898098666,87911602166,3750,949125,87911602166,87904572124,0,87898098666,
0,12625,87910005068,87910005068,-580543136,87915761374,87916848916,87917426041,87917487624,87943338400,87915754416,16666666,87917814666,87917826874,87917876041,87920649499,87934931791,8224834,175250,87934931791,87931139666,0,87920649499,
0,12633,87926671734,87926671734,-32159709,87935935332,87937929332,87939383374,87939417666,87960005066,87935929582,16666666,87939862416,87939883832,87940780499,87941961249,87979414624,25623375,1293709,87978279916,87979414624,0,87941961249,
0,12640,87943338400,87960005066,-288209098,87975317416,87975745957,87979150166,87979230416,88010005064,87975309457,16666666,87979719374,87979916332,87979959291,87983031541,88005009082,5776083,131792,88005009082,87992803166,0,87983031541,
0,12649,87993338398,87993338398,-669889358,88007964957,88009212999,88013958207,88013991457,88026671730,88007959291,16666666,88014221207,88014319249,88014353666,88018431082,88042502791,2208,110375,88042502791,88022012207,0,88018431082,
0,12663,88026671730,88026671730,-350743667,88031737999,88032798457,88033753374,88033794916,88060005062,88027810374,16666666,88033982457,88035667082,88035739582,88037320416,88054654207,9011084,202917,88054654207,88051586707,0,88037320416,
0,12671,88043338396,88043338396,-323251870,88046196832,88046703874,88050388666,88050472916,88076671728,88046190874,16666666,88050988624,88051653332,88051705916,88052952707,88079156374,17868959,197417,88079156374,88072595124,0,88052952707,
0,12679,88060005062,88060005062,-386370070,88063969749,88069057749,88070057166,88070102541,88110005060,88063963916,16666666,88070501332,88072665082,88072714457,88074588707,88094821666,13022250,392959,88094821666,88092364207,0,88074588707,
0,12687,88076671728,88076671728,-978061716,88082400499,88085994832,88086959457,88087005791,88126671726,88082394374,16666666,88087158999,88092450291,88092509666,88094448041,88102983707,3252792,1422792,88102983707,88099967749,0,88094448041,
0,12695,88093338394,88093338394,-3189693,88095775457,88096730457,88097385291,88097431749,88143338392,88095769791,16666666,88097834791,88100092166,88100137582,88100827166,88115721791,10636708,282792,88115721791,88113757832,0,88100827166,
0,12703,88110005060,88110005060,-148510643,88110908957,88111382624,88111683374,88111709082,88160005058,88110903249,16666666,88112119416,88113793874,88113849291,88114510332,88135481374,17447583,187042,88135481374,88133234291,0,88114510332,
0,12711,88126671726,88126671726,-634156437,88130015332,88130669832,88133008332,88133042082,88176671724,88130009624,16666666,88133535332,88133878249,88133926082,88134286416,88148692166,11841292,189291,88148692166,88147390791,0,88134286416,
0,12719,88143338392,88143338392,-526418723,88145408832,88145853291,88146484291,88146510124,88193338390,88145403374,16666666,88146609041,88147415916,88147537166,88147847249,88166317249,16420750,152916,88166317249,88165207874,0,88147847249,
0,12727,88160005058,88160005058,-654887856,88162692374,88163776332,88164751832,88164796332,88210005056,88162685082,16666666,88165099332,88165243957,88165347957,88165666666,88180684624,12952583,94125,88180684624,88179321957,0,88165666666,
0,12735,88176671724,88176671724,-657673071,88177584207,88178269707,88178602707,88178635832,88226671722,88177576332,16666666,88179189124,88179344916,88179380166,88179669124,88200500791,16333458,77167,88200500791,88197074541,0,88179669124,
0,12743,88193338390,88193338390,-332491100,88194465874,88194980332,88197434624,88197495291,88243338388,88194459416,16666666,88197836041,88198004082,88198055082,88198503332,88216153707,13888500,584750,88216153707,88214465832,0,88198503332,
0,12751,88210005056,88210005056,-392522937,88212280416,88212767374,88213737207,88213789957,88260005054,88212274291,16666666,88214294999,88214517166,88214673957,88215146499,88233229207,15524333,255584,88233229207,88231751041,0,88215146499,
0,12759,88226671722,88226671722,-109881886,88228305332,88229590416,88229914291,88229957874,88276671720,88228298124,16666666,88230218416,88231818541,88231868249,88232436957,88261238832,14423958,116834,88261238832,88247730166,0,88232436957,
0,12775,88260005054,88260005054,0,88261437499,88261438582,88262108332,88262149457,88293338386,88261431457,16666666,88262691666,88262966166,88263010957,88263420332,88277268999,2917,445750,88277268999,88265207166,0,88263420332,
0,12783,88276671720,88276671720,0,88277569249,88277570582,88279188374,88279223666,88310005052,88277549249,16666666,88279427166,88279554541,88279599957,88279931874,88293848166,1584,99084,88293848166,88280805082,0,88279931874,
0,12791,88293338386,88293338386,0,88294382707,88294383624,88296486791,88296526832,88326671718,88294376707,16666666,88296653249,88296788666,88296845332,88297194082,88310693707,2166,173500,88310693707,88298291791,0,88297194082,
0,12799,88310005052,88310005052,0,88310740332,88310741541,88311454791,88311514666,88343338384,88310734166,16666666,88311817791,88311953416,88311999041,88313309166,88314784416,2458,805208,88314720332,88314784416,0,88313309166,
0,12807,88326671718,88326671718,-72324394,88327672707,88328208541,88328586291,88328610416,88360005050,88327666707,16666666,88329221666,88329661082,88329704541,88330174541,88331200791,2541,456291,88331160416,88331200791,0,88330174541,
0,12815,88343338384,88343338384,-519966217,88344532082,88345081416,88345379999,88345409457,88376671716,88344525916,16666666,88346044374,88346408416,88346465207,88346838957,88347939041,5834,490375,88347868874,88347939041,0,88346838957,
0,12823,88360005050,88360005050,-964456754,88361345166,88361974291,88363327249,88363366499,88393338382,88361339041,16666666,88363590458,88363757041,88363811749,88364428749,88377274291,1916,248750,88377274291,88365291458,0,88364428749,
0,12831,88376671716,88376671716,-870861640,88377760999,88379129666,88379844749,88379878499,88410005048,88377754291,16666666,88379982333,88380229124,88380437541,88380741124,88393733124,1458,193500,88393733124,88381519166,0,88380741124,
0,12839,88393338382,88393338382,-123578616,88395080166,88395897624,88396915624,88396944833,88426671714,88395074083,16666666,88396953333,88397110708,88397147208,88397507916,88410674374,1792,200166,88410674374,88398381041,0,88397507916,
0,12847,88410005048,88410005048,-805924940,88411063416,88411547958,88411810416,88411834583,88443338380,88411056874,16666666,88412224749,88412583749,88412605208,88412903708,88427223374,1625,171041,88427223374,88413605374,0,88412903708,
0,12855,88426671714,88426671714,-520206408,88427526124,88427986333,88429745583,88429775833,88460005046,88427520666,16666666,88430107833,88430199374,88430229208,88430510541,88443727458,1792,89708,88443727458,88431431749,0,88430510541,
0,12863,88443338380,88443338380,-501755606,88444180666,88444630624,88445290874,88445320833,88476671712,88444174874,16666666,88445785166,88445812041,88445853958,88446182999,88460829166,1833,85625,88460829166,88446751374,0,88446182999,
0,12871,88460005046,88460005046,-470987323,88460829458,88461460791,88462660166,88462691208,88493338378,88460823333,16666666,88462699749,88462904583,88463016749,88463535041,88477343374,2375,662959,88477343374,88464837583,0,88463535041,
0,12879,88476671712,88476671712,-996426890,88477665791,88478099666,88478360499,88478385041,88510005044,88477659624,16666666,88478617499,88478796583,88478832666,88479520666,88493871624,1959,220209,88493871624,88480258666,0,88479520666,
0,12887,88493338378,88493338378,-1031398431,88494248999,88494773666,88495711958,88495739999,88526671710,88494243208,16666666,88495925791,88496082291,88496113874,88496390124,88497448708,2625,200333,88497350541,88497448708,0,88496390124,
0,12895,88510005044,88510005044,-517814133,88510853374,88511489458,88512676499,88512707874,88543338376,88510847749,16666666,88512808916,88512941249,88512963166,88513237958,88527240916,2208,259500,88527240916,88514160208,0,88513237958,
0,12903,88526671710,88526671710,-576245645,88527275291,88527897583,88528649958,88528675958,88560005042,88527269624,16666666,88528683833,88529337999,88529356749,88529798249,88543790749,1584,77667,88543790749,88530432874,0,88529798249,
0,12911,88543338376,88543338376,-843322201,88544219499,88544860749,88545104249,88545128416,88576671708,88544213374,16666666,88545553208,88545774791,88545811791,88546296083,88561266708,1459,77875,88561266708,88546827291,0,88546296083,
0,12919,88560005042,88560005042,-935719488,88561775083,88562354333,88563487583,88563518333,88593338374,88561768749,16666666,88563734541,88563843291,88563876999,88564441999,88577397499,1542,152625,88577397499,88565113458,0,88564441999,
0,12927,88576671708,88576671708,-524608322,88577778124,88578485208,88579545958,88579575916,88610005040,88577545249,16666666,88579671958,88579774416,88579810874,88580147541,88594064666,1417,165083,88594064666,88580843999,0,88580147541,
0,12935,88593338374,88593338374,-562916109,88594348083,88594998458,88595634333,88595659874,88626671706,88594342124,16666666,88595667124,88595807333,88595839458,88596276749,88610757749,2375,115959,88610757749,88596953541,0,88596276749,
0,12943,88610005040,88610005040,-739275710,88610980958,88612231666,88612847833,88612891124,88643338372,88610974416,16666666,88613194999,88613498208,88613550249,88613913958,88629290124,4417,422250,88629290124,88614975291,0,88613913958,
0,12951,88626671706,88626671706,-565426999,88629557791,88630267791,88631471541,88631506291,88660005038,88629551749,16666666,88631886291,88632189666,88632211791,88632523374,88645629791,2417,234166,88645629791,88633328999,0,88632523374,
0,12959,88643338372,88643338372,-90979519,88645747124,88646680624,88647629666,88647660666,88676671704,88645741624,16666666,88647937583,88648119833,88648146416,88648619541,88662443249,1667,225583,88662443249,88649382166,0,88648619541,
0,12967,88660005038,88660005038,-925644571,88662472249,88664266791,88665289041,88665322499,88693338370,88662464916,16666666,88665331791,88665436333,88665471833,88665761166,88677817666,1416,79041,88677817666,88666379083,0,88665761166,
0,12975,88676671704,88676671704,-406544096,88678137416,88678674124,88679821041,88679868541,88710005036,88678130374,16666666,88679879958,88680591041,88680637916,88681086416,88693919041,2625,492500,88693919041,88682485333,0,88681086416,
0,12990,88710005036,88710005036,-570751321,88710731416,88710732416,88712186791,88712222416,88726671702,88710725874,16666666,88712431083,88712522708,88712554666,88712914999,88728859291,1875,242375,88728859291,88713963458,0,88712914999,
0,12998,88726671702,88726671702,0,88729078583,88729079874,88730157208,88730341791,88760005034,88729072833,16666666,88731760958,88731999666,88732201374,88733079458,88744323041,2458,537959,88744323041,88734534499,0,88733079458,
0,13006,88743338368,88743338368,0,88744952333,88744953583,88746688791,88746743958,88776671700,88744945416,16666666,88746754708,88746946083,88746982499,88747414166,88749277874,2667,838417,88749212083,88749277874,0,88747414166,
0,13014,88760005034,88760005034,0,88761622958,88761623833,88762251041,88762286541,88793338366,88761616874,16666666,88762504749,88762540958,88762634583,88763940958,88777802333,1666,225833,88777802333,88765421541,0,88763940958,
0,13022,88776671700,88776671700,-171339314,88778201583,88778828249,88779236791,88779271749,88810005032,88778195416,16666666,88779510624,88780660624,88780703708,88781795708,88794024791,1583,126792,88794024791,88782998458,0,88781795708,
0,13030,88793338366,88793338366,-675907008,88794059833,88795108124,88796557499,88796622958,88826671698,88794052791,16666666,88797156916,88797186166,88797228041,88797881458,88799600249,3500,697417,88799501083,88799600249,0,88797881458,
0,13038,88810005032,88810005032,-356480486,88811126208,88811641666,88811900041,88811928666,88843338364,88811120374,16666666,88812497291,88812718333,88812774041,88813347041,88827208041,1833,146500,88827208041,88814202249,0,88813347041,
0,13046,88826671698,88826671698,-835299328,88828224083,88829227999,88829963874,88829992999,88860005030,88828218499,16666666,88830222041,88830326083,88830406624,88830761583,88844758374,1667,159625,88844758374,88831706041,0,88830761583,
0,13054,88843338364,88843338364,-686010866,88844767708,88845216708,88846436041,88846465333,88876671696,88844761083,16666666,88846554499,88846656083,88846692166,88847008999,88862578624,2000,147417,88862578624,88848472583,0,88847008999,
0,13062,88860005030,88860005030,-259233308,88863102333,88864667666,88866015583,88866080416,88893338362,88863095833,16666666,88866493249,88866652291,88866694124,88867115333,88877188166,1917,532209,88877188166,88868384333,0,88867115333,
0,13070,88876671696,88876671696,-635504045,88877518458,88878151791,88878493999,88878541333,88910005028,88877510916,16666666,88879367083,88879395958,88879424749,88879787249,88893875208,1833,134250,88893875208,88880598999,0,88879787249,
0,13078,88893338362,88893338362,-933131202,88893921374,88894895874,88896676791,88896739458,88926671694,88893914416,16666666,88897047249,88897192458,88897259333,88898019124,88911191499,2083,140000,88911191499,88898751708,0,88898019124,
0,13086,88910005028,88910005028,-139658862,88911956874,88912840958,88913408749,88913994458,88943338360,88911949833,16666666,88914319874,88914585083,88914653124,88915589374,88927680791,2083,139542,88927680791,88916838708,0,88915589374,
0,13094,88926671694,88926671694,-931271808,88928289374,88930587874,88931046791,88931212083,88960005026,88928207499,16666666,88934126208,88934333208,88934409499,88934810249,88945067208,1458,103084,88945067208,88935900124,0,88934810249,
0,13102,88943338360,88943338360,-569418900,88945837624,88947456124,88950417291,88950466624,88976671692,88945830666,16666666,88950735708,88950885083,88950942916,88951355833,88960977333,3125,340000,88960977333,88952414208,0,88951355833,
0,13110,88960005026,88960005026,-302563494,88961197083,88962166499,88963985333,88964094458,88993338358,88961191374,16666666,88964911583,88965569208,88965657499,88966031499,88977501333,2208,303792,88977501333,88966870291,0,88966031499,
0,13118,88976671692,88976671692,-824002391,88978005249,88978470499,88979450208,88979490249,89010005024,88977999291,16666666,88979596916,88979867958,88979888416,88980501958,88993901624,2125,173584,88993901624,88981302583,0,88980501958,
0,13126,88993338358,88993338358,-752421594,88994100999,88994930208,88995958458,88996290916,89026671690,88994093708,16666666,88996794999,88997009833,88997060208,88997885416,89010557708,3167,189917,89010557708,88999136208,0,88997885416,
0,13134,89010005024,89010005024,-246294203,89011053083,89011562583,89011808166,89011833791,89043338356,89011047208,16666666,89012317583,89012402374,89012436624,89012938833,89027120791,1542,85750,89027120791,89013525041,0,89012938833,
0,13142,89026671690,89026671690,-229343516,89027601666,89028375916,89029207041,89029236499,89060005022,89027595666,16666666,89029740791,89029886666,89029939291,89030268416,89043733374,2292,115583,89043733374,89031297374,0,89030268416,
0,13150,89043338356,89043338356,-46807727,89044185624,89045065083,89045800916,89045830291,89076671688,89044178958,16666666,89045922999,89046158374,89046212708,89046574208,89060672208,2083,144500,89060672208,89047445124,0,89046574208,
0,13158,89060005022,89060005022,-625782357,89061053458,89061995750,89062436833,89062483916,89093338354,89061047041,16666666,89062975625,89063412458,89063455291,89063979625,89077571916,1584,98250,89077571916,89064798750,0,89063979625,
0,13166,89076671688,89076671688,-184246565,89078446000,89079226333,89079469541,89079498083,89110005020,89078440000,16666666,89079728000,89079759291,89079778291,89080617083,89095355041,1333,94792,89095355041,89081626208,0,89080617083,
0,13174,89093338354,89093338354,-900058763,89096490375,89097291708,89097996583,89098027291,89126671686,89096484625,16666666,89098256833,89098359000,89098398208,89098825625,89112405833,3666,270000,89112405833,89099956833,0,89098825625,
0,13182,89110005020,89110005020,-212774614,89112436916,89113050833,89114228250,89114316458,89143338352,89112430708,16666666,89114510125,89114656250,89114719916,89115083958,89127338291,2208,190667,89127338291,89115855458,0,89115083958,
0,13190,89126671686,89126671686,-952838908,89127660458,89128681333,89129364250,89129403500,89160005018,89127654250,16666666,89130578750,89130739875,89130775916,89131098791,89143855083,1958,112416,89143855083,89132555416,0,89131098791,
0,13205,89160005018,89160005018,0,89160869416,89160870291,89161837666,89161874833,89176671684,89160863250,16666666,89162133708,89162218666,89162253625,89162611041,89177309833,2042,171459,89177309833,89163412416,0,89162611041,
0,13213,89176671684,89176671684,0,89177275583,89177276625,89179170250,89179220916,89210005016,89177270000,16666666,89179461791,89179594125,89179629125,89179931416,89193736916,1959,144666,89193736916,89181109291,0,89179931416,
0,13221,89193338350,89193338350,0,89194441458,89194442333,89195639333,89195672916,89226671682,89194435208,16666666,89195758083,89195862541,89195899041,89196532208,89210706500,1208,106083,89210706500,89197279791,0,89196532208,
0,13229,89210005016,89210005016,0,89211086458,89211087625,89211850208,89211904291,89243338348,89211079083,16666666,89213554250,89213634166,89213699250,89215050875,89227278833,2917,173834,89227278833,89216495666,0,89215050875,
0,13237,89226671682,89226671682,0,89227645625,89227646500,89228457791,89228754666,89260005014,89227639833,16666666,89229067333,89229232458,89229282750,89229867250,89243880833,1666,86834,89243880833,89230464291,0,89229867250,
0,13245,89243338348,89243338348,0,89244438375,89244439375,89245424458,89245458708,89276671680,89244432333,16666666,89245654541,89245825916,89245859625,89246187666,89260785083,2083,180541,89260785083,89246847375,0,89246187666,
0,13253,89260005014,89260005014,0,89261085875,89261086875,89261670125,89261714375,89293338346,89261080541,16666666,89262082083,89262144125,89262624041,89263141708,89264539833,3208,575834,89264463375,89264539833,0,89263141708,
0,13261,89276671680,89276671680,0,89277570000,89277570666,89278474583,89278509875,89310005012,89277564541,16666666,89278599125,89278837416,89278876083,89279176833,89293922250,2291,263125,89293922250,89280419333,0,89279176833,
0,13269,89293338346,89293338346,0,89294203333,89294204625,89294829541,89294898083,89326671678,89294196875,16666666,89295227083,89295486625,89295529541,89295863166,89310577375,1667,74583,89310577375,89296803458,0,89295863166,
0,13277,89310005012,89310005012,0,89311000250,89311001250,89312407791,89312467083,89343338344,89310993708,16666666,89312793375,89312881541,89312918250,89313199875,89327257083,1666,158125,89327257083,89314555166,0,89313199875,
0,13285,89326671678,89326671678,0,89327678041,89327678958,89328358000,89328405750,89360005010,89327672083,16666666,89329259500,89329488583,89329528958,89329956166,89331669833,3291,238541,89331583875,89331669833,0,89329956166,
0,13293,89343338344,89343338344,0,89346448833,89346450083,89348558416,89348595458,89376671676,89346442500,16666666,89348826375,89348962125,89348994833,89349384166,89360689458,1750,135000,89360689458,89350178291,0,89349384166,
0,13301,89360005010,89360005010,0,89361070708,89361071791,89361930333,89361978000,89393338342,89361064791,16666666,89362425333,89362523625,89362564166,89362893500,89377519041,1875,172625,89377519041,89363693166,0,89362893500,
0,13309,89376671676,89376671676,0,89378240333,89378241041,89379326541,89379360041,89410005008,89378234166,16666666,89379444458,89379619958,89379677541,89380067333,89394039916,2833,218417,89394039916,89381280541,0,89380067333,
0,13317,89393338342,89393338342,0,89394395666,89394396666,89396377208,89397362666,89426671674,89394389708,16666666,89397864416,89397911750,89397974291,89398390333,89412236625,2500,165791,89412236625,89399281375,0,89398390333,
0,13325,89410005008,89410005008,0,89412573458,89412574666,89413412208,89413467416,89443338340,89412567500,16666666,89413925083,89414317375,89414414708,89414754000,89427378708,2000,158333,89427378708,89415650916,0,89414754000,
0,13333,89426671674,89426671674,0,89427711916,89427713166,89428661083,89428711416,89460005006,89427705125,16666666,89429153333,89429162708,89429315250,89429717500,89445946916,1500,78791,89445946916,89430532750,0,89429717500,
0,13341,89443338340,89443338340,0,89445965333,89445966500,89446499125,89446554500,89476671672,89445958708,16666666,89447276750,89447458875,89447507083,89448977166,89460737416,1417,78041,89460737416,89449673791,0,89448977166,
0,13349,89460005006,89460005006,0,89460776958,89460778000,89461601958,89461662375,89493338338,89460770791,16666666,89462559583,89462803916,89462867750,89463625458,89477397875,2250,372375,89477397875,89464776208,0,89463625458,
0,13357,89476671672,89476671672,0,89477730166,89477731166,89478602250,89478859000,89510005004,89477724250,16666666,89479182583,89479276541,89479326583,89479744958,89493753916,2167,97875,89493753916,89480582958,0,89479744958,
0,13365,89493338338,89493338338,0,89494175750,89494176750,89494692083,89494733333,89526671670,89494169458,16666666,89495035458,89495420708,89495484166,89495871541,89511004083,1916,95333,89511004083,89496637041,0,89495871541,
0,13373,89510005004,89510005004,0,89511186958,89511188583,89513003833,89513077791,89526671670,89511180000,16666666,89513795791,89514164666,89514185708,89514621958,87377277249,2250,145750,87377277249,89515640416,0,89514621958,
---PROFILEDATA---


View hierarchy:

  dev.polski.grammarmatrix/dev.polski.grammarmatrix.GlassBenchmarkActivity/android.view.ViewRootImpl@f292274
  7 views, 12.08 kB of render nodes


Total ViewRootImpl   : 1
Total attached Views : 7
Total RenderNode     : 12.08 kB (used) / 36.09 kB (capacity)

