Applications Graphics Acceleration Info:
Uptime: 109989 Realtime: 109989

** Graphics info for pid 2503 [dev.polski.grammarmatrix] **

Stats since: 101930523964ns
Total frames rendered: 266
Janky frames: 86 (32.33%)
Janky frames (legacy): 161 (60.53%)
50th percentile: 24ms
90th percentile: 81ms
95th percentile: 97ms
99th percentile: 150ms
Number Missed Vsync: 32
Number High input latency: 327
Number Slow UI thread: 71
Number Slow bitmap uploads: 1
Number Slow issue draw commands: 77
Number Frame deadline missed: 86
Number Frame deadline missed (legacy): 82
HISTOGRAM: 5ms=1 6ms=1 7ms=1 8ms=0 9ms=3 10ms=0 11ms=3 12ms=0 13ms=0 14ms=0 15ms=1 16ms=12 17ms=50 18ms=18 19ms=8 20ms=8 21ms=10 22ms=12 23ms=4 24ms=3 25ms=5 26ms=3 27ms=4 28ms=1 29ms=1 30ms=0 31ms=4 32ms=9 34ms=7 36ms=5 38ms=4 40ms=0 42ms=3 44ms=1 46ms=2 48ms=10 53ms=11 57ms=6 61ms=6 65ms=5 69ms=5 73ms=7 77ms=2 81ms=5 85ms=5 89ms=5 93ms=0 97ms=3 101ms=1 105ms=0 109ms=1 113ms=2 117ms=2 121ms=1 125ms=0 129ms=1 133ms=0 150ms=4 200ms=0 250ms=0 300ms=0 350ms=0 400ms=0 450ms=0 500ms=0 550ms=0 600ms=0 650ms=0 700ms=0 750ms=0 800ms=0 850ms=0 900ms=0 950ms=0 1000ms=0 1050ms=0 1100ms=0 1150ms=0 1200ms=0 1250ms=0 1300ms=0 1350ms=0 1400ms=0 1450ms=0 1500ms=0 1550ms=0 1600ms=0 1650ms=0 1700ms=0 1750ms=0 1800ms=0 1850ms=0 1900ms=0 1950ms=0 2000ms=0 2050ms=0 2100ms=0 2150ms=0 2200ms=0 2250ms=0 2300ms=0 2350ms=0 2400ms=0 2450ms=0 2500ms=0 2550ms=0 2600ms=0 2650ms=0 2700ms=0 2750ms=0 2800ms=0 2850ms=0 2900ms=0 2950ms=0 3000ms=0 3050ms=0 3100ms=0 3150ms=0 3200ms=0 3250ms=0 3300ms=0 3350ms=0 3400ms=0 3450ms=0 3500ms=0 3550ms=0 3600ms=0 3650ms=0 3700ms=0 3750ms=0 3800ms=0 3850ms=0 3900ms=0 3950ms=0 4000ms=0 4050ms=0 4100ms=0 4150ms=0 4200ms=0 4250ms=0 4300ms=0 4350ms=0 4400ms=0 4450ms=0 4500ms=0 4550ms=0 4600ms=0 4650ms=0 4700ms=0 4750ms=0 4800ms=0 4850ms=0 4900ms=0 4950ms=0
50th gpu percentile: 15ms
90th gpu percentile: 4950ms
95th gpu percentile: 4950ms
99th gpu percentile: 4950ms
GPU HISTOGRAM: 1ms=0 2ms=7 3ms=4 4ms=5 5ms=5 6ms=4 7ms=6 8ms=6 9ms=9 10ms=12 11ms=11 12ms=14 13ms=18 14ms=26 15ms=22 16ms=4 17ms=9 18ms=19 19ms=10 20ms=3 21ms=6 22ms=6 23ms=9 24ms=4 25ms=5 4950ms=42

Pipeline=Skia (OpenGL)
Memory policy:
  Max surface area: 2592000
  Max resource usage: 124.42MB (x48)
  Background retention: 50% (altUiHidden = true)
  GPU Context timeout: 10
Contexts: 1 (stopped = 0)
CPU Caches:
  Glyph Cache: 33.70 KB (1 entry)
  Glyph Count: 11 
Total CPU memory usage:
  34510 bytes, 33.70 KB (0.00 bytes is purgeable)
GPU Caches:
  Other:
    Other: 25.88 KB (1 entry)
    Buffer Object: 36.00 KB (1 entry)
  Scratch:
    RenderTarget: 11.88 MB (1 entry)
    Buffer Object: 110.00 KB (3 entries)
    Texture: 2.00 MB (1 entry)
Total GPU memory usage:
  14724992 bytes, 14.04 MB (11.94 MB is purgeable)

GraphicBufferAllocator buffers:
        Handle |        Size |     W (Stride) x H | Layers |   Format |      Usage | Requestor
0xb400007b2c426900 |     unknown | 1080 (   0) x 2400 |      1 |        1 | 0x     b00 | VRI[GlassBenchmarkActivity]#0(BLAST Consumer)0
0xb400007b2c428be0 |     unknown | 1080 (   0) x 2400 |      1 |        1 | 0x     b00 | VRI[GlassBenchmarkActivity]#0(BLAST Consumer)0
0xb400007b2c42a140 |     unknown | 1080 (   0) x 2400 |      1 |        1 | 0x     b00 | VRI[GlassBenchmarkActivity]#0(BLAST Consumer)0
Total allocated by GraphicBufferAllocator (estimate): 0.00 KB
GoldfishAllocator::dumpDebugInfo is not implemented
Profile data in ms:

	dev.polski.grammarmatrix/dev.polski.grammarmatrix.GlassBenchmarkActivity/android.view.ViewRootImpl@29fa678 (visibility=0)
Window: dev.polski.grammarmatrix/dev.polski.grammarmatrix.GlassBenchmarkActivity
Stats since: 101930523047ns
Total frames rendered: 266
Janky frames: 86 (32.33%)
Janky frames (legacy): 161 (60.53%)
50th percentile: 24ms
90th percentile: 81ms
95th percentile: 97ms
99th percentile: 150ms
Number Missed Vsync: 32
Number High input latency: 327
Number Slow UI thread: 71
Number Slow bitmap uploads: 1
Number Slow issue draw commands: 77
Number Frame deadline missed: 86
Number Frame deadline missed (legacy): 82
HISTOGRAM: 5ms=1 6ms=1 7ms=1 8ms=0 9ms=3 10ms=0 11ms=3 12ms=0 13ms=0 14ms=0 15ms=1 16ms=12 17ms=50 18ms=18 19ms=8 20ms=8 21ms=10 22ms=12 23ms=4 24ms=3 25ms=5 26ms=3 27ms=4 28ms=1 29ms=1 30ms=0 31ms=4 32ms=9 34ms=7 36ms=5 38ms=4 40ms=0 42ms=3 44ms=1 46ms=2 48ms=10 53ms=11 57ms=6 61ms=6 65ms=5 69ms=5 73ms=7 77ms=2 81ms=5 85ms=5 89ms=5 93ms=0 97ms=3 101ms=1 105ms=0 109ms=1 113ms=2 117ms=2 121ms=1 125ms=0 129ms=1 133ms=0 150ms=4 200ms=0 250ms=0 300ms=0 350ms=0 400ms=0 450ms=0 500ms=0 550ms=0 600ms=0 650ms=0 700ms=0 750ms=0 800ms=0 850ms=0 900ms=0 950ms=0 1000ms=0 1050ms=0 1100ms=0 1150ms=0 1200ms=0 1250ms=0 1300ms=0 1350ms=0 1400ms=0 1450ms=0 1500ms=0 1550ms=0 1600ms=0 1650ms=0 1700ms=0 1750ms=0 1800ms=0 1850ms=0 1900ms=0 1950ms=0 2000ms=0 2050ms=0 2100ms=0 2150ms=0 2200ms=0 2250ms=0 2300ms=0 2350ms=0 2400ms=0 2450ms=0 2500ms=0 2550ms=0 2600ms=0 2650ms=0 2700ms=0 2750ms=0 2800ms=0 2850ms=0 2900ms=0 2950ms=0 3000ms=0 3050ms=0 3100ms=0 3150ms=0 3200ms=0 3250ms=0 3300ms=0 3350ms=0 3400ms=0 3450ms=0 3500ms=0 3550ms=0 3600ms=0 3650ms=0 3700ms=0 3750ms=0 3800ms=0 3850ms=0 3900ms=0 3950ms=0 4000ms=0 4050ms=0 4100ms=0 4150ms=0 4200ms=0 4250ms=0 4300ms=0 4350ms=0 4400ms=0 4450ms=0 4500ms=0 4550ms=0 4600ms=0 4650ms=0 4700ms=0 4750ms=0 4800ms=0 4850ms=0 4900ms=0 4950ms=0
50th gpu percentile: 15ms
90th gpu percentile: 4950ms
95th gpu percentile: 4950ms
99th gpu percentile: 4950ms
GPU HISTOGRAM: 1ms=0 2ms=7 3ms=4 4ms=5 5ms=5 6ms=4 7ms=6 8ms=6 9ms=9 10ms=12 11ms=11 12ms=14 13ms=18 14ms=26 15ms=22 16ms=4 17ms=9 18ms=19 19ms=10 20ms=3 21ms=6 22ms=6 23ms=9 24ms=4 25ms=5 4950ms=42



---PROFILEDATA---
Flags,FrameTimelineVsyncId,IntendedVsync,Vsync,InputEventId,HandleInputStart,AnimationStart,PerformTraversalsStart,DrawStart,FrameDeadline,FrameInterval,FrameStartTime,SyncQueued,SyncStart,IssueDrawCommandsStart,SwapBuffers,FrameCompleted,DequeueBufferDuration,QueueBufferDuration,GpuCompleted,SwapBuffersCompleted,DisplayPresentTime,CommandSubmissionCompleted,
0,21978,106926670974,106926670974,-1022857346,106927941841,106930562383,106931009633,106931046675,106960004306,106927780175,16666666,106931522008,106931966925,106931983550,106932601091,106936599925,680041,1725500,106935869258,106936599925,0,106932601091,
0,21986,106943337640,106943337640,-872546180,106951448591,106951865175,106954035258,106954070258,106976670972,106951443258,16666666,106954853466,106955064716,106955130925,106955578550,106960898966,2125,236084,106960898966,106958550883,0,106955578550,
0,22001,106976670972,106976670972,-481754011,106978474633,106979001633,106979965425,106979989383,106993337638,106978468591,16666666,106980386675,106980487091,106980572133,106981090091,106995196966,1959,258000,106995196966,106982713966,0,106981090091,
0,22009,106993337638,106993337638,-391217523,106997257216,106997981050,106998361050,106998396841,107026670970,106997251133,16666666,106998804508,106999405258,106999439633,106999756258,107011648591,2666,278375,107011648591,107000887883,0,106999756258,
0,22017,107010004304,107010004304,-1025800778,107012591133,107013193091,107014071175,107014120925,107043337636,107012584133,16666666,107014623175,107015545050,107015592050,107017933550,107029406966,1917,207666,107029406966,107022885716,0,107017933550,
0,22025,107026670970,107026670970,-66518266,107031994341,107033859633,107034209591,107034265841,107060004302,107031987675,16666666,107034578175,107034909508,107034930050,107037214383,107046198300,1396250,347417,107046198300,107040302050,0,107037214383,
0,22033,107043337636,107043337636,-791983057,107046361175,107047608758,107050940258,107050985841,107076670968,107046355841,16666666,107051217758,107051316341,107051348800,107053071216,107061375091,2500,286458,107061375091,107054098800,0,107053071216,
0,22041,107060004302,107060004302,-651924522,107062453925,107063391716,107064297091,107064415383,107093337634,107062448008,16666666,107065179966,107065287133,107065872883,107068718800,107078513258,3792,742834,107078513258,107070204216,0,107068718800,
0,22049,107076670968,107076670968,-986056185,107081282716,107081297550,107085406216,107085463425,107110004300,107081275758,16666666,107085665716,107089608633,107089714175,107094005258,107105249300,1875,121333,107105249300,107097978008,0,107094005258,
0,22056,107093337634,107093337634,0,107097705258,107097706383,107099746175,107099788716,107126670966,107097698466,16666666,107099939175,107100638966,107100673341,107103189133,107125265883,14339500,169208,107125265883,107119638508,0,107103189133,
0,22064,107110004300,107110004300,0,107113425300,107113425841,107113426258,107113491800,107143337632,107113419425,16666666,107113912258,107119697133,107119757341,107121180091,107169056550,26103875,1933792,107169056550,107151479133,0,107121180091,
0,22072,107126670966,107126670966,0,107130723633,107130724341,107130724716,107130847133,107193337630,107130718133,16666666,107131623258,107151565341,107151592675,107184993841,107220421925,647083,147750,107220421925,107206250716,0,107184993841,
0,22080,107143337632,107160004298,0,107176341633,107176342258,107176342675,107176396550,107243337628,107176334591,16666666,107205822341,107206311383,107206361591,107209781341,107231623425,2586958,3258250,107231623425,107230046050,0,107209781341,
0,22088,107210004296,107210004296,0,107224937133,107224937883,107224938300,107225271133,107260004294,107224883716,16666666,107226697842,107230103050,107230144758,107231134175,107268180175,31806750,86500,107268180175,107263514467,0,107231134175,
0,22095,107226670962,107226670962,0,107231078217,107231078467,107231078717,107231113175,107293337626,107231074800,16666666,107231372008,107263605717,107263675717,107278746758,107297127217,5898833,130000,107297127217,107287448467,0,107278746758,
0,22103,107243337628,107260004294,0,107264960008,107264960258,107265144425,107265184467,107326670958,107264956383,16666666,107267860883,107287514800,107287648008,107299911883,107306438633,1750,194500,107306438633,107301038550,0,107299911883,
0,22111,107276670960,107293337626,0,107294750675,107294751217,107294751592,107294861425,107343337624,107294744300,16666666,107296972217,107301207175,107301251008,107305653175,107384506842,76723209,185625,107384506842,107383245883,0,107305653175,
0,22127,107310004292,107410004288,-580375660,107423487092,107423489133,107423489758,107423959758,107410004288,107415686342,16666666,107428938508,107434402300,107434706508,107481808717,107507558717,660334,197250,107507558717,107491018300,0,107481808717,
0,22149,107426670954,107443337620,-895408131,107444778717,107445981050,107463005133,107463131675,107526670950,107444766175,16666666,107464975342,107491094383,107491175008,107492874050,107535059467,3719083,228959,107535059467,107531719800,0,107492874050,
0,22156,107460004286,107510004284,-432292707,107520719925,107522684217,107526442633,107526504092,107560004282,107520712508,16666666,107527121800,107531799425,107531875258,107533725508,107563451217,11477959,343333,107563451217,107546712883,0,107533725508,
0,22165,107543337616,107543337616,-12086090,107544538800,107545600425,107557249717,107557300383,107593337614,107544532842,16666666,107561268800,107561426425,107561915967,107562468258,107579852508,8333125,136125,107579852508,107571926342,0,107562468258,
0,22173,107560004282,107560004282,-337438508,107568585175,107570398508,107571699425,107571749092,107610004280,107568576217,16666666,107571761800,107571968758,107571987675,107572665925,107586173550,4428834,4328084,107581691175,107586173550,0,107572665925,
0,22181,107576670948,107576670948,-104427309,107582102675,107583922592,107588347675,107588381508,107626670946,107582097925,16666666,107589066258,107589591342,107589631300,107589949175,107599666800,4318041,741042,107599666800,107596609008,0,107589949175,
0,22189,107593337614,107593337614,-463826614,107594710592,107595477508,107597106050,107597146175,107643337612,107594705092,16666666,107597273800,107597374467,107597415842,107597799800,107618821300,14748750,203500,107618821300,107614532508,0,107597799800,
0,22197,107610004280,107610004280,-55717036,107612618675,107613670967,107615034592,107615066800,107660004278,107612612592,16666666,107615404675,107615756883,107615773217,107616789633,107635776883,11371541,925333,107635776883,107630265175,0,107616789633,
0,22205,107626670946,107626670946,-871995825,107627860175,107630012842,107630549633,107630599300,107676670944,107627854258,16666666,107631162717,107631298175,107631332300,107632239092,107654453050,10262291,500084,107654453050,107646110550,0,107632239092,
0,22213,107643337612,107643337612,-131112117,107645621050,107646053258,107647807633,107647917800,107693337610,107645615092,16666666,107650861508,107651049467,107651087758,107652281467,107675250383,15827833,140875,107675250383,107670346550,0,107652281467,
0,22221,107660004278,107660004278,-971291150,107662894425,107663687883,107664982967,107665121342,107710004276,107662889217,16666666,107665237425,107670406717,107670617675,107672813800,107683384425,6674000,255833,107683384425,107682018758,0,107672813800,
0,22229,107676670944,107676670944,-990969792,107679324883,107680835092,107681727550,107681761717,107726670942,107679318758,16666666,107681771342,107682084800,107682129050,107682587925,107720599800,36920209,162000,107719554342,107720599800,0,107682587925,
0,22237,107693337610,107693337610,-866424539,107698931633,107699335217,107699589092,107699610925,107743337608,107698926425,16666666,107702385675,107720666967,107720689217,107722434717,107767813050,3932459,116709,107767813050,107757597925,0,107722434717,
0,22252,107726670942,107743337608,0,107758170008,107758170258,107767566883,107767622217,107793337606,107758165550,16666666,107771585383,107782501592,107782539425,107787462425,107859328717,61488292,72000,107824185050,107859328717,0,107787462425,
0,22260,107776670940,107793337606,0,107807453300,107807453925,107820803133,107820841133,107843337604,107807447842,16666666,107821102383,107859398300,107859421633,107879845133,107897293050,1875,111625,107897293050,107888889800,0,107879845133,
0,22268,107843337604,107876670936,0,107879033300,107879034425,107902549800,107902625175,107926670934,107879024508,16666666,107903862217,107904215675,107904236717,107905350467,107919580342,3778500,128667,107919580342,107910305425,0,107905350467,
0,22276,107893337602,107893337602,0,107904681717,107904682133,107920457592,107920525633,107943337600,107904675800,16666666,107920540633,107920561925,107923736425,107975460967,108023347509,2422625,212083,108023347509,108006614259,0,107975460967,
0,22284,107910004268,107910004268,0,107921040217,107921040883,107923489050,107923549800,108043337596,107921035925,16666666,107923703633,108006684842,108006727634,108015749175,108065994717,41130125,126167,108061312884,108065994717,0,108015749175,
0,22291,107976670932,108026670930,0,108040854842,108040855509,108061532759,108061722300,108093337594,108040848634,16666666,108062198384,108066222717,108066244592,108068452592,108095203425,15898542,133833,108095203425,108092668759,0,108068452592,
0,22300,108060004262,108060004262,0,108071716425,108071717300,108077388050,108077433217,108126670926,108071710259,16666666,108078467009,108092864342,108092945134,108098954009,108113295509,1092375,191792,108113295509,108106524175,0,108098954009,
0,22307,108076670928,108110004260,0,108113321050,108113321925,108118235342,108118281009,108143337592,108113314800,16666666,108118378925,108123079259,108123134884,108124698675,108169224467,17595333,102458,108169224467,108149290967,0,108124698675,
0,22316,108126670926,108143337592,0,108147534425,108147535425,108155709300,108155770342,108193337590,108147525800,16666666,108155781634,108159217425,108159246009,108162196009,108220601259,48152791,315375,108206128634,108220601259,0,108162196009,
0,22325,108176670924,108193337590,0,108202382509,108202383342,108202877884,108202928134,108226670922,108202375925,16666666,108203247800,108221477592,108221953800,108232845050,108245521717,2000,109833,108245521717,108237326592,0,108232845050,
0,22340,108243337588,108243337588,-932772014,108246645509,108247463050,108262187217,108262520884,108276670920,108246639300,16666666,108265079717,108265357842,108265591842,108268780050,108278253634,4084,2430792,108278253634,108272383342,0,108268780050,
0,22355,108276670920,108276670920,-47796751,108278963217,108280924134,108283676759,108283710259,108310004252,108278957384,16666666,108283813009,108284274134,108284400384,108284969384,108294129675,75667,116708,108294129675,108291026259,0,108284969384,
0,22363,108293337586,108293337586,-234989226,108296526509,108301322800,108305914717,108305985425,108326670918,108296520217,16666666,108306370842,108306890384,108306912592,108309559884,108327385800,2000,153208,108327385800,108313795467,0,108309559884,
0,22370,108310004252,108310004252,-324272198,108313970675,108315294550,108319538342,108319593634,108360004250,108313964259,16666666,108320424092,108321696217,108321733884,108322198675,108368733342,41291792,76458,108367758884,108368733342,0,108322198675,
0,22378,108326670918,108326670918,-825760324,108327447509,108346168425,108352578009,108352631300,108393337582,108327442134,16666666,108352807925,108369023634,108369048842,108369803884,108378217342,3902833,160375,108377922467,108378217342,0,108369803884,
0,22385,108343337584,108360004250,-783209477,108372912509,108373322509,108373685634,108373708967,108410004248,108372907925,16666666,108375388842,108378295134,108378357842,108379328342,108393846759,1169791,432625,108393846759,108381932884,0,108379328342,
0,22402,108393337582,108393337582,-71059474,108394155259,108394806842,108395943384,108396295925,108426670914,108394150300,16666666,108396873009,108397201259,108397246009,108397569384,108422486009,2750,210250,108422486009,108398905509,0,108397569384,
0,22410,108410004248,108410004248,-793956394,108422019300,108424860259,108425890384,108425929884,108443337580,108422014050,16666666,108426330217,108426836759,108426880509,108427596550,108462495259,1625,111792,108462495259,108429520467,0,108427596550,
0,22425,108443337580,108443337580,-515960486,108447891509,108448376300,108448630967,108448656175,108493337578,108447884884,16666666,108448875884,108452749467,108452773092,108460147759,108510140800,38416083,7233791,108471664009,108510140800,0,108460147759,
0,22432,108460004246,108460004246,-146290062,108462199717,108462659217,108471313467,108471356842,108510004244,108462194467,16666666,108471669634,108510223467,108510275134,108530471842,108564122509,17843334,131541,108559974342,108564122509,0,108530471842,
0,22440,108476670912,108543337576,-199682652,108555840550,108572986259,108574089092,108574726550,108576670908,108555835217,16666666,108576106884,108578415300,108578869050,108580484009,108588971384,3792,1370375,108588907884,108588971384,0,108580484009,
0,22457,108760004234,108760004234,-581419654,108761135884,108762760342,108764565301,108764604217,108776670900,108761130676,16666666,108765402092,108765499884,108765550884,108766077384,108777329342,2084,136292,108777329342,108766946676,0,108766077384,
0,22465,108776670900,108776670900,-763628795,108777737009,108780555551,108787433259,108787476342,108810004232,108777731259,16666666,108787900717,108788288342,108788394009,108788891009,108794658842,2459,169875,108794658842,108790051259,0,108788891009,
0,22473,108793337566,108793337566,-174696045,108798108384,108798689051,108799064384,108799103426,108826670898,108798102009,16666666,108799531426,108799724051,108799900592,108800470301,108812765967,2167,200750,108812765967,108803983884,0,108800470301,
0,22481,108810004232,108810004232,-685140571,108813122967,108813817301,108814411301,108814546676,108843337564,108813118051,16666666,108814905884,108815146801,108815274342,108815730009,108832430551,2459,148708,108832430551,108816621801,0,108815730009,
0,22489,108826670898,108826670898,-296414088,108832773592,108833339009,108839519509,108839571592,108860004230,108832764509,16666666,108839584342,108840107759,108840129342,108843155509,108861046217,2000,109125,108861046217,108845361926,0,108843155509,
0,22504,108860004230,108860004230,-104159272,108861390926,108861873301,108863729676,108863766342,108893337562,108861384967,16666666,108865378384,108865562092,108865829176,108866387051,108879077217,2875,170250,108879077217,108867431259,0,108866387051,
0,22512,108876670896,108876670896,-415478496,108881218301,108883478009,108885335217,108885368842,108910004228,108881212634,16666666,108885474176,108885680009,108885718842,108886214884,108898186051,2041,155875,108898186051,108887874342,0,108886214884,
0,22520,108893337562,108893337562,-366920167,108903391717,108904454217,108905003801,108905051801,108926670894,108903383926,16666666,108905059092,108911971301,108912376384,108913058842,108950156592,3500,804458,108950156592,108933991301,0,108913058842,
0,22527,108910004228,108910004228,-536591119,108919730551,108934295801,108951611384,108951663426,108976670892,108919726384,16666666,108952112676,108953068009,108953087301,108954690467,108960750759,321125,60250,108960750759,108958139551,0,108954690467,
0,22534,108926670894,108943337560,-83612091,108954112634,108954813634,108956743301,108956783759,108993337558,108954107801,16666666,108957383634,108958177634,108958521301,108958934759,108979326717,1901000,118917,108979326717,108965074592,0,108958934759,
0,22551,108976670892,108976670892,-373940420,108980193842,108982907134,108983730759,108983759259,109010004224,108980184717,16666666,108983889676,108983952467,108983986301,108985271509,108994933467,2125,377666,108994933467,108986431842,0,108985271509,
0,22559,108993337558,108993337558,-155633519,108996865426,108997900801,108999772967,108999805009,109026670890,108996859717,16666666,109002032134,109002337259,109002551134,109002925051,109014188259,3167,686833,109014188259,109005698717,0,109002925051,
0,22567,109010004224,109010004224,-897695407,109010730301,109011233467,109012714676,109012748884,109043337556,109010724217,16666666,109012952426,109013234676,109013310592,109013703092,109027178801,845084,112083,109027178801,109016655092,0,109013703092,
0,22575,109026670890,109026670890,-881715190,109028811509,109029285301,109029914384,109029939634,109060004222,109028805176,16666666,109029947217,109030103342,109030151426,109030665342,109044640259,2041,284208,109044640259,109031799092,0,109030665342,
0,22583,109043337556,109043337556,-913174381,109045646759,109048374967,109050110217,109050159051,109076670888,109045639551,16666666,109053548884,109053664134,109053685592,109054154717,109062461801,1667,166583,109062461801,109055110301,0,109054154717,
0,22591,109060004222,109060004222,-575474195,109065104134,109067388926,109067825676,109067852634,109093337554,109065098551,16666666,109070406634,109070568092,109070602926,109071277676,109079720384,2083,130917,109079720384,109072551801,0,109071277676,
0,22599,109076670888,109076670888,-555695505,109080628092,109081552342,109082853926,109082912759,109110004220,109080622592,16666666,109083066426,109083207426,109083245551,109085166426,109093811051,2750,150625,109093811051,109085970509,0,109085166426,
0,22607,109093337554,109093337554,-918465781,109094625092,109096223092,109096795551,109096820509,109126670886,109094619717,16666666,109096827551,109097129509,109097176384,109098547467,109112272592,4834,2396875,109112272592,109101672801,0,109098547467,
0,22622,109126670886,109126670886,-488668514,109127845717,109127847051,109132404842,109132468176,109143337552,109127838217,16666666,109134266467,109134562634,109136103467,109136617301,109138182884,2583,744750,109138146509,109138182884,0,109136617301,
0,22630,109143337552,109143337552,0,109146324301,109146325259,109147457467,109147499092,109160004218,109146289842,16666666,109148960801,109149066592,109149102134,109150531717,109160844384,1583,113000,109160844384,109151340176,0,109150531717,
0,22638,109160004218,109160004218,0,109161054134,109161054842,109162047426,109162082342,109193337550,109161048842,16666666,109162912717,109162961467,109163014467,109164830717,109177912551,1791,316583,109177912551,109166823134,0,109164830717,
0,22646,109176670884,109176670884,0,109177904676,109177905801,109179260676,109179311884,109210004216,109177897134,16666666,109179322426,109179546009,109179599051,109182447634,109194723134,2375,235500,109194723134,109184078926,0,109182447634,
0,22654,109193337550,109193337550,0,109194745301,109194746426,109195272384,109195317967,109226670882,109194739509,16666666,109195545884,109196133301,109196153259,109199102884,109210677467,1584,81917,109210677467,109199755801,0,109199102884,
0,22662,109210004216,109210004216,0,109210790342,109210791134,109211846217,109211885301,109243337548,109210784801,16666666,109213355842,109213482759,109213521467,109214809509,109227752301,4125,1222125,109227752301,109216774051,0,109214809509,
0,22670,109226670882,109226670882,0,109228901967,109228902884,109230314009,109230368051,109260004214,109228895676,16666666,109230537842,109231472717,109231819926,109234031926,109243944217,2541,141042,109243944217,109234908134,0,109234031926,
0,22685,109243337548,109243337548,-221237247,109245206717,109250123009,109262554342,109262599926,109276670880,109245201217,16666666,109269175926,109270727801,109271232634,109273392259,109277817176,1625,168375,109277817176,109274641342,0,109273392259,
0,22692,109260004214,109260004214,-67141991,109274240342,109275130842,109275521051,109275549092,109310004212,109273040384,16666666,109275804509,109277987259,109278010259,109282675884,109294066676,1958,153292,109294066676,109283778009,0,109282675884,
0,22708,109293337546,109293337546,-409682179,109298100801,109299135717,109299870801,109299898259,109326670878,109298092217,16666666,109299996467,109300305842,109300377551,109300742842,109310691676,1958,115750,109310691676,109301804467,0,109300742842,
0,22716,109310004212,109310004212,-190451542,109311738842,109313428259,109314186884,109314216759,109343337544,109311732509,16666666,109314462676,109314702509,109314740759,109315521051,109334206634,1834,164166,109334206634,109317077467,0,109315521051,
0,22724,109326670878,109326670878,-860248566,109332186301,109332578551,109335288926,109335342218,109360004210,109332181009,16666666,109335678093,109335900759,109335942134,109336377468,109347154884,128958,109042,109347154884,109338100593,0,109336377468,
0,22732,109343337544,109343337544,-1041444218,109348302343,109350654093,109351705134,109351748718,109376670876,109348294593,16666666,109351904509,109352649301,109352694384,109354268343,109362109343,2000,336375,109362109343,109355587009,0,109354268343,
0,22740,109360004210,109360004210,-578171417,109362198468,109363883593,109365862968,109365917134,109393337542,109362192051,16666666,109366265926,109367187968,109367227259,109367587551,109381518343,1875,910333,109381518343,109369529426,0,109367587551,
0,22748,109376670876,109376670876,-953501050,109385827843,109386289718,109387161801,109387196343,109410004208,109385821884,16666666,109387781759,109387900718,109387956176,109388668009,109394016926,277958,152709,109394016926,109389901884,0,109388668009,
0,22756,109393337542,109393337542,-1062977826,109394182718,109394575676,109394818843,109394843468,109426670874,109394177176,16666666,109395110718,109395125176,109395165051,109396397634,109411097176,11958,137417,109411097176,109397807301,0,109396397634,
0,22764,109410004208,109410004208,-377616798,109412256134,109413075718,109413654218,109413679676,109443337540,109412250134,16666666,109413778843,109413895426,109413936551,109414276218,109427384884,2792,100667,109427384884,109415812051,0,109414276218,
0,22772,109426670874,109426670874,-179577909,109428555593,109429012926,109430077676,109430118384,109460004206,109428549676,16666666,109430400384,109430494468,109430548884,109430901634,109443835926,2875,164500,109443835926,109431898134,0,109430901634,
0,22780,109443337540,109443337540,-994002432,109444477259,109445463759,109446303593,109446332009,109476670872,109444472134,16666666,109446339843,109446554759,109446592343,109447029426,109460905801,1750,114875,109460905801,109447864968,0,109447029426,
0,22788,109460004206,109460004206,-568134755,109463915051,109466119801,109469510176,109469565843,109493337538,109462182509,16666666,109470227134,109470313634,109470371509,109470745343,109477070593,2208,147084,109477070593,109471672634,0,109470745343,
0,22796,109476670872,109476670872,-317631048,109477404301,109477904093,109478613718,109478642176,109510004204,109477399134,16666666,109478741676,109479226801,109479251176,109479910759,109494281343,16625,747250,109494281343,109482119759,0,109479910759,
0,22804,109493337538,109493337538,-71029100,109495720843,109496852718,109497185551,109497244009,109526670870,109495715301,16666666,109497569884,109497599384,109497619926,109499126009,109511128343,1986708,1134625,109511128343,109505131051,0,109499126009,
0,22812,109510004204,109510004204,-4031297,109511012259,109514718843,109515739301,109515912093,109543337536,109510841634,16666666,109518249926,109518543134,109518681384,109519245509,109527334509,1541,114625,109527334509,109522812093,0,109519245509,
0,22820,109526670870,109526670870,-842432335,109527729301,109529076134,109530732593,109530773884,109560004202,109527723134,16666666,109531043801,109531147134,109531181551,109531633551,109543799593,2458,158042,109543799593,109533085468,0,109531633551,
0,22828,109543337536,109543337536,-699975690,109544458718,109544871426,109546132259,109546176218,109576670868,109544453343,16666666,109546345093,109546492051,109546533384,109546839509,109560696009,2292,98625,109560696009,109547535593,0,109546839509,
0,22836,109560004202,109560004202,-804059942,109562282051,109562696551,109562933468,109562964426,109593337534,109562276551,16666666,109563179051,109563456593,109563483301,109564528051,109577242634,2041,126542,109577242634,109565447468,0,109564528051,
0,22844,109576670868,109576670868,-698135644,109577630968,109578132426,109578788634,109578817051,109610004200,109577624801,16666666,109579063093,109579150884,109579324843,109579793551,109593958801,1750,126167,109593958801,109580665134,0,109579793551,
0,22852,109593337534,109593337534,-505346343,109594008218,109594682468,109595470926,109595499134,109626670866,109594001884,16666666,109596692926,109596862509,109596952176,109597275051,109610678051,2667,156292,109610678051,109598206176,0,109597275051,
0,22860,109610004200,109610004200,-1049568430,109610738759,109610755218,109611742343,109611791343,109643337532,109610732343,16666666,109613590551,109613678676,109613711593,109615826968,109627472676,1625,111500,109627472676,109616570051,0,109615826968,
0,22868,109626670866,109626670866,0,109627530218,109627531176,109629550259,109629584676,109660004198,109627523551,16666666,109629685551,109629793426,109629832801,109630172009,109643815218,1875,116834,109643815218,109630859634,0,109630172009,
0,22876,109643337532,109643337532,0,109643999551,109644162551,109645006968,109645055426,109676670864,109643992801,16666666,109645830468,109646046259,109646086593,109646704259,109660698134,1708,172875,109660698134,109647418593,0,109646704259,
0,22884,109660004198,109660004198,0,109660700259,109660700926,109661535634,109661597801,109693337530,109660694884,16666666,109661943509,109661971009,109662012759,109662485759,109677102801,1750,53292,109677102801,109663030509,0,109662485759,
0,22892,109676670864,109676670864,0,109677562301,109677563343,109678822051,109678868968,109710004196,109677553509,16666666,109679206676,109679350134,109679387968,109679673718,109680982676,1667,524291,109680890051,109680982676,0,109679673718,
0,22900,109693337530,109693337530,0,109694058801,109694059509,109695290509,109695346593,109726670862,109694052801,16666666,109695506593,109695689259,109695739759,109696209884,109710780551,1542,93542,109710780551,109697172718,0,109696209884,
0,22908,109710004196,109710004196,0,109711574301,109711575051,109712660676,109712697384,109743337528,109711567926,16666666,109712923801,109713007218,109713039384,109713446218,109727444968,1791,88583,109727444968,109714050384,0,109713446218,
0,22916,109726670862,109726670862,0,109727939634,109727940843,109729011718,109729048051,109760004194,109727933134,16666666,109729358968,109729484343,109729520676,109730146134,109743898009,1708,83042,109743898009,109730798176,0,109730146134,
0,22924,109743337528,109743337528,0,109744180301,109744180843,109745045093,109745078968,109776670860,109744174593,16666666,109745086676,109745320968,109745356301,109745890718,109760649759,1917,145000,109760649759,109746800634,0,109745890718,
0,22932,109760004194,109760004194,0,109760982259,109760983009,109763321093,109763352343,109793337526,109760976426,16666666,109763557884,109763645176,109763678593,109766282218,109767791801,3041,630000,109767622426,109767791801,0,109766282218,
0,22940,109776670860,109776670860,0,109777669134,109777669718,109778194301,109778236759,109810004192,109777664093,16666666,109779415301,109779573801,109779610051,109779894968,109795603759,2125,264583,109795603759,109780790884,0,109779894968,
0,22948,109793337526,109793337526,0,109796364218,109796364801,109798522676,109798555593,109826670858,109796358093,16666666,109798649509,109798812551,109798854218,109799151426,109811640301,1667,241625,109811640301,109799947509,0,109799151426,
0,22956,109810004192,109810004192,0,109812715301,109812716009,109813859426,109813896759,109843337524,109812709259,16666666,109814153093,109814245884,109814278218,109814607343,109827615884,1750,133333,109827615884,109815320176,0,109814607343,
0,22964,109826670858,109826670858,0,109827941009,109827941676,109828467051,109828504093,109860004190,109827935551,16666666,109828784176,109828934509,109829026009,109829309551,109844404301,1250,68917,109844404301,109830001301,0,109829309551,
0,22972,109843337524,109843337524,0,109844809843,109844810509,109845242051,109845275509,109876670856,109844804509,16666666,109845602051,109845713301,109845829759,109846339468,109860804843,1959,84875,109860804843,109847152926,0,109846339468,
0,22980,109860004190,109860004190,0,109861218218,109861218926,109861681759,109861716384,109893337522,109861212426,16666666,109861978634,109862056343,109862090468,109862534634,109877072259,1750,56500,109877072259,109863052134,0,109862534634,
0,22988,109876670856,109876670856,0,109878241718,109878242384,109879170009,109879206009,109910004188,109878236634,16666666,109879414259,109879559176,109879594259,109879928093,109893810843,2083,150208,109893810843,109880867843,0,109879928093,
0,22996,109893337522,109893337522,0,109894144384,109894145009,109894599301,109894634551,109926670854,109894139259,16666666,109895530384,109895823009,109895857259,109896581468,109910607009,1792,88375,109910607009,109897256384,0,109896581468,
0,23004,109910004188,109910004188,0,109911318051,109911318676,109912158509,109912194259,109943337520,109911312926,16666666,109912488551,109912600134,109912664718,109913060593,109927552676,1750,131750,109927552676,109913845634,0,109913060593,
0,23012,109926670854,109926670854,0,109928495926,109928496884,109929058051,109929103968,109960004186,109928489384,16666666,109929450176,109929723884,109929763926,109930312509,109944676009,2709,126542,109944676009,109930989509,0,109930312509,
0,23020,109943337520,109943337520,0,109944662801,109944663426,109945905134,109945952801,109976670852,109944657426,16666666,109946093843,109946343634,109946385884,109946721843,109961452759,1791,101834,109961452759,109947463509,0,109946721843,
0,23028,109960004186,109960004186,0,109961621718,109961622801,109962349968,109962399634,109993337518,109961614051,16666666,109962776259,109962862551,109962951551,109963625176,109977842968,1584,116416,109977842968,109964872218,0,109963625176,
0,23036,109976670852,109976670852,0,109978157884,109978158509,109978893176,109978934176,109993337518,109978152009,16666666,109979243926,109979599593,109979640384,109980098759,106927694675,151666,484042,106927694675,109981774593,0,109980098759,
---PROFILEDATA---


View hierarchy:

  dev.polski.grammarmatrix/dev.polski.grammarmatrix.GlassBenchmarkActivity/android.view.ViewRootImpl@29fa678
  7 views, 12.08 kB of render nodes


Total ViewRootImpl   : 1
Total attached Views : 7
Total RenderNode     : 12.08 kB (used) / 36.09 kB (capacity)

