Applications Graphics Acceleration Info:
Uptime: 119421 Realtime: 119421

** Graphics info for pid 2630 [dev.polski.grammarmatrix] **

Stats since: 113633895303ns
Total frames rendered: 321
Janky frames: 19 (5.92%)
Janky frames (legacy): 38 (11.84%)
50th percentile: 17ms
90th percentile: 23ms
95th percentile: 27ms
99th percentile: 65ms
Number Missed Vsync: 1
Number High input latency: 365
Number Slow UI thread: 3
Number Slow bitmap uploads: 0
Number Slow issue draw commands: 17
Number Frame deadline missed: 19
Number Frame deadline missed (legacy): 7
HISTOGRAM: 5ms=13 6ms=4 7ms=1 8ms=1 9ms=1 10ms=0 11ms=0 12ms=0 13ms=1 14ms=1 15ms=3 16ms=56 17ms=179 18ms=18 19ms=3 20ms=3 21ms=0 22ms=2 23ms=6 24ms=1 25ms=4 26ms=4 27ms=4 28ms=1 29ms=0 30ms=2 31ms=2 32ms=3 34ms=1 36ms=1 38ms=2 40ms=0 42ms=0 44ms=0 46ms=0 48ms=0 53ms=0 57ms=0 61ms=0 65ms=1 69ms=0 73ms=1 77ms=0 81ms=0 85ms=0 89ms=1 93ms=0 97ms=0 101ms=0 105ms=0 109ms=0 113ms=0 117ms=0 121ms=0 125ms=0 129ms=1 133ms=0 150ms=0 200ms=0 250ms=0 300ms=0 350ms=0 400ms=0 450ms=0 500ms=0 550ms=0 600ms=0 650ms=0 700ms=0 750ms=0 800ms=0 850ms=0 900ms=0 950ms=0 1000ms=0 1050ms=0 1100ms=0 1150ms=0 1200ms=0 1250ms=0 1300ms=0 1350ms=0 1400ms=0 1450ms=0 1500ms=0 1550ms=0 1600ms=0 1650ms=0 1700ms=0 1750ms=0 1800ms=0 1850ms=0 1900ms=0 1950ms=0 2000ms=0 2050ms=0 2100ms=0 2150ms=0 2200ms=0 2250ms=0 2300ms=0 2350ms=0 2400ms=0 2450ms=0 2500ms=0 2550ms=0 2600ms=0 2650ms=0 2700ms=0 2750ms=0 2800ms=0 2850ms=0 2900ms=0 2950ms=0 3000ms=0 3050ms=0 3100ms=0 3150ms=0 3200ms=0 3250ms=0 3300ms=0 3350ms=0 3400ms=0 3450ms=0 3500ms=0 3550ms=0 3600ms=0 3650ms=0 3700ms=0 3750ms=0 3800ms=0 3850ms=0 3900ms=0 3950ms=0 4000ms=0 4050ms=0 4100ms=0 4150ms=0 4200ms=0 4250ms=0 4300ms=0 4350ms=0 4400ms=0 4450ms=0 4500ms=0 4550ms=0 4600ms=0 4650ms=0 4700ms=0 4750ms=0 4800ms=0 4850ms=0 4900ms=0 4950ms=0
50th gpu percentile: 14ms
90th gpu percentile: 16ms
95th gpu percentile: 19ms
99th gpu percentile: 4950ms
GPU HISTOGRAM: 1ms=1 2ms=15 3ms=7 4ms=0 5ms=4 6ms=3 7ms=2 8ms=3 9ms=3 10ms=13 11ms=19 12ms=27 13ms=39 14ms=87 15ms=64 16ms=9 17ms=3 18ms=4 19ms=2 20ms=2 21ms=2 22ms=1 23ms=2 24ms=1 25ms=0 4950ms=8

Pipeline=Skia (OpenGL)
Memory policy:
  Max surface area: 2592000
  Max resource usage: 124.42MB (x48)
  Background retention: 50% (altUiHidden = true)
  GPU Context timeout: 10
Contexts: 1 (stopped = 0)
CPU Caches:
  Glyph Cache: 33.70 KB (1 entry)
  Glyph Count: 11 
Total CPU memory usage:
  34510 bytes, 33.70 KB (0.00 bytes is purgeable)
GPU Caches:
  Other:
    Other: 49.27 KB (1 entry)
    Buffer Object: 36.00 KB (1 entry)
  Scratch:
    RenderTarget: 11.88 MB (1 entry)
    Buffer Object: 110.00 KB (3 entries)
    Texture: 2.00 MB (1 entry)
Total GPU memory usage:
  14748944 bytes, 14.07 MB (68.00 KB is purgeable)

GraphicBufferAllocator buffers:
        Handle |        Size |     W (Stride) x H | Layers |   Format |      Usage | Requestor
0xb400007b2c426ea0 |     unknown | 1080 (   0) x 2400 |      1 |        1 | 0x     b00 | VRI[GlassBenchmarkActivity]#0(BLAST Consumer)0
0xb400007b2c436f20 |     unknown | 1080 (   0) x 2400 |      1 |        1 | 0x     b00 | VRI[GlassBenchmarkActivity]#0(BLAST Consumer)0
0xb400007b2c437e50 |     unknown | 1080 (   0) x 2400 |      1 |        1 | 0x     b00 | VRI[GlassBenchmarkActivity]#0(BLAST Consumer)0
Total allocated by GraphicBufferAllocator (estimate): 0.00 KB
GoldfishAllocator::dumpDebugInfo is not implemented
Profile data in ms:

	dev.polski.grammarmatrix/dev.polski.grammarmatrix.GlassBenchmarkActivity/android.view.ViewRootImpl@be11049 (visibility=0)
Window: dev.polski.grammarmatrix/dev.polski.grammarmatrix.GlassBenchmarkActivity
Stats since: 113633894261ns
Total frames rendered: 321
Janky frames: 19 (5.92%)
Janky frames (legacy): 38 (11.84%)
50th percentile: 17ms
90th percentile: 23ms
95th percentile: 27ms
99th percentile: 65ms
Number Missed Vsync: 1
Number High input latency: 365
Number Slow UI thread: 3
Number Slow bitmap uploads: 0
Number Slow issue draw commands: 17
Number Frame deadline missed: 19
Number Frame deadline missed (legacy): 7
HISTOGRAM: 5ms=13 6ms=4 7ms=1 8ms=1 9ms=1 10ms=0 11ms=0 12ms=0 13ms=1 14ms=1 15ms=3 16ms=56 17ms=179 18ms=18 19ms=3 20ms=3 21ms=0 22ms=2 23ms=6 24ms=1 25ms=4 26ms=4 27ms=4 28ms=1 29ms=0 30ms=2 31ms=2 32ms=3 34ms=1 36ms=1 38ms=2 40ms=0 42ms=0 44ms=0 46ms=0 48ms=0 53ms=0 57ms=0 61ms=0 65ms=1 69ms=0 73ms=1 77ms=0 81ms=0 85ms=0 89ms=1 93ms=0 97ms=0 101ms=0 105ms=0 109ms=0 113ms=0 117ms=0 121ms=0 125ms=0 129ms=1 133ms=0 150ms=0 200ms=0 250ms=0 300ms=0 350ms=0 400ms=0 450ms=0 500ms=0 550ms=0 600ms=0 650ms=0 700ms=0 750ms=0 800ms=0 850ms=0 900ms=0 950ms=0 1000ms=0 1050ms=0 1100ms=0 1150ms=0 1200ms=0 1250ms=0 1300ms=0 1350ms=0 1400ms=0 1450ms=0 1500ms=0 1550ms=0 1600ms=0 1650ms=0 1700ms=0 1750ms=0 1800ms=0 1850ms=0 1900ms=0 1950ms=0 2000ms=0 2050ms=0 2100ms=0 2150ms=0 2200ms=0 2250ms=0 2300ms=0 2350ms=0 2400ms=0 2450ms=0 2500ms=0 2550ms=0 2600ms=0 2650ms=0 2700ms=0 2750ms=0 2800ms=0 2850ms=0 2900ms=0 2950ms=0 3000ms=0 3050ms=0 3100ms=0 3150ms=0 3200ms=0 3250ms=0 3300ms=0 3350ms=0 3400ms=0 3450ms=0 3500ms=0 3550ms=0 3600ms=0 3650ms=0 3700ms=0 3750ms=0 3800ms=0 3850ms=0 3900ms=0 3950ms=0 4000ms=0 4050ms=0 4100ms=0 4150ms=0 4200ms=0 4250ms=0 4300ms=0 4350ms=0 4400ms=0 4450ms=0 4500ms=0 4550ms=0 4600ms=0 4650ms=0 4700ms=0 4750ms=0 4800ms=0 4850ms=0 4900ms=0 4950ms=0
50th gpu percentile: 14ms
90th gpu percentile: 16ms
95th gpu percentile: 19ms
99th gpu percentile: 4950ms
GPU HISTOGRAM: 1ms=1 2ms=15 3ms=7 4ms=0 5ms=4 6ms=3 7ms=2 8ms=3 9ms=3 10ms=13 11ms=19 12ms=27 13ms=39 14ms=87 15ms=64 16ms=9 17ms=3 18ms=4 19ms=2 20ms=2 21ms=2 22ms=1 23ms=2 24ms=1 25ms=0 4950ms=8



---PROFILEDATA---
Flags,FrameTimelineVsyncId,IntendedVsync,Vsync,InputEventId,HandleInputStart,AnimationStart,PerformTraversalsStart,DrawStart,FrameDeadline,FrameInterval,FrameStartTime,SyncQueued,SyncStart,IssueDrawCommandsStart,SwapBuffers,FrameCompleted,DequeueBufferDuration,QueueBufferDuration,GpuCompleted,SwapBuffersCompleted,DisplayPresentTime,CommandSubmissionCompleted,
0,26434,117360003890,117360003890,0,117361062971,117361063805,117363215971,117363248471,117393337222,117361057346,16666666,117363351638,117363455013,117363489346,117363776555,117364787763,1750,185667,117364744596,117364787763,0,117363776555,
0,26449,117393337222,117393337222,-505487152,117394187388,117394697221,117395079263,117395102971,117410003888,117394181221,16666666,117395712680,117395851388,117395899763,117396853555,117398517846,1959,854208,117398470805,117398517846,0,117396853555,
0,26457,117410003888,117410003888,-659892238,117410750388,117411440471,117413261138,117413301013,117426670554,117410744805,16666666,117413540263,117413629513,117413662138,117413999096,117427400013,1958,200416,117427400013,117415453971,0,117413999096,
0,26465,117426670554,117426670554,-738413303,117427555721,117428125805,117428741763,117428768930,117460003886,117427549513,16666666,117428872013,117429214638,117429260096,117430715763,117444651638,837375,148375,117444651638,117432610763,0,117430715763,
0,26473,117443337220,117443337220,-532073874,117445019680,117445438055,117446507971,117446536055,117476670552,117445013763,16666666,117446545513,117446938013,117446960596,117447370430,117448687680,2833,799625,117448634805,117448687680,0,117447370430,
0,26481,117460003886,117460003886,-230348265,117461127346,117461807305,117463861471,117463897596,117493337218,117461121180,16666666,117464258721,117464636930,117464720430,117465068638,117477185846,2000,159916,117477185846,117465880930,0,117465068638,
0,26489,117476670552,117476670552,-783619181,117477669263,117478626096,117479065471,117479116638,117510003884,117477662805,16666666,117479597263,117479757763,117479793888,117480153596,117493921138,3584,336917,117493921138,117481024555,0,117480153596,
0,26497,117493337218,117493337218,-65121629,117494264596,117494874305,117495511555,117495539930,117526670550,117494258763,16666666,117495635930,117495660638,117495740596,117496474930,117510907596,2000,174042,117510907596,117497183013,0,117496474930,
0,26505,117510003884,117510003884,-486526827,117511098138,117511834221,117513109638,117513156971,117543337216,117511091680,16666666,117513168180,117513296055,117513315971,117513775721,117527080430,1667,206458,117527080430,117514645680,0,117513775721,
0,26513,117526670550,117526670550,-41476809,117527502263,117527892180,117529573221,117529619221,117560003882,117527496180,16666666,117530298930,117530461138,117530579388,117531046596,117532765513,2208,1066666,117532730471,117532765513,0,117531046596,
0,26521,117543337216,117543337216,-272391490,117544472680,117544915013,117545173805,117545197513,117576670548,117544467180,16666666,117545763846,117545949388,117546183513,117546848263,117548740513,1833,715333,117548678513,117548740513,0,117546848263,
0,26529,117560003882,117560003882,-621796201,117562365305,117562989013,117563647513,117563673805,117593337214,117562359638,16666666,117563777221,117563890305,117564239305,117565684055,117577674346,1334,111167,117577674346,117566510346,0,117565684055,
0,26537,117576670548,117576670548,-949828457,117577664471,117578359555,117578977638,117579003263,117610003880,117577658180,16666666,117579010513,117579114971,117579135138,117579600846,117582124888,491458,1028958,117581601555,117582124888,0,117579600846,
0,26545,117593337214,117593337214,-750918397,117595107721,117595694596,117601853596,117601911013,117626670546,117595101680,16666666,117602320763,117602455055,117602489555,117603209888,117612279138,8250,106125,117612279138,117605796721,0,117603209888,
0,26553,117610003880,117610003880,-414264755,117612137305,117614827305,117615293930,117615358930,117643337212,117612131680,16666666,117615821846,117616575263,117616612013,117617268096,117627568930,2209,321958,117627568930,117619607721,0,117617268096,
0,26561,117626670546,117626670546,-942033673,117627366888,117627957596,117630184680,117630231430,117660003878,117627361471,16666666,117630409263,117630538555,117630573888,117631684805,117644672430,2500,301291,117644672430,117632773555,0,117631684805,
0,26569,117643337212,117643337212,-461005251,117646184805,117646900305,117649308430,117649371221,117676670544,117646177638,16666666,117649385263,117649549138,117649597346,117649949805,117660739388,1708,117542,117660739388,117650986638,0,117649949805,
0,26577,117660003878,117660003878,-43646252,117662306388,117662923638,117665495596,117665556888,117693337210,117662300888,16666666,117665904263,117666800388,117666822763,117672128388,117677663721,3167,109500,117677663721,117673881430,0,117672128388,
0,26585,117676670544,117676670544,-323387410,117677997430,117678359638,117679081513,117679105846,117710003876,117677992763,16666666,117679358846,117679529430,117680110930,117681032346,117694142930,2625,232292,117694142930,117682066346,0,117681032346,
0,26593,117693337210,117693337210,-750372028,117696536305,117697074805,117699586805,117699639680,117726670542,117696529763,16666666,117700237471,117700467805,117700535388,117701155930,117710534305,2750,172583,117710534305,117702188055,0,117701155930,
0,26601,117710003876,117710003876,-178737337,117710925513,117711406138,117712942763,117712985430,117743337208,117710920055,16666666,117712996930,117713139472,117713175555,117713517680,117715928138,1917,276166,117715893180,117715928138,0,117713517680,
0,26609,117726670542,117726670542,-582988205,117727525972,117728442472,117729668722,117729727680,117760003874,117727519888,16666666,117730167013,117730385555,117730434222,117730838972,117743859513,1667,214583,117743859513,117731947305,0,117730838972,
0,26617,117743337208,117743337208,-726347550,117744442347,117744457180,117745865638,117745911680,117776670540,117744436347,16666666,117746057972,117746152722,117746185555,117746664805,117760729263,1625,187042,117760729263,117747470263,0,117746664805,
0,26625,117760003874,117760003874,0,117761071763,117761072763,117761908555,117761944722,117793337206,117761066013,16666666,117762187263,117762197305,117762470097,117762767763,117777242263,203333,59666,117777242263,117763551680,0,117762767763,
0,26633,117776670540,117776670540,0,117777618180,117777619097,117778469055,117778504013,117810003872,117777612638,16666666,117778604222,117778808680,117778899513,117779360263,117793743722,1291,70833,117793743722,117780065263,0,117779360263,
0,26641,117793337206,117793337206,0,117794386555,117794387722,117795586472,117795619097,117826670538,117794380847,16666666,117795626347,117795724472,117795756972,117796960888,117811462013,1708,116917,117811462013,117797702847,0,117796960888,
0,26649,117810003872,117810003872,0,117811728347,117811729097,117815147555,117815189305,117843337204,117811722597,16666666,117815573347,117815686138,117815718722,117816169388,117827407805,41792,59916,117827407805,117817491888,0,117816169388,
0,26657,117826670538,117826670538,-742423292,117827891347,117829662138,117830081347,117830105430,117860003870,117827885805,16666666,117830578013,117830678055,117830710680,117831083180,117832817888,2791,618833,117832779263,117832817888,0,117831083180,
0,26665,117843337204,117843337204,-1038859413,117845020013,117845508555,117845891263,117845996513,117876670536,117845014680,16666666,117847005680,117847421138,117847457763,117847748930,117860748930,2541,187666,117860748930,117848644722,0,117847748930,
0,26673,117860003870,117860003870,-377182904,117861250638,117861834638,117863148763,117863179222,117893337202,117861245097,16666666,117863475472,117863486222,117863997013,117865708222,117877380222,2041,786625,117877380222,117869080180,0,117865708222,
0,26681,117876670536,117876670536,-191314941,117877801347,117878318972,117878612430,117878636347,117910003868,117877795388,16666666,117878941638,117879233472,117879322763,117880546513,117893975055,2083,185375,117893975055,117881467180,0,117880546513,
0,26689,117893337202,117893337202,-496522951,117894384388,117894857180,117896338180,117896401680,117926670534,117894378930,16666666,117896567222,117896696388,117896741555,117897170638,117911499138,2084,344416,117911499138,117898194972,0,117897170638,
0,26697,117910003868,117910003868,-66745683,117911986472,117912669013,117913213055,117913653388,117943337200,117911980722,16666666,117913907680,117913917430,117913951680,117914248055,117927188180,1791,215833,117927188180,117914979763,0,117914248055,
0,26705,117926670534,117926670534,-549673969,117928642888,117929171055,117929969055,117929997388,117960003866,117928637430,16666666,117931247597,117931449263,117931488263,117932436763,117944778055,2584,518792,117944778055,117933837138,0,117932436763,
0,26713,117943337200,117943337200,-655203019,117945413555,117945932263,117946783763,117946850972,117976670532,117945407972,16666666,117947531722,117947683805,117947735513,117948261638,117960692555,1667,227250,117960692555,117949151680,0,117948261638,
0,26721,117960003866,117960003866,-944936227,117961084972,117961665347,117962375180,117962415513,117993337198,117961078722,16666666,117962533847,117962663513,117962708597,117963014513,117977263597,1750,158875,117977263597,117963775972,0,117963014513,
0,26729,117976670532,117976670532,-1051426070,117977280138,117977994680,117978253138,117978277805,118010003864,117977273805,16666666,117978543805,117978794930,117978842097,117979436430,117994017638,3084,404250,117994017638,117980332305,0,117979436430,
0,26737,117993337198,117993337198,-459124617,117994079930,117994616638,117994874930,117994900472,118026670530,117994074180,16666666,117995317013,117995656388,117995736972,117996438763,118010862430,1750,81958,118010862430,117997235263,0,117996438763,
0,26745,118010003864,118010003864,-567260203,118010874847,118011417597,118012601805,118012636680,118043337196,118010869347,16666666,118013595763,118013820930,118014016263,118014326347,118027171388,3667,379458,118027171388,118015888513,0,118014326347,
0,26753,118026670530,118026670530,-258584741,118027798638,118029051055,118030431430,118030463097,118060003862,118027784847,16666666,118030567888,118030711597,118030749263,118031212097,118044567055,3209,312791,118044567055,118032641305,0,118031212097,
0,26761,118043337196,118043337196,-38133625,118044930930,118045606472,118046628013,118046661763,118076670528,118044924097,16666666,118046955305,118047085638,118047119305,118047420555,118060900347,2167,313625,118060900347,118048228847,0,118047420555,
0,26769,118060003862,118060003862,-378399484,118061091972,118061815680,118063075805,118063115555,118093337194,118061085888,16666666,118063125013,118063237430,118063269722,118063772347,118077334638,2000,248500,118077334638,118064634138,0,118063772347,
0,26777,118076670528,118076670528,-251533168,118078436263,118079464013,118082479347,118082525347,118110003860,118078430888,16666666,118082828347,118083029388,118083064013,118083564597,118093823847,1750,337625,118093823847,118084887722,0,118083564597,
0,26785,118093337194,118093337194,-730105556,118094199013,118095195513,118096254180,118096285222,118126670526,118094194097,16666666,118096403888,118096507222,118096578388,118096934722,118111034513,2500,140625,118111034513,118097951555,0,118096934722,
0,26793,118110003860,118110003860,-657201678,118111196597,118111788388,118112460722,118112503180,118143337192,118111190138,16666666,118112832347,118112976888,118113006263,118113618347,118127262555,2458,253417,118127262555,118114440305,0,118113618347,
0,26801,118126670526,118126670526,-30730127,118127872097,118128612430,118130432555,118130481597,118160003858,118127865888,16666666,118130747263,118131727888,118131802930,118132560097,118144473680,2416,374417,118144473680,118133882347,0,118132560097,
0,26809,118143337192,118143337192,-856767470,118144865263,118145436013,118145709763,118145734138,118176670524,118144859347,16666666,118146544805,118146631805,118146815930,118147130847,118148621805,4334,657500,118148563388,118148621805,0,118147130847,
0,26817,118160003858,118160003858,-842744967,118163147138,118163614472,118165322263,118165349555,118193337190,118163142013,16666666,118165549888,118165633597,118165711638,118166050847,118177291347,1875,83833,118177291347,118167021347,0,118166050847,
0,26832,118193337190,118193337190,-488691879,118194907430,118194908763,118196286888,118196330638,118210003856,118194900347,16666666,118196604305,118196908263,118196979347,118197399097,118212480388,1542,94792,118212480388,118198253430,0,118197399097,
0,26840,118210003856,118210003856,0,118212683763,118212684930,118214026930,118214647930,118243337188,118212676972,16666666,118215376388,118215521472,118215576555,118216641763,118227706013,1709,224667,118227706013,118217767138,0,118216641763,
0,26848,118226670522,118226670522,0,118228525930,118228526847,118229292847,118229334055,118260003854,118228519388,16666666,118229585263,118229738472,118229772847,118230396138,118244308597,8709,133958,118244308597,118231692305,0,118230396138,
0,26856,118243337188,118243337188,0,118244504180,118244505513,118245550347,118245610597,118276670520,118244497472,16666666,118245823388,118246394847,118246419430,118246928888,118260656680,1917,82917,118260656680,118247861638,0,118246928888,
0,26871,118276670520,118276670520,-227048347,118277487013,118277908222,118278491138,118278517930,118293337186,118277481513,16666666,118278766722,118278966513,118278986180,118279327597,118294043138,1875,305417,118294043138,118280785180,0,118279327597,
0,26879,118293337186,118293337186,-191455435,118294244430,118294799930,118296678680,118296711305,118326670518,118294239138,16666666,118296932680,118297064763,118297098305,118297399138,118311222222,1583,101167,118311222222,118298113847,0,118297399138,
0,26887,118310003852,118310003852,-1047572618,118311338138,118311963805,118313612888,118313642138,118343337184,118311332097,16666666,118313738597,118313830263,118313866597,118314154138,118327245847,2291,91709,118327245847,118314770222,0,118314154138,
0,26895,118326670518,118326670518,-863657948,118327661263,118328394013,118329719597,118329742138,118360003850,118327655430,16666666,118329749347,118329822388,118329877347,118330154222,118343823055,1792,79959,118343823055,118330751263,0,118330154222,
0,26903,118343337184,118343337184,-123429317,118344331680,118344871097,118346645888,118346677222,118376670516,118344325930,16666666,118347068805,118347164388,118347194888,118347463097,118360729305,2333,196250,118360729305,118348474138,0,118347463097,
0,26911,118360003850,118360003850,-526014059,118361132347,118361725430,118362006055,118362028930,118393337182,118361126472,16666666,118362301138,118362412013,118362467180,118363334722,118377510805,2042,71375,118377510805,118363947722,0,118363334722,
0,26919,118376670516,118376670516,-804424481,118377630430,118378456972,118379051430,118379078555,118410003848,118377624763,16666666,118379177222,118379406805,118379452888,118379732222,118393938472,1875,374708,118393938472,118380651055,0,118379732222,
0,26927,118393337182,118393337182,-520766490,118394028347,118394551013,118395245555,118395270722,118426670514,118394022138,16666666,118395278430,118395618222,118395636638,118396224472,118410507722,1708,317292,118410507722,118397132555,0,118396224472,
0,26935,118410003848,118410003848,-969939157,118410940347,118411812889,118412972930,118413003180,118443337180,118410933639,16666666,118413198347,118413299180,118413330347,118413604597,118427539097,2333,153167,118427539097,118414364555,0,118413604597,
0,26943,118426670514,118426670514,-173466820,118427710014,118428440722,118428712514,118428736930,118460003846,118427704180,16666666,118429077597,118429291555,118429326139,118429918347,118444521722,1541,83666,118444521722,118430522472,0,118429918347,
0,26951,118443337180,118443337180,-263812475,118444243097,118446128222,118446853430,118446889680,118476670512,118444237722,16666666,118446987347,118447151264,118447209680,118447657639,118461481139,1458,114833,118461481139,118448290055,0,118447657639,
0,26959,118460003846,118460003846,-78896222,118462699097,118463527722,118464607430,118464630055,118493337178,118462693222,16666666,118464636930,118465131430,118465151389,118465838805,118477467639,1833,83625,118477467639,118467130597,0,118465838805,
0,26967,118476670512,118476670512,-800962303,118477726514,118478316055,118479597764,118479629222,118510003844,118477721430,16666666,118479884389,118479969222,118480143097,118480533305,118493912514,2084,158500,118493912514,118481322139,0,118480533305,
0,26975,118493337178,118493337178,-174079327,118494226555,118495069139,118495332472,118495360430,118526670510,118494221014,16666666,118495676930,118495827472,118495995722,118496686680,118510680555,1583,74125,118510680555,118497266264,0,118496686680,
0,26983,118510003844,118510003844,-686140348,118511592222,118512635972,118513222972,118513254222,118543337176,118511586097,16666666,118513349930,118513473472,118513547680,118513841805,118527208847,4334,332333,118527208847,118514738805,0,118513841805,
0,26991,118526670510,118526670510,-922882273,118527415889,118527980222,118529106472,118529145014,118560003842,118527410014,16666666,118529156305,118529446139,118529488930,118529857347,118543979722,1666,79416,118543979722,118530522389,0,118529857347,
0,26999,118543337176,118543337176,-111988248,118544165472,118545008305,118546746055,118546779139,118576670508,118544159347,16666666,118547000430,118547084222,118547115472,118547446680,118560701722,1375,110500,118560701722,118549064889,0,118547446680,
0,27007,118560003842,118560003842,-884989469,118561243972,118561828514,118562068055,118562310514,118593337174,118561238597,16666666,118562627805,118562842514,118562878805,118563312597,118577413389,1542,81375,118577413389,118563904764,0,118563312597,
0,27015,118576670508,118576670508,-127992034,118577871972,118578313139,118578877430,118578902972,118610003840,118577866430,16666666,118578999264,118579132430,118579155180,118580101305,118593996680,1833,194083,118593996680,118581045680,0,118580101305,
0,27023,118593337174,118593337174,-464789869,118594102014,118594678472,118595277305,118595301180,118626670506,118594095889,16666666,118595308347,118595985430,118596211764,118596598222,118610780889,794875,91792,118610780889,118598067805,0,118596598222,
0,27031,118610003840,118610003840,-619620129,118610803222,118611344347,118613957430,118613990472,118643337172,118610797222,16666666,118614226972,118614316805,118614350055,118614712139,118617077889,1875,619875,118616907972,118617077889,0,118614712139,
0,27039,118626670506,118626670506,-860922279,118627666430,118627679180,118629600472,118629682097,118660003838,118627660889,16666666,118629928264,118630166305,118630207097,118630535722,118643827222,1833,220333,118643827222,118631217639,0,118630535722,
0,27047,118643337172,118643337172,0,118644574472,118644575472,118645159014,118645202097,118676670504,118644568097,16666666,118645544847,118645812389,118646518722,118647034722,118660784639,2166,136292,118660784639,118647810680,0,118647034722,
0,27055,118660003838,118660003838,0,118660892472,118660893514,118661988555,118662047972,118693337170,118660886805,16666666,118662214847,118662492389,118662572555,118662878889,118677226180,1666,136917,118677226180,118663521889,0,118662878889,
0,27063,118676670504,118676670504,0,118677527930,118677528847,118678666014,118678699389,118710003836,118677520722,16666666,118678706639,118678810347,118678847014,118679242555,118694309555,2667,78750,118694309555,118679834847,0,118679242555,
0,27071,118693337170,118693337170,0,118694390222,118694391472,118697114764,118697147389,118726670502,118694382764,16666666,118697402097,118697567430,118697634847,118698011389,118710718222,1792,139375,118710718222,118698840889,0,118698011389,
0,27079,118710003836,118710003836,-504612495,118711050347,118711574930,118712712180,118712739847,118743337168,118711044430,16666666,118712902139,118713446430,118713499139,118713843347,118728661180,2125,210709,118728661180,118714793014,0,118713843347,
0,27087,118726670502,118726670502,-155198946,118728643139,118729221930,118729571930,118729608555,118760003834,118728637180,16666666,118730074555,118730279305,118730299222,118731522722,118744534347,6542,168708,118744534347,118732382597,0,118731522722,
0,27095,118743337168,118743337168,-225531496,118745047097,118745543722,118745794680,118745819722,118776670500,118745040972,16666666,118746018389,118746282014,118746768139,118747209889,118761076472,3709,882167,118761076472,118748706930,0,118747209889,
0,27103,118760003834,118760003834,-1025009263,118761864764,118762432055,118763794722,118763821764,118793337166,118761859305,16666666,118764652347,118764766389,118764799764,118765133680,118777216347,1875,112000,118777216347,118766549264,0,118765133680,
0,27111,118776670500,118776670500,-289323922,118777375555,118777902222,118778665305,118778722014,118810003832,118777370097,16666666,118778903639,118779077889,118779140222,118779730764,118794232305,2834,357250,118794232305,118780831389,0,118779730764,
0,27119,118793337166,118793337166,-514456201,118794736805,118795161180,118795418055,118795451222,118826670498,118794731139,16666666,118795664347,118795670764,118795731764,118796734722,118810686430,2000,73292,118810686430,118797448347,0,118796734722,
0,27127,118810003832,118810003832,-913101594,118810813847,118811531347,118811776514,118811815389,118843337164,118810808389,16666666,118812474430,118812691805,118812722889,118813234805,118827569389,2792,252000,118827569389,118814328722,0,118813234805,
0,27135,118826670498,118826670498,-1010982795,118827809055,118828502722,118829302555,118829338222,118860003830,118827802930,16666666,118829537930,118829632264,118829662972,118829947639,118844758680,2458,121083,118844758680,118830562180,0,118829947639,
0,27143,118843337164,118843337164,-278890311,118845222472,118845957930,118846512347,118846534264,118876670496,118845217097,16666666,118846624264,118846790597,118846827680,118847264389,118861185514,3917,626333,118861185514,118848600097,0,118847264389,
0,27151,118860003830,118860003830,-920649071,118861534014,118862186555,118862622514,118862659597,118893337162,118861528139,16666666,118862868639,118863010972,118863030222,118863390930,118877419055,2042,204541,118877419055,118864696097,0,118863390930,
0,27159,118876670496,118876670496,-389503715,118877683680,118878384180,118878704847,118878739972,118910003828,118877676639,16666666,118879070180,118879493847,118879513430,118879955555,118893898430,2000,77083,118893898430,118880574180,0,118879955555,
0,27167,118893337162,118893337162,-836468464,118894685430,118895398597,118896598722,118896628514,118926670494,118894680014,16666666,118897401847,118897516180,118897558139,118898003014,118910671514,1750,330584,118910671514,118898986180,0,118898003014,
0,27175,118910003828,118910003828,-989003177,118910886097,118911383680,118911999222,118912482139,118943337160,118910880514,16666666,118912628180,118912709514,118912750805,118913063389,118927027847,1625,348416,118927027847,118914117805,0,118913063389,
0,27183,118926670494,118926670494,-76068641,118927458347,118928691055,118929094847,118929164180,118960003826,118927452680,16666666,118929582305,118929596722,118929693430,118930313930,118943751264,1333,93917,118943751264,118931077805,0,118930313930,
0,27191,118943337160,118943337160,-166045929,118944327305,118945088972,118945392139,118945430139,118976670492,118944321305,16666666,118945759722,118945889222,118945928097,118946216889,118960546264,1833,163833,118960546264,118946837680,0,118946216889,
0,27199,118960003826,118960003826,-901450257,118961060764,118961726722,118962508597,118962536264,118993337158,118961054347,16666666,118962727764,118962929347,118962993014,118963257389,118977163722,2084,193125,118977163722,118963912472,0,118963257389,
0,27207,118976670492,118976670492,-955715490,118977812389,118978311680,118978905430,118978931930,119010003824,118977807139,16666666,118979029014,118979262680,118979330805,118979790097,118993816764,1750,79958,118993816764,118980440097,0,118979790097,
0,27215,118993337158,118993337158,-805723830,118994172222,118994630805,118994896514,118994925055,119026670490,118994166264,16666666,118995136305,118995152555,118995192764,118995977514,119010528930,1833,185958,119010528930,118997153222,0,118995977514,
0,27223,119010003824,119010003824,-694715230,119011017264,119011817180,119012701972,119012760514,119043337156,119011011389,16666666,119013135264,119013267305,119013411847,119013966264,119027808180,1625,78125,119027808180,119014515722,0,119013966264,
0,27231,119026670490,119026670490,-682790638,119028392555,119029239930,119029952222,119029983805,119060003822,119028386180,16666666,119030176514,119030330055,119030361680,119030623139,119043885764,1500,165667,119043885764,119031432972,0,119030623139,
0,27239,119043337156,119043337156,-834722899,119045301347,119045871805,119047000930,119047031472,119076670488,119045295514,16666666,119047142180,119047251722,119047289222,119047585847,119061380722,2042,111834,119061380722,119048629430,0,119047585847,
0,27254,119076670488,119076670488,-480005215,119077458055,119077458972,119078201680,119078236139,119093337154,119077452222,16666666,119078470847,119078555639,119078587347,119078957305,119094067055,1666,142291,119094067055,119079760930,0,119078957305,
0,27262,119093337154,119093337154,0,119094319597,119094320555,119094984805,119095023180,119126670486,119094313847,16666666,119095283389,119095453847,119095494847,119095872180,119111068764,1079667,109292,119111068764,119098690805,0,119095872180,
0,27270,119110003820,119110003820,0,119112255847,119112257431,119114165556,119114216514,119143337152,119112249389,16666666,119114474889,119114726222,119114793014,119115189222,119127529222,2041,299375,119127529222,119116279847,0,119115189222,
0,27278,119126670486,119126670486,0,119128779681,119128780681,119130355014,119130396472,119160003818,119128773472,16666666,119130510764,119130690722,119130733264,119131186056,119144995306,1875,100917,119144995306,119131806889,0,119131186056,
0,27286,119143337152,119143337152,0,119145418472,119145419389,119146583556,119146622931,119176670484,119145412181,16666666,119146890431,119146977722,119147011264,119147317806,119161533722,1416,104208,119161533722,119148147347,0,119147317806,
0,27294,119160003818,119160003818,0,119161735556,119161736431,119162318931,119162367764,119193337150,119161729681,16666666,119162629181,119162811597,119163062514,119163544639,119177294556,1416,178875,119177294556,119164452972,0,119163544639,
0,27302,119176670484,119176670484,0,119177535264,119177536264,119178577306,119178616847,119210003816,119177530014,16666666,119178624806,119178908597,119178942222,119179233681,119193747806,1500,128958,119193747806,119179861222,0,119179233681,
0,27310,119193337150,119193337150,0,119194239264,119194240306,119194240764,119194291972,119226670482,119194233889,16666666,119194720556,119195014347,119195059556,119195801556,119210734389,1791,109208,119210734389,119197178181,0,119195801556,
0,27318,119210003816,119210003816,0,119210770847,119210772014,119210772431,119210822431,119243337148,119210764972,16666666,119211521681,119211728972,119211765681,119212633764,119227146389,1417,236166,119227146389,119213440681,0,119212633764,
0,27326,119226670482,119226670482,0,119227416056,119227416764,119227417097,119227462056,119260003814,119227410889,16666666,119227868472,119228437639,119228535056,119229372556,119243787764,1625,103625,119243787764,119229862389,0,119229372556,
0,27334,119243337148,119243337148,0,119244476639,119244477389,119244477806,119244529056,119276670480,119244471181,16666666,119244849556,119245133514,119245292056,119246026722,119260616722,1750,258083,119260616722,119246773556,0,119246026722,
0,27342,119260003814,119260003814,0,119261233431,119261234222,119261234639,119261285722,119293337146,119261228556,16666666,119261706431,119261966681,119262024889,119263025264,119277139472,1583,174084,119277139472,119264144889,0,119263025264,
0,27350,119276670480,119276670480,0,119277615222,119277616014,119277616472,119277670139,119310003812,119277609972,16666666,119278071472,119278212722,119278252264,119278934847,119293889389,1959,315584,119293889389,119279730014,0,119278934847,
0,27358,119293337146,119293337146,0,119294238806,119294239889,119294240556,119294316972,119326670478,119294231306,16666666,119294851389,119295026639,119295068972,119295945472,119310557514,2042,232625,119310557514,119296662806,0,119295945472,
0,27366,119310003812,119310003812,0,119310696222,119310697181,119310698014,119310754847,119343337144,119310690097,16666666,119311262681,119311351347,119311391347,119312516056,119327466222,1417,70959,119327466222,119313272889,0,119312516056,
0,27374,119326670478,119326670478,0,119327712431,119327713347,119327714139,119327773139,119360003810,119327706514,16666666,119328314389,119328836972,119328899514,119329987722,119343915722,1417,133667,119343915722,119330522431,0,119329987722,
0,27382,119343337144,119343337144,0,119344362389,119344363264,119344363972,119344424722,119376670476,119344356597,16666666,119344881264,119345199097,119345242347,119345936556,119360509472,428792,100000,119360509472,119346922556,0,119345936556,
0,27390,119360003810,119360003810,0,119360808222,119360809181,119360809806,119360865681,119393337142,119360802681,16666666,119361217764,119361768556,119361821514,119362721389,119377411972,1917,175958,119377411972,119363292972,0,119362721389,
0,27398,119376670476,119376670476,0,119378642139,119378642847,119378643222,119378692764,119410003808,119378636389,16666666,119379034306,119379169139,119379187764,119380384097,119393958181,1583,92916,119393958181,119381067681,0,119380384097,
0,27406,119393337142,119393337142,0,119394025431,119394026222,119394026681,119394077472,119426670474,119394020556,16666666,119394491389,119394813264,119394853056,119395771056,119411855222,129667,168333,119411855222,119396914639,0,119395771056,
0,27414,119410003808,119410003808,0,119411963972,119411964639,119411965014,119412432181,119426670474,119411958597,16666666,119412979181,119413146306,119413289931,119414036222,117360830805,1625,84584,117360830805,119414796722,0,119414036222,
---PROFILEDATA---


View hierarchy:

  dev.polski.grammarmatrix/dev.polski.grammarmatrix.GlassBenchmarkActivity/android.view.ViewRootImpl@be11049
  7 views, 12.02 kB of render nodes


Total ViewRootImpl   : 1
Total attached Views : 7
Total RenderNode     : 12.02 kB (used) / 36.09 kB (capacity)

