Applications Graphics Acceleration Info:
Uptime: 129419 Realtime: 129419

** Graphics info for pid 2757 [dev.polski.grammarmatrix] **

Stats since: 123363772016ns
Total frames rendered: 321
Janky frames: 28 (8.72%)
Janky frames (legacy): 52 (16.20%)
50th percentile: 17ms
90th percentile: 29ms
95th percentile: 36ms
99th percentile: 81ms
Number Missed Vsync: 3
Number High input latency: 353
Number Slow UI thread: 11
Number Slow bitmap uploads: 0
Number Slow issue draw commands: 25
Number Frame deadline missed: 28
Number Frame deadline missed (legacy): 18
HISTOGRAM: 5ms=8 6ms=1 7ms=3 8ms=1 9ms=0 10ms=2 11ms=1 12ms=1 13ms=1 14ms=0 15ms=2 16ms=42 17ms=168 18ms=24 19ms=10 20ms=4 21ms=4 22ms=5 23ms=3 24ms=2 25ms=2 26ms=1 27ms=0 28ms=3 29ms=4 30ms=3 31ms=2 32ms=4 34ms=3 36ms=3 38ms=1 40ms=1 42ms=0 44ms=2 46ms=0 48ms=2 53ms=1 57ms=2 61ms=0 65ms=0 69ms=0 73ms=1 77ms=0 81ms=1 85ms=0 89ms=0 93ms=0 97ms=2 101ms=0 105ms=0 109ms=0 113ms=0 117ms=1 121ms=0 125ms=0 129ms=0 133ms=0 150ms=0 200ms=0 250ms=0 300ms=0 350ms=0 400ms=0 450ms=0 500ms=0 550ms=0 600ms=0 650ms=0 700ms=0 750ms=0 800ms=0 850ms=0 900ms=0 950ms=0 1000ms=0 1050ms=0 1100ms=0 1150ms=0 1200ms=0 1250ms=0 1300ms=0 1350ms=0 1400ms=0 1450ms=0 1500ms=0 1550ms=0 1600ms=0 1650ms=0 1700ms=0 1750ms=0 1800ms=0 1850ms=0 1900ms=0 1950ms=0 2000ms=0 2050ms=0 2100ms=0 2150ms=0 2200ms=0 2250ms=0 2300ms=0 2350ms=0 2400ms=0 2450ms=0 2500ms=0 2550ms=0 2600ms=0 2650ms=0 2700ms=0 2750ms=0 2800ms=0 2850ms=0 2900ms=0 2950ms=0 3000ms=0 3050ms=0 3100ms=0 3150ms=0 3200ms=0 3250ms=0 3300ms=0 3350ms=0 3400ms=0 3450ms=0 3500ms=0 3550ms=0 3600ms=0 3650ms=0 3700ms=0 3750ms=0 3800ms=0 3850ms=0 3900ms=0 3950ms=0 4000ms=0 4050ms=0 4100ms=0 4150ms=0 4200ms=0 4250ms=0 4300ms=0 4350ms=0 4400ms=0 4450ms=0 4500ms=0 4550ms=0 4600ms=0 4650ms=0 4700ms=0 4750ms=0 4800ms=0 4850ms=0 4900ms=0 4950ms=0
50th gpu percentile: 14ms
90th gpu percentile: 17ms
95th gpu percentile: 24ms
99th gpu percentile: 4950ms
GPU HISTOGRAM: 1ms=1 2ms=11 3ms=7 4ms=2 5ms=1 6ms=5 7ms=1 8ms=6 9ms=7 10ms=7 11ms=10 12ms=20 13ms=40 14ms=78 15ms=75 16ms=11 17ms=7 18ms=5 19ms=1 20ms=4 21ms=3 22ms=2 23ms=0 24ms=2 25ms=4 4950ms=11

Pipeline=Skia (OpenGL)
Memory policy:
  Max surface area: 2592000
  Max resource usage: 124.42MB (x48)
  Background retention: 50% (altUiHidden = true)
  GPU Context timeout: 10
Contexts: 1 (stopped = 0)
CPU Caches:
  Glyph Cache: 33.70 KB (1 entry)
  Glyph Count: 11 
Total CPU memory usage:
  34510 bytes, 33.70 KB (0.00 bytes is purgeable)
GPU Caches:
  Other:
    Other: 49.27 KB (1 entry)
    Buffer Object: 36.00 KB (1 entry)
  Scratch:
    RenderTarget: 11.88 MB (1 entry)
    Buffer Object: 110.00 KB (3 entries)
    Texture: 2.00 MB (1 entry)
Total GPU memory usage:
  14748944 bytes, 14.07 MB (68.00 KB is purgeable)

GraphicBufferAllocator buffers:
        Handle |        Size |     W (Stride) x H | Layers |   Format |      Usage | Requestor
0xb400007b2c426c60 |     unknown | 1080 (   0) x 2400 |      1 |        1 | 0x     b00 | VRI[GlassBenchmarkActivity]#0(BLAST Consumer)0
0xb400007b2c426d80 |     unknown | 1080 (   0) x 2400 |      1 |        1 | 0x     b00 | VRI[GlassBenchmarkActivity]#0(BLAST Consumer)0
0xb400007b2c427290 |     unknown | 1080 (   0) x 2400 |      1 |        1 | 0x     b00 | VRI[GlassBenchmarkActivity]#0(BLAST Consumer)0
Total allocated by GraphicBufferAllocator (estimate): 0.00 KB
GoldfishAllocator::dumpDebugInfo is not implemented
Profile data in ms:

	dev.polski.grammarmatrix/dev.polski.grammarmatrix.GlassBenchmarkActivity/android.view.ViewRootImpl@c0a7630 (visibility=0)
Window: dev.polski.grammarmatrix/dev.polski.grammarmatrix.GlassBenchmarkActivity
Stats since: 123363771224ns
Total frames rendered: 321
Janky frames: 28 (8.72%)
Janky frames (legacy): 52 (16.20%)
50th percentile: 17ms
90th percentile: 29ms
95th percentile: 36ms
99th percentile: 81ms
Number Missed Vsync: 3
Number High input latency: 353
Number Slow UI thread: 11
Number Slow bitmap uploads: 0
Number Slow issue draw commands: 25
Number Frame deadline missed: 28
Number Frame deadline missed (legacy): 18
HISTOGRAM: 5ms=8 6ms=1 7ms=3 8ms=1 9ms=0 10ms=2 11ms=1 12ms=1 13ms=1 14ms=0 15ms=2 16ms=42 17ms=168 18ms=24 19ms=10 20ms=4 21ms=4 22ms=5 23ms=3 24ms=2 25ms=2 26ms=1 27ms=0 28ms=3 29ms=4 30ms=3 31ms=2 32ms=4 34ms=3 36ms=3 38ms=1 40ms=1 42ms=0 44ms=2 46ms=0 48ms=2 53ms=1 57ms=2 61ms=0 65ms=0 69ms=0 73ms=1 77ms=0 81ms=1 85ms=0 89ms=0 93ms=0 97ms=2 101ms=0 105ms=0 109ms=0 113ms=0 117ms=1 121ms=0 125ms=0 129ms=0 133ms=0 150ms=0 200ms=0 250ms=0 300ms=0 350ms=0 400ms=0 450ms=0 500ms=0 550ms=0 600ms=0 650ms=0 700ms=0 750ms=0 800ms=0 850ms=0 900ms=0 950ms=0 1000ms=0 1050ms=0 1100ms=0 1150ms=0 1200ms=0 1250ms=0 1300ms=0 1350ms=0 1400ms=0 1450ms=0 1500ms=0 1550ms=0 1600ms=0 1650ms=0 1700ms=0 1750ms=0 1800ms=0 1850ms=0 1900ms=0 1950ms=0 2000ms=0 2050ms=0 2100ms=0 2150ms=0 2200ms=0 2250ms=0 2300ms=0 2350ms=0 2400ms=0 2450ms=0 2500ms=0 2550ms=0 2600ms=0 2650ms=0 2700ms=0 2750ms=0 2800ms=0 2850ms=0 2900ms=0 2950ms=0 3000ms=0 3050ms=0 3100ms=0 3150ms=0 3200ms=0 3250ms=0 3300ms=0 3350ms=0 3400ms=0 3450ms=0 3500ms=0 3550ms=0 3600ms=0 3650ms=0 3700ms=0 3750ms=0 3800ms=0 3850ms=0 3900ms=0 3950ms=0 4000ms=0 4050ms=0 4100ms=0 4150ms=0 4200ms=0 4250ms=0 4300ms=0 4350ms=0 4400ms=0 4450ms=0 4500ms=0 4550ms=0 4600ms=0 4650ms=0 4700ms=0 4750ms=0 4800ms=0 4850ms=0 4900ms=0 4950ms=0
50th gpu percentile: 14ms
90th gpu percentile: 17ms
95th gpu percentile: 24ms
99th gpu percentile: 4950ms
GPU HISTOGRAM: 1ms=1 2ms=11 3ms=7 4ms=2 5ms=1 6ms=5 7ms=1 8ms=6 9ms=7 10ms=7 11ms=10 12ms=20 13ms=40 14ms=78 15ms=75 16ms=11 17ms=7 18ms=5 19ms=1 20ms=4 21ms=3 22ms=2 23ms=0 24ms=2 25ms=4 4950ms=11



---PROFILEDATA---
Flags,FrameTimelineVsyncId,IntendedVsync,Vsync,InputEventId,HandleInputStart,AnimationStart,PerformTraversalsStart,DrawStart,FrameDeadline,FrameInterval,FrameStartTime,SyncQueued,SyncStart,IssueDrawCommandsStart,SwapBuffers,FrameCompleted,DequeueBufferDuration,QueueBufferDuration,GpuCompleted,SwapBuffersCompleted,DisplayPresentTime,CommandSubmissionCompleted,
0,31279,127343336824,127343336824,0,127344477684,127344478643,127345044059,127345083059,127376670156,127344471226,16666666,127345443893,127345991768,127346010434,127346305143,127361249518,3584,312458,127361249518,127347269434,0,127346305143,
0,31294,127376670156,127376670156,-703008314,127377855184,127378520643,127379207476,127379242934,127393336822,127377848268,16666666,127379618309,127379736351,127379771726,127380526809,127381463476,1958,347959,127381381268,127381463476,0,127380526809,
0,31302,127393336822,127393336822,-42669551,127394855143,127395468976,127397135684,127397163351,127410003488,127394849601,16666666,127397346143,127397428559,127397461518,127398170601,127410568018,1959,277375,127410568018,127399409434,0,127398170601,
0,31310,127410003488,127410003488,-330829029,127410822809,127411943809,127412924976,127412952351,127443336820,127410816434,16666666,127413056309,127413137559,127413174184,127413565559,127427319268,1834,82875,127427319268,127414195309,0,127413565559,
0,31318,127426670154,127426670154,-526763184,127427537184,127428326726,127429239268,127429474601,127460003486,127427530684,16666666,127429484851,127429673518,127429707309,127430057934,127444152643,3875,335708,127444152643,127430928809,0,127430057934,
0,31326,127443336820,127443336820,-462266354,127444291184,127444927893,127445192476,127445223643,127476670152,127444284934,16666666,127445467934,127445534101,127445576809,127445880518,127461229684,1625,76458,127461229684,127446556059,0,127445880518,
0,31334,127460003486,127460003486,-633848525,127461356893,127461772309,127463282934,127463617726,127493336818,127461350851,16666666,127465717559,127465916059,127465950643,127466266643,127477469351,2541,242625,127477469351,127467486768,0,127466266643,
0,31342,127476670152,127476670152,-463475973,127477450726,127478063768,127478694309,127478721643,127510003484,127477444976,16666666,127479252601,127479424559,127479460559,127479740434,127493702726,1625,86417,127493702726,127480648393,0,127479740434,
0,31350,127493336818,127493336818,-923945580,127493956601,127494520518,127495472643,127495496601,127526670150,127493950643,16666666,127495503726,127495593309,127495625351,127495922726,127510764768,1792,156166,127510764768,127496888726,0,127495922726,
0,31358,127510003484,127510003484,-879659505,127510941601,127511558851,127511814726,127511843476,127543336816,127510935643,16666666,127512381768,127512569768,127512655060,127513163685,127527308268,1708,132209,127527308268,127514036685,0,127513163685,
0,31366,127526670150,127526670150,-639534937,127527654018,127528591435,127529566310,127529595935,127560003482,127527648518,16666666,127529812643,127529861185,127530020268,127530468601,127544286768,2125,203125,127544286768,127531558893,0,127530468601,
0,31374,127543336816,127543336816,-441204647,127545175351,127545702018,127546309851,127546333393,127576670148,127545169643,16666666,127546428893,127546536393,127546713518,127547173018,127560593976,1416,80208,127560593976,127547697768,0,127547173018,
0,31382,127560003482,127560003482,-43026995,127561403268,127561913185,127562565768,127562590435,127593336814,127561393476,16666666,127562597268,127562732893,127562751435,127563301351,127577225810,2500,474167,127577225810,127564364101,0,127563301351,
0,31390,127576670148,127576670148,-913585162,127578299185,127578799101,127579096101,127579120935,127610003480,127578292976,16666666,127579370393,127579587851,127579693893,127580578685,127594027101,1750,89125,127594027101,127581248893,0,127580578685,
0,31398,127593336814,127593336814,-881101563,127594380935,127594992685,127596481018,127596515685,127626670146,127594374435,16666666,127596740101,127596838435,127596921518,127597220351,127610653726,2083,219209,127610653726,127598095726,0,127597220351,
0,31406,127610003480,127610003480,-958935313,127610818726,127611217060,127612624851,127612654476,127643336812,127610813351,16666666,127612756101,127612849018,127612884893,127613433935,127627425393,1750,78916,127627425393,127613973393,0,127613433935,
0,31414,127626670146,127626670146,-1044231870,127627507268,127627924393,127629068643,127629097685,127660003478,127627500726,16666666,127629106476,127629357143,127629376310,127629759976,127644822976,425167,118208,127644822976,127630879435,0,127629759976,
0,31422,127643336812,127643336812,-1028562061,127645120893,127645955226,127646927810,127646963518,127676670144,127645114476,16666666,127647251060,127647354393,127647386226,127647689476,127660623393,3792,540208,127660623393,127648861976,0,127647689476,
0,31430,127660003478,127660003478,-970602535,127660897351,127661317560,127662412935,127662440768,127693336810,127660891601,16666666,127662674018,127662761768,127662793601,127663168435,127664817685,4167,638792,127664752851,127664817685,0,127663168435,
0,31438,127676670144,127676670144,-229974805,127677498018,127677970851,127679322226,127679352851,127710003476,127677492768,16666666,127679642560,127679786685,127679828935,127680193810,127693755685,2208,115417,127693755685,127680848185,0,127680193810,
0,31446,127693336810,127693336810,-619412625,127694153935,127694669810,127695398851,127695630060,127726670142,127694147476,16666666,127695639351,127695872310,127696273810,127696649226,127710915935,3292,282792,127710915935,127697472351,0,127696649226,
0,31454,127710003476,127710003476,-291133544,127711373060,127711915060,127713030185,127713264643,127743336808,127711366351,16666666,127713559226,127713681518,127713731935,127714070101,127727277518,1625,109375,127727277518,127714810143,0,127714070101,
0,31462,127726670142,127726670142,-829017039,127727775601,127727789851,127728715643,127728757351,127760003474,127727769393,16666666,127729226518,127729348643,127729383310,127730303310,127744045435,1792,190041,127744045435,127731312226,0,127730303310,
0,31470,127743336808,127743336808,0,127744816601,127744817601,127747121143,127747158185,127776670140,127744811268,16666666,127747395310,127747499518,127747517476,127749421601,127762362518,1875,118042,127762362518,127750451018,0,127749421601,
0,31478,127760003474,127760003474,0,127763827018,127763827810,127765364101,127765415310,127793336806,127763821018,16666666,127765551768,127765737018,127765780351,127766150143,127779332893,2834,360791,127779332893,127767213101,0,127766150143,
0,31486,127776670140,127776670140,0,127779482226,127779483101,127781197435,127781268518,127810003472,127779476726,16666666,127781277268,127781389310,127781423101,127781810810,127793754310,2459,174625,127793754310,127782706018,0,127781810810,
0,31494,127793336806,127793336806,0,127794197060,127794197768,127795109560,127795167726,127826670138,127794191185,16666666,127795531018,127795684268,127795765101,127796452643,127810443810,2333,178833,127810443810,127797265935,0,127796452643,
0,31509,127826670138,127826670138,-168558956,127829109685,127829625018,127829963643,127829985768,127843336804,127829104393,16666666,127830219643,127830315018,127830458060,127830783935,127844670810,1208,73791,127844670810,127831568143,0,127830783935,
0,31517,127843336804,127843336804,-959536331,127844951601,127845461810,127845701060,127845727185,127876670136,127844946268,16666666,127846282310,127846474185,127846528935,127846825351,127861222393,1750,247667,127861222393,127847643851,0,127846825351,
0,31525,127860003470,127860003470,-773934554,127861787393,127862283226,127863088976,127863271435,127893336802,127861782018,16666666,127864067101,127864191601,127864269143,127864625685,127878325685,2000,272792,127878325685,127865754851,0,127864625685,
0,31533,127876670136,127876670136,-643449705,127878591560,127879163560,127880245935,127880274101,127910003468,127878585685,16666666,127880378685,127880617768,127880655185,127880986060,127895172393,1833,327750,127895172393,127882653226,0,127880986060,
0,31541,127893336802,127893336802,-163745018,127895470226,127895965185,127896787518,127896817518,127926670134,127895464185,16666666,127897056143,127897277268,127897312393,127897835976,127910747726,1959,315125,127910747726,127898725143,0,127897835976,
0,31549,127910003468,127910003468,-736460666,127911070351,127912379018,127912620060,127912646226,127943336800,127911065185,16666666,127912970976,127913094268,127913128935,127913630851,127927515976,1458,82083,127927515976,127914177560,0,127913630851,
0,31557,127926670134,127926670134,-103429147,127927765935,127929182726,127930098310,127930125518,127960003466,127927759810,16666666,127930320435,127930401268,127930433268,127930709310,127944441268,3459,262125,127944441268,127931538268,0,127930709310,
0,31565,127943336800,127943336800,-318040119,127944795518,127945271143,127945846226,127945869101,127976670132,127944789810,16666666,127945955935,127946366893,127946458351,127946930018,127961302310,1625,76375,127961302310,127947446018,0,127946930018,
0,31573,127960003466,127960003466,-664451934,127961520810,127962290143,127962891893,127962927726,127993336798,127961515185,16666666,127963201810,127963243893,127963272893,127963603768,127977401685,2958,473917,127977401685,127964607601,0,127963603768,
0,31581,127976670132,127976670132,-519740504,127977861351,127978580851,127978820851,127978846185,128010003464,127977856101,16666666,127979083726,127979243310,127979260726,127979588976,127993882643,1750,156916,127993882643,127980335518,0,127979588976,
0,31589,127993336798,127993336798,-499071070,127994245560,127994744893,127995443018,127995468143,128026670130,127994239601,16666666,127995660268,127995819435,127995836851,127996461601,128010692143,1958,170584,128010692143,127997149101,0,127996461601,
0,31597,128010003464,128010003464,-976591943,128011010018,128012149726,128013055268,128013081310,128043336796,128011004060,16666666,128013172101,128013252476,128013287810,128013602518,128027526601,1708,102208,128027526601,128014228393,0,128013602518,
0,31605,128026670130,128026670130,-348259436,128027870560,128028785685,128029024310,128029069018,128060003462,128027864685,16666666,128029311143,128029409268,128029443310,128029950643,128044789101,1875,179208,128044789101,128030757143,0,128029950643,
0,31613,128043336796,128043336796,-988358477,128045193268,128045758851,128046145018,128046185101,128076670128,128045187851,16666666,128046478935,128046822560,128046839060,128047201726,128061327393,1708,90167,128061327393,128047765101,0,128047201726,
0,31621,128060003462,128060003462,-891435235,128061664685,128062662185,128063908726,128063939893,128093336794,128061659601,16666666,128064525268,128064635185,128064673060,128064999060,128079689060,2416,272959,128079689060,128066054893,0,128064999060,
0,31629,128076670128,128076670128,-693656834,128080274810,128080873060,128081834435,128081864685,128110003460,128080269060,16666666,128081954393,128082037435,128082105893,128082501810,128096468518,1541,181417,128096468518,128083299976,0,128082501810,
0,31637,128093336794,128093336794,-95073743,128096665601,128097210476,128097502268,128097532310,128126670126,128096659768,16666666,128098311810,128098565518,128098662185,128098974393,128110646768,1542,183792,128110646768,128099706060,0,128098974393,
0,31645,128110003460,128110003460,-462237207,128111112935,128111528143,128111755226,128111778435,128143336792,128111107560,16666666,128112324851,128112640518,128112658560,128113074851,128127922226,2167,84042,128127922226,128113660851,0,128113074851,
0,31653,128126670126,128126670126,-935727406,128127830601,128128991643,128130493643,128130545351,128160003458,128127824143,16666666,128130805476,128131149935,128131210518,128131713143,128144655935,2250,358417,128144655935,128132769685,0,128131713143,
0,31661,128143336792,128143336792,-592306638,128144975976,128145899143,128146610560,128146661060,128176670124,128144970310,16666666,128146848935,128147137185,128147171060,128147556143,128160601810,2084,138000,128160601810,128148595976,0,128147556143,
0,31669,128160003458,128160003458,-265984495,128160865101,128161313018,128161652351,128161684851,128193336790,128160859185,16666666,128162115476,128162386643,128162422018,128162919810,128177280768,1834,208667,128177280768,128163847226,0,128162919810,
0,31684,128193336790,128193336790,0,128193998268,128193998893,128194610935,128194644893,128210003456,128193992185,16666666,128195159310,128195319601,128195355601,128195666518,128210531977,1541,98208,128210531977,128196400643,0,128195666518,
0,31692,128210003456,128210003456,0,128211028977,128211030018,128213645643,128213684810,128243336788,128211023018,16666666,128214025727,128214240685,128214307768,128214974227,128216423018,1917,494750,128216355768,128216423018,0,128214974227,
0,31700,128226670122,128226670122,0,128227578018,128227579060,128229868477,128229902810,128260003454,128227571810,16666666,128229994518,128230096268,128230136185,128230431935,128243736518,3083,368000,128243736518,128231625352,0,128230431935,
0,31708,128243336788,128243336788,0,128243969852,128243970435,128244645518,128244685352,128276670120,128243963560,16666666,128245178393,128245281643,128245314685,128245842643,128260765810,1833,110209,128260765810,128246450560,0,128245842643,
0,31716,128260003454,128260003454,-751590596,128261097977,128261695935,128262097143,128262159602,128293336786,128261092268,16666666,128262582143,128262631102,128262755477,128263292518,128277158477,1500,116625,128277158477,128263991768,0,128263292518,
0,31724,128276670120,128276670120,-998752364,128277374602,128278358060,128279453352,128279484518,128310003452,128277369060,16666666,128279947018,128280032893,128280067060,128280707852,128293925685,2125,208292,128293925685,128281460227,0,128280707852,
0,31732,128293336786,128293336786,-855641248,128294149727,128294916310,128295569685,128296428643,128326670118,128294143352,16666666,128296722018,128296818102,128296852518,128297153810,128310674477,1833,84666,128310674477,128297771935,0,128297153810,
0,31740,128310003452,128310003452,-961467141,128310947518,128311802727,128312657477,128312686268,128343336784,128310941602,16666666,128312771852,128312883060,128313073393,128313362060,128327321018,1541,163916,128327321018,128314007310,0,128313362060,
0,31748,128326670118,128326670118,-130862818,128327592685,128328535602,128329402018,128329426893,128360003450,128327586727,16666666,128329433768,128329641435,128329961602,128330271143,128343844185,1834,72792,128343844185,128330771185,0,128330271143,
0,31756,128343336784,128343336784,-31333127,128343990810,128345060518,128346009435,128346033352,128376670116,128343984810,16666666,128346212060,128346400685,128346433977,128346716477,128360624935,2125,130625,128360624935,128347454893,0,128346716477,
0,31764,128360003450,128360003450,-718046766,128360827268,128361614393,128361885310,128362095685,128393336782,128360821393,16666666,128362368352,128362506268,128362550060,128362882393,128376989852,1834,208375,128376989852,128363795477,0,128362882393,
0,31772,128376670116,128376670116,-380487117,128377341227,128377800560,128378531060,128378559352,128410003448,128377336227,16666666,128378651102,128378840768,128378879893,128379212018,128393865435,1584,70667,128393865435,128379706685,0,128379212018,
0,31780,128393336782,128393336782,-628668908,128394173227,128394610893,128395540727,128395565102,128426670114,128394167560,16666666,128395571435,128395678893,128395697477,128395978935,128410560018,1792,131708,128410560018,128396877518,0,128395978935,
0,31788,128410003448,128410003448,-244995319,128410745393,128411296393,128412984227,128413018310,128443336780,128410739977,16666666,128413324227,128413445310,128413479185,128413784018,128427163185,1667,97458,128427163185,128414640643,0,128413784018,
0,31796,128426670114,128426670114,-742520792,128427608768,128428248685,128428870310,128428900893,128460003446,128427602310,16666666,128429133935,128429302102,128429322393,128429674810,128443812602,2000,88875,128443812602,128430432727,0,128429674810,
0,31804,128443336780,128443336780,-130507502,128444311852,128444726852,128445561143,128445590768,128476670112,128444305477,16666666,128445691643,128445844643,128445893477,128446242977,128460600852,1583,75625,128460600852,128446826477,0,128446242977,
0,31812,128460003446,128460003446,-257397108,128460929518,128461364810,128461943060,128461968143,128493336778,128460923477,16666666,128461974768,128462084435,128462120227,128463652977,128477238268,1375,62708,128477238268,128464428143,0,128463652977,
0,31820,128476670112,128476670112,-328966113,128477547185,128478897310,128479557102,128479581893,128510003444,128477541435,16666666,128479904935,128480151852,128480267102,128480954143,128493850810,1125,113084,128493850810,128482200227,0,128480954143,
0,31828,128493336778,128493336778,-180374660,128494105518,128494515560,128494741602,128494765852,128526670110,128494099977,16666666,128495061768,128495167977,128495200810,128495856393,128510553893,1541,78167,128510553893,128496562727,0,128495856393,
0,31836,128510003444,128510003444,-1072222727,128510810435,128511460185,128512747685,128512780852,128543336776,128510804935,16666666,128512884935,128512981893,128513019518,128513309102,128527246143,2834,294208,128527246143,128514207227,0,128513309102,
0,31844,128526670110,128526670110,-138303848,128527235560,128527703268,128528745643,128528880518,128560003442,128527229727,16666666,128528888102,128529151227,128529185060,128529501643,128543767435,1500,135500,128543767435,128530168393,0,128529501643,
0,31852,128543336776,128543336776,-383821293,128544116060,128544699768,128545929477,128545957018,128576670108,128544110268,16666666,128546142643,128546224143,128546253977,128546531143,128560656560,1875,473833,128560656560,128547688768,0,128546531143,
0,31860,128560003442,128560003442,-942536623,128560872852,128561348435,128561638643,128561668560,128593336774,128560867810,16666666,128562257227,128562397143,128562416310,128562755935,128577469143,1584,335375,128577469143,128563718560,0,128562755935,
0,31868,128576670108,128576670108,-438377918,128577765977,128578158393,128578714852,128578740518,128610003440,128577760352,16666666,128578828768,128578909643,128578931685,128579342143,128593836268,1708,215791,128593836268,128580118560,0,128579342143,
0,31876,128593336774,128593336774,-600489288,128594207060,128594594227,128595532852,128595560352,128626670106,128594200768,16666666,128595567727,128595899560,128595934268,128596748185,128610560810,2625,318833,128610560810,128597591893,0,128596748185,
0,31884,128610003440,128610003440,-380820445,128610811352,128612528393,128613423143,128613449143,128643336772,128610805810,16666666,128613805852,128613886727,128613916935,128614204393,128627212852,1750,69208,128627212852,128614820935,0,128614204393,
0,31892,128626670106,128626670106,-255848945,128627497185,128627509518,128627927060,128627973977,128660003438,128627491518,16666666,128628568018,128628658143,128628743393,128629206477,128643985060,2125,407334,128643985060,128630085018,0,128629206477,
0,31900,128643336772,128643336772,0,128644664477,128644665560,128646067227,128646106643,128676670104,128644657768,16666666,128646355935,128646452935,128646486768,128646839102,128661677018,3417,111667,128661677018,128647601477,0,128646839102,
0,31908,128660003438,128660003438,0,128662009560,128662010352,128663776685,128663853102,128693336770,128662003768,16666666,128664109685,128664387643,128664446143,128664745560,128677625435,1709,169375,128677625435,128665494310,0,128664745560,
0,31916,128676670104,128676670104,0,128677750310,128677751435,128678801435,128678838560,128710003436,128677742852,16666666,128678861935,128679004685,128679038768,128679735602,128693902893,1875,138875,128693902893,128680911143,0,128679735602,
0,31931,128710003436,128710003436,-159687841,128710952810,128711545143,128711974602,128712149560,128726670102,128710945352,16666666,128712679268,128712712768,128712736227,128713273685,128728567810,3625,261709,128728567810,128714131602,0,128713273685,
0,31939,128726670102,128726670102,-735241087,128728759393,128729503852,128729874477,128729918602,128760003434,128728752727,16666666,128730606977,128730748852,128730819268,128731217102,128744147268,1667,73666,128744147268,128731935727,0,128731217102,
0,31947,128743336768,128743336768,-138805517,128744302560,128744673852,128745291602,128745315518,128776670100,128744297560,16666666,128745485352,128745498977,128745538768,128746438393,128760627893,2250,223584,128760627893,128747235602,0,128746438393,
0,31955,128760003434,128760003434,-557703399,128761015435,128762068060,128762974518,128763019143,128793336766,128761007268,16666666,128763144185,128763183477,128763266268,128763667893,128764802560,3166,436000,128764762852,128764802560,0,128763667893,
0,31963,128776670100,128776670100,-302578090,128778351893,128778836102,128779255852,128779283977,128810003432,128778345977,16666666,128779505477,128779521727,128779539685,128779870560,128794042727,2791,300083,128794042727,128781045852,0,128779870560,
0,31971,128793336766,128793336766,-595763226,128794431102,128794909685,128795599768,128795996018,128826670098,128794425102,16666666,128797327977,128797474310,128797507018,128797800185,128810673685,1708,189000,128810673685,128798466935,0,128797800185,
0,31979,128810003432,128810003432,-834963714,128811001727,128811619935,128811865143,128811890602,128843336764,128810995268,16666666,128812559893,128812567143,128812605977,128812924143,128828227310,1833,127083,128828227310,128813501393,0,128812924143,
0,31987,128826670098,128826670098,-420424536,128828385102,128828954435,128829559643,128829584060,128860003430,128828379518,16666666,128829671310,128829836602,128829897518,128830194852,128844465185,1667,73541,128844465185,128830664852,0,128830194852,
0,31995,128843336764,128843336764,-897511068,128844850560,128845265227,128845510060,128845539518,128876670096,128844844935,16666666,128845778143,128846457727,128846479893,128846791727,128860601727,1709,171417,128860601727,128847439102,0,128846791727,
0,32003,128860003430,128860003430,-456940016,128860974893,128861476977,128861989268,128862013685,128893336762,128860969227,16666666,128862020143,128862152935,128862192185,128862645435,128877051977,1708,88417,128877051977,128863219893,0,128862645435,
0,32011,128876670096,128876670096,-1032491805,128877381685,128877779143,128878833227,128878858560,128910003428,128877375310,16666666,128879133810,128879279685,128879312310,128879593893,128881028227,1917,404708,128880995893,128881028227,0,128879593893,
0,32019,128893336762,128893336762,-2990839,128894604727,128895196018,128895747394,128895768352,128926670094,128894598893,16666666,128895870935,128895994477,128896119435,128896517977,128910786977,1542,117917,128910786977,128897379894,0,128896517977,
0,32027,128910003428,128910003428,-612840066,128911149394,128911559352,128911808810,128911834060,128943336760,128911143310,16666666,128912728727,128912794394,128912881810,128913166019,128927298727,1750,114875,128927298727,128913804727,0,128913166019,
0,32035,128926670094,128926670094,-293213066,128927573894,128928117894,128928370894,128928398102,128960003426,128927568685,16666666,128929026977,128929247227,128929281644,128929609519,128944605852,2333,184125,128944605852,128930506769,0,128929609519,
0,32043,128943336760,128943336760,-525856722,128944819435,128945720435,128946682977,128946705810,128976670092,128944814269,16666666,128946874477,128947013477,128947058894,128947404144,128961559977,3333,340000,128961559977,128948384810,0,128947404144,
0,32051,128960003426,128960003426,-649249339,128962124810,128962762560,128963514685,128963554227,128993336758,128962118394,16666666,128963665519,128963764852,128963809935,128964609352,128977632977,1500,183458,128977632977,128965405810,0,128964609352,
0,32059,128976670092,128976670092,-1065668452,128978118644,128978944560,128979288060,128979317310,129010003424,128978112560,16666666,128980559727,128980901769,128980958019,128981215144,128994138935,1083,99542,128994138935,128982081852,0,128981215144,
0,32067,128993336758,128993336758,-18938446,128994089435,128994585394,128995234102,128995255477,129026670090,128994080019,16666666,128995937477,128995971060,128995998644,128996715227,129010982977,2084,168167,129010982977,128998149394,0,128996715227,
0,32075,129010003424,129010003424,-467716846,129011644810,129012738144,129013012185,129013045227,129043336756,129011638269,16666666,129013308644,129013443810,129013550185,129014116602,129027596560,3792,407917,129027596560,129015277560,0,129014116602,
0,32083,129026670090,129026670090,-267491891,129027439977,129028790185,129029703894,129029725352,129060003422,129027435102,16666666,129029793394,129029869810,129030002394,129030358019,129043985935,1250,280083,129043985935,129031289894,0,129030358019,
0,32091,129043336756,129043336756,-1070249601,129044159185,129045491894,129045647644,129045662810,129076670088,129044155727,16666666,129046127560,129046407977,129046433602,129046804435,129060828935,2375,160208,129060828935,129047739852,0,129046804435,
0,32106,129076670088,129076670088,0,129077352602,129077352935,129078632935,129078649727,129093336754,129077348310,16666666,129078653935,129078808519,129078849144,129079329727,129093794019,1750,113500,129093794019,129080524394,0,129079329727,
0,32114,129093336754,129093336754,0,129094098394,129094098977,129095257352,129095285394,129126670086,129094094144,16666666,129095467810,129095673185,129095717477,129096407519,129097712560,4083,423291,129097595852,129097712560,0,129096407519,
0,32122,129110003420,129110003420,0,129111060144,129111060685,129111649727,129111676019,129143336752,129111056227,16666666,129111752894,129111974019,129112279185,129112636310,129127311810,1916,109250,129127311810,129113508269,0,129112636310,
0,32130,129126670086,129126670086,0,129127850769,129127851519,129130424144,129130465227,129160003418,129127844269,16666666,129130792477,129130882685,129130919477,129131388019,129143942644,3708,453125,129143942644,129132746602,0,129131388019,
0,32138,129143336752,129143336752,0,129144688102,129144688852,129145197435,129145240477,129176670084,129144680769,16666666,129145498310,129145586519,129145625852,129146063477,129160678894,3750,413208,129160678894,129147134477,0,129146063477,
0,32146,129160003418,129160003418,0,129161014935,129161015560,129162713102,129162825769,129193336750,129161009477,16666666,129163039019,129163173394,129163278477,129163658810,129164958019,1875,515959,129164923769,129164958019,0,129163658810,
0,32154,129176670084,129176670084,0,129177873185,129177873977,129179058144,129179091769,129210003416,129177866894,16666666,129179176644,129179294977,129179330977,129179628519,129194073019,2042,327083,129194073019,129180525852,0,129179628519,
0,32162,129193336750,129193336750,0,129194496102,129194497435,129194984685,129195016852,129226670082,129194490394,16666666,129196242644,129196430060,129196464227,129197208435,129210571977,1958,298667,129210571977,129198333394,0,129197208435,
0,32170,129210003416,129210003416,0,129211030269,129211031060,129213195102,129213256977,129243336748,129211024560,16666666,129213817102,129213946477,129214013352,129214936477,129227118310,2083,208000,129227118310,129215992769,0,129214936477,
0,32178,129226670082,129226670082,0,129227338852,129227339477,129228387352,129228436852,129260003414,129227333769,16666666,129229412019,129229599310,129229762519,129230152352,129244171602,2375,297500,129244171602,129231219852,0,129230152352,
0,32186,129243336748,129243336748,0,129244418102,129244418935,129245463560,129245506227,129276670080,129244410977,16666666,129245513977,129245756060,129245909394,129246928185,129261003435,1458,60500,129261003435,129247915685,0,129246928185,
0,32194,129260003414,129260003414,0,129261347019,129261347727,129261348227,129261397894,129293336746,129261341269,16666666,129261853977,129262038810,129262111435,129264221019,129277192269,1708,259875,129277192269,129265692644,0,129264221019,
0,32202,129276670080,129276670080,0,129277592727,129277593519,129277593894,129277650477,129310003412,129277586519,16666666,129278119185,129278480769,129278519935,129279117477,129293965935,764917,128583,129293965935,129280692935,0,129279117477,
0,32210,129293336746,129293336746,0,129294181394,129294181977,129294182352,129294319644,129326670078,129294175977,16666666,129294668435,129295000394,129295213144,129296229852,129310517894,2542,206583,129310517894,129297171144,0,129296229852,
0,32218,129310003412,129310003412,0,129310806769,129310807477,129310807935,129310861685,129343336744,129310801144,16666666,129311240644,129311832519,129311870560,129312871560,129327046019,1666,72666,129327046019,129313311644,0,129312871560,
0,32226,129326670078,129326670078,0,129327370560,129327371519,129327372019,129327427519,129360003410,129327365269,16666666,129327816894,129328268727,129328413269,129329278560,129343769852,1750,147167,129343769852,129329889185,0,129329278560,
0,32234,129343336744,129343336744,0,129344114269,129344115227,129344115685,129344250727,129376670076,129344108852,16666666,129344611227,129344941727,129344977102,129345716769,129360702227,1709,263125,129360702227,129346588602,0,129345716769,
0,32242,129360003410,129360003410,0,129360828019,129360828894,129360829269,129360954685,129393336742,129360822602,16666666,129361438560,129361656602,129361884852,129362630685,129377274227,1583,95917,129377274227,129363118352,0,129362630685,
0,32250,129376670076,129376670076,0,129377716144,129377716894,129377717269,129377770227,129410003408,129377710644,16666666,129378196102,129378632310,129378667394,129379674519,129393831144,1583,170000,129393831144,129380417685,0,129379674519,
0,32258,129393336742,129393336742,0,129394234519,129394235310,129394235685,129394288727,129426670074,129394229144,16666666,129394652435,129395214977,129395304060,129395879310,129410507060,2958,189083,129410507060,129396572144,0,129395879310,
0,32266,129410003408,129410003408,0,129410874810,129410875310,129410875727,129410924644,129426670074,129410869310,16666666,129411288560,129411734685,129411829935,129413004352,127344127143,2125,153458,127344127143,129413675102,0,129413004352,
---PROFILEDATA---


View hierarchy:

  dev.polski.grammarmatrix/dev.polski.grammarmatrix.GlassBenchmarkActivity/android.view.ViewRootImpl@c0a7630
  7 views, 12.02 kB of render nodes


Total ViewRootImpl   : 1
Total attached Views : 7
Total RenderNode     : 12.02 kB (used) / 36.09 kB (capacity)

