Applications Graphics Acceleration Info:
Uptime: 165539 Realtime: 165539

** Graphics info for pid 3259 [dev.polski.grammarmatrix] **

Stats since: 159855749117ns
Total frames rendered: 334
Janky frames: 7 (2.10%)
Janky frames (legacy): 0 (0.00%)
50th percentile: 17ms
90th percentile: 17ms
95th percentile: 18ms
99th percentile: 20ms
Number Missed Vsync: 0
Number High input latency: 327
Number Slow UI thread: 0
Number Slow bitmap uploads: 0
Number Slow issue draw commands: 6
Number Frame deadline missed: 7
Number Frame deadline missed (legacy): 0
HISTOGRAM: 5ms=7 6ms=3 7ms=0 8ms=0 9ms=0 10ms=0 11ms=2 12ms=0 13ms=0 14ms=0 15ms=1 16ms=66 17ms=223 18ms=20 19ms=8 20ms=3 21ms=0 22ms=1 23ms=0 24ms=0 25ms=0 26ms=0 27ms=0 28ms=0 29ms=0 30ms=0 31ms=0 32ms=0 34ms=0 36ms=0 38ms=0 40ms=0 42ms=0 44ms=0 46ms=0 48ms=0 53ms=0 57ms=0 61ms=0 65ms=0 69ms=0 73ms=0 77ms=0 81ms=0 85ms=0 89ms=0 93ms=0 97ms=0 101ms=0 105ms=0 109ms=0 113ms=0 117ms=0 121ms=0 125ms=0 129ms=0 133ms=0 150ms=0 200ms=0 250ms=0 300ms=0 350ms=0 400ms=0 450ms=0 500ms=0 550ms=0 600ms=0 650ms=0 700ms=0 750ms=0 800ms=0 850ms=0 900ms=0 950ms=0 1000ms=0 1050ms=0 1100ms=0 1150ms=0 1200ms=0 1250ms=0 1300ms=0 1350ms=0 1400ms=0 1450ms=0 1500ms=0 1550ms=0 1600ms=0 1650ms=0 1700ms=0 1750ms=0 1800ms=0 1850ms=0 1900ms=0 1950ms=0 2000ms=0 2050ms=0 2100ms=0 2150ms=0 2200ms=0 2250ms=0 2300ms=0 2350ms=0 2400ms=0 2450ms=0 2500ms=0 2550ms=0 2600ms=0 2650ms=0 2700ms=0 2750ms=0 2800ms=0 2850ms=0 2900ms=0 2950ms=0 3000ms=0 3050ms=0 3100ms=0 3150ms=0 3200ms=0 3250ms=0 3300ms=0 3350ms=0 3400ms=0 3450ms=0 3500ms=0 3550ms=0 3600ms=0 3650ms=0 3700ms=0 3750ms=0 3800ms=0 3850ms=0 3900ms=0 3950ms=0 4000ms=0 4050ms=0 4100ms=0 4150ms=0 4200ms=0 4250ms=0 4300ms=0 4350ms=0 4400ms=0 4450ms=0 4500ms=0 4550ms=0 4600ms=0 4650ms=0 4700ms=0 4750ms=0 4800ms=0 4850ms=0 4900ms=0 4950ms=0
50th gpu percentile: 14ms
90th gpu percentile: 15ms
95th gpu percentile: 16ms
99th gpu percentile: 17ms
GPU HISTOGRAM: 1ms=0 2ms=8 3ms=4 4ms=0 5ms=0 6ms=1 7ms=0 8ms=1 9ms=1 10ms=9 11ms=17 12ms=25 13ms=70 14ms=116 15ms=64 16ms=12 17ms=6 18ms=0 19ms=0 20ms=0 21ms=0 22ms=0 23ms=0 24ms=0 25ms=0 4950ms=0

Pipeline=Skia (OpenGL)
Memory policy:
  Max surface area: 2592000
  Max resource usage: 124.42MB (x48)
  Background retention: 50% (altUiHidden = true)
  GPU Context timeout: 10
Contexts: 1 (stopped = 0)
CPU Caches:
  Glyph Cache: 33.70 KB (1 entry)
  Glyph Count: 11 
Total CPU memory usage:
  34510 bytes, 33.70 KB (0.00 bytes is purgeable)
GPU Caches:
  Other:
    Other: 50.66 KB (1 entry)
    Buffer Object: 36.00 KB (1 entry)
  Scratch:
    RenderTarget: 11.88 MB (1 entry)
    Buffer Object: 110.00 KB (3 entries)
    Texture: 2.00 MB (1 entry)
Total GPU memory usage:
  14750368 bytes, 14.07 MB (68.00 KB is purgeable)

GraphicBufferAllocator buffers:
        Handle |        Size |     W (Stride) x H | Layers |   Format |      Usage | Requestor
0xb400007b2c426750 |     unknown | 1080 (   0) x 2400 |      1 |        1 | 0x     b00 | VRI[GlassBenchmarkActivity]#0(BLAST Consumer)0
0xb400007b2c427560 |     unknown | 1080 (   0) x 2400 |      1 |        1 | 0x     b00 | VRI[GlassBenchmarkActivity]#0(BLAST Consumer)0
0xb400007b2c427b90 |     unknown | 1080 (   0) x 2400 |      1 |        1 | 0x     b00 | VRI[GlassBenchmarkActivity]#0(BLAST Consumer)0
Total allocated by GraphicBufferAllocator (estimate): 0.00 KB
GoldfishAllocator::dumpDebugInfo is not implemented
Profile data in ms:

	dev.polski.grammarmatrix/dev.polski.grammarmatrix.GlassBenchmarkActivity/android.view.ViewRootImpl@65fd082 (visibility=0)
Window: dev.polski.grammarmatrix/dev.polski.grammarmatrix.GlassBenchmarkActivity
Stats since: 159855747533ns
Total frames rendered: 334
Janky frames: 7 (2.10%)
Janky frames (legacy): 0 (0.00%)
50th percentile: 17ms
90th percentile: 17ms
95th percentile: 18ms
99th percentile: 20ms
Number Missed Vsync: 0
Number High input latency: 327
Number Slow UI thread: 0
Number Slow bitmap uploads: 0
Number Slow issue draw commands: 6
Number Frame deadline missed: 7
Number Frame deadline missed (legacy): 0
HISTOGRAM: 5ms=7 6ms=3 7ms=0 8ms=0 9ms=0 10ms=0 11ms=2 12ms=0 13ms=0 14ms=0 15ms=1 16ms=66 17ms=223 18ms=20 19ms=8 20ms=3 21ms=0 22ms=1 23ms=0 24ms=0 25ms=0 26ms=0 27ms=0 28ms=0 29ms=0 30ms=0 31ms=0 32ms=0 34ms=0 36ms=0 38ms=0 40ms=0 42ms=0 44ms=0 46ms=0 48ms=0 53ms=0 57ms=0 61ms=0 65ms=0 69ms=0 73ms=0 77ms=0 81ms=0 85ms=0 89ms=0 93ms=0 97ms=0 101ms=0 105ms=0 109ms=0 113ms=0 117ms=0 121ms=0 125ms=0 129ms=0 133ms=0 150ms=0 200ms=0 250ms=0 300ms=0 350ms=0 400ms=0 450ms=0 500ms=0 550ms=0 600ms=0 650ms=0 700ms=0 750ms=0 800ms=0 850ms=0 900ms=0 950ms=0 1000ms=0 1050ms=0 1100ms=0 1150ms=0 1200ms=0 1250ms=0 1300ms=0 1350ms=0 1400ms=0 1450ms=0 1500ms=0 1550ms=0 1600ms=0 1650ms=0 1700ms=0 1750ms=0 1800ms=0 1850ms=0 1900ms=0 1950ms=0 2000ms=0 2050ms=0 2100ms=0 2150ms=0 2200ms=0 2250ms=0 2300ms=0 2350ms=0 2400ms=0 2450ms=0 2500ms=0 2550ms=0 2600ms=0 2650ms=0 2700ms=0 2750ms=0 2800ms=0 2850ms=0 2900ms=0 2950ms=0 3000ms=0 3050ms=0 3100ms=0 3150ms=0 3200ms=0 3250ms=0 3300ms=0 3350ms=0 3400ms=0 3450ms=0 3500ms=0 3550ms=0 3600ms=0 3650ms=0 3700ms=0 3750ms=0 3800ms=0 3850ms=0 3900ms=0 3950ms=0 4000ms=0 4050ms=0 4100ms=0 4150ms=0 4200ms=0 4250ms=0 4300ms=0 4350ms=0 4400ms=0 4450ms=0 4500ms=0 4550ms=0 4600ms=0 4650ms=0 4700ms=0 4750ms=0 4800ms=0 4850ms=0 4900ms=0 4950ms=0
50th gpu percentile: 14ms
90th gpu percentile: 15ms
95th gpu percentile: 16ms
99th gpu percentile: 17ms
GPU HISTOGRAM: 1ms=0 2ms=8 3ms=4 4ms=0 5ms=0 6ms=1 7ms=0 8ms=1 9ms=1 10ms=9 11ms=17 12ms=25 13ms=70 14ms=116 15ms=64 16ms=12 17ms=6 18ms=0 19ms=0 20ms=0 21ms=0 22ms=0 23ms=0 24ms=0 25ms=0 4950ms=0



---PROFILEDATA---
Flags,FrameTimelineVsyncId,IntendedVsync,Vsync,InputEventId,HandleInputStart,AnimationStart,PerformTraversalsStart,DrawStart,FrameDeadline,FrameInterval,FrameStartTime,SyncQueued,SyncStart,IssueDrawCommandsStart,SwapBuffers,FrameCompleted,DequeueBufferDuration,QueueBufferDuration,GpuCompleted,SwapBuffersCompleted,DisplayPresentTime,CommandSubmissionCompleted,
0,51529,163510002044,163510002044,-650420403,163511268327,163511953493,163512332202,163512359077,163543335376,163511262993,16666666,163512504743,163512645743,163512727702,163513411410,163527148910,1333,78291,163527148910,163513881160,0,163513411410,
0,51537,163526668710,163526668710,-216871516,163527558243,163528222993,163528410577,163528436535,163560002042,163527552493,16666666,163529014452,163529309785,163529344785,163529849952,163543881118,1583,152625,163543881118,163530568077,0,163529849952,
0,51545,163543335376,163543335376,-721632496,163544471743,163544979452,163545171077,163545204410,163576668708,163544465827,16666666,163545868368,163546248368,163546366535,163547076452,163560822118,1916,86250,163560822118,163547658452,0,163547076452,
0,51553,163560002042,163560002042,-377843946,163561035868,163561642077,163561827285,163561861743,163593335374,163561030160,16666666,163562142118,163562174868,163562222868,163563233535,163577300618,1417,109791,163577300618,163563743535,0,163563233535,
0,51561,163576668708,163576668708,-212474398,163577597702,163578560868,163578774702,163578807868,163610002040,163577592660,16666666,163578966993,163579117160,163579154368,163579789118,163594036160,1333,90458,163594036160,163580547327,0,163579789118,
0,51569,163593335374,163593335374,-522687380,163594172868,163594577077,163594734952,163594758577,163626668706,163594167243,16666666,163594911285,163595183868,163595317243,163596149827,163610539577,441584,166750,163610539577,163597676952,0,163596149827,
0,51577,163610002040,163610002040,-952157421,163610860493,163611565118,163612880452,163612919285,163643335372,163610853952,16666666,163613226160,163613323160,163613354160,163613865077,163627204077,1666,155459,163627204077,163614407910,0,163613865077,
0,51585,163626668706,163626668706,-1069275971,163627625577,163628955410,163629127285,163629154827,163660002038,163627620243,16666666,163629295743,163629742660,163629777827,163630380160,163643742910,2042,272708,163643742910,163631170202,0,163630380160,
0,51593,163643335372,163643335372,-593399887,163644257410,163644934368,163645111243,163645137702,163676668704,163644251410,16666666,163645741618,163645841118,163645935535,163646658868,163660768868,1917,196166,163660768868,163647280618,0,163646658868,
0,51601,163660002038,163660002038,-679273034,163661064077,163661622160,163662098535,163662145535,163693335370,163661058035,16666666,163662306077,163662372660,163662409743,163663294618,163677314952,1667,504708,163677314952,163664379452,0,163663294618,
0,51609,163676668704,163676668704,-260645581,163677716327,163678802910,163679002118,163679033577,163710002036,163677709327,16666666,163679201327,163679345785,163679418743,163680238243,163693749993,1916,144417,163693749993,163681250410,0,163680238243,
0,51617,163693335370,163693335370,-952523321,163694206535,163695074702,163695352202,163695391660,163726668702,163694199827,16666666,163695574035,163695811243,163695849660,163696680618,163710541743,1500,120250,163710541743,163697276368,0,163696680618,
0,51625,163710002036,163710002036,-770785899,163711028452,163711653202,163711817952,163711846618,163743335368,163711021535,16666666,163711998452,163712766702,163712798952,163713943118,163727147993,1541,146000,163727147993,163714590118,0,163713943118,
0,51633,163726668702,163726668702,-994975695,163727506327,163728426202,163728738202,163728789118,163760002034,163727500410,16666666,163729012410,163729325577,163729384660,163730497493,163743754035,2375,165917,163743754035,163731088077,0,163730497493,
0,51641,163743335368,163743335368,-605936352,163744334160,163745046202,163745705535,163745750993,163776668700,163744328202,16666666,163745971868,163746014785,163746038910,163747082660,163748479160,4792,432875,163748418035,163748479160,0,163747082660,
0,51649,163760002034,163760002034,-904159444,163761031035,163761738618,163762018035,163762065827,163793335366,163761025160,16666666,163762376118,163762626243,163762720410,163763464660,163777614493,1625,84833,163777614493,163763992077,0,163763464660,
0,51657,163776668700,163776668700,-574900990,163778068660,163778741577,163779535118,163779589785,163810002032,163778062035,16666666,163779820243,163780072993,163780190868,163781156618,163793835827,2125,214541,163793835827,163781827618,0,163781156618,
0,51665,163793335366,163793335366,-643041604,163794285868,163795255285,163796456243,163796499368,163826668698,163794278993,16666666,163796697077,163796888243,163796987618,163797744952,163810733993,2083,306750,163810733993,163798602952,0,163797744952,
0,51673,163810002032,163810002032,-648790295,163810882577,163811324285,163812379702,163812413577,163843335364,163810875993,16666666,163812598910,163812642368,163812676868,163813808035,163827294868,2500,334542,163827294868,163814629327,0,163813808035,
0,51681,163826668698,163826668698,-928604816,163827727952,163829208702,163829405160,163829431868,163860002030,163827722327,16666666,163829577535,163829739743,163829825243,163830880410,163844369202,1709,100917,163844369202,163831695035,0,163830880410,
0,51689,163843335364,163843335364,-245845983,163844395702,163845037952,163845223535,163845256827,163876668696,163844390452,16666666,163845423035,163845715577,163845816118,163847176327,163848942035,2709,1032000,163848872785,163848942035,0,163847176327,
0,51697,163860002030,163860002030,-629444218,163861279785,163861296910,163862595119,163862648994,163893335362,163861273119,16666666,163863004535,163863100077,163863145327,163863866785,163877189494,1959,108959,163877189494,163864510869,0,163863866785,
0,51705,163876668696,163876668696,0,163877834244,163877835119,163878778077,163878823660,163910002028,163877828827,16666666,163879108077,163879411869,163879445410,163880376994,163893898744,1666,149417,163893898744,163881008702,0,163880376994,
0,51713,163893335362,163893335362,0,163894319077,163894319827,163895274744,163895316994,163926668694,163894313410,16666666,163895712285,163895839910,163895883660,163896481910,163910621535,2750,996084,163910621535,163898281869,0,163896481910,
0,51721,163910002028,163910002028,0,163910930077,163910931285,163912291952,163912364994,163943335360,163910924077,16666666,163913195994,163913283660,163913317702,163914454035,163927247202,2291,209375,163927247202,163915538910,0,163914454035,
0,51736,163943335360,163943335360,-868057383,163944170494,163944592910,163945080660,163945107535,163960002026,163944164910,16666666,163945378952,163945393827,163945413577,163946130702,163960861327,1709,150042,163960861327,163947161994,0,163946130702,
0,51744,163960002026,163960002026,-451386138,163960866285,163961402369,163964656744,163964700285,163993335358,163960860660,16666666,163965222494,163965321577,163965369869,163965962869,163977082410,1875,367333,163977082410,163966838660,0,163965962869,
0,51752,163976668692,163976668692,-268822052,163977368744,163978057660,163978233160,163978258410,164010002024,163977363244,16666666,163978407410,163978421702,163978466660,163980600619,163993734035,1208,95083,163993734035,163981449410,0,163980600619,
0,51760,163993335358,163993335358,-1039470511,163994251410,163995089202,163995274119,163995307035,164026668690,163994244744,16666666,163995452077,163995645452,163995698452,163996830452,164010636077,1292,121292,164010636077,163997637410,0,163996830452,
0,51768,164010002024,164010002024,-907046905,164011002869,164011717244,164012258494,164012292410,164043335356,164010997702,16666666,164012474910,164012700244,164012771077,164013576910,164027469952,1708,173583,164027469952,164014132744,0,164013576910,
0,51776,164026668690,164026668690,-725231182,164027587660,164028864202,164029089369,164029119244,164060002022,164027581869,16666666,164029283035,164029411952,164029510785,164030039952,164043786619,2917,99666,164043786619,164030776994,0,164030039952,
0,51784,164043335356,164043335356,-742727504,164044282369,164045173244,164045371994,164045400452,164076668688,164044276452,16666666,164045553077,164045884285,164045997994,164046762535,164060680577,3084,273542,164060680577,164047450410,0,164046762535,
0,51792,164060002022,164060002022,-571014491,164060910952,164061436035,164061637785,164061740869,164093335354,164060904535,16666666,164062205494,164062467244,164062506744,164063503285,164077117202,1459,233625,164077117202,164064435285,0,164063503285,
0,51800,164076668688,164076668688,-810214506,164077433077,164077906410,164078076744,164078101952,164110002020,164077427410,16666666,164078249744,164078289410,164078554327,164079303952,164093730619,1416,173583,164093730619,164080090910,0,164079303952,
0,51808,164093335354,164093335354,-1029372579,164094079785,164095141119,164095365910,164095398285,164126668686,164094073160,16666666,164095553035,164095749744,164095786952,164096684577,164110708119,3291,310958,164110708119,164097395577,0,164096684577,
0,51816,164110002020,164110002020,-79166098,164111098619,164111821702,164112500785,164112530785,164143335352,164111093119,16666666,164112988910,164113023077,164113084827,164113698077,164128147369,1292,170875,164128147369,164114253994,0,164113698077,
0,51824,164126668686,164126668686,-393664202,164128722369,164129269327,164129437827,164129468785,164160002018,164128716285,16666666,164129984994,164130260994,164130301077,164131466535,164145811494,3583,305084,164145811494,164132572035,0,164131466535,
0,51832,164143335352,164143335352,-766510416,164146915369,164147483119,164147672160,164147698952,164176668684,164146909744,16666666,164147862535,164148258202,164148297869,164149189827,164161298535,1500,91750,164161298535,164149930827,0,164149189827,
0,51840,164160002018,164160002018,-645837971,164161717410,164162293077,164162554952,164162585869,164193335350,164161711660,16666666,164162738619,164162934785,164162988494,164163646202,164177368827,2334,250625,164177368827,164164570369,0,164163646202,
0,51848,164176668684,164176668684,-1013770239,164177724202,164178922369,164179208577,164179246577,164210002016,164177718619,16666666,164179422827,164179679994,164179738827,164180776869,164193859869,1459,102125,164193859869,164181451619,0,164180776869,
0,51856,164193335350,164193335350,-12712493,164194685077,164195303910,164195482952,164195508994,164226668682,164194679452,16666666,164195670535,164195694077,164195796327,164197191119,164210700827,2333,257667,164210700827,164198066160,0,164197191119,
0,51864,164210002016,164210002016,-363717549,164211020285,164211433035,164211625244,164211653660,164243335348,164211014244,16666666,164211807285,164212090702,164212158952,164213145369,164227434994,1542,100916,164227434994,164213850244,0,164213145369,
0,51872,164226668682,164226668682,-103470813,164227914369,164228574994,164228785494,164228813619,164260002014,164227907744,16666666,164228970702,164229042244,164229171785,164230072660,164244200869,1584,128791,164244200869,164230702077,0,164230072660,
0,51880,164243335348,164243335348,-956531327,164244399535,164244839577,164245013744,164245044494,164276668680,164244393827,16666666,164245196077,164245439910,164245498535,164246325535,164261221535,2000,132083,164261221535,164246911702,0,164246325535,
0,51888,164260002014,164260002014,-655513798,164261506244,164261980494,164262144494,164262168660,164293335346,164261500827,16666666,164262317035,164262430077,164262472785,164263182369,164277204744,2333,186834,164277204744,164263865285,0,164263182369,
0,51896,164276668680,164276668680,-193705637,164277580327,164278200202,164278402994,164278431660,164310002012,164277574077,16666666,164278616160,164278743077,164278936744,164280173702,164293865952,3542,335500,164293865952,164281197244,0,164280173702,
0,51904,164293335346,164293335346,-154972936,164294173452,164294191827,164295827619,164295900202,164326668678,164294166994,16666666,164296269077,164296381744,164296419202,164297063952,164310626494,2291,163209,164310626494,164297758994,0,164297063952,
0,51912,164310002012,164310002012,0,164311132869,164311133744,164312322619,164312364910,164343335344,164311126577,16666666,164312520077,164312733785,164312791035,164313688410,164327674077,1541,99708,164327674077,164314216494,0,164313688410,
0,51920,164326668678,164326668678,0,164327943702,164327944535,164327944952,164327996869,164360002010,164327938035,16666666,164328906452,164329082410,164329136660,164329754160,164344255244,2084,283917,164344255244,164330524452,0,164329754160,
0,51928,164343335344,164343335344,0,164344220619,164344221619,164344221994,164344287577,164376668676,164344215327,16666666,164345228077,164345420660,164345456744,164346312452,164360782744,1875,152625,164360782744,164346956535,0,164346312452,
0,51936,164360002010,164360002010,-100094302,164361094994,164361242827,164361243660,164361282035,164393335342,164361088744,16666666,164362163660,164362293285,164362337202,164362809327,164377380744,2000,199084,164377380744,164363365577,0,164362809327,
0,51944,164376668676,164376668676,-1046324341,164377716577,164378345702,164378588660,164378828494,164410002008,164377709952,16666666,164379003869,164379054577,164379072827,164380268285,164393908869,2167,283083,164393908869,164381128702,0,164380268285,
0,51952,164393335342,164393335342,-909176890,164393985827,164394549160,164394724119,164394750244,164426668674,164393980077,16666666,164395147535,164395322660,164395357494,164396255494,164410469202,2000,161125,164410469202,164397195660,0,164396255494,
0,51960,164410002008,164410002008,-813863784,164410650077,164411104619,164411275369,164411301410,164443335340,164410644660,16666666,164411452160,164411466160,164411538410,164412644285,164427243577,1500,75250,164427243577,164413095910,0,164412644285,
0,51968,164426668674,164426668674,-173491057,164427306994,164427715535,164427874077,164427897452,164460002006,164427301535,16666666,164428202160,164428219952,164428285785,164429120160,164444198994,3000,144750,164444198994,164429838285,0,164429120160,
0,51976,164443335340,164443335340,-924286896,164444219535,164444634827,164444807452,164444842035,164476668672,164444213869,16666666,164444993494,164445007369,164445047994,164445981285,164460791494,1709,78250,164460791494,164446596160,0,164445981285,
0,51984,164460002006,164460002006,-714875671,164461112910,164461745910,164461960702,164461995994,164493335338,164461107327,16666666,164462173952,164462203827,164462322994,164462930202,164477151327,4708,414875,164477151327,164463871244,0,164462930202,
0,51992,164476668672,164476668672,-111866593,164477472077,164478182994,164478403202,164478436660,164510002004,164477465619,16666666,164478601494,164478615369,164478707035,164479584244,164493839494,1791,147250,164493839494,164480218202,0,164479584244,
0,52000,164493335338,164493335338,-40752162,164493974035,164494492535,164494677369,164494703494,164526668670,164493968160,16666666,164494854994,164495170119,164495189910,164496037244,164510804910,2167,224417,164510804910,164496691202,0,164496037244,
0,52008,164510002004,164510002004,-1046444390,164510916452,164511376285,164511567035,164511607494,164543335336,164510910119,16666666,164511999535,164512495327,164512514327,164513223994,164527365660,2083,185208,164527365660,164514043285,0,164513223994,
0,52016,164526668670,164526668670,-822180520,164527381244,164528304827,164528548535,164528596077,164560002002,164527374202,16666666,164529169827,164529356869,164529418202,164530342494,164543941119,2167,337750,164543941119,164531154119,0,164530342494,
0,52024,164543335336,164543335336,-240791526,164544558494,164545190327,164545408744,164545447160,164576668668,164544552160,16666666,164545663994,164545790910,164545896452,164547006327,164560617327,1750,157958,164560617327,164547676119,0,164547006327,
0,52032,164560002002,164560002002,-473818891,164560866244,164561287911,164561489244,164561517786,164593335334,164560860911,16666666,164561680036,164561916619,164561952952,164562603411,164577178077,1541,308292,164577178077,164563491452,0,164562603411,
0,52040,164576668668,164576668668,-955069719,164577287244,164577978286,164578246077,164578288661,164610002000,164577281577,16666666,164578458036,164578791619,164578815494,164579790452,164593736577,1125,121584,164593736577,164580973077,0,164579790452,
0,52048,164593335334,164593335334,-618918306,164595388327,164595921411,164596796119,164596859161,164626668666,164595382369,16666666,164597139077,164597288077,164597324744,164597945577,164610661286,1666,254834,164610661286,164598672702,0,164597945577,
0,52056,164610002000,164610002000,-631787026,164610817536,164611487827,164611673452,164611702869,164643335332,164610811577,16666666,164611874036,164612325452,164612346036,164613048202,164629252411,1542,80959,164629252411,164613590494,0,164613048202,
0,52064,164626668666,164626668666,-898470277,164629656536,164630125077,164630284494,164630309244,164660001998,164629650494,16666666,164630456244,164630522536,164630563494,164631350161,164644201077,1791,112375,164644201077,164632223286,0,164631350161,
0,52072,164643335332,164643335332,-994052835,164644811661,164645235411,164645401077,164645425536,164676668664,164644806244,16666666,164645570411,164645672827,164645710952,164646352577,164660680869,2250,141583,164660680869,164647104286,0,164646352577,
0,52080,164660001998,164660001998,-767662354,164661374536,164662155536,164662484452,164662532869,164693335330,164661369077,16666666,164662768702,164662922161,164662975036,164663656952,164677293494,3041,370959,164677293494,164664730869,0,164663656952,
0,52088,164676668664,164676668664,-208493047,164677519786,164678452244,164678717327,164678757911,164710001996,164677513786,16666666,164678950327,164679319077,164679343036,164680317244,164693839161,325792,95083,164693839161,164681599994,0,164680317244,
0,52096,164693335330,164693335330,-154020322,164694078619,164694559369,164694792077,164694817202,164726668662,164694073369,16666666,164694980911,164695140202,164695175077,164695796452,164711274327,3416,552542,164711274327,164697066869,0,164695796452,
0,52104,164710001996,164710001996,-281112959,164711668952,164712515452,164712745619,164712787286,164743335328,164711663536,16666666,164712963202,164713433702,164713471661,164714101911,164727506369,3667,267083,164727506369,164714818827,0,164714101911,
0,52112,164726668662,164726668662,-258905916,164727511411,164727528702,164728520244,164728569202,164760001994,164727504494,16666666,164728724077,164728980869,164729018661,164729825661,164745426994,1500,162917,164745426994,164730834786,0,164729825661,
0,52120,164743335328,164743335328,0,164745842411,164745843619,164746577202,164746633786,164776668660,164745835536,16666666,164746826952,164747081619,164747100577,164748294161,164760931494,1416,98666,164760931494,164749107577,0,164748294161,
0,52128,164760001994,164760001994,0,164761220077,164761221119,164762594411,164762637786,164793335326,164761174911,16666666,164763457952,164763550411,164763594744,164763881827,164777392119,1875,118667,164777392119,164764832369,0,164763881827,
0,52136,164776668660,164776668660,0,164778111994,164778112744,164779216577,164779353286,164810001992,164778106702,16666666,164780321452,164780595786,164780635577,164781683786,164794051077,1833,121541,164794051077,164782456702,0,164781683786,
0,52151,164810001992,164810001992,-481793049,164810752077,164811247077,164811511661,164811872327,164826668658,164810745911,16666666,164812341577,164812517952,164812556077,164813281786,164828493494,1750,295084,164828493494,164814195244,0,164813281786,
0,52159,164826668658,164826668658,-299975353,164829027911,164829916619,164830913786,164830938952,164860001990,164829021911,16666666,164831223994,164831305702,164831348827,164831868452,164844197536,1167,126666,164844197536,164832427577,0,164831868452,
0,52167,164843335324,164843335324,-304606258,164844604827,164845778327,164845957161,164845982119,164876668656,164844599494,16666666,164846148244,164846235619,164846269452,164847083786,164848417786,7250,507125,164848328952,164848417786,0,164847083786,
0,52175,164860001990,164860001990,-70117145,164861275036,164861736744,164861936911,164861962077,164893335322,164861269702,16666666,164862110494,164862605786,164862625327,164863241536,164877199661,2250,210292,164877199661,164864338202,0,164863241536,
0,52183,164876668656,164876668656,-255331267,164877539869,164878468369,164878744452,164878778119,164910001988,164877534327,16666666,164878932327,164879007161,164879132827,164879673202,164895983702,1791,119375,164895983702,164880295827,0,164879673202,
0,52191,164893335322,164893335322,-819057196,164896660286,164897174119,164897346369,164897404119,164926668654,164896654702,16666666,164897810369,164897965411,164897998161,164898824161,164910577036,1375,79750,164910577036,164899306202,0,164898824161,
0,52199,164910001988,164910001988,-518643729,164911017536,164911590119,164912626494,164912669911,164943335320,164911011911,16666666,164912862869,164912963577,164913000119,164913575119,164927293286,2792,296208,164927293286,164914274161,0,164913575119,
0,52207,164926668654,164926668654,-682960981,164927677161,164929149119,164929331494,164929358869,164960001986,164927671702,16666666,164929561286,164929742327,164929795661,164930747577,164943856869,1334,83791,164943856869,164931537327,0,164930747577,
0,52215,164943335320,164943335320,-263052963,164944285911,164944971536,164945139911,164945165452,164976668652,164944280286,16666666,164945315952,164945512411,164945532786,164946149661,164960863411,159709,231708,164960863411,164947319119,0,164946149661,
0,52223,164960001986,164960001986,-416400275,164961046786,164962742827,164962917827,164962943702,164993335318,164961041161,16666666,164963086369,164963193036,164963243494,164964341369,164977305286,1709,114542,164977305286,164964993286,0,164964341369,
0,52231,164976668652,164976668652,-711848820,164977674994,164978283161,164978543744,164979061286,165010001984,164977669536,16666666,164979241869,164979703244,164979818786,164980698036,164993859994,1834,124416,164993859994,164981356202,0,164980698036,
0,52239,164993335318,164993335318,-50553125,164994291244,164994880952,164995090411,164995454244,165026668650,164994284952,16666666,164995708411,164995872952,164995994286,164996961411,165010891702,1416,171917,165010891702,164997561952,0,164996961411,
0,52247,165010001984,165010001984,-829059143,165011035702,165011629119,165011791286,165011813869,165043335316,165011030244,16666666,165011965077,165012658161,165012709911,165013518286,165027659452,1875,168959,165027659452,165014088036,0,165013518286,
0,52255,165026668650,165026668650,-320393666,165027740827,165028447411,165028614577,165028640036,165060001982,165027734952,16666666,165028786869,165029085119,165029127827,165030013327,165044695286,2291,143708,165044695286,165030746827,0,165030013327,
0,52263,165043335316,165043335316,-479897596,165045016661,165045571786,165045732286,165045757036,165076668648,165045011327,16666666,165046010452,165046387327,165046544536,165047348286,165060588036,4666,617167,165060588036,165048562494,0,165047348286,
0,52271,165060001982,165060001982,-798073505,165060859202,165061427077,165061579369,165061601327,165093335314,165060853786,16666666,165061742119,165062131286,165062169702,165063721119,165077416286,1875,100875,165077416286,165064534786,0,165063721119,
0,52279,165076668648,165076668648,-60292909,165077649452,165078234536,165078502994,165079059494,165110001980,165077644327,16666666,165079268161,165079367702,165079405869,165080941119,165093991077,1708,132166,165093991077,165081534119,0,165080941119,
0,52287,165093335314,165093335314,-548021698,165095110827,165095546452,165095708119,165095733411,165126668646,165095105452,16666666,165095867536,165095952869,165095985327,165096861952,165110579702,1583,72292,165110579702,165097287702,0,165096861952,
0,52295,165110001980,165110001980,-87382579,165110948161,165111438369,165111597827,165111622661,165143335312,165110942619,16666666,165111769744,165111783119,165111855744,165113008869,165127882327,1833,115375,165127882327,165113505036,0,165113008869,
0,52303,165126668646,165126668646,-326920003,165128489786,165129089452,165129272661,165129302036,165160001978,165128484036,16666666,165129454536,165129701536,165129929577,165130904369,165144652411,1833,153625,165144652411,165131821661,0,165130904369,
0,52311,165143335312,165143335312,-299230059,165144809161,165145231994,165145407369,165145431911,165176668644,165144803744,16666666,165146304827,165146631411,165146737619,165147825411,165160802119,4209,214958,165160802119,165148978411,0,165147825411,
0,52319,165160001978,165160001978,-887403959,165161128536,165161142577,165161713661,165161758244,165193335310,165161122577,16666666,165161954411,165162336536,165162455494,165163676869,165177389661,1875,140958,165177389661,165164699494,0,165163676869,
0,52327,165176668644,165176668644,0,165177943036,165177943786,165178343994,165178380244,165210001976,165177937702,16666666,165179125161,165179263494,165179296119,165179885786,165193982702,1958,141875,165193982702,165181172619,0,165179885786,
0,52335,165193335310,165193335310,0,165194464536,165194465452,165194465827,165194515661,165226668642,165194458994,16666666,165195043244,165195354744,165195389952,165196142244,165212757327,1833,81875,165212757327,165197072744,0,165196142244,
0,52343,165210001976,165210001976,0,165213116119,165213116911,165213117327,165213173494,165243335308,165213110202,16666666,165213693202,165214006036,165214061327,165215297911,165230506452,2042,240916,165230506452,165216280327,0,165215297911,
0,52351,165226668642,165226668642,0,165230780286,165230781369,165230782036,165230852577,165260001974,165230773411,16666666,165231410411,165231541577,165231645536,165232984161,165244654786,2167,175834,165244654786,165234121827,0,165232984161,
0,52359,165243335308,165243335308,0,165245108161,165245109619,165245110369,165245177952,165276668640,165245101744,16666666,165245772286,165246179786,165246237119,165247003661,165260782744,5041,311042,165260782744,165247905411,0,165247003661,
0,52367,165260001974,165260001974,0,165261799328,165261800161,165261800536,165261852411,165293335306,165261793661,16666666,165262223244,165262895286,165262963578,165264422828,165277420536,1625,88834,165277420536,165264959911,0,165264422828,
0,52375,165276668640,165276668640,0,165277750078,165277751369,165277751744,165277830119,165310001972,165277743536,16666666,165278662994,165278860911,165278895994,165279500578,165294252619,1667,198792,165294252619,165280536078,0,165279500578,
0,52383,165293335306,165293335306,0,165294726703,165294728536,165294728953,165294805578,165326668638,165294718578,16666666,165295264578,165295647078,165295714703,165296445578,165310568119,536750,237833,165310568119,165298187619,0,165296445578,
0,52391,165310001972,165310001972,0,165310852369,165310853119,165310853494,165310902619,165343335304,165310846661,16666666,165311336786,165311489869,165311526078,165312544536,165327713869,1266417,127958,165327713869,165314402203,0,165312544536,
0,52399,165326668638,165326668638,0,165328256619,165328257369,165328257953,165328309911,165360001970,165328250661,16666666,165328661119,165328812328,165328855869,165329779203,165344161661,1833,110917,165344161661,165330620619,0,165329779203,
0,52407,165343335304,165343335304,0,165344505786,165344506703,165344507244,165344563786,165376668636,165344500078,16666666,165345118078,165345349036,165345575286,165346485703,165362117828,1958,179916,165362117828,165347532578,0,165346485703,
0,52415,165360001970,165360001970,0,165363983161,165363983994,165363984411,165364160161,165393335302,165363977286,16666666,165364901119,165365038286,165365079578,165365926411,165377515494,2167,132000,165377515494,165366746744,0,165365926411,
0,52423,165376668636,165376668636,0,165378300036,165378300786,165378301244,165378356661,165410001968,165378291453,16666666,165379475953,165379647244,165379688703,165381580578,165395093078,4583,731625,165395093078,165384345828,0,165381580578,
0,52431,165393335302,165393335302,0,165395429953,165395430828,165395431328,165395487828,165426668634,165395424286,16666666,165395964869,165396356328,165396393703,165397942411,165413875453,1542,86875,165413875453,165398735328,0,165397942411,
0,52439,165410001968,165410001968,0,165422048661,165422049661,165422050328,165422113828,165443335300,165422042078,16666666,165422659119,165423262078,165423348619,165424494244,165429650661,2792,181125,165429650661,165425673244,0,165424494244,
0,52447,165426668634,165426668634,0,165429458119,165429459328,165429460078,165429521786,165460001966,165429451703,16666666,165431583911,165431964744,165432079744,165434532161,165438329453,998000,2139042,165437272828,165438329453,0,165434532161,
0,52455,165443335300,165443335300,0,165444901744,165444903119,165444903661,165445049911,165476668632,165444895036,16666666,165445592494,165445829911,165445874286,165448324078,165461759703,2084,373250,165461759703,165450925703,0,165448324078,
0,52463,165460001966,165460001966,0,165461586786,165461587619,165461587994,165461643369,165493335298,165461580953,16666666,165462151828,165462653369,165462688328,165464231078,165477094703,1357416,102459,165477094703,165466156703,0,165464231078,
0,52471,165476668632,165476668632,0,165477420744,165477421578,165477421994,165477472036,165510001964,165477414828,16666666,165477865619,165478176911,165478228911,165479051494,165495275703,961708,111459,165495275703,165480627911,0,165479051494,
0,52479,165493335298,165493335298,0,165495177286,165495178161,165495178578,165495232369,165526668630,165495171578,16666666,165495733869,165495909661,165496286411,165497386828,165510837911,2500,162917,165510837911,165498635911,0,165497386828,
0,52487,165510001964,165510001964,0,165511574911,165511576119,165511576744,165511655828,165543335296,165511568244,16666666,165512630536,165512852078,165512908619,165513750286,165527532203,2625,276042,165527532203,165514690453,0,165513750286,
0,52495,165526668630,165526668630,0,165528221328,165528223994,165528224744,165528353994,165543335296,165527995744,16666666,165528910328,165528941369,165528960953,165533342869,163510506660,2583,174125,163510506660,165534540619,0,165533342869,
---PROFILEDATA---


View hierarchy:

  dev.polski.grammarmatrix/dev.polski.grammarmatrix.GlassBenchmarkActivity/android.view.ViewRootImpl@65fd082
  7 views, 12.02 kB of render nodes


Total ViewRootImpl   : 1
Total attached Views : 7
Total RenderNode     : 12.02 kB (used) / 36.09 kB (capacity)

