Applications Graphics Acceleration Info:
Uptime: 138321 Realtime: 138321

** Graphics info for pid 2882 [dev.polski.grammarmatrix] **

Stats since: 132654250562ns
Total frames rendered: 331
Janky frames: 9 (2.72%)
Janky frames (legacy): 0 (0.00%)
50th percentile: 17ms
90th percentile: 17ms
95th percentile: 18ms
99th percentile: 19ms
Number Missed Vsync: 0
Number High input latency: 322
Number Slow UI thread: 0
Number Slow bitmap uploads: 0
Number Slow issue draw commands: 6
Number Frame deadline missed: 9
Number Frame deadline missed (legacy): 0
HISTOGRAM: 5ms=3 6ms=4 7ms=1 8ms=0 9ms=0 10ms=0 11ms=0 12ms=0 13ms=0 14ms=0 15ms=1 16ms=76 17ms=227 18ms=14 19ms=5 20ms=0 21ms=0 22ms=0 23ms=0 24ms=0 25ms=0 26ms=0 27ms=0 28ms=0 29ms=0 30ms=0 31ms=0 32ms=0 34ms=0 36ms=0 38ms=0 40ms=0 42ms=0 44ms=0 46ms=0 48ms=0 53ms=0 57ms=0 61ms=0 65ms=0 69ms=0 73ms=0 77ms=0 81ms=0 85ms=0 89ms=0 93ms=0 97ms=0 101ms=0 105ms=0 109ms=0 113ms=0 117ms=0 121ms=0 125ms=0 129ms=0 133ms=0 150ms=0 200ms=0 250ms=0 300ms=0 350ms=0 400ms=0 450ms=0 500ms=0 550ms=0 600ms=0 650ms=0 700ms=0 750ms=0 800ms=0 850ms=0 900ms=0 950ms=0 1000ms=0 1050ms=0 1100ms=0 1150ms=0 1200ms=0 1250ms=0 1300ms=0 1350ms=0 1400ms=0 1450ms=0 1500ms=0 1550ms=0 1600ms=0 1650ms=0 1700ms=0 1750ms=0 1800ms=0 1850ms=0 1900ms=0 1950ms=0 2000ms=0 2050ms=0 2100ms=0 2150ms=0 2200ms=0 2250ms=0 2300ms=0 2350ms=0 2400ms=0 2450ms=0 2500ms=0 2550ms=0 2600ms=0 2650ms=0 2700ms=0 2750ms=0 2800ms=0 2850ms=0 2900ms=0 2950ms=0 3000ms=0 3050ms=0 3100ms=0 3150ms=0 3200ms=0 3250ms=0 3300ms=0 3350ms=0 3400ms=0 3450ms=0 3500ms=0 3550ms=0 3600ms=0 3650ms=0 3700ms=0 3750ms=0 3800ms=0 3850ms=0 3900ms=0 3950ms=0 4000ms=0 4050ms=0 4100ms=0 4150ms=0 4200ms=0 4250ms=0 4300ms=0 4350ms=0 4400ms=0 4450ms=0 4500ms=0 4550ms=0 4600ms=0 4650ms=0 4700ms=0 4750ms=0 4800ms=0 4850ms=0 4900ms=0 4950ms=0
50th gpu percentile: 14ms
90th gpu percentile: 15ms
95th gpu percentile: 15ms
99th gpu percentile: 16ms
GPU HISTOGRAM: 1ms=0 2ms=6 3ms=1 4ms=1 5ms=0 6ms=0 7ms=1 8ms=0 9ms=1 10ms=3 11ms=6 12ms=35 13ms=62 14ms=134 15ms=70 16ms=8 17ms=3 18ms=0 19ms=0 20ms=0 21ms=0 22ms=0 23ms=0 24ms=0 25ms=0 4950ms=0

Pipeline=Skia (OpenGL)
Memory policy:
  Max surface area: 2592000
  Max resource usage: 124.42MB (x48)
  Background retention: 50% (altUiHidden = true)
  GPU Context timeout: 10
Contexts: 1 (stopped = 0)
CPU Caches:
  Glyph Cache: 33.70 KB (1 entry)
  Glyph Count: 11 
Total CPU memory usage:
  34510 bytes, 33.70 KB (0.00 bytes is purgeable)
GPU Caches:
  Other:
    Other: 49.27 KB (1 entry)
    Buffer Object: 36.00 KB (1 entry)
  Scratch:
    RenderTarget: 11.88 MB (1 entry)
    Buffer Object: 110.00 KB (3 entries)
    Texture: 2.00 MB (1 entry)
Total GPU memory usage:
  14748944 bytes, 14.07 MB (68.00 KB is purgeable)

GraphicBufferAllocator buffers:
        Handle |        Size |     W (Stride) x H | Layers |   Format |      Usage | Requestor
0xb400007b2c4278c0 |     unknown | 1080 (   0) x 2400 |      1 |        1 | 0x     b00 | VRI[GlassBenchmarkActivity]#0(BLAST Consumer)0
0xb400007b2c429ba0 |     unknown | 1080 (   0) x 2400 |      1 |        1 | 0x     b00 | VRI[GlassBenchmarkActivity]#0(BLAST Consumer)0
0xb400007b2c438360 |     unknown | 1080 (   0) x 2400 |      1 |        1 | 0x     b00 | VRI[GlassBenchmarkActivity]#0(BLAST Consumer)0
Total allocated by GraphicBufferAllocator (estimate): 0.00 KB
GoldfishAllocator::dumpDebugInfo is not implemented
Profile data in ms:

	dev.polski.grammarmatrix/dev.polski.grammarmatrix.GlassBenchmarkActivity/android.view.ViewRootImpl@799f22b (visibility=0)
Window: dev.polski.grammarmatrix/dev.polski.grammarmatrix.GlassBenchmarkActivity
Stats since: 132654249812ns
Total frames rendered: 331
Janky frames: 9 (2.72%)
Janky frames (legacy): 0 (0.00%)
50th percentile: 17ms
90th percentile: 17ms
95th percentile: 18ms
99th percentile: 19ms
Number Missed Vsync: 0
Number High input latency: 322
Number Slow UI thread: 0
Number Slow bitmap uploads: 0
Number Slow issue draw commands: 6
Number Frame deadline missed: 9
Number Frame deadline missed (legacy): 0
HISTOGRAM: 5ms=3 6ms=4 7ms=1 8ms=0 9ms=0 10ms=0 11ms=0 12ms=0 13ms=0 14ms=0 15ms=1 16ms=76 17ms=227 18ms=14 19ms=5 20ms=0 21ms=0 22ms=0 23ms=0 24ms=0 25ms=0 26ms=0 27ms=0 28ms=0 29ms=0 30ms=0 31ms=0 32ms=0 34ms=0 36ms=0 38ms=0 40ms=0 42ms=0 44ms=0 46ms=0 48ms=0 53ms=0 57ms=0 61ms=0 65ms=0 69ms=0 73ms=0 77ms=0 81ms=0 85ms=0 89ms=0 93ms=0 97ms=0 101ms=0 105ms=0 109ms=0 113ms=0 117ms=0 121ms=0 125ms=0 129ms=0 133ms=0 150ms=0 200ms=0 250ms=0 300ms=0 350ms=0 400ms=0 450ms=0 500ms=0 550ms=0 600ms=0 650ms=0 700ms=0 750ms=0 800ms=0 850ms=0 900ms=0 950ms=0 1000ms=0 1050ms=0 1100ms=0 1150ms=0 1200ms=0 1250ms=0 1300ms=0 1350ms=0 1400ms=0 1450ms=0 1500ms=0 1550ms=0 1600ms=0 1650ms=0 1700ms=0 1750ms=0 1800ms=0 1850ms=0 1900ms=0 1950ms=0 2000ms=0 2050ms=0 2100ms=0 2150ms=0 2200ms=0 2250ms=0 2300ms=0 2350ms=0 2400ms=0 2450ms=0 2500ms=0 2550ms=0 2600ms=0 2650ms=0 2700ms=0 2750ms=0 2800ms=0 2850ms=0 2900ms=0 2950ms=0 3000ms=0 3050ms=0 3100ms=0 3150ms=0 3200ms=0 3250ms=0 3300ms=0 3350ms=0 3400ms=0 3450ms=0 3500ms=0 3550ms=0 3600ms=0 3650ms=0 3700ms=0 3750ms=0 3800ms=0 3850ms=0 3900ms=0 3950ms=0 4000ms=0 4050ms=0 4100ms=0 4150ms=0 4200ms=0 4250ms=0 4300ms=0 4350ms=0 4400ms=0 4450ms=0 4500ms=0 4550ms=0 4600ms=0 4650ms=0 4700ms=0 4750ms=0 4800ms=0 4850ms=0 4900ms=0 4950ms=0
50th gpu percentile: 14ms
90th gpu percentile: 15ms
95th gpu percentile: 15ms
99th gpu percentile: 16ms
GPU HISTOGRAM: 1ms=0 2ms=6 3ms=1 4ms=1 5ms=0 6ms=0 7ms=1 8ms=0 9ms=1 10ms=3 11ms=6 12ms=35 13ms=62 14ms=134 15ms=70 16ms=8 17ms=3 18ms=0 19ms=0 20ms=0 21ms=0 22ms=0 23ms=0 24ms=0 25ms=0 4950ms=0



---PROFILEDATA---
Flags,FrameTimelineVsyncId,IntendedVsync,Vsync,InputEventId,HandleInputStart,AnimationStart,PerformTraversalsStart,DrawStart,FrameDeadline,FrameInterval,FrameStartTime,SyncQueued,SyncStart,IssueDrawCommandsStart,SwapBuffers,FrameCompleted,DequeueBufferDuration,QueueBufferDuration,GpuCompleted,SwapBuffersCompleted,DisplayPresentTime,CommandSubmissionCompleted,
0,36350,136310003132,136310003132,-572671533,136311071772,136311650480,136311774272,136311793230,136343336464,136311067814,16666666,136311914272,136312640439,136312727439,136313604147,136327599105,1500,249209,136327599105,136314445064,0,136313604147,
0,36358,136326669798,136326669798,-958352978,136327766730,136328928355,136329098147,136329129189,136360003130,136327760814,16666666,136329294730,136329505064,136329538939,136330553397,136344639147,1459,162500,136344639147,136331409064,0,136330553397,
0,36366,136343336464,136343336464,-271346947,136344969022,136345550980,136346125772,136346169647,136376669796,136344962730,16666666,136346555189,136346652189,136346681230,136347657064,136349007564,3208,429042,136348943397,136349007564,0,136347657064,
0,36374,136360003130,136360003130,-30338709,136360773230,136361775855,136361905730,136361925980,136393336462,136360769939,16666666,136362036647,136362441064,136362458855,136363804980,136377115522,1750,242042,136377115522,136365011522,0,136363804980,
0,36382,136376669796,136376669796,-1032074232,136377447189,136378206980,136378419355,136378451189,136410003128,136377440439,16666666,136378600605,136378709355,136378743772,136379535939,136394869439,3875,486625,136394869439,136380443189,0,136379535939,
0,36390,136393336462,136393336462,-700900416,136395112730,136395554064,136396265105,136396294064,136426669794,136395107064,16666666,136396707564,136396956064,136396973855,136397864730,136410542855,1708,74375,136410542855,136398373272,0,136397864730,
0,36398,136410003128,136410003128,-819771527,136411114647,136411657230,136411870772,136411903730,136443336460,136411108439,16666666,136412611564,136412860314,136412959439,136413608647,136427752605,4084,414500,136427752605,136414517480,0,136413608647,
0,36406,136426669794,136426669794,-923802054,136427724814,136428562480,136428778980,136428822814,136460003126,136427719439,16666666,136429009772,136429422439,136429462189,136430628189,136444469105,1875,75708,136444469105,136431294064,0,136430628189,
0,36414,136443336460,136443336460,-674442361,136444749855,136445292189,136445434189,136445458314,136476669792,136444745897,16666666,136445599897,136445656147,136445935439,136446929689,136461070480,3709,385500,136461070480,136447839730,0,136446929689,
0,36422,136460003126,136460003126,-201488421,136461704647,136462364522,136462559730,136462600814,136493336458,136461697814,16666666,136462786022,136463032647,136463086647,136464836064,136477348064,1916,141000,136477348064,136465548772,0,136464836064,
0,36430,136476669792,136476669792,-730846121,136477724522,136478152522,136478341939,136478374147,136510003124,136477719022,16666666,136478525064,136478898814,136478945439,136479947689,136493881689,1750,106666,136493881689,136480698939,0,136479947689,
0,36438,136493336458,136493336458,-912596426,136494060939,136494976939,136495183939,136495484480,136526669790,136494055397,16666666,136495650689,136495984605,136496141689,136497162564,136510530772,1834,158542,136510530772,136497801605,0,136497162564,
0,36446,136510003124,136510003124,-35968826,136510685939,136511105147,136511247397,136511271355,136543336456,136510680522,16666666,136511412189,136511955564,136511990272,136512853939,136527465397,2167,86208,136527465397,136513395147,0,136512853939,
0,36454,136526669790,136526669790,-626043851,136527656355,136528296522,136528469105,136528493689,136560003122,136527650564,16666666,136528630189,136529494230,136529572189,136530663480,136543818522,1709,171292,136543818522,136531360480,0,136530663480,
0,36462,136543336456,136543336456,-342115370,136544307064,136545345855,136545811814,136545854897,136576669788,136543996314,16666666,136546051939,136546245105,136546274147,136547160980,136560369314,2333,245291,136560369314,136547799230,0,136547160980,
0,36470,136560003122,136560003122,-476622474,136560687189,136561541730,136561972564,136562001314,136593336454,136560681772,16666666,136562147897,136562444730,136562481647,136563041897,136577064064,1875,78667,136577064064,136563529814,0,136563041897,
0,36478,136576669788,136576669788,-129048173,136577354772,136578196689,136578417522,136578449397,136610003120,136577348647,16666666,136578597522,136578947939,136578984314,136579568980,136593851814,1792,492000,136593851814,136580748730,0,136579568980,
0,36486,136593336454,136593336454,-710865161,136594261189,136594844272,136595358106,136595393439,136626669786,136594255022,16666666,136595542231,136595615022,136595648731,136596785606,136610468647,1542,88875,136610468647,136597336772,0,136596785606,
0,36494,136610003120,136610003120,-741205370,136611034856,136611758606,136611933439,136611965564,136643336452,136611029231,16666666,136612736189,136612990856,136613075564,136614026606,136627389606,2041,258958,136627389606,136614833522,0,136614026606,
0,36502,136626669786,136626669786,-64885873,136627754606,136627772939,136629618481,136629692772,136660003118,136627747147,16666666,136629931606,136630073439,136630127106,136630987606,136644227189,1875,109458,136644227189,136631560189,0,136630987606,
0,36510,136643336452,136643336452,0,136644146022,136644146897,136645040772,136645104314,136676669784,136644140356,16666666,136645515689,136645827356,136645912481,136646585772,136660874272,1833,210750,136660874272,136647232772,0,136646585772,
0,36518,136660003118,136660003118,0,136661523439,136661524439,136662353231,136662397689,136693336450,136661517939,16666666,136665188856,136665325022,136665459356,136665861522,136677296731,2167,619958,136677296731,136667301272,0,136665861522,
0,36526,136676669784,136676669784,0,136677638689,136677639772,136679089564,136679132647,136710003116,136677632647,16666666,136679888897,136680056897,136680096022,136680762064,136694021439,2916,449458,136694021439,136681792897,0,136680762064,
0,36534,136693336450,136693336450,0,136694879689,136694881022,136696202481,136696248147,136726669782,136694873356,16666666,136696875856,136697048106,136697071564,136697608189,136699949106,4667,1401416,136699753397,136699949106,0,136697608189,
0,36542,136710003116,136710003116,-361829619,136710917856,136711389231,136712069022,136712106772,136743336448,136710911647,16666666,136712509897,136712889856,136713009564,136713392064,136727652272,489417,93667,136727652272,136714690314,0,136713392064,
0,36550,136726669782,136726669782,-239440661,136728562439,136729409189,136730050106,136730084647,136760003114,136728555606,16666666,136730330397,136730345564,136730386856,136731022314,136744711314,1167,167833,136744711314,136731774814,0,136731022314,
0,36558,136743336448,136743336448,-301949941,136744843689,136745743647,136746441189,136746495439,136776669780,136744838439,16666666,136747089397,136747237439,136747338772,136747662314,136760706731,1542,135125,136760706731,136748552856,0,136747662314,
0,36566,136760003114,136760003114,-172420367,136760956647,136762715356,136764791022,136764900939,136793336446,136760951106,16666666,136765198647,136765316439,136765362189,136766042606,136778557939,1500,88459,136778557939,136766793814,0,136766042606,
0,36574,136776669780,136776669780,-135678343,136778791397,136779590397,136780849606,136780894064,136810003112,136778786439,16666666,136781121439,136781215731,136781250606,136782155647,136793954481,1416,96625,136793954481,136782952897,0,136782155647,
0,36582,136793336446,136793336446,-75064917,136794039897,136794572939,136794743106,136794769439,136826669778,136794034231,16666666,136794913522,136794939522,136794970981,136796267564,136797752647,1583,88334,136797722647,136797752647,0,136796267564,
0,36590,136810003112,136810003112,-632697063,136811268106,136812269272,136812515564,136812553231,136843336444,136811261606,16666666,136812710397,136812881397,136812917272,136814054481,136827638939,2500,213500,136827638939,136815036522,0,136814054481,
0,36598,136826669778,136826669778,-222090708,136827738272,136829321272,136829507689,136829549564,136860003110,136827733231,16666666,136829693147,136829812272,136829899689,136830637272,136844636064,2333,108458,136844636064,136831254272,0,136830637272,
0,36606,136843336444,136843336444,-28338735,136844797439,136845315314,136845487314,136845513939,136876669776,136844792064,16666666,136845653439,136846144356,136846185022,136846895481,136861122731,1333,72875,136861122731,136847339439,0,136846895481,
0,36614,136860003110,136860003110,-630870265,136861359356,136861940356,136862127272,136862156272,136893336442,136861353439,16666666,136862736272,136863004397,136863071981,136863787022,136877979814,1500,56084,136877979814,136864343814,0,136863787022,
0,36622,136876669776,136876669776,-917953329,136878241397,136878853022,136879031606,136879060814,136910003108,136878235689,16666666,136879334814,136879556897,136879619772,136880357981,136893877064,1625,77500,136893877064,136880902189,0,136880357981,
0,36630,136893336442,136893336442,-459400841,136894274022,136895175231,136895388856,136895422897,136926669774,136894267564,16666666,136895582231,136895711064,136895795481,136896873231,136910686814,1458,79417,136910686814,136897354147,0,136896873231,
0,36638,136910003108,136910003108,-189824384,136910974772,136911853689,136912346856,136912374314,136943336440,136910969356,16666666,136912520147,136912747272,136912824022,136913325356,136927625439,1458,76459,136927625439,136913793397,0,136913325356,
0,36646,136926669774,136926669774,-726049671,136927942564,136928642564,136929013772,136929041689,136960003106,136927936981,16666666,136929178606,136929279564,136929296856,136930549272,136944379147,1500,83417,136944379147,136931080606,0,136930549272,
0,36654,136943336440,136943336440,-645356629,136944642564,136945064022,136945221731,136945245147,136976669772,136944637356,16666666,136945384147,136945724106,136945743939,136946869272,136961192731,1875,82375,136961192731,136947409397,0,136946869272,
0,36662,136960003106,136960003106,-977284332,136961569064,136962262314,136962538772,136962592564,136993336438,136961563189,16666666,136963372272,136963633189,136963654356,136964455314,136977344106,2250,123333,136977344106,136965179772,0,136964455314,
0,36670,136976669772,136976669772,-219738545,136977483939,136978444647,136978628564,136978656897,137010003104,136977478189,16666666,136978800772,136978851272,136978869189,136979752397,136994151814,1709,92000,136994151814,136980630022,0,136979752397,
0,36678,136993336438,136993336438,-241587898,136994248731,136994752731,136994913731,136994936689,137026669770,136994242772,16666666,136995077564,136995327397,136995361022,136997027897,137010743106,1833,143875,137010743106,136998199481,0,136997027897,
0,36686,137010003104,137010003104,-89002515,137011020481,137011503356,137011693689,137011719939,137043336436,137011014439,16666666,137011862981,137012327606,137012415564,137013194731,137027416856,1416,273500,137027416856,137014173939,0,137013194731,
0,36694,137026669770,137026669770,-91758724,137028477272,137029166647,137029344356,137029371897,137060003102,137028471731,16666666,137029514981,137029765397,137029895064,137030624856,137044126106,2209,140167,137044126106,137031215022,0,137030624856,
0,36702,137043336436,137043336436,-678467492,137044815814,137045493772,137045679897,137045704397,137076669768,137044809897,16666666,137045842856,137046034814,137046133731,137046680314,137060715147,1500,196417,137060715147,137047245606,0,137046680314,
0,36710,137060003102,137060003102,-376407509,137061128397,137061539772,137061691606,137061714231,137093336434,137061123231,16666666,137061848064,137062072897,137062090731,137063370522,137066790689,2417,2442166,137066738856,137066790689,0,137063370522,
0,36718,137076669768,137076669768,-355153765,137078012731,137078037856,137078951689,137079089356,137110003100,137078004481,16666666,137079395897,137079532106,137079563397,137080694064,137093735106,2000,277792,137093735106,137081498064,0,137080694064,
0,36726,137093336434,137093336434,0,137094424897,137094425564,137094914731,137095121522,137126669766,137094419189,16666666,137095270314,137095401272,137095438647,137096363731,137110590856,2875,242792,137110590856,137097067022,0,137096363731,
0,36734,137110003100,137110003100,0,137110898647,137110899897,137110900564,137110972897,137143336432,137110892356,16666666,137111770147,137111981564,137112540106,137113049731,137127108606,2125,268125,137127108606,137113726397,0,137113049731,
0,36742,137126669766,137126669766,0,137127470272,137127471022,137127471439,137127525897,137160003098,137127464772,16666666,137127873231,137128291647,137128394606,137129798106,137143843147,1958,98917,137143843147,137130532064,0,137129798106,
0,36750,137143336432,137143336432,-246783524,137144408022,137144500856,137144501314,137144551189,137176669764,137144402564,16666666,137144805522,137145345981,137145413564,137146008981,137160800397,1542,115333,137160800397,137146830856,0,137146008981,
0,36758,137160003098,137160003098,-481983974,137161898356,137162660481,137162816606,137162841689,137193336430,137161893064,16666666,137163135439,137163267606,137163429647,137164430272,137177432897,1458,103791,137177432897,137165340772,0,137164430272,
0,36766,137176669764,137176669764,-324816389,137177678231,137178534439,137179163731,137179601147,137210003096,137177672606,16666666,137179840189,137180296606,137180344939,137181197981,137195113772,1708,154125,137195113772,137181817147,0,137181197981,
0,36774,137193336430,137193336430,-611751811,137195326272,137196263481,137196879564,137196918064,137226669762,137195320356,16666666,137197110189,137197345272,137197404397,137197951564,137211800189,2666,94125,137211800189,137198529439,0,137197951564,
0,36782,137210003096,137210003096,-801210061,137212217772,137212872772,137213049064,137213076647,137243336428,137212212147,16666666,137213219064,137213494022,137213512647,137214332439,137227118606,1584,90458,137227118606,137214795272,0,137214332439,
0,36790,137226669762,137226669762,-98640210,137227614314,137229231981,137229422481,137229451231,137260003094,137227608856,16666666,137229596939,137229718606,137229769439,137230542106,137243791481,2292,208833,137243791481,137231398689,0,137230542106,
0,36798,137243336428,137243336428,-449927826,137244306981,137244728522,137244891772,137244925606,137276669760,137244300856,16666666,137245071397,137245247022,137245265272,137246461939,137260721772,2125,100500,137260721772,137247120064,0,137246461939,
0,36806,137260003094,137260003094,-905803848,137261637772,137262619522,137262800022,137262826106,137293336426,137261623772,16666666,137262968147,137263249272,137264261731,137265063814,137277462897,1875,143167,137277462897,137265894022,0,137265063814,
0,36814,137276669760,137276669760,-1066697069,137277688647,137278137564,137278324564,137278348731,137310003092,137277683106,16666666,137278504397,137278699772,137278776147,137279684522,137293987023,3042,254750,137293987023,137280793481,0,137279684522,
0,36822,137293336426,137293336426,-407023999,137294480148,137295050939,137295250314,137295279439,137326669758,137294474564,16666666,137295431439,137295872981,137295909523,137297142981,137310988898,2125,167250,137310988898,137298846398,0,137297142981,
0,36830,137310003092,137310003092,-488365692,137311338314,137311848106,137312140023,137312199773,137343336424,137311332439,16666666,137312375481,137313713773,137313931231,137314778106,137327347981,1542,113208,137327347981,137315445981,0,137314778106,
0,36838,137326669758,137326669758,-402130320,137327833481,137328636773,137328833606,137328865814,137360003090,137327827814,16666666,137329015648,137329125898,137329154356,137330266689,137343956731,1833,97916,137343956731,137330914773,0,137330266689,
0,36846,137343336424,137343336424,-337522569,137344624314,137345637106,137345961189,137346017731,137376669756,137344617981,16666666,137346214648,137346679856,137346705856,137347499773,137360550773,1625,219750,137360550773,137348433773,0,137347499773,
0,36854,137360003090,137360003090,-646137452,137361281648,137362647856,137362858856,137362888773,137393336422,137361275731,16666666,137363038606,137363209898,137363275856,137363967606,137377004439,2167,120708,137377004439,137364663564,0,137363967606,
0,36862,137376669756,137376669756,-789693083,137377515939,137378051731,137378256231,137378305106,137410003088,137377509231,16666666,137378782023,137378856356,137378883356,137379942689,137395851523,1917,156375,137395851523,137380937356,0,137379942689,
0,36870,137393336422,137393336422,-31887297,137396575898,137397078648,137398189689,137398265231,137426669754,137396569189,16666666,137398570731,137398730939,137398843148,137399544273,137411669648,2709,305083,137411669648,137400348273,0,137399544273,
0,36878,137410003088,137410003088,-12808934,137411893231,137412525148,137412686939,137412710648,137443336420,137411887814,16666666,137412849898,137413025356,137413060606,137414293189,137427461981,2916,223041,137427461981,137414964648,0,137414293189,
0,36886,137426669754,137426669754,-138751118,137427842231,137428493148,137428652356,137428681189,137460003086,137427835606,16666666,137428829606,137429188273,137429239189,137430107648,137443865731,1667,59292,137443865731,137430602189,0,137430107648,
0,36894,137443336420,137443336420,-993172281,137444143856,137444667106,137444836898,137445422648,137476669752,137444138523,16666666,137446268273,137446514939,137446668398,137447562939,137460906773,2291,310417,137460906773,137448351523,0,137447562939,
0,36902,137460003086,137460003086,-237620340,137461238064,137461827481,137462023231,137462050106,137493336418,137461232481,16666666,137462193106,137462386981,137462443106,137463188189,137477230523,1917,97417,137477230523,137463979606,0,137463188189,
0,36910,137476669752,137476669752,-1054359326,137477571731,137478102523,137478264898,137478288939,137510003084,137477566231,16666666,137478459981,137478554648,137478582314,137479663023,137493867814,2334,209083,137493867814,137480581689,0,137479663023,
0,36918,137493336418,137493336418,-350795090,137494445356,137494981231,137495167314,137495193273,137526669750,137494440273,16666666,137495331314,137495595439,137495644398,137497722148,137510724689,2708,253917,137510724689,137499317731,0,137497722148,
0,36926,137510003084,137510003084,-459182818,137511053689,137511068773,137512196564,137512264814,137543336416,137511047523,16666666,137512465981,137512611231,137512649231,137513271564,137527078856,1708,119750,137527078856,137514091231,0,137513271564,
0,36934,137526669750,137526669750,0,137527840939,137527842564,137528869648,137528911773,137560003082,137527833148,16666666,137529072898,137529187689,137529217106,137530615356,137543744648,1834,111542,137543744648,137531391231,0,137530615356,
0,36942,137543336416,137543336416,0,137544495731,137544496523,137545047523,137545088231,137576669748,137544490398,16666666,137546093814,137546184439,137546215981,137546497523,137561629398,2125,284416,137561629398,137547417731,0,137546497523,
0,36950,137560003082,137560003082,0,137561649814,137561650564,137562771773,137562812939,137593336414,137561644731,16666666,137563120231,137563199731,137563234856,137563633939,137577176106,1958,102000,137577176106,137564638606,0,137563633939,
0,36965,137593336414,137593336414,-448741139,137595121439,137595546273,137597265023,137597304356,137610003080,137595115689,16666666,137598179023,137598277564,137598316189,137598613648,137610866898,1208,121000,137610866898,137599493023,0,137598613648,
0,36973,137610003080,137610003080,-617368782,137611243731,137611768814,137612950064,137612993939,137643336412,137611237606,16666666,137613375606,137613607231,137613655981,137614000023,137629650898,1875,139250,137629650898,137614636898,0,137614000023,
0,36981,137626669746,137626669746,-220518471,137630051314,137631520981,137635029314,137635108398,137660003078,137630044773,16666666,137635290523,137635410398,137635458398,137636504189,137644835648,1375,183875,137644835648,137637429689,0,137636504189,
0,36989,137643336412,137643336412,-137724202,137645785064,137646583939,137646906564,137646935356,137676669744,137645778814,16666666,137647080398,137647180314,137647216689,137647761231,137660834148,2166,142500,137660834148,137648485731,0,137647761231,
0,36997,137660003078,137660003078,-95361425,137661234189,137661758648,137662061689,137662094273,137693336410,137661228939,16666666,137662285564,137662537106,137662624773,137663970898,137677306939,2208,173541,137677306939,137664933314,0,137663970898,
0,37005,137676669744,137676669744,-891687063,137677714189,137678744273,137678934898,137678963689,137710003076,137677707898,16666666,137679256981,137679418898,137679451398,137680051398,137693899148,1792,93083,137693899148,137680868898,0,137680051398,
0,37013,137693336410,137693336410,-374027986,137694167564,137694844398,137695019856,137695047689,137726669742,137694162398,16666666,137695500981,137695666773,137695684856,137696875064,137710768648,2000,549417,137710768648,137698123773,0,137696875064,
0,37021,137710003076,137710003076,-717055299,137711358939,137712492356,137712674731,137712702939,137743336408,137711352731,16666666,137712856898,137712994398,137713027064,137713579773,137727709023,1458,134167,137727709023,137714143356,0,137713579773,
0,37029,137726669742,137726669742,-1070369296,137727733314,137728902731,137729119273,137729150523,137760003074,137727727064,16666666,137729492731,137729715398,137729733398,137730517314,137744865023,2000,164500,137744865023,137731163648,0,137730517314,
0,37037,137743336408,137743336408,-564882925,137744784981,137745704273,137745982814,137746036856,137776669740,137744778981,16666666,137746261356,137746489939,137746616523,137747462939,137760655439,1417,73917,137760655439,137747952648,0,137747462939,
0,37045,137760003074,137760003074,-385907600,137761157606,137762339314,137762654648,137762706064,137793336406,137761152231,16666666,137762930189,137763184648,137763229148,137764348523,137777232773,2084,146000,137777232773,137764986564,0,137764348523,
0,37053,137776669740,137776669740,-784263076,137777600648,137778203064,137778775231,137778826356,137810003072,137777594856,16666666,137779033273,137779324231,137779345814,137780117648,137795576481,1333,101458,137795576481,137780728606,0,137780117648,
0,37061,137793336406,137793336406,-845968644,137796484148,137797387731,137797562981,137797590648,137826669738,137796478398,16666666,137797739148,137797959106,137797990273,137798660398,137810610356,2708,256542,137810610356,137799549981,0,137798660398,
0,37069,137810003072,137810003072,-606598655,137811070939,137812535564,137812804106,137812847231,137843336404,137811065773,16666666,137813020148,137813138689,137813178523,137813689273,137827558148,1917,87333,137827558148,137814199189,0,137813689273,
0,37077,137826669738,137826669738,-67606803,137828231273,137828791106,137828962273,137828986439,137860003070,137828225356,16666666,137829119106,137829132231,137829148731,137829980689,137843959731,2166,108792,137843959731,137830567231,0,137829980689,
0,37085,137843336404,137843336404,-925426356,137844252231,137844686231,137844853939,137844877731,137876669736,137844246689,16666666,137845023273,137845228356,137845249773,137846437898,137860987106,8083,72416,137860987106,137847169689,0,137846437898,
0,37093,137860003070,137860003070,-69401092,137860935189,137861494606,137861676981,137861705689,137893336402,137860929731,16666666,137861861939,137862337523,137862354856,137862995356,137877400273,1583,165459,137877400273,137863798689,0,137862995356,
0,37101,137876669736,137876669736,-623094472,137877644106,137878093189,137878270898,137878295939,137910003068,137877638606,16666666,137878438564,137878886689,137879235564,137880482564,137893909731,1584,73625,137893909731,137881156773,0,137880482564,
0,37109,137893336402,137893336402,-701618938,137894181939,137894998189,137895322731,137895361314,137926669734,137894176273,16666666,137895522273,137895537273,137895571398,137896721273,137910584898,1458,313083,137910584898,137897468398,0,137896721273,
0,37117,137910003068,137910003068,-465032867,137910974106,137911371523,137911538023,137911561356,137943336400,137910968814,16666666,137911738523,137912409064,137912428064,137913082481,137927126356,1625,91750,137927126356,137913727023,0,137913082481,
0,37125,137926669734,137926669734,-245114186,137927692064,137928781398,137928953356,137928979231,137960003066,137927686314,16666666,137929109273,137929302939,137929385023,137930676189,137943785106,2500,163083,137943785106,137931618689,0,137930676189,
0,37133,137943336400,137943336400,-256066027,137944333814,137944347023,137944826481,137944865898,137976669732,137944328106,16666666,137945005314,137945281814,137945775189,137946914356,137960758814,1916,108833,137960758814,137947669398,0,137946914356,
0,37141,137960003066,137960003066,0,137960847939,137960848606,137961276439,137961319356,137993336398,137960842648,16666666,137961493273,137963013481,137963054981,137963684898,137977229606,1916,282083,137977229606,137964781106,0,137963684898,
0,37149,137976669732,137976669732,0,137977666648,137977667939,137977668523,137977738481,138010003064,137977660148,16666666,137978798606,137978972064,137979038856,137979613689,137993913023,2333,265542,137993913023,137980254356,0,137979613689,
0,37157,137993336398,137993336398,0,137994041606,137994042273,137994042648,137994094273,138026669730,137994035315,16666666,137994426731,137994687481,137994720731,137995690023,138010562940,1417,138208,138010562940,137996554856,0,137995690023,
0,37165,138010003064,138010003064,0,138011015023,138011015981,138011016481,138011074981,138043336396,138011009023,16666666,138011482606,138011788148,138011863065,138013365773,138027226690,2000,152375,138027226690,138014047648,0,138013365773,
0,37173,138026669730,138026669730,0,138027550231,138027550981,138027551398,138027606231,138060003062,138027544273,16666666,138028408940,138028622231,138028673731,138029841731,138043788273,3000,367500,138043788273,138030711315,0,138029841731,
0,37181,138043336396,138043336396,0,138044412023,138044412981,138044413565,138044463023,138076669728,138044406190,16666666,138045185606,138045478773,138045548565,138046770148,138060643773,1917,132333,138060643773,138047443690,0,138046770148,
0,37189,138060003062,138060003062,0,138061177440,138061178231,138061178606,138061227356,138093336394,138061172440,16666666,138061739815,138061959065,138061997981,138062642398,138077444648,2834,383833,138077444648,138063485190,0,138062642398,
0,37197,138076669728,138076669728,0,138077663773,138077664481,138077664856,138077714148,138110003060,138077656481,16666666,138078121315,138078303106,138078384106,138079332440,138093767315,2042,114125,138093767315,138079918773,0,138079332440,
0,37205,138093336394,138093336394,0,138094194856,138094195731,138094196190,138094248190,138126669726,138094189481,16666666,138094581231,138094905148,138094969731,138096537940,138110701356,4292,235041,138110701356,138097509940,0,138096537940,
0,37213,138110003060,138110003060,0,138110798440,138110799148,138110799565,138110848690,138143336392,138110793231,16666666,138111165856,138111287190,138111497440,138113314940,138127296273,1583,78375,138127296273,138114022273,0,138113314940,
0,37221,138126669726,138126669726,0,138127391106,138127391773,138127392148,138127443815,138160003058,138127385606,16666666,138127982606,138128749106,138128788773,138129527190,138144228273,2000,172959,138144228273,138130643690,0,138129527190,
0,37229,138143336392,138143336392,0,138144369023,138144369856,138144370231,138144421398,138176669724,138144363690,16666666,138144856773,138145255023,138145380523,138146317398,138160617940,1792,73292,138160617940,138146728148,0,138146317398,
0,37237,138160003058,138160003058,0,138160879815,138160880815,138160881273,138160939065,138193336390,138160873356,16666666,138161348190,138161443315,138161487065,138162541481,138177236273,1959,100209,138177236273,138163119148,0,138162541481,
0,37245,138176669724,138176669724,0,138177366523,138177367231,138177367606,138177425190,138210003056,138177360606,16666666,138177865981,138178089523,138178134315,138179315606,138193783148,1750,101125,138193783148,138179906898,0,138179315606,
0,37253,138193336390,138193336390,0,138194359523,138194360356,138194360773,138194418731,138226669722,138194353898,16666666,138194801065,138195514440,138195547481,138197006315,138210781481,2250,233917,138210781481,138197712981,0,138197006315,
0,37261,138210003056,138210003056,0,138210838731,138210839481,138210839856,138210895606,138243336388,138210833231,16666666,138211237148,138211441565,138211480273,138212723690,138227289731,1541,101291,138227289731,138213498856,0,138212723690,
0,37269,138226669722,138226669722,0,138227389273,138227390190,138227390565,138227451190,138260003054,138227383523,16666666,138227788148,138227973773,138228236231,138229569565,138243786481,1625,91500,138243786481,138230035315,0,138229569565,
0,37277,138243336388,138243336388,0,138244577523,138244578481,138244578898,138244636481,138276669720,138244571690,16666666,138245013940,138245317940,138245353565,138246332731,138260587565,2083,80166,138260587565,138246862273,0,138246332731,
0,37285,138260003054,138260003054,0,138261118356,138261119106,138261119523,138261171273,138293336386,138261112898,16666666,138261551940,138261698440,138261824398,138262705648,138277845273,2125,183166,138277845273,138263558190,0,138262705648,
0,37293,138276669720,138276669720,0,138277893315,138277894106,138277894815,138277954065,138310003052,138277886023,16666666,138278488940,138278634690,138278747690,138280148773,138293931981,1666,172292,138293931981,138281292523,0,138280148773,
0,37301,138293336386,138293336386,0,138294170565,138294172023,138294172606,138294246065,138326669718,138294163981,16666666,138294769815,138295333690,138295374898,138296755898,138310496356,1833,110791,138310496356,138297410231,0,138296755898,
0,37309,138310003052,138310003052,0,138310909231,138310910523,138310911065,138310977398,138326669718,138310902315,16666666,138311546981,138311564648,138311602815,138315898565,136310711730,2000,129666,136310711730,138316701231,0,138315898565,
---PROFILEDATA---


View hierarchy:

  dev.polski.grammarmatrix/dev.polski.grammarmatrix.GlassBenchmarkActivity/android.view.ViewRootImpl@799f22b
  7 views, 12.02 kB of render nodes


Total ViewRootImpl   : 1
Total attached Views : 7
Total RenderNode     : 12.02 kB (used) / 36.09 kB (capacity)

