Applications Graphics Acceleration Info:
Uptime: 156576 Realtime: 156576

** Graphics info for pid 3134 [dev.polski.grammarmatrix] **

Stats since: 150939356279ns
Total frames rendered: 331
Janky frames: 7 (2.11%)
Janky frames (legacy): 24 (7.25%)
50th percentile: 17ms
90th percentile: 18ms
95th percentile: 21ms
99th percentile: 22ms
Number Missed Vsync: 0
Number High input latency: 351
Number Slow UI thread: 0
Number Slow bitmap uploads: 0
Number Slow issue draw commands: 6
Number Frame deadline missed: 7
Number Frame deadline missed (legacy): 2
HISTOGRAM: 5ms=4 6ms=0 7ms=0 8ms=0 9ms=1 10ms=0 11ms=0 12ms=0 13ms=0 14ms=1 15ms=3 16ms=81 17ms=200 18ms=13 19ms=5 20ms=5 21ms=8 22ms=8 23ms=0 24ms=0 25ms=1 26ms=0 27ms=0 28ms=0 29ms=0 30ms=0 31ms=0 32ms=1 34ms=0 36ms=0 38ms=0 40ms=0 42ms=0 44ms=0 46ms=0 48ms=0 53ms=0 57ms=0 61ms=0 65ms=0 69ms=0 73ms=0 77ms=0 81ms=0 85ms=0 89ms=0 93ms=0 97ms=0 101ms=0 105ms=0 109ms=0 113ms=0 117ms=0 121ms=0 125ms=0 129ms=0 133ms=0 150ms=0 200ms=0 250ms=0 300ms=0 350ms=0 400ms=0 450ms=0 500ms=0 550ms=0 600ms=0 650ms=0 700ms=0 750ms=0 800ms=0 850ms=0 900ms=0 950ms=0 1000ms=0 1050ms=0 1100ms=0 1150ms=0 1200ms=0 1250ms=0 1300ms=0 1350ms=0 1400ms=0 1450ms=0 1500ms=0 1550ms=0 1600ms=0 1650ms=0 1700ms=0 1750ms=0 1800ms=0 1850ms=0 1900ms=0 1950ms=0 2000ms=0 2050ms=0 2100ms=0 2150ms=0 2200ms=0 2250ms=0 2300ms=0 2350ms=0 2400ms=0 2450ms=0 2500ms=0 2550ms=0 2600ms=0 2650ms=0 2700ms=0 2750ms=0 2800ms=0 2850ms=0 2900ms=0 2950ms=0 3000ms=0 3050ms=0 3100ms=0 3150ms=0 3200ms=0 3250ms=0 3300ms=0 3350ms=0 3400ms=0 3450ms=0 3500ms=0 3550ms=0 3600ms=0 3650ms=0 3700ms=0 3750ms=0 3800ms=0 3850ms=0 3900ms=0 3950ms=0 4000ms=0 4050ms=0 4100ms=0 4150ms=0 4200ms=0 4250ms=0 4300ms=0 4350ms=0 4400ms=0 4450ms=0 4500ms=0 4550ms=0 4600ms=0 4650ms=0 4700ms=0 4750ms=0 4800ms=0 4850ms=0 4900ms=0 4950ms=0
50th gpu percentile: 14ms
90th gpu percentile: 16ms
95th gpu percentile: 18ms
99th gpu percentile: 19ms
GPU HISTOGRAM: 1ms=0 2ms=4 3ms=1 4ms=2 5ms=0 6ms=0 7ms=3 8ms=1 9ms=0 10ms=3 11ms=9 12ms=21 13ms=75 14ms=117 15ms=60 16ms=11 17ms=6 18ms=13 19ms=4 20ms=0 21ms=0 22ms=0 23ms=0 24ms=0 25ms=0 4950ms=1

Pipeline=Skia (OpenGL)
Memory policy:
  Max surface area: 2592000
  Max resource usage: 124.42MB (x48)
  Background retention: 50% (altUiHidden = true)
  GPU Context timeout: 10
Contexts: 1 (stopped = 0)
CPU Caches:
  Glyph Cache: 33.70 KB (1 entry)
  Glyph Count: 11 
Total CPU memory usage:
  34510 bytes, 33.70 KB (0.00 bytes is purgeable)
GPU Caches:
  Other:
    Other: 49.27 KB (1 entry)
    Buffer Object: 36.00 KB (1 entry)
  Scratch:
    RenderTarget: 11.88 MB (1 entry)
    Buffer Object: 110.00 KB (3 entries)
    Texture: 2.00 MB (1 entry)
Total GPU memory usage:
  14748944 bytes, 14.07 MB (68.00 KB is purgeable)

GraphicBufferAllocator buffers:
        Handle |        Size |     W (Stride) x H | Layers |   Format |      Usage | Requestor
0xb400007b2c427440 |     unknown | 1080 (   0) x 2400 |      1 |        1 | 0x     b00 | VRI[GlassBenchmarkActivity]#0(BLAST Consumer)0
0xb400007b2c437ee0 |     unknown | 1080 (   0) x 2400 |      1 |        1 | 0x     b00 | VRI[GlassBenchmarkActivity]#0(BLAST Consumer)0
0xb400007b2c438630 |     unknown | 1080 (   0) x 2400 |      1 |        1 | 0x     b00 | VRI[GlassBenchmarkActivity]#0(BLAST Consumer)0
Total allocated by GraphicBufferAllocator (estimate): 0.00 KB
GoldfishAllocator::dumpDebugInfo is not implemented
Profile data in ms:

	dev.polski.grammarmatrix/dev.polski.grammarmatrix.GlassBenchmarkActivity/android.view.ViewRootImpl@99722a9 (visibility=0)
Window: dev.polski.grammarmatrix/dev.polski.grammarmatrix.GlassBenchmarkActivity
Stats since: 150939355529ns
Total frames rendered: 331
Janky frames: 7 (2.11%)
Janky frames (legacy): 24 (7.25%)
50th percentile: 17ms
90th percentile: 18ms
95th percentile: 21ms
99th percentile: 22ms
Number Missed Vsync: 0
Number High input latency: 351
Number Slow UI thread: 0
Number Slow bitmap uploads: 0
Number Slow issue draw commands: 6
Number Frame deadline missed: 7
Number Frame deadline missed (legacy): 2
HISTOGRAM: 5ms=4 6ms=0 7ms=0 8ms=0 9ms=1 10ms=0 11ms=0 12ms=0 13ms=0 14ms=1 15ms=3 16ms=81 17ms=200 18ms=13 19ms=5 20ms=5 21ms=8 22ms=8 23ms=0 24ms=0 25ms=1 26ms=0 27ms=0 28ms=0 29ms=0 30ms=0 31ms=0 32ms=1 34ms=0 36ms=0 38ms=0 40ms=0 42ms=0 44ms=0 46ms=0 48ms=0 53ms=0 57ms=0 61ms=0 65ms=0 69ms=0 73ms=0 77ms=0 81ms=0 85ms=0 89ms=0 93ms=0 97ms=0 101ms=0 105ms=0 109ms=0 113ms=0 117ms=0 121ms=0 125ms=0 129ms=0 133ms=0 150ms=0 200ms=0 250ms=0 300ms=0 350ms=0 400ms=0 450ms=0 500ms=0 550ms=0 600ms=0 650ms=0 700ms=0 750ms=0 800ms=0 850ms=0 900ms=0 950ms=0 1000ms=0 1050ms=0 1100ms=0 1150ms=0 1200ms=0 1250ms=0 1300ms=0 1350ms=0 1400ms=0 1450ms=0 1500ms=0 1550ms=0 1600ms=0 1650ms=0 1700ms=0 1750ms=0 1800ms=0 1850ms=0 1900ms=0 1950ms=0 2000ms=0 2050ms=0 2100ms=0 2150ms=0 2200ms=0 2250ms=0 2300ms=0 2350ms=0 2400ms=0 2450ms=0 2500ms=0 2550ms=0 2600ms=0 2650ms=0 2700ms=0 2750ms=0 2800ms=0 2850ms=0 2900ms=0 2950ms=0 3000ms=0 3050ms=0 3100ms=0 3150ms=0 3200ms=0 3250ms=0 3300ms=0 3350ms=0 3400ms=0 3450ms=0 3500ms=0 3550ms=0 3600ms=0 3650ms=0 3700ms=0 3750ms=0 3800ms=0 3850ms=0 3900ms=0 3950ms=0 4000ms=0 4050ms=0 4100ms=0 4150ms=0 4200ms=0 4250ms=0 4300ms=0 4350ms=0 4400ms=0 4450ms=0 4500ms=0 4550ms=0 4600ms=0 4650ms=0 4700ms=0 4750ms=0 4800ms=0 4850ms=0 4900ms=0 4950ms=0
50th gpu percentile: 14ms
90th gpu percentile: 16ms
95th gpu percentile: 18ms
99th gpu percentile: 19ms
GPU HISTOGRAM: 1ms=0 2ms=4 3ms=1 4ms=2 5ms=0 6ms=0 7ms=3 8ms=1 9ms=0 10ms=3 11ms=9 12ms=21 13ms=75 14ms=117 15ms=60 16ms=11 17ms=6 18ms=13 19ms=4 20ms=0 21ms=0 22ms=0 23ms=0 24ms=0 25ms=0 4950ms=1



---PROFILEDATA---
Flags,FrameTimelineVsyncId,IntendedVsync,Vsync,InputEventId,HandleInputStart,AnimationStart,PerformTraversalsStart,DrawStart,FrameDeadline,FrameInterval,FrameStartTime,SyncQueued,SyncStart,IssueDrawCommandsStart,SwapBuffers,FrameCompleted,DequeueBufferDuration,QueueBufferDuration,GpuCompleted,SwapBuffersCompleted,DisplayPresentTime,CommandSubmissionCompleted,
0,46447,154543335736,154543335736,-891451519,154543928114,154544309114,154544309572,154544361739,154576669068,154543922781,16666666,154544632239,154544919656,154545045364,154546217697,154560979947,1833,95959,154560979947,154546690322,0,154546217697,
0,46455,154560002402,154560002402,-392756968,154561087906,154562059364,154562467572,154562501781,154593335734,154561082364,16666666,154562658364,154562917197,154562980947,154563871406,154577044864,2125,90500,154577044864,154564670864,0,154563871406,
0,46463,154576669068,154576669068,-1017247995,154577333364,154578009406,154578203114,154578243072,154610002400,154577328197,16666666,154578409197,154578771239,154578908822,154579646739,154593770239,1875,362334,154593770239,154580611322,0,154579646739,
0,46471,154593335734,154593335734,-141671423,154594090656,154594752572,154594954531,154594993322,154626669066,154594085239,16666666,154595176072,154595354489,154595385281,154596680406,154610655906,1625,136667,154610655906,154597421364,0,154596680406,
0,46479,154610002400,154610002400,-892670470,154610685822,154611150614,154611343031,154611376239,154643335732,154610680697,16666666,154611541697,154611564072,154611583406,154613108322,154627207364,3750,303541,154627207364,154613869072,0,154613108322,
0,46487,154626669066,154626669066,-374462750,154627602864,154628921072,154629124406,154629153114,154660002398,154627597739,16666666,154629314864,154629667572,154629687739,154630418614,154644746281,1875,104708,154644746281,154631038114,0,154630418614,
0,46495,154643335732,154643335732,-442929772,154644985739,154645707531,154645988906,154646024906,154676669064,154644979239,16666666,154646178781,154646833239,154646902947,154647469447,154661223656,3083,568375,154661223656,154648497656,0,154647469447,
0,46503,154660002398,154660002398,-1032357576,154661476156,154662252406,154662521947,154662570031,154693335730,154661469072,16666666,154662756697,154663166364,154663183739,154664669739,154677230781,2000,213792,154677230781,154665346947,0,154664669739,
0,46511,154676669064,154676669064,-376518253,154677785864,154678317572,154678628239,154678675489,154710002396,154677780864,16666666,154678899447,154679252781,154679273781,154680273739,154694035489,2167,157041,154694035489,154680944114,0,154680273739,
0,46519,154693335730,154693335730,-209667744,154693939031,154694696697,154694945864,154694979614,154726669062,154693933322,16666666,154695311697,154695600156,154695644656,154696988781,154710756239,1958,196625,154710756239,154697677197,0,154696988781,
0,46527,154710002396,154710002396,-470018585,154710803531,154711358489,154711539947,154711564822,154743335728,154710797781,16666666,154711710114,154712282406,154712324281,154713311197,154727106447,2958,427209,154727106447,154714264447,0,154713311197,
0,46535,154726669062,154726669062,-803936999,154727799822,154729177739,154729443114,154729477447,154760002394,154727794614,16666666,154729648989,154729956406,154729992447,154730808781,154743994197,1584,117000,154743994197,154731394531,0,154730808781,
0,46543,154743335728,154743335728,-926619816,154744192531,154744658906,154744837989,154744864406,154776669060,154744185156,16666666,154745015572,154745679031,154745828947,154746736197,154760786531,2291,157208,154760786531,154747528697,0,154746736197,
0,46551,154760002394,154760002394,-244769712,154761189823,154761653864,154761820573,154761844448,154793335726,154761184364,16666666,154761986031,154762290114,154762515364,154763339781,154778418739,2125,164959,154778418739,154763957614,0,154763339781,
0,46559,154776669060,154776669060,-174951841,154778946156,154779434156,154779605739,154779631281,154810002392,154778939114,16666666,154780537489,154780745614,154780770906,154781474489,154793816323,1666,209334,154793816323,154782117989,0,154781474489,
0,46567,154793335726,154793335726,-568033057,154794253781,154794660406,154794838698,154794863656,154826669058,154794248656,16666666,154795016989,154795317531,154795362781,154796280239,154810669698,1834,117041,154810669698,154797100031,0,154796280239,
0,46575,154810002392,154810002392,-301907383,154810986739,154811398073,154811560823,154811584031,154843335724,154810981573,16666666,154811728989,154812444573,154812590406,154813192281,154827175448,1458,230875,154827175448,154813823364,0,154813192281,
0,46583,154826669058,154826669058,-998727693,154827697739,154828928489,154829109323,154829142823,154860002390,154827691781,16666666,154829296614,154829464906,154829539239,154830524364,154843863781,1708,149375,154843863781,154831145864,0,154830524364,
0,46591,154843335724,154843335724,-1042616288,154844385614,154845186906,154845446531,154845482073,154876669056,154844379573,16666666,154845641489,154845808448,154845901948,154847198489,154860923156,1500,192000,154860923156,154847851323,0,154847198489,
0,46599,154860002390,154860002390,-22515877,154861277698,154862043531,154862287739,154862617239,154893335722,154861271614,16666666,154862792448,154863005698,154863068614,154864753656,154877264406,1417,62417,154877264406,154865403739,0,154864753656,
0,46607,154876669056,154876669056,-928518415,154877599739,154878737906,154878919948,154878946989,154910002388,154877595406,16666666,154879440239,154879629698,154879764531,154881073281,154893870239,2250,212375,154893870239,154881743656,0,154881073281,
0,46615,154893335722,154893335722,-178018964,154894385406,154894792114,154894944114,154894973989,154926669054,154894380239,16666666,154895139198,154895332573,154895404614,154896626364,154910704781,1375,84708,154910704781,154897409906,0,154896626364,
0,46623,154910002388,154910002388,-998892118,154910708364,154910722198,154913004573,154913060073,154943335720,154910703156,16666666,154913332906,154913486198,154913521948,154914061864,154927216448,4208,319791,154927216448,154914874073,0,154914061864,
0,46631,154926669054,154926669054,0,154927966406,154927967198,154929071198,154929113781,154960002386,154927961364,16666666,154929339448,154929456823,154929490864,154930720364,154943800989,1500,117125,154943800989,154931564948,0,154930720364,
0,46639,154943335720,154943335720,0,154944598614,154944599364,154945351739,154945768989,154976669052,154944593364,16666666,154946879739,154947036281,154947065781,154947364114,154949279698,3042,756375,154949189489,154949279698,0,154947364114,
0,46647,154960002386,154960002386,0,154961232989,154961233781,154963427614,154963539739,154993335718,154961227573,16666666,154964406323,154964472073,154964514489,154965054781,154977322656,2333,177583,154977322656,154965964739,0,154965054781,
0,46662,154993335718,154993335718,-467456091,154995130656,154995695198,154996819823,154996846614,155010002384,154995124864,16666666,154997733948,154997835948,154997869323,154998172489,155011099989,2000,138333,155011099989,154998985656,0,154998172489,
0,46670,155010002384,155010002384,-161099500,155012566448,155013323781,155013641531,155013693948,155043335716,155012560989,16666666,155014383448,155014490448,155014526156,155015352073,155027380073,2208,139375,155027380073,155016510489,0,155015352073,
0,46678,155026669050,155026669050,-424649674,155027677281,155028508781,155030746239,155030785823,155060002382,155027671406,16666666,155030977073,155031159656,155031234781,155031886989,155044538156,1625,86042,155044538156,155032482698,0,155031886989,
0,46686,155043335716,155043335716,-112791384,155045756156,155046433489,155046904614,155046935864,155076669048,155045750739,16666666,155047104948,155047241989,155047277448,155048354656,155062655823,2125,294500,155062655823,155049179281,0,155048354656,
0,46694,155060002382,155060002382,-883232573,155062916739,155068451073,155069186781,155069260073,155093335714,155062910031,16666666,155069590989,155069886448,155069926698,155071224614,155077753781,1625,176333,155077753781,155071893989,0,155071224614,
0,46702,155076669048,155076669048,-808338106,155078162698,155079240823,155079540906,155079601198,155110002380,155078157198,16666666,155079824114,155080403114,155080486948,155081173906,155094292239,6917,274375,155094292239,155082717823,0,155081173906,
0,46710,155093335714,155093335714,-442609336,155094479364,155095770406,155095980864,155096476323,155126669046,155094473031,16666666,155096641739,155097123989,155097341448,155098770406,155111180739,2250,172334,155111180739,155099689864,0,155098770406,
0,46718,155110002380,155110002380,-21828212,155111477031,155112544573,155112773781,155112804114,155143335712,155111471739,16666666,155113315031,155113776114,155113816739,155114515864,155127571656,2083,284000,155127571656,155115315823,0,155114515864,
0,46726,155126669046,155126669046,-419921189,155127464906,155127981781,155128955823,155129011156,155160002378,155127459489,16666666,155129496406,155130229448,155130258948,155130933364,155144134781,1125,90625,155144134781,155131465656,0,155130933364,
0,46734,155143335712,155143335712,-224135937,155144538031,155145197031,155145515364,155145557031,155176669044,155144530239,16666666,155145851114,155145918364,155145953656,155146960989,155160667906,1458,204833,155160667906,155147675906,0,155146960989,
0,46742,155160002378,155160002378,-522418098,155161095948,155161543614,155161709323,155161734864,155193335710,155161090531,16666666,155161956031,155162559531,155162580823,155163346281,155177431864,1709,185917,155177431864,155163931823,0,155163346281,
0,46750,155176669044,155176669044,-814454711,155177485114,155178368739,155178851781,155178895781,155210002376,155177462739,16666666,155179081739,155179186073,155179223364,155179835073,155193797073,2125,341666,155193797073,155180580739,0,155179835073,
0,46758,155193335710,155193335710,-845658536,155193975948,155194473198,155194643323,155194681031,155226669042,155193970323,16666666,155194828448,155195019489,155195038739,155197250823,155210736281,1333,107334,155210736281,155197878698,0,155197250823,
0,46766,155210002376,155210002376,-669637671,155211252448,155211848156,155212796781,155212862198,155243335708,155211247489,16666666,155213225364,155213346073,155213412573,155214046531,155227308281,1416,125500,155227308281,155214907781,0,155214046531,
0,46774,155226669042,155226669042,-712222713,155228185781,155229322073,155229499698,155229527114,155260002374,155228180989,16666666,155229708781,155229920448,155229956406,155230925489,155243951323,2917,200375,155243951323,155231727448,0,155230925489,
0,46782,155243335708,155243335708,-896147765,155244403864,155245037198,155245242781,155245282739,155276669040,155244398406,16666666,155245832614,155245986489,155246076364,155247024823,155261074823,3000,172125,155261074823,155247796406,0,155247024823,
0,46790,155260002374,155260002374,-362389060,155261248323,155262400406,155262785614,155262831573,155293335706,155261242823,16666666,155263020198,155263219614,155263263573,155264198489,155277134281,1750,91333,155277134281,155264809031,0,155264198489,
0,46798,155276669040,155276669040,-183015533,155277795656,155278593323,155278760781,155278786448,155310002372,155277790323,16666666,155278937364,155279178781,155279462531,155281059364,155294724573,2583,260166,155294724573,155282792448,0,155281059364,
0,46806,155293335706,155293335706,-287241782,155298730239,155299470948,155299794239,155299837073,155326669038,155298716364,16666666,155300813906,155300913156,155300963448,155304527156,155307837531,2250,661959,155307793198,155307837531,0,155304527156,
0,46814,155310002372,155310002372,-197611264,155313579198,155315125656,155315474448,155315619364,155343335704,155313572864,16666666,155315872073,155316127989,155316199073,155317489864,155327484989,2958,843875,155327484989,155319289031,0,155317489864,
0,46822,155326669038,155326669038,-905108321,155328136031,155328721031,155329474073,155329507781,155360002370,155328130614,16666666,155329681323,155330067531,155330084406,155330813823,155343910948,1833,99125,155343910948,155331420364,0,155330813823,
0,46830,155343335704,155343335704,-176063905,155344547323,155344560031,155346165864,155346287948,155376669036,155344541781,16666666,155346840281,155346954239,155346999364,155348115656,155360594781,3083,229916,155360594781,155349188781,0,155348115656,
0,46838,155360002370,155360002370,0,155361056531,155361057489,155361540531,155361615323,155393335702,155361051323,16666666,155361798781,155362022323,155362187614,155363028198,155377262323,1334,79250,155377262323,155363808739,0,155363028198,
0,46846,155376669036,155376669036,0,155377543114,155377543906,155377544281,155377599239,155410002368,155377537781,16666666,155377982573,155378072823,155378106989,155378779573,155394115114,1166,81625,155394115114,155379570656,0,155378779573,
0,46854,155393335702,155393335702,0,155394711573,155394713114,155394713489,155394789656,155426669034,155394705531,16666666,155395321114,155395707614,155395735031,155396741198,155410584114,1833,75833,155410584114,155397252031,0,155396741198,
0,46862,155410002368,155410002368,-986598768,155410869114,155410944073,155410944573,155410990198,155443335700,155410865031,16666666,155411191906,155411274573,155411312489,155412886906,155427176656,1709,93375,155427176656,155413441323,0,155412886906,
0,46870,155426669034,155426669034,-190870780,155427850989,155428913364,155429089156,155429112739,155460002366,155427845489,16666666,155429267448,155429489614,155429523656,155430209156,155443827031,1292,74584,155443827031,155430641781,0,155430209156,
0,46878,155443335700,155443335700,-698946563,155444603489,155445355823,155446325448,155446378906,155476669032,155444597281,16666666,155446571364,155446709031,155446752281,155447887823,155460873490,1833,196042,155460873490,155449035323,0,155447887823,
0,46886,155460002366,155460002366,-590782465,155461021531,155461600323,155461852740,155461887656,155493335698,155461015656,16666666,155462057948,155462562615,155462650531,155463650490,155477469656,1750,116875,155477469656,155464562073,0,155463650490,
0,46894,155476669032,155476669032,-775308969,155477951448,155478788531,155479412740,155479473906,155510002364,155477945531,16666666,155479757906,155479973406,155480095781,155480830781,155493919156,2334,218583,155493919156,155481581448,0,155480830781,
0,46902,155493335698,155493335698,-79871875,155494190073,155494744031,155494924490,155494952698,155526669030,155494184906,16666666,155495101698,155495302240,155496163448,155496920698,155510467365,1584,75458,155510467365,155497406990,0,155496920698,
0,46910,155510002364,155510002364,-7690825,155511075031,155511652115,155511825865,155511852156,155543335696,155511069781,16666666,155511995073,155512470448,155512524615,155513068531,155527185490,1917,113500,155527185490,155513691906,0,155513068531,
0,46918,155526669030,155526669030,-18567377,155527636781,155528545573,155529514490,155529551156,155560002362,155527630948,16666666,155529704240,155529790781,155529819740,155530897948,155543967531,1417,86500,155543967531,155531414740,0,155530897948,
0,46926,155543335696,155543335696,-902149902,155544707781,155545616740,155546270198,155546319990,155576669028,155544702073,16666666,155546503698,155546642448,155546694698,155547410823,155560917948,2916,431375,155560917948,155548545531,0,155547410823,
0,46934,155560002362,155560002362,-566663464,155561060656,155561798865,155561975031,155562001031,155593335694,155561055531,16666666,155562144156,155562589198,155562621781,155563101073,155577399781,234083,70958,155577399781,155563851948,0,155563101073,
0,46942,155576669028,155576669028,-904242082,155577718990,155578342156,155579002240,155579029740,155610002360,155577713990,16666666,155579172073,155579361406,155579611948,155580243573,155593716573,3375,200833,155593716573,155580994031,0,155580243573,
0,46950,155593335694,155593335694,-900848160,155594473323,155594987656,155595137448,155595161198,155626669026,155594468031,16666666,155595296490,155595493115,155595529823,155596485781,155610691156,1541,61250,155610691156,155596989573,0,155596485781,
0,46958,155610002360,155610002360,-547953538,155611141115,155612441073,155612803781,155612860615,155643335692,155611135323,16666666,155613109781,155613339573,155614124615,155614693406,155627315323,1917,159458,155627315323,155615342323,0,155614693406,
0,46966,155626669026,155626669026,-463208729,155627635406,155628404990,155628676198,155628725615,155660002358,155627628531,16666666,155628950781,155629433115,155629714615,155630508990,155643886906,1958,96833,155643886906,155631017365,0,155630508990,
0,46974,155643335692,155643335692,-941449751,155644624823,155645208281,155645378990,155645404698,155676669024,155644619198,16666666,155645735490,155646123823,155646199906,155647009906,155660568490,1958,120458,155660568490,155647660781,0,155647009906,
0,46982,155660002358,155660002358,-861426506,155660837531,155661349698,155662409781,155662452823,155693335690,155660831906,16666666,155662649823,155662774865,155662818865,155663584031,155677049406,2542,163167,155677049406,155664172948,0,155663584031,
0,46990,155676669024,155676669024,-660134939,155677479531,155678664490,155678874240,155678905365,155710002356,155677474573,16666666,155679503823,155679673656,155679712490,155680599990,155693805323,3458,278500,155693805323,155681399281,0,155680599990,
0,46998,155693335690,155693335690,-774072330,155694120573,155694733573,155694944740,155694974240,155726669022,155694114656,16666666,155695135865,155695351156,155695822198,155696774740,155710791865,1750,90541,155710791865,155697286448,0,155696774740,
0,47006,155710002356,155710002356,-42183016,155711125906,155712378031,155712602823,155712636490,155743335688,155711119615,16666666,155712785781,155712953573,155712991156,155714254990,155727204906,2334,190166,155727204906,155714935990,0,155714254990,
0,47014,155726669022,155726669022,-861139597,155727898073,155728917698,155729091281,155729121156,155760002354,155727731781,16666666,155729402990,155729438573,155729464906,155730555698,155743960990,2083,110209,155743960990,155731224281,0,155730555698,
0,47022,155743335688,155743335688,-802373762,155744912740,155745889615,155746105781,155746135698,155776669020,155744907406,16666666,155746282240,155746441198,155746502323,155747279823,155761096531,2750,542459,155761096531,155748503573,0,155747279823,
0,47030,155760002354,155760002354,-625148193,155761524615,155762091406,155762319531,155762357031,155793335686,155761519323,16666666,155762546740,155762776365,155762801656,155763837448,155777627198,2167,326583,155777627198,155766297365,0,155763837448,
0,47038,155776669020,155776669020,-493639414,155777892406,155777908531,155779779823,155779823031,155810002352,155777887073,16666666,155780627073,155780797490,155780835865,155781495781,155793764948,1583,139958,155793764948,155782181615,0,155781495781,
0,47046,155793335686,155793335686,0,155794305448,155794306365,155794863031,155794906073,155826669018,155794300073,16666666,155795100906,155795603323,155795964656,155797656406,155810859948,2416,222792,155810859948,155798623906,0,155797656406,
0,47054,155810002352,155810002352,0,155811201531,155811202448,155811818615,155811859156,155843335684,155811196115,16666666,155815091240,155815188531,155815231240,155815594198,155827302406,1667,238709,155827302406,155816492073,0,155815594198,
0,47062,155826669018,155826669018,0,155828108323,155828109115,155828892198,155828934115,155860002350,155828102531,16666666,155830671698,155830766740,155830804698,155831157365,155843922240,2167,292209,155843922240,155832257365,0,155831157365,
0,47077,155860002350,155860002350,-1022045756,155860881573,155861457573,155862316531,155862345240,155876669016,155860875990,16666666,155862685240,155862799615,155862909906,155863216823,155877292073,2125,521459,155877292073,155864579990,0,155863216823,
0,47085,155876669016,155876669016,-596057611,155877777198,155878208740,155881030781,155881063448,155910002348,155877771865,16666666,155881191740,155881334323,155881378865,155881966281,155894141365,1750,240083,155894141365,155882663656,0,155881966281,
0,47093,155893335682,155893335682,-174872525,155894302156,155894762656,155894951365,155894977698,155926669014,155894296406,16666666,155895130198,155895512073,155895564490,155896738406,155910523990,1833,235542,155910523990,155897462531,0,155896738406,
0,47101,155910002348,155910002348,-39505358,155910889115,155912640990,155912914281,155913353115,155943335680,155910883448,16666666,155913530573,155913544115,155913579698,155914281740,155927106115,1750,97500,155927106115,155914892823,0,155914281740,
0,47109,155926669014,155926669014,-239973562,155927533990,155927956781,155928425198,155928451573,155960002346,155927528073,16666666,155928595281,155928614490,155928746781,155929655990,155944621323,1541,197375,155944621323,155930272906,0,155929655990,
0,47117,155943335680,155943335680,-117469668,155944681740,155946043198,155946364906,155946392448,155976669012,155944676448,16666666,155946539406,155946552948,155946570240,155947373323,155960537531,1667,85917,155960537531,155947856906,0,155947373323,
0,47125,155960002346,155960002346,-706745091,155961148656,155961608740,155961799615,155961828031,155993335678,155961143406,16666666,155961972281,155962286823,155962362240,155963280490,155977221490,1917,143125,155977221490,155963940240,0,155963280490,
0,47133,155976669012,155976669012,-386951571,155977701073,155978137198,155978363948,155978389865,156010002344,155977695240,16666666,155978540573,155978709990,155978920115,155980358365,155994095406,1708,98958,155994095406,155981121490,0,155980358365,
0,47141,155993335678,155993335678,-556852909,155994348531,155994994740,155995173448,155995223240,156026669010,155994342906,16666666,155995384906,155995786156,155995855615,155997200656,156010595823,1458,149666,156010595823,155997900823,0,155997200656,
0,47149,156010002344,156010002344,-466342753,156011314990,156012261490,156012702656,156012730990,156043335676,156011309156,16666666,156012869198,156013325156,156013397240,156013945531,156027295281,1792,186292,156027295281,156014614781,0,156013945531,
0,47157,156026669010,156026669010,-931012104,156027696406,156028367156,156028530490,156028556281,156060002342,156027691031,16666666,156028693240,156029031031,156029062823,156029917448,156043971948,2042,241041,156043971948,156030750906,0,156029917448,
0,47165,156043335676,156043335676,-302943273,156044416031,156045212740,156045383823,156045410573,156076669008,156044409698,16666666,156045561323,156045873948,156045912865,156046824406,156060794990,1709,177291,156060794990,156047581531,0,156046824406,
0,47173,156060002342,156060002342,-1071653857,156060991781,156062025073,156062347365,156062402073,156093335674,156060986198,16666666,156062651031,156062819906,156062857990,156063559156,156077450698,2417,330875,156077450698,156064397115,0,156063559156,
0,47181,156076669008,156076669008,-230018261,156077668073,156078258531,156078525156,156078576656,156110002340,156077662156,16666666,156078755698,156078940115,156078959781,156079572323,156093852031,1541,121958,156093852031,156080587823,0,156079572323,
0,47189,156093335674,156093335674,-368102986,156094210490,156094835406,156095038115,156095553865,156126669006,156094204990,16666666,156095714365,156095869615,156095902115,156097121656,156110680365,12083,138416,156110680365,156098136906,0,156097121656,
0,47197,156110002340,156110002340,-172104486,156111062156,156111609781,156111778365,156111814990,156143335672,156111056906,16666666,156111968490,156112375656,156112407781,156113485031,156127281281,1833,90084,156127281281,156114270531,0,156113485031,
0,47205,156126669006,156126669006,-826620862,156127749573,156129118323,156129288365,156129311948,156160002338,156127744448,16666666,156129447781,156130071823,156130221073,156131212281,156143972990,2584,279209,156143972990,156132167781,0,156131212281,
0,47213,156143335672,156143335672,-994051078,156144334490,156144791240,156144966781,156144991865,156176669004,156144328906,16666666,156145158698,156145853990,156145889115,156146387198,156160704323,514166,89375,156160704323,156147440990,0,156146387198,
0,47221,156160002338,156160002338,-1050761699,156160780782,156161530782,156161766948,156161801448,156193335670,156160775323,16666666,156161957907,156162740073,156162838990,156163628990,156177331073,1875,144375,156177331073,156164401782,0,156163628990,
0,47229,156176669004,156176669004,-248377208,156178031573,156178827490,156179127157,156179182865,156210002336,156178024865,16666666,156179402323,156179607157,156179882573,156180737615,156193805907,2291,99541,156193805907,156181291323,0,156180737615,
0,47237,156193335670,156193335670,-537886262,156194077157,156194649782,156194851157,156194880073,156226669002,156194071782,16666666,156195042823,156195373407,156195417823,156196671073,156198161365,1750,425291,156198128823,156198161365,0,156196671073,
0,47245,156210002336,156210002336,-260148869,156211165532,156211179407,156211875573,156211916990,156243335668,156211159657,16666666,156212433323,156212715657,156212749365,156213637532,156227157323,2083,162625,156227157323,156214318573,0,156213637532,
0,47253,156226669002,156226669002,0,156227755740,156227756407,156228513448,156228552323,156260002334,156227750573,16666666,156228699282,156228823657,156228841573,156230024823,156243905532,2167,215792,156243905532,156230926282,0,156230024823,
0,47261,156243335668,156243335668,0,156244311407,156244312198,156244312573,156244361698,156276669000,156244306490,16666666,156244665948,156244760865,156244812282,156245498573,156260730198,784125,90542,156260730198,156246937448,0,156245498573,
0,47269,156260002334,156260002334,0,156260698323,156260699198,156260699740,156260752073,156293335666,156260693198,16666666,156261229823,156261396948,156261432865,156262100490,156277495365,2333,322042,156277495365,156262990073,0,156262100490,
0,47277,156276669000,156276669000,0,156277512198,156277513115,156277513615,156277575032,156310002332,156277506490,16666666,156277933157,156278084865,156278147823,156279822365,156293840407,2125,102292,156293840407,156280490323,0,156279822365,
0,47285,156293335666,156293335666,0,156295090740,156295091573,156295092157,156295151490,156326668998,156295085448,16666666,156295602698,156295707907,156295753907,156296935032,156310696240,1959,182792,156310696240,156297552448,0,156296935032,
0,47293,156310002332,156310002332,0,156310859323,156310860198,156310860657,156310913323,156343335664,156310853032,16666666,156311248615,156311381532,156311418740,156312561823,156327376698,1500,132208,156327376698,156313114198,0,156312561823,
0,47301,156326668998,156326668998,0,156327564073,156327564907,156327565323,156327615490,156360002330,156327558948,16666666,156327941240,156328212323,156328322782,156329280948,156343963698,1667,213458,156343963698,156329963948,0,156329280948,
0,47309,156343335664,156343335664,0,156344500073,156344500907,156344501323,156344556615,156376668996,156344494948,16666666,156344875532,156345037615,156345114990,156346197115,156360714823,1667,69875,156360714823,156346637990,0,156346197115,
0,47317,156360002330,156360002330,0,156360811240,156360811907,156360812282,156360863365,156393335662,156360805490,16666666,156361331657,156361472115,156361573157,156362362157,156377390157,1792,148375,156377390157,156362979782,0,156362362157,
0,47325,156376668996,156376668996,0,156377499157,156377499990,156377500407,156377558407,156410002328,156377493907,16666666,156377885573,156378066198,156378120198,156379155323,156393827323,2083,147875,156393827323,156379788323,0,156379155323,
0,47333,156393335662,156393335662,0,156394063240,156394064073,156394064490,156394116073,156426668994,156394058032,16666666,156394499323,156394796365,156394830823,156395505448,156410543490,1916,298791,156410543490,156396981907,0,156395505448,
0,47341,156410002328,156410002328,0,156411122407,156411123407,156411123823,156411176198,156443335660,156411117073,16666666,156411505657,156411682115,156411721740,156412891365,156427297323,1541,74583,156427297323,156413461198,0,156412891365,
0,47349,156426668994,156426668994,0,156427681073,156427682282,156427682865,156427742240,156460002326,156427675698,16666666,156428523157,156428769990,156428837115,156429828490,156444069740,2791,344833,156444069740,156430718198,0,156429828490,
0,47357,156443335660,156443335660,0,156444680907,156444681782,156444682240,156444739448,156476668992,156444675448,16666666,156445068490,156445321323,156445416740,156446043698,156461091740,1625,77542,156461091740,156446599407,0,156446043698,
0,47365,156460002326,156460002326,0,156461005657,156461006448,156461006823,156461060948,156493335658,156461000407,16666666,156461494157,156461732198,156461768907,156462607323,156477348782,17833,148792,156477348782,156463554990,0,156462607323,
0,47373,156476668992,156476668992,0,156477671907,156477673157,156477673698,156477745198,156510002324,156477665865,16666666,156478556490,156478919907,156478984698,156479607532,156493881157,1375,120667,156493881157,156480130448,0,156479607532,
0,47381,156493335658,156493335658,0,156494400990,156494401740,156494402198,156494455948,156526668990,156494395490,16666666,156494782157,156495144448,156495345698,156496129907,156510550407,4708,336000,156510550407,156496878990,0,156496129907,
0,47389,156510002324,156510002324,0,156510984657,156510985490,156510985865,156511036448,156543335656,156510979323,16666666,156511344948,156511615407,156512211032,156513031323,156527131823,2292,90125,156527131823,156513880240,0,156513031323,
0,47397,156526668990,156526668990,0,156527457698,156527458323,156527458698,156527509615,156560002322,156527452657,16666666,156527827573,156527951740,156528397615,156529838282,156543852073,2333,246042,156543852073,156530998698,0,156529838282,
0,47405,156543335656,156543335656,0,156544778157,156544779032,156544779448,156544839115,156576668988,156544772657,16666666,156545243323,156545581323,156545619698,156546279448,156560976490,1917,78958,156560976490,156546764282,0,156546279448,
0,47413,156560002322,156560002322,0,156561350490,156561351323,156561351740,156561407573,156576668988,156561344823,16666666,156561744282,156562233698,156562333240,156562916990,154543789031,1750,97959,154543789031,156563497573,0,156562916990,
---PROFILEDATA---


View hierarchy:

  dev.polski.grammarmatrix/dev.polski.grammarmatrix.GlassBenchmarkActivity/android.view.ViewRootImpl@99722a9
  7 views, 12.02 kB of render nodes


Total ViewRootImpl   : 1
Total attached Views : 7
Total RenderNode     : 12.02 kB (used) / 36.09 kB (capacity)

