Applications Graphics Acceleration Info:
Uptime: 98617 Realtime: 98617

** Graphics info for pid 2378 [dev.polski.grammarmatrix] **

Stats since: 92844955876ns
Total frames rendered: 336
Janky frames: 11 (3.27%)
Janky frames (legacy): 50 (14.88%)
50th percentile: 17ms
90th percentile: 22ms
95th percentile: 24ms
99th percentile: 32ms
Number Missed Vsync: 0
Number High input latency: 380
Number Slow UI thread: 1
Number Slow bitmap uploads: 0
Number Slow issue draw commands: 8
Number Frame deadline missed: 11
Number Frame deadline missed (legacy): 5
HISTOGRAM: 5ms=6 6ms=5 7ms=0 8ms=2 9ms=0 10ms=2 11ms=0 12ms=1 13ms=1 14ms=1 15ms=2 16ms=63 17ms=168 18ms=24 19ms=9 20ms=6 21ms=7 22ms=11 23ms=7 24ms=8 25ms=1 26ms=4 27ms=0 28ms=2 29ms=0 30ms=2 31ms=0 32ms=3 34ms=0 36ms=1 38ms=0 40ms=0 42ms=0 44ms=0 46ms=0 48ms=0 53ms=0 57ms=0 61ms=0 65ms=0 69ms=0 73ms=0 77ms=0 81ms=0 85ms=0 89ms=0 93ms=0 97ms=0 101ms=0 105ms=0 109ms=0 113ms=0 117ms=0 121ms=0 125ms=0 129ms=0 133ms=0 150ms=0 200ms=0 250ms=0 300ms=0 350ms=0 400ms=0 450ms=0 500ms=0 550ms=0 600ms=0 650ms=0 700ms=0 750ms=0 800ms=0 850ms=0 900ms=0 950ms=0 1000ms=0 1050ms=0 1100ms=0 1150ms=0 1200ms=0 1250ms=0 1300ms=0 1350ms=0 1400ms=0 1450ms=0 1500ms=0 1550ms=0 1600ms=0 1650ms=0 1700ms=0 1750ms=0 1800ms=0 1850ms=0 1900ms=0 1950ms=0 2000ms=0 2050ms=0 2100ms=0 2150ms=0 2200ms=0 2250ms=0 2300ms=0 2350ms=0 2400ms=0 2450ms=0 2500ms=0 2550ms=0 2600ms=0 2650ms=0 2700ms=0 2750ms=0 2800ms=0 2850ms=0 2900ms=0 2950ms=0 3000ms=0 3050ms=0 3100ms=0 3150ms=0 3200ms=0 3250ms=0 3300ms=0 3350ms=0 3400ms=0 3450ms=0 3500ms=0 3550ms=0 3600ms=0 3650ms=0 3700ms=0 3750ms=0 3800ms=0 3850ms=0 3900ms=0 3950ms=0 4000ms=0 4050ms=0 4100ms=0 4150ms=0 4200ms=0 4250ms=0 4300ms=0 4350ms=0 4400ms=0 4450ms=0 4500ms=0 4550ms=0 4600ms=0 4650ms=0 4700ms=0 4750ms=0 4800ms=0 4850ms=0 4900ms=0 4950ms=0
50th gpu percentile: 14ms
90th gpu percentile: 17ms
95th gpu percentile: 19ms
99th gpu percentile: 4950ms
GPU HISTOGRAM: 1ms=1 2ms=9 3ms=8 4ms=3 5ms=2 6ms=1 7ms=1 8ms=2 9ms=5 10ms=5 11ms=21 12ms=36 13ms=53 14ms=91 15ms=46 16ms=13 17ms=11 18ms=5 19ms=9 20ms=6 21ms=2 22ms=1 23ms=0 24ms=1 25ms=0 4950ms=4

Pipeline=Skia (OpenGL)
Memory policy:
  Max surface area: 2592000
  Max resource usage: 124.42MB (x48)
  Background retention: 50% (altUiHidden = true)
  GPU Context timeout: 10
Contexts: 1 (stopped = 0)
CPU Caches:
  Glyph Cache: 33.70 KB (1 entry)
  Glyph Count: 11 
Total CPU memory usage:
  34510 bytes, 33.70 KB (0.00 bytes is purgeable)
GPU Caches:
  Other:
    Other: 49.27 KB (1 entry)
    Buffer Object: 36.00 KB (1 entry)
  Scratch:
    RenderTarget: 11.88 MB (1 entry)
    Buffer Object: 110.00 KB (3 entries)
    Texture: 2.00 MB (1 entry)
Total GPU memory usage:
  14748944 bytes, 14.07 MB (68.00 KB is purgeable)

GraphicBufferAllocator buffers:
        Handle |        Size |     W (Stride) x H | Layers |   Format |      Usage | Requestor
0xb400007b2c426750 |     unknown | 1080 (   0) x 2400 |      1 |        1 | 0x     b00 | VRI[GlassBenchmarkActivity]#0(BLAST Consumer)0
0xb400007b2c426d80 |     unknown | 1080 (   0) x 2400 |      1 |        1 | 0x     b00 | VRI[GlassBenchmarkActivity]#0(BLAST Consumer)0
0xb400007b2c437e50 |     unknown | 1080 (   0) x 2400 |      1 |        1 | 0x     b00 | VRI[GlassBenchmarkActivity]#0(BLAST Consumer)0
Total allocated by GraphicBufferAllocator (estimate): 0.00 KB
GoldfishAllocator::dumpDebugInfo is not implemented
Profile data in ms:

	dev.polski.grammarmatrix/dev.polski.grammarmatrix.GlassBenchmarkActivity/android.view.ViewRootImpl@fa10819 (visibility=0)
Window: dev.polski.grammarmatrix/dev.polski.grammarmatrix.GlassBenchmarkActivity
Stats since: 92844954793ns
Total frames rendered: 336
Janky frames: 11 (3.27%)
Janky frames (legacy): 50 (14.88%)
50th percentile: 17ms
90th percentile: 22ms
95th percentile: 24ms
99th percentile: 32ms
Number Missed Vsync: 0
Number High input latency: 380
Number Slow UI thread: 1
Number Slow bitmap uploads: 0
Number Slow issue draw commands: 8
Number Frame deadline missed: 11
Number Frame deadline missed (legacy): 5
HISTOGRAM: 5ms=6 6ms=5 7ms=0 8ms=2 9ms=0 10ms=2 11ms=0 12ms=1 13ms=1 14ms=1 15ms=2 16ms=63 17ms=168 18ms=24 19ms=9 20ms=6 21ms=7 22ms=11 23ms=7 24ms=8 25ms=1 26ms=4 27ms=0 28ms=2 29ms=0 30ms=2 31ms=0 32ms=3 34ms=0 36ms=1 38ms=0 40ms=0 42ms=0 44ms=0 46ms=0 48ms=0 53ms=0 57ms=0 61ms=0 65ms=0 69ms=0 73ms=0 77ms=0 81ms=0 85ms=0 89ms=0 93ms=0 97ms=0 101ms=0 105ms=0 109ms=0 113ms=0 117ms=0 121ms=0 125ms=0 129ms=0 133ms=0 150ms=0 200ms=0 250ms=0 300ms=0 350ms=0 400ms=0 450ms=0 500ms=0 550ms=0 600ms=0 650ms=0 700ms=0 750ms=0 800ms=0 850ms=0 900ms=0 950ms=0 1000ms=0 1050ms=0 1100ms=0 1150ms=0 1200ms=0 1250ms=0 1300ms=0 1350ms=0 1400ms=0 1450ms=0 1500ms=0 1550ms=0 1600ms=0 1650ms=0 1700ms=0 1750ms=0 1800ms=0 1850ms=0 1900ms=0 1950ms=0 2000ms=0 2050ms=0 2100ms=0 2150ms=0 2200ms=0 2250ms=0 2300ms=0 2350ms=0 2400ms=0 2450ms=0 2500ms=0 2550ms=0 2600ms=0 2650ms=0 2700ms=0 2750ms=0 2800ms=0 2850ms=0 2900ms=0 2950ms=0 3000ms=0 3050ms=0 3100ms=0 3150ms=0 3200ms=0 3250ms=0 3300ms=0 3350ms=0 3400ms=0 3450ms=0 3500ms=0 3550ms=0 3600ms=0 3650ms=0 3700ms=0 3750ms=0 3800ms=0 3850ms=0 3900ms=0 3950ms=0 4000ms=0 4050ms=0 4100ms=0 4150ms=0 4200ms=0 4250ms=0 4300ms=0 4350ms=0 4400ms=0 4450ms=0 4500ms=0 4550ms=0 4600ms=0 4650ms=0 4700ms=0 4750ms=0 4800ms=0 4850ms=0 4900ms=0 4950ms=0
50th gpu percentile: 14ms
90th gpu percentile: 17ms
95th gpu percentile: 19ms
99th gpu percentile: 4950ms
GPU HISTOGRAM: 1ms=1 2ms=9 3ms=8 4ms=3 5ms=2 6ms=1 7ms=1 8ms=2 9ms=5 10ms=5 11ms=21 12ms=36 13ms=53 14ms=91 15ms=46 16ms=13 17ms=11 18ms=5 19ms=9 20ms=6 21ms=2 22ms=1 23ms=0 24ms=1 25ms=0 4950ms=4



---PROFILEDATA---
Flags,FrameTimelineVsyncId,IntendedVsync,Vsync,InputEventId,HandleInputStart,AnimationStart,PerformTraversalsStart,DrawStart,FrameDeadline,FrameInterval,FrameStartTime,SyncQueued,SyncStart,IssueDrawCommandsStart,SwapBuffers,FrameCompleted,DequeueBufferDuration,QueueBufferDuration,GpuCompleted,SwapBuffersCompleted,DisplayPresentTime,CommandSubmissionCompleted,
0,17534,96576671388,96576671388,-878418280,96578052378,96578800086,96578984503,96579011878,96610004720,96578045836,16666666,96579163670,96579504378,96579540045,96582248920,96593992253,2125,215459,96593992253,96583944586,0,96582248920,
0,17542,96593338054,96593338054,-851190804,96594361295,96595152503,96595472961,96595541545,96626671386,96594354295,16666666,96595777211,96596291045,96596369836,96597739586,96610724961,1708,212541,96610724961,96598471878,0,96597739586,
0,17550,96610004720,96610004720,-371239352,96610990628,96612876711,96613123836,96613161753,96643338052,96610983711,16666666,96613369753,96613573753,96613607836,96614330795,96627106128,1666,113625,96627106128,96614879170,0,96614330795,
0,17558,96626671386,96626671386,-398612467,96627687378,96628406628,96628581128,96628617711,96660004718,96627681211,16666666,96628755211,96628864753,96629066086,96629718628,96643852920,2666,215917,96643852920,96630527295,0,96629718628,
0,17566,96643338052,96643338052,-711856321,96644256503,96644784336,96644988420,96645023711,96676671384,96644250503,16666666,96645229503,96645409128,96645450378,96646258211,96660829461,2333,402417,96660829461,96647052420,0,96646258211,
0,17574,96660004718,96660004718,-213271035,96661004086,96661590836,96661802461,96661837503,96693338050,96660997211,16666666,96662016670,96662339795,96662425295,96665036753,96677540961,1750,197792,96677540961,96665931503,0,96665036753,
0,17582,96676671384,96676671384,-663207408,96677970836,96678852336,96679491045,96679553211,96710004716,96677964003,16666666,96679797253,96680195795,96682822420,96684870586,96694006378,2042,148708,96694006378,96685818378,0,96684870586,
0,17590,96693338050,96693338050,-690733817,96694103878,96694619003,96694833420,96694859711,96726671382,96694097711,16666666,96695025753,96695072878,96695194461,96696856420,96710635670,1917,611958,96710635670,96698128920,0,96696856420,
0,17598,96710004716,96710004716,-122443635,96710984086,96711526628,96711735211,96711783836,96743338048,96710977461,16666666,96711958920,96712390670,96712424211,96713236753,96727429336,1375,73583,96727429336,96713823961,0,96713236753,
0,17606,96726671382,96726671382,-134535825,96727757670,96728632795,96728910420,96728936795,96760004714,96727751586,16666666,96729077336,96729364878,96729398586,96730166878,96744898878,2667,109667,96744898878,96730876253,0,96730166878,
0,17614,96743338048,96743338048,-84443185,96745039128,96745891253,96746072837,96746098295,96776671380,96745033087,16666666,96746247587,96746538087,96746571712,96747823962,96760980712,1333,81958,96760980712,96748429253,0,96747823962,
0,17622,96760004714,96760004714,-780650443,96761119253,96761781795,96762512712,96762830878,96793338046,96761113712,16666666,96763142503,96763239462,96763271545,96763827670,96777395712,2125,393500,96777395712,96764918837,0,96763827670,
0,17630,96776671380,96776671380,-778924183,96777735170,96778970920,96779448920,96779480795,96810004712,96777726753,16666666,96779647670,96779775295,96779807170,96780721670,96794673753,1250,92166,96794673753,96781275587,0,96780721670,
0,17638,96793338046,96793338046,-196694321,96795380253,96797634920,96797869378,96797905670,96826671378,96795374503,16666666,96798076753,96798300087,96798321920,96799198337,96810872462,1833,136333,96810872462,96799791253,0,96799198337,
0,17646,96810004712,96810004712,-404253326,96811298462,96812693212,96812944962,96812983878,96843338044,96811293128,16666666,96813170587,96813360253,96813390503,96814022753,96827204420,2250,168167,96827204420,96814770295,0,96814022753,
0,17654,96826671378,96826671378,-482109186,96827890295,96828474420,96828647420,96828672920,96860004710,96827885087,16666666,96829012503,96829157503,96829176170,96830257503,96845016795,2667,247500,96845016795,96831005295,0,96830257503,
0,17662,96843338044,96843338044,-12198769,96845179628,96845559712,96845711878,96845734087,96876671376,96845174337,16666666,96845875503,96845957670,96846107628,96847217837,96861236253,1917,203833,96861236253,96847866045,0,96847217837,
0,17670,96860004710,96860004710,-842573527,96861270378,96861847253,96862068628,96862121712,96893338042,96861263962,16666666,96862317378,96862459920,96862550920,96863741337,96877139253,2333,134000,96877139253,96864470628,0,96863741337,
0,17678,96876671376,96876671376,-369519217,96877547170,96878272295,96878500670,96878534087,96910004708,96877540045,16666666,96878683920,96878896045,96879153587,96880073378,96893679087,2209,487500,96893679087,96881118670,0,96880073378,
0,17686,96893338042,96893338042,-549146868,96894068878,96895212837,96896393337,96896423420,96926671374,96894063253,16666666,96897168045,96897301795,96897379587,96897775920,96911721545,7000,325666,96911721545,96899142920,0,96897775920,
0,17694,96910004708,96910004708,-81887220,96912322545,96913160420,96914410087,96914483170,96943338040,96912315378,16666666,96915517128,96915662878,96915763753,96916433337,96927613628,1333,75708,96927613628,96917271545,0,96916433337,
0,17702,96926671374,96926671374,-1046827242,96927857170,96928227087,96930460087,96930516253,96960004706,96927853045,16666666,96931137837,96931237712,96931278420,96931927462,96944448795,4334,813000,96944448795,96933650670,0,96931927462,
0,17717,96960004706,96960004706,0,96961387753,96961388795,96964775295,96964812045,96976671372,96961381795,16666666,96965219587,96965410212,96965473920,96966124920,96977645170,1916,118667,96977645170,96967070587,0,96966124920,
0,17725,96976671372,96976671372,0,96977862420,96977863920,96981689253,96981724962,97010004704,96977856962,16666666,96982136295,96982278878,96982340753,96983083837,96993965420,1584,137417,96993965420,96983923795,0,96983083837,
0,17733,96993338038,96993338038,0,96994373128,96994374170,96998096212,96998138670,97026671370,96994365462,16666666,96998147253,96998299170,96998383545,96998850378,97010458170,2583,234292,97010458170,96999853503,0,96998850378,
0,17748,97026671370,97026671370,-700533089,97027593545,97028367545,97029758087,97029784837,97043338036,97027588462,16666666,97030046337,97030139587,97030172587,97031192045,97044558587,3125,359291,97044558587,97033029753,0,97031192045,
0,17756,97043338036,97043338036,-650543889,97045040712,97046058503,97049165003,97049211128,97076671368,97045033628,16666666,97049978587,97050149670,97050216878,97050616920,97051539712,2583,346667,97051482712,97051539712,0,97050616920,
0,17764,97060004702,97060004702,-775944123,97062142670,97062653878,97064687628,97064866128,97093338034,97062136795,16666666,97064989253,97065107962,97065165212,97065770587,97077578837,2459,336208,97077578837,97066924045,0,97065770587,
0,17772,97076671368,97076671368,-304981712,97077781962,97078328212,97078610837,97078636420,97110004700,97077776087,16666666,97079291295,97079723462,97079807045,97080334670,97096863962,1791,92209,97096863962,97081082420,0,97080334670,
0,17780,97093338034,97093338034,-207387713,97097892253,97098304212,97098648670,97098675878,97126671366,97097885462,16666666,97099374628,97099457503,97099490920,97099794962,97110524253,1917,544292,97110524253,97100881212,0,97099794962,
0,17788,97110004700,97110004700,-266935864,97110733045,97111457378,97112465128,97112494628,97143338032,97110727795,16666666,97113220878,97113391670,97113470878,97114047628,97127390253,3167,113584,97127390253,97114738795,0,97114047628,
0,17796,97126671366,97126671366,-957938213,97127585712,97128561253,97128789420,97128821503,97160004698,97127579795,16666666,97128968837,97129129837,97129164545,97130309420,97131843753,2334,1030209,97131802920,97131843753,0,97130309420,
0,17804,97143338032,97143338032,-369446484,97144756837,97145269587,97145556962,97145599712,97176671364,97144750712,16666666,97145795587,97146213087,97146322628,97147120712,97161313462,1375,95167,97161313462,97147719087,0,97147120712,
0,17812,97160004698,97160004698,-483053855,97162286087,97162729545,97162864628,97162886753,97193338030,97162283045,16666666,97163021295,97163585045,97163614003,97164719462,97180249253,1458,219292,97180249253,97165513170,0,97164719462,
0,17820,97176671364,97176671364,-1026960350,97180591545,97181274295,97181444503,97181470378,97210004696,97180581253,16666666,97181606503,97181809878,97181853087,97182673128,97194300420,1541,151583,97194300420,97183213587,0,97182673128,
0,17828,97193338030,97193338030,-1068940132,97194084878,97194486795,97194659212,97194683212,97226671362,97194079920,16666666,97194819837,97195083795,97195221003,97197112795,97212368878,439250,330750,97212368878,97198358962,0,97197112795,
0,17836,97210004696,97210004696,-6208748,97212964503,97213395753,97213574545,97213598378,97243338028,97212958795,16666666,97213733212,97213974503,97214011420,97214563295,97227423545,41125,132500,97227423545,97215445503,0,97214563295,
0,17844,97226671362,97226671362,-909480505,97227791462,97228890837,97229063670,97229095087,97260004694,97227785587,16666666,97229231753,97229683337,97229842587,97230946337,97243947420,1708,122584,97243947420,97231871253,0,97230946337,
0,17852,97243338028,97243338028,-961671614,97244804920,97245426753,97245645503,97245682878,97276671360,97244798878,16666666,97245866712,97245979545,97246022045,97247025587,97260733920,1667,162333,97260733920,97247762087,0,97247025587,
0,17860,97260004694,97260004694,-550019296,97261024670,97261652003,97261895837,97261950587,97293338026,97261018503,16666666,97262277420,97262526045,97262654462,97263704920,97277397545,1750,214042,97277397545,97264605712,0,97263704920,
0,17868,97276671360,97276671360,-129290724,97277507378,97277875253,97278033837,97278057003,97310004692,97277502212,16666666,97278202587,97278428545,97278489878,97279601962,97293978253,1833,187542,97293978253,97280470170,0,97279601962,
0,17876,97293338026,97293338026,-25899549,97294066253,97294704128,97294881337,97294909545,97326671358,97294060712,16666666,97295045795,97295127962,97295485962,97296549587,97310490628,1250,286167,97310490628,97297206712,0,97296549587,
0,17884,97310004692,97310004692,-1031851595,97310838337,97311608378,97311977212,97312622253,97343338024,97310832420,16666666,97312813837,97313000003,97313134837,97313842337,97327342003,2958,471333,97327342003,97314823670,0,97313842337,
0,17892,97326671358,97326671358,-1055923374,97327484295,97328060920,97328240045,97328268087,97360004690,97327478753,16666666,97328412045,97328954628,97328996753,97330557712,97343948878,1958,178666,97343948878,97331368462,0,97330557712,
0,17900,97343338024,97343338024,-107940536,97344299837,97344872962,97345031628,97345055462,97376671356,97344294253,16666666,97345191795,97346174920,97346205587,97347051087,97360715628,1208,70834,97360715628,97347646337,0,97347051087,
0,17908,97360004690,97360004690,-304462065,97361033753,97361561962,97361742253,97361770462,97393338022,97361027795,16666666,97361914253,97362458378,97362499462,97363136628,97377455712,1916,110250,97377455712,97363813003,0,97363136628,
0,17916,97376671356,97376671356,-154450520,97378310212,97378325878,97379107753,97379263253,97410004688,97378304503,16666666,97379808462,97380518712,97380586837,97381371253,97393744212,1750,176584,97393744212,97382091295,0,97381371253,
0,17924,97393338022,97393338022,0,97394929295,97394930295,97395347837,97395384712,97426671354,97394923462,16666666,97395515128,97395604170,97395636920,97396889670,97410550712,1792,198375,97410550712,97397783712,0,97396889670,
0,17932,97410004688,97410004688,0,97411718878,97411720128,97411720503,97411779253,97443338020,97411712837,16666666,97412738462,97412837837,97412876295,97413428087,97427215170,1958,105334,97427215170,97413998295,0,97413428087,
0,17940,97426671354,97426671354,0,97427718670,97427719962,97427720628,97427776003,97460004686,97427712795,16666666,97428418212,97428676295,97428774462,97429446962,97443926379,1584,152959,97443926379,97430075837,0,97429446962,
0,17948,97443338020,97443338020,0,97444891920,97444892754,97444893295,97444941295,97476671352,97444886295,16666666,97445450879,97445691379,97445827295,97446726129,97460696045,1250,77875,97460696045,97447405837,0,97446726129,
0,17956,97460004686,97460004686,-879362095,97460811295,97461191545,97461272754,97461294295,97493338018,97460807712,16666666,97461419004,97461429212,97461445254,97462470170,97464969170,537417,1043292,97464386170,97464969170,0,97462470170,
0,17964,97476671352,97476671352,-144938722,97477490837,97478263962,97478593087,97478630129,97510004684,97477484587,16666666,97478817629,97479027337,97479059670,97480160337,97493866045,1625,82500,97493866045,97480716670,0,97480160337,
0,17972,97493338018,97493338018,-897784851,97494763129,97495727962,97495980545,97496551254,97526671350,97494756754,16666666,97496746004,97496853295,97496886420,97497416545,97510575462,2125,244875,97510575462,97498364337,0,97497416545,
0,17980,97510004684,97510004684,-815943340,97510991587,97511543420,97511704670,97511728920,97543338016,97510985795,16666666,97511886712,97512446087,97512481670,97513307087,97527365420,1917,373709,97527365420,97514178920,0,97513307087,
0,17988,97526671350,97526671350,-540652989,97527594004,97528664254,97529111962,97529149545,97560004682,97527588920,16666666,97529326962,97529433254,97529472337,97530461712,97543738170,1917,210458,97543738170,97531096170,0,97530461712,
0,17996,97543338016,97543338016,-993479390,97544244795,97544630670,97544790712,97544816795,97576671348,97544239379,16666666,97544964170,97545069670,97545133004,97546088629,97560728254,1833,349583,97560728254,97546939420,0,97546088629,
0,18004,97560004682,97560004682,-759515749,97560666379,97561121712,97561312004,97561338545,97593338014,97560661004,16666666,97561507587,97561782795,97561915754,97562897545,97577063504,2250,454250,97577063504,97563838129,0,97562897545,
0,18012,97576671348,97576671348,-485220604,97577678462,97578727045,97578902795,97578930920,97610004680,97577672462,16666666,97579069170,97579206837,97579290170,97580563795,97593887920,1417,216125,97593887920,97581446212,0,97580563795,
0,18020,97593338014,97593338014,-252580243,97594315920,97594732129,97594919629,97594943420,97626671346,97594310754,16666666,97595074504,97595256212,97595733795,97596950129,97610635420,1875,217958,97610635420,97597750295,0,97596950129,
0,18028,97610004680,97610004680,-878602871,97612565295,97613190962,97613363670,97613388712,97643338012,97612559379,16666666,97613528545,97613703045,97613805379,97614553004,97627292337,2209,122041,97627292337,97615219795,0,97614553004,
0,18036,97626671346,97626671346,-187328405,97627618754,97628321879,97628527629,97628559087,97660004678,97627612087,16666666,97628712795,97629102962,97629132629,97630105379,97643816879,2958,134416,97643816879,97630897629,0,97630105379,
0,18044,97643338012,97643338012,-5851811,97644280170,97644742670,97644892712,97644915504,97676671344,97644275295,16666666,97645048170,97645276754,97645352545,97646448504,97661222504,1208,68958,97661222504,97647323920,0,97646448504,
0,18052,97660004678,97660004678,-628524106,97661269587,97662377795,97662940004,97662975045,97693338010,97661263629,16666666,97663586670,97663725629,97663758712,97664456587,97678244670,2333,969459,97678244670,97666219212,0,97664456587,
0,18060,97676671344,97676671344,-193173818,97678589712,97678979129,97679155837,97679177587,97710004676,97678584004,16666666,97679307212,97679473670,97679491212,97681201962,97695633379,1666,71375,97695633379,97681941462,0,97681201962,
0,18068,97693338010,97693338010,-145950934,97695959712,97696700379,97697299504,97697338170,97726671342,97695954837,16666666,97697511004,97697543712,97697606295,97698394170,97710415129,2083,168959,97710415129,97699131004,0,97698394170,
0,18076,97710004676,97710004676,-552549739,97711077004,97711642420,97711798920,97711822545,97743338008,97711071504,16666666,97711961837,97711978879,97712158920,97712966879,97727636420,3791,150708,97727636420,97713574504,0,97712966879,
0,18084,97726671342,97726671342,-310033204,97727669670,97728431337,97728615879,97728641920,97760004674,97727664295,16666666,97728796670,97729252504,97729289712,97730557337,97743837170,2167,420334,97743837170,97731441295,0,97730557337,
0,18092,97743338008,97743338008,-619478568,97744799004,97745197254,97745362920,97745387504,97776671340,97744793129,16666666,97745619754,97746021629,97746065504,97746873545,97760663045,1416,111083,97760663045,97747404045,0,97746873545,
0,18100,97760004674,97760004674,-620037565,97761127254,97761869129,97762329212,97762360254,97793338006,97761121962,16666666,97762518920,97762798504,97762987420,97763673420,97777179879,4292,375375,97777179879,97764683420,0,97763673420,
0,18108,97776671340,97776671340,-1037953639,97777585629,97778395129,97779481337,97779523587,97810004672,97777579337,16666666,97779696629,97779802170,97779834920,97780838337,97793991337,1583,200625,97793991337,97781532587,0,97780838337,
0,18116,97793338006,97793338006,-88239994,97794088962,97794628545,97794832295,97794859962,97826671338,97794083879,16666666,97795425837,97795649462,97795729295,97796729420,97810556795,1666,185583,97810556795,97797666545,0,97796729420,
0,18124,97810004672,97810004672,-476379192,97811119920,97811132920,97812378045,97812420587,97843338004,97811114629,16666666,97812559045,97812713212,97812831129,97813519879,97827246670,2084,135250,97827246670,97814137712,0,97813519879,
0,18132,97826671338,97826671338,0,97827494837,97827495587,97828998712,97829039170,97860004670,97827489587,16666666,97829888045,97829971504,97830012379,97830277879,97832505045,2209,1435125,97832444504,97832505045,0,97830277879,
0,18140,97843338004,97843338004,0,97844373462,97844374629,97844854087,97844890379,97876671336,97844368379,16666666,97845727879,97845849254,97846077629,97846553379,97848535670,1958,1089916,97848421379,97848535670,0,97846553379,
0,18148,97860004670,97860004670,0,97861995712,97861997420,97862753712,97862795212,97893338002,97861989129,16666666,97865018295,97865110087,97865149629,97865534629,97877219504,1750,294500,97877219504,97866568587,0,97865534629,
0,18163,97893338002,97893338002,-336651758,97893924462,97894372337,97894640879,97894663254,97910004668,97893919295,16666666,97894876504,97895104504,97895193379,97895917795,97912084462,1833,95791,97912084462,97896699545,0,97895917795,
0,18171,97910004668,97910004668,-343479223,97912898295,97913576087,97914378337,97914408754,97943338000,97912892670,16666666,97914984837,97915162795,97915199837,97915532920,97927542754,2042,283459,97927542754,97916483712,0,97915532920,
0,18179,97926671334,97926671334,-446027765,97928152670,97929321337,97930680462,97930714629,97960004666,97928146337,16666666,97930834879,97930922295,97930968920,97931674629,97944560670,1959,108083,97944560670,97932403920,0,97931674629,
0,18187,97943338000,97943338000,-523577028,97944648837,97945567337,97946391129,97946431212,97976671332,97944643754,16666666,97946605795,97946878420,97946949129,97947600670,97961151795,1334,127333,97961151795,97948224670,0,97947600670,
0,18195,97960004666,97960004666,-47750312,97962568920,97963588629,97963861379,97963892504,97993337998,97962562837,16666666,97964258170,97964684254,97964761962,97965254087,97980545295,1542,161542,97980545295,97966050795,0,97965254087,
0,18203,97976671332,97976671332,-864163227,97980877295,97981920129,97982115295,97982141295,98010004664,97980873545,16666666,97982271920,97982279004,97982312004,97983231837,97993893670,1875,120125,97993893670,97983943837,0,97983231837,
0,18211,97993337998,97993337998,-623558275,97994194712,97994524504,97994658795,97994677670,98026671330,97994190712,16666666,97994790629,97994800504,97995551087,97996744379,98013077879,2417,150125,98013077879,97997510754,0,97996744379,
0,18219,98010004664,98010004664,-445700805,98013743212,98014646754,98014946004,98015000670,98043337996,98013736545,16666666,98015223795,98015398170,98015444920,98016825212,98029356129,1917,146500,98029356129,98017795879,0,98016825212,
0,18227,98026671330,98026671330,-483026046,98029258504,98029606420,98029748545,98029768962,98060004662,98029253837,16666666,98029894045,98030058379,98030110545,98031021545,98044449462,2834,157750,98044449462,98031995212,0,98031021545,
0,18235,98043337996,98043337996,-763826852,98045081670,98045794962,98046047629,98046092795,98076671328,98045074962,16666666,98046292754,98046438837,98046478420,98047156462,98062032170,2708,212625,98062032170,98047882212,0,98047156462,
0,18243,98060004662,98060004662,-892453441,98062897545,98064132795,98064306004,98064329379,98093337994,98062892337,16666666,98064459879,98064543712,98064578879,98065625045,98077104004,1375,123833,98077104004,98066198879,0,98065625045,
0,18251,98076671328,98076671328,-938012301,98077651879,98078257795,98078548879,98078601337,98110004660,98077646337,16666666,98078808170,98079079795,98079129462,98079827587,98094129170,2041,221959,98094129170,98081206587,0,98079827587,
0,18259,98093337994,98093337994,-470419677,98094462962,98094986962,98095158712,98095184254,98126671326,98094457462,16666666,98095349962,98095532962,98095568462,98097361712,98110617837,1958,94500,98110617837,98098007545,0,98097361712,
0,18267,98110004660,98110004660,-801229959,98111018962,98111611504,98112389587,98112426170,98143337992,98111013462,16666666,98112592337,98112955212,98113042462,98113661629,98127157837,2166,147417,98127157837,98114569587,0,98113661629,
0,18275,98126671326,98126671326,-786897968,98127859587,98128751670,98128956795,98128987129,98160004658,98127854587,16666666,98129158837,98129331045,98129856170,98130886754,98144544879,5833,162459,98144544879,98131789212,0,98130886754,
0,18283,98143337992,98143337992,-1037823160,98145802379,98146349962,98146542546,98146574671,98176671324,98145795962,16666666,98146732712,98146915212,98147004629,98147642212,98160643546,2083,150125,98160643546,98148338587,0,98147642212,
0,18291,98160004658,98160004658,-176975484,98161588337,98162229212,98162528504,98162577712,98193337990,98161583171,16666666,98162789504,98162970462,98163035379,98163549046,98177346171,1541,135166,98177346171,98164105962,0,98163549046,
0,18299,98176671324,98176671324,-746125387,98177726671,98178213171,98178376921,98178399796,98210004656,98177721212,16666666,98178549212,98178564212,98178602629,98180465421,98194347921,1917,114292,98194347921,98181116504,0,98180465421,
0,18307,98193337990,98193337990,-459314531,98194650296,98195303796,98195571254,98195618546,98226671322,98194644421,16666666,98195839796,98196297171,98196320921,98197167462,98210589629,2125,136167,98210589629,98197932171,0,98197167462,
0,18315,98210004656,98210004656,-913094161,98210951879,98211525337,98211713504,98211750587,98243337988,98210945379,16666666,98211888546,98212477796,98212534879,98213226921,98227421671,1792,169125,98227421671,98213872671,0,98213226921,
0,18323,98226671322,98226671322,-444573398,98228149254,98229027421,98229214796,98229240171,98260004654,98228144337,16666666,98229403629,98229555129,98229589671,98230502504,98232982754,1417,93084,98232944671,98232982754,0,98230502504,
0,18331,98243337988,98243337988,-565943997,98245029796,98245048629,98246233754,98246278337,98276671320,98245022921,16666666,98246421171,98246647504,98246697796,98247593421,98261118962,1750,210041,98261118962,98248245587,0,98247593421,
0,18339,98260004654,98260004654,0,98262235587,98262236796,98262638837,98262673171,98293337986,98262230046,16666666,98263283129,98263387837,98263493504,98264602379,98277247546,1459,91333,98277247546,98265204837,0,98264602379,
0,18347,98276671320,98276671320,0,98277545504,98277546504,98277547087,98277609462,98310004652,98277539171,16666666,98278041171,98278596712,98278647087,98279351754,98293867171,6250,279625,98293867171,98280449712,0,98279351754,
0,18355,98293337986,98293337986,0,98294225337,98294226254,98294226879,98294285004,98326671318,98294219504,16666666,98294820587,98294999629,98295180421,98295778296,98310629504,1709,325875,98310629504,98296708504,0,98295778296,
0,18363,98310004652,98310004652,0,98311112712,98311113296,98311113712,98311164921,98343337984,98311107296,16666666,98311510462,98311810254,98311920712,98313014462,98327541796,1500,114000,98327541796,98313608921,0,98313014462,
0,18371,98326671318,98326671318,0,98328441337,98328442087,98328442504,98328493712,98360004650,98328435921,16666666,98329027796,98329194087,98329230212,98330367754,98343997629,1541,83625,98343997629,98330902212,0,98330367754,
0,18379,98343337984,98343337984,0,98344689879,98344690754,98344691296,98344740837,98376671316,98344684379,16666666,98345067837,98345235754,98345331087,98346413129,98361397046,1708,179625,98361397046,98347040754,0,98346413129,
0,18387,98360004650,98360004650,0,98362053546,98362054546,98362054962,98362102379,98393337982,98362048379,16666666,98362443212,98362731671,98362865171,98363526796,98377244212,1584,77917,98377244212,98363998421,0,98363526796,
0,18395,98376671316,98376671316,0,98377627879,98377629337,98377629962,98377698837,98410004648,98377621171,16666666,98378154254,98379010379,98379085796,98380311962,98393815879,1458,150667,98393815879,98380904879,0,98380311962,
0,18403,98393337982,98393337982,0,98394179837,98394181337,98394181837,98394250004,98426671314,98394172962,16666666,98394831962,98395103296,98395147462,98395808004,98410725087,1250,51625,98410725087,98396414629,0,98395808004,
0,18411,98410004648,98410004648,0,98411290962,98411292129,98411292712,98411358046,98443337980,98411284254,16666666,98411905546,98412722629,98412763671,98413433671,98427673546,4459,316666,98427673546,98414587962,0,98413433671,
0,18419,98426671314,98426671314,0,98427735546,98427736212,98427736754,98427790421,98460004646,98427729921,16666666,98429072462,98429234379,98429356587,98429959546,98444224587,1291,53334,98444224587,98430596796,0,98429959546,
0,18427,98443337980,98443337980,0,98444843212,98444844129,98444844629,98444897296,98476671312,98444836921,16666666,98445234046,98445616046,98445666879,98446401046,98461296879,2500,487000,98461296879,98447668879,0,98446401046,
0,18435,98460004646,98460004646,0,98461317171,98461317837,98461318212,98461368671,98493337978,98461312046,16666666,98462121837,98462393379,98462428879,98463690921,98477245879,2083,157083,98477245879,98464828671,0,98463690921,
0,18443,98476671312,98476671312,0,98477336379,98477337212,98477337796,98477477462,98510004644,98477331212,16666666,98478070129,98478205379,98478245796,98479028296,98494250712,211083,180709,98494250712,98479907546,0,98479028296,
0,18451,98493337978,98493337978,0,98494671712,98494672421,98494672879,98494720546,98526671310,98494666421,16666666,98495019087,98495120421,98495171879,98496530462,98510555421,1416,70042,98510555421,98497098629,0,98496530462,
0,18459,98510004644,98510004644,0,98511003629,98511004546,98511005087,98511052921,98543337976,98510998254,16666666,98511364629,98511627296,98511664379,98512592837,98527372712,2333,457125,98527372712,98513702629,0,98512592837,
0,18467,98526671310,98526671310,0,98527616546,98527617421,98527617921,98527669671,98560004642,98527611129,16666666,98529320296,98529792837,98529876962,98530606921,98544321212,1709,102041,98544321212,98531451087,0,98530606921,
0,18475,98543337976,98543337976,0,98544612754,98544613837,98544614254,98544776046,98576671308,98544607046,16666666,98545103837,98545253046,98545308004,98546219796,98561392921,546458,159667,98561392921,98547507754,0,98546219796,
0,18483,98560004642,98560004642,0,98561913004,98561914379,98561914921,98561981962,98593337974,98561906337,16666666,98562415462,98562681921,98562721504,98563562879,98577029962,1417,141875,98577029962,98564177296,0,98563562879,
0,18491,98576671308,98576671308,0,98577491629,98577492587,98577493004,98577542879,98610004640,98577486129,16666666,98577904212,98578097629,98578138546,98579133712,98583820254,4042,3872917,98583763712,98583820254,0,98579133712,
0,18499,98593337974,98593337974,0,98594459171,98594460462,98594461254,98594531462,98626671306,98594452546,16666666,98595021587,98595303671,98595411879,98597817337,98610642879,2000,104375,98610642879,98598569421,0,98597817337,
0,18507,98610004640,98610004640,0,98611091212,98611092129,98611092546,98611142629,98626671306,98611086004,16666666,98611595379,98612270671,98612291671,98614255462,96577293045,2000,1040750,96577293045,98616345046,0,98614255462,
---PROFILEDATA---


View hierarchy:

  dev.polski.grammarmatrix/dev.polski.grammarmatrix.GlassBenchmarkActivity/android.view.ViewRootImpl@fa10819
  7 views, 12.02 kB of render nodes


Total ViewRootImpl   : 1
Total attached Views : 7
Total RenderNode     : 12.02 kB (used) / 36.09 kB (capacity)

