Applications Graphics Acceleration Info:
Uptime: 175604 Realtime: 175604

** Graphics info for pid 3390 [dev.polski.grammarmatrix] **

Stats since: 169558468455ns
Total frames rendered: 329
Janky frames: 21 (6.38%)
Janky frames (legacy): 88 (26.75%)
50th percentile: 17ms
90th percentile: 28ms
95th percentile: 34ms
99th percentile: 85ms
Number Missed Vsync: 1
Number High input latency: 495
Number Slow UI thread: 11
Number Slow bitmap uploads: 0
Number Slow issue draw commands: 18
Number Frame deadline missed: 21
Number Frame deadline missed (legacy): 15
HISTOGRAM: 5ms=4 6ms=5 7ms=1 8ms=4 9ms=1 10ms=2 11ms=1 12ms=1 13ms=1 14ms=1 15ms=4 16ms=45 17ms=128 18ms=31 19ms=19 20ms=10 21ms=6 22ms=7 23ms=6 24ms=5 25ms=7 26ms=5 27ms=2 28ms=2 29ms=1 30ms=3 31ms=1 32ms=7 34ms=4 36ms=3 38ms=0 40ms=1 42ms=1 44ms=0 46ms=0 48ms=2 53ms=1 57ms=0 61ms=0 65ms=0 69ms=2 73ms=1 77ms=0 81ms=0 85ms=1 89ms=1 93ms=0 97ms=1 101ms=0 105ms=1 109ms=0 113ms=0 117ms=0 121ms=0 125ms=0 129ms=0 133ms=0 150ms=0 200ms=0 250ms=0 300ms=0 350ms=0 400ms=0 450ms=0 500ms=0 550ms=0 600ms=0 650ms=0 700ms=0 750ms=0 800ms=0 850ms=0 900ms=0 950ms=0 1000ms=0 1050ms=0 1100ms=0 1150ms=0 1200ms=0 1250ms=0 1300ms=0 1350ms=0 1400ms=0 1450ms=0 1500ms=0 1550ms=0 1600ms=0 1650ms=0 1700ms=0 1750ms=0 1800ms=0 1850ms=0 1900ms=0 1950ms=0 2000ms=0 2050ms=0 2100ms=0 2150ms=0 2200ms=0 2250ms=0 2300ms=0 2350ms=0 2400ms=0 2450ms=0 2500ms=0 2550ms=0 2600ms=0 2650ms=0 2700ms=0 2750ms=0 2800ms=0 2850ms=0 2900ms=0 2950ms=0 3000ms=0 3050ms=0 3100ms=0 3150ms=0 3200ms=0 3250ms=0 3300ms=0 3350ms=0 3400ms=0 3450ms=0 3500ms=0 3550ms=0 3600ms=0 3650ms=0 3700ms=0 3750ms=0 3800ms=0 3850ms=0 3900ms=0 3950ms=0 4000ms=0 4050ms=0 4100ms=0 4150ms=0 4200ms=0 4250ms=0 4300ms=0 4350ms=0 4400ms=0 4450ms=0 4500ms=0 4550ms=0 4600ms=0 4650ms=0 4700ms=0 4750ms=0 4800ms=0 4850ms=0 4900ms=0 4950ms=0
50th gpu percentile: 14ms
90th gpu percentile: 20ms
95th gpu percentile: 23ms
99th gpu percentile: 4950ms
GPU HISTOGRAM: 1ms=0 2ms=14 3ms=12 4ms=1 5ms=1 6ms=4 7ms=9 8ms=7 9ms=7 10ms=17 11ms=19 12ms=21 13ms=37 14ms=76 15ms=28 16ms=5 17ms=13 18ms=20 19ms=4 20ms=8 21ms=3 22ms=1 23ms=6 24ms=2 25ms=3 4950ms=11

Pipeline=Skia (OpenGL)
Memory policy:
  Max surface area: 2592000
  Max resource usage: 124.42MB (x48)
  Background retention: 50% (altUiHidden = true)
  GPU Context timeout: 10
Contexts: 1 (stopped = 0)
CPU Caches:
  Glyph Cache: 33.70 KB (1 entry)
  Glyph Count: 11 
Total CPU memory usage:
  34510 bytes, 33.70 KB (0.00 bytes is purgeable)
GPU Caches:
  Other:
    Other: 49.27 KB (1 entry)
    Buffer Object: 36.00 KB (1 entry)
  Scratch:
    RenderTarget: 11.88 MB (1 entry)
    Buffer Object: 110.00 KB (3 entries)
    Texture: 2.00 MB (1 entry)
Total GPU memory usage:
  14748944 bytes, 14.07 MB (68.00 KB is purgeable)

GraphicBufferAllocator buffers:
        Handle |        Size |     W (Stride) x H | Layers |   Format |      Usage | Requestor
0xb400007b2c426750 |     unknown | 1080 (   0) x 2400 |      1 |        1 | 0x     b00 | VRI[GlassBenchmarkActivity]#0(BLAST Consumer)0
0xb400007b2c436f20 |     unknown | 1080 (   0) x 2400 |      1 |        1 | 0x     b00 | VRI[GlassBenchmarkActivity]#0(BLAST Consumer)0
0xb400007b2c4381b0 |     unknown | 1080 (   0) x 2400 |      1 |        1 | 0x     b00 | VRI[GlassBenchmarkActivity]#0(BLAST Consumer)0
Total allocated by GraphicBufferAllocator (estimate): 0.00 KB
GoldfishAllocator::dumpDebugInfo is not implemented
Profile data in ms:

	dev.polski.grammarmatrix/dev.polski.grammarmatrix.GlassBenchmarkActivity/android.view.ViewRootImpl@ec73c9f (visibility=0)
Window: dev.polski.grammarmatrix/dev.polski.grammarmatrix.GlassBenchmarkActivity
Stats since: 169558467996ns
Total frames rendered: 329
Janky frames: 21 (6.38%)
Janky frames (legacy): 88 (26.75%)
50th percentile: 17ms
90th percentile: 28ms
95th percentile: 34ms
99th percentile: 85ms
Number Missed Vsync: 1
Number High input latency: 495
Number Slow UI thread: 11
Number Slow bitmap uploads: 0
Number Slow issue draw commands: 18
Number Frame deadline missed: 21
Number Frame deadline missed (legacy): 15
HISTOGRAM: 5ms=4 6ms=5 7ms=1 8ms=4 9ms=1 10ms=2 11ms=1 12ms=1 13ms=1 14ms=1 15ms=4 16ms=45 17ms=128 18ms=31 19ms=19 20ms=10 21ms=6 22ms=7 23ms=6 24ms=5 25ms=7 26ms=5 27ms=2 28ms=2 29ms=1 30ms=3 31ms=1 32ms=7 34ms=4 36ms=3 38ms=0 40ms=1 42ms=1 44ms=0 46ms=0 48ms=2 53ms=1 57ms=0 61ms=0 65ms=0 69ms=2 73ms=1 77ms=0 81ms=0 85ms=1 89ms=1 93ms=0 97ms=1 101ms=0 105ms=1 109ms=0 113ms=0 117ms=0 121ms=0 125ms=0 129ms=0 133ms=0 150ms=0 200ms=0 250ms=0 300ms=0 350ms=0 400ms=0 450ms=0 500ms=0 550ms=0 600ms=0 650ms=0 700ms=0 750ms=0 800ms=0 850ms=0 900ms=0 950ms=0 1000ms=0 1050ms=0 1100ms=0 1150ms=0 1200ms=0 1250ms=0 1300ms=0 1350ms=0 1400ms=0 1450ms=0 1500ms=0 1550ms=0 1600ms=0 1650ms=0 1700ms=0 1750ms=0 1800ms=0 1850ms=0 1900ms=0 1950ms=0 2000ms=0 2050ms=0 2100ms=0 2150ms=0 2200ms=0 2250ms=0 2300ms=0 2350ms=0 2400ms=0 2450ms=0 2500ms=0 2550ms=0 2600ms=0 2650ms=0 2700ms=0 2750ms=0 2800ms=0 2850ms=0 2900ms=0 2950ms=0 3000ms=0 3050ms=0 3100ms=0 3150ms=0 3200ms=0 3250ms=0 3300ms=0 3350ms=0 3400ms=0 3450ms=0 3500ms=0 3550ms=0 3600ms=0 3650ms=0 3700ms=0 3750ms=0 3800ms=0 3850ms=0 3900ms=0 3950ms=0 4000ms=0 4050ms=0 4100ms=0 4150ms=0 4200ms=0 4250ms=0 4300ms=0 4350ms=0 4400ms=0 4450ms=0 4500ms=0 4550ms=0 4600ms=0 4650ms=0 4700ms=0 4750ms=0 4800ms=0 4850ms=0 4900ms=0 4950ms=0
50th gpu percentile: 14ms
90th gpu percentile: 20ms
95th gpu percentile: 23ms
99th gpu percentile: 4950ms
GPU HISTOGRAM: 1ms=0 2ms=14 3ms=12 4ms=1 5ms=1 6ms=4 7ms=9 8ms=7 9ms=7 10ms=17 11ms=19 12ms=21 13ms=37 14ms=76 15ms=28 16ms=5 17ms=13 18ms=20 19ms=4 20ms=8 21ms=3 22ms=1 23ms=6 24ms=2 25ms=3 4950ms=11



---PROFILEDATA---
Flags,FrameTimelineVsyncId,IntendedVsync,Vsync,InputEventId,HandleInputStart,AnimationStart,PerformTraversalsStart,DrawStart,FrameDeadline,FrameInterval,FrameStartTime,SyncQueued,SyncStart,IssueDrawCommandsStart,SwapBuffers,FrameCompleted,DequeueBufferDuration,QueueBufferDuration,GpuCompleted,SwapBuffersCompleted,DisplayPresentTime,CommandSubmissionCompleted,
0,56815,173576668308,173576668308,-203759588,173577645623,173578383248,173578692498,173578741956,173610001640,173577639706,16666666,173578934581,173579133206,173579173873,173579974540,173594734623,3541,180541,173594734623,173581164081,0,173579974540,
0,56823,173593334974,173593334974,-606294392,173595198790,173596595123,173596821956,173596859831,173626668306,173595192498,16666666,173597018290,173597324748,173597344998,173598199665,173611805373,1917,102416,173611805373,173598868373,0,173598199665,
0,56831,173610001640,173610001640,-477176789,173612455165,173612874790,173614127665,173614158331,173643334972,173612449540,16666666,173614328581,173614565123,173614601165,173615186206,173627600331,1542,87583,173627600331,173615740290,0,173615186206,
0,56839,173626668306,173626668306,-244509140,173627907873,173629031706,173629627498,173629662248,173660001638,173627902248,16666666,173629813123,173629904290,173629935623,173630769415,173644665373,2209,131291,173644665373,173631339540,0,173630769415,
0,56847,173643334972,173643334972,-798099330,173644821540,173645733790,173645925915,173645952248,173676668304,173644815582,16666666,173646104623,173646428373,173646464832,173647343123,173661411998,1583,108417,173661411998,173647866665,0,173647343123,
0,56855,173660001638,173660001638,-456588163,173661693123,173662461665,173662653207,173662680332,173693334970,173661687082,16666666,173663087457,173664205540,173664232248,173664844998,173677413832,3625,236042,173677413832,173665629790,0,173664844998,
0,56863,173676668304,173676668304,-477238747,173677623957,173678041248,173678231248,173678255457,173710001636,173677618290,16666666,173678455123,173678866290,173678885457,173679828415,173693853207,2334,149750,173693853207,173680854998,0,173679828415,
0,56871,173693334970,173693334970,-736952184,173694622040,173695312623,173695504457,173695531415,173726668302,173694615582,16666666,173695699998,173695784582,173695821998,173696925290,173710804248,1583,78958,173710804248,173697504832,0,173696925290,
0,56879,173710001636,173710001636,-229013226,173710840248,173711376957,173711657165,173711701540,173743334968,173710833832,16666666,173712517332,173713107040,173713152582,173713887748,173727425915,2625,92416,173727425915,173714585248,0,173713887748,
0,56887,173726668302,173726668302,-11031194,173727646248,173728955748,173729305415,173729353373,173760001634,173727638540,16666666,173729654707,173729773915,173730020957,173730956998,173743861665,2292,290125,173743861665,173731778873,0,173730956998,
0,56895,173743334968,173743334968,-851129335,173744404623,173745161082,173745418582,173745454457,173776668300,173744397248,16666666,173745672540,173745962873,173745983498,173747178123,173760486082,2166,495834,173760486082,173748470790,0,173747178123,
0,56903,173760001634,173760001634,-17446956,173760904373,173761484540,173761723290,173761759582,173793334966,173760897790,16666666,173762325332,173762415123,173762492498,173763200582,173777867248,4375,4539125,173777867248,173768506248,0,173763200582,
0,56911,173776668300,173776668300,-749764789,173778718665,173779151748,173779309790,173779522332,173810001632,173778713165,16666666,173779680123,173779952415,173779991082,173781173457,173793763373,2250,167042,173793763373,173783095665,0,173781173457,
0,56919,173793334966,173793334966,-961524017,173794220998,173794653207,173794840790,173794866998,173826668298,173794215415,16666666,173795025373,173795039748,173795087582,173796499207,173810510248,3875,297583,173810510248,173797513790,0,173796499207,
0,56927,173810001632,173810001632,-1056834585,173810999707,173811536415,173811914915,173811942415,173843334964,173810993832,16666666,173812328498,173812724748,173812743165,173813597832,173827146332,1583,468125,173827146332,173815272957,0,173813597832,
0,56935,173826668298,173826668298,-743215827,173828086957,173828752498,173828928248,173828954748,173860001630,173828080457,16666666,173829097332,173829110915,173829232582,173829986540,173843834332,1875,183667,173843834332,173830665332,0,173829986540,
0,56943,173843334964,173843334964,-321146549,173844366832,173845027998,173845587665,173845641415,173876668296,173844360498,16666666,173847244082,173847338832,173847380165,173847643582,173860637540,3375,133459,173860637540,173849584248,0,173847643582,
0,56958,173876668296,173876668296,0,173877764623,173877765457,173878299915,173878333373,173893334962,173877758915,16666666,173879277873,173879389832,173879407832,173879860082,173893781832,1541,235959,173893781832,173880921540,0,173879860082,
0,56966,173893334962,173893334962,0,173895469457,173895470540,173900418790,173900457832,173926668294,173895462040,16666666,173901265415,173901404623,173901462373,173902054207,173904486790,2250,1024917,173904440832,173904486790,0,173902054207,
0,56974,173910001628,173910001628,0,173911613748,173911615207,173913339957,173913709207,173943334960,173911606123,16666666,173914328582,173914429873,173915572582,173916691707,173918577832,3416,897125,173918484957,173918577832,0,173916691707,
0,56982,173926668294,173926668294,0,173927891082,173927892373,173933351748,173933446498,173960001626,173927884332,16666666,173933770207,173934178207,173934238623,173934635040,173943823165,2292,275625,173943823165,173935637165,0,173934635040,
0,56990,173943334960,173943334960,-128517303,173944228165,173945507832,173946821665,173947063207,173976668292,173944221248,16666666,173947084332,173947584873,173947718373,173949089123,173960739582,1833,231458,173960739582,173950231457,0,173949089123,
0,56998,173960001626,173960001626,-767465759,173960773832,173961563082,173963852957,173963887415,173993334958,173960766582,16666666,173964624748,173964734623,173964768290,173965286165,173977451998,1791,96584,173977451998,173966042040,0,173965286165,
0,57006,173976668292,173976668292,-644981961,173977709873,173978336248,173978637248,173978667248,174010001624,173977704082,16666666,173979775540,173979881832,173979915540,173980502332,173993882832,3375,251333,173993882832,173981412165,0,173980502332,
0,57014,173993334958,173993334958,-330790361,173993972873,173995123707,173996974123,173997004873,174026668290,173993967123,16666666,173997119165,173997249790,173997291290,173997715665,174010483998,26792,145584,174010483998,173998698248,0,173997715665,
0,57022,174010001624,174010001624,-209482232,174010899248,174012330665,174012660457,174012692248,174043334956,174010892873,16666666,174013018873,174013194123,174013229707,174013552748,174027271415,1417,133625,174027271415,174014334165,0,174013552748,
0,57030,174026668290,174026668290,-96722756,174027379957,174028913165,174029562290,174029590207,174060001622,174027374373,16666666,174029848748,174030190707,174030236957,174031019123,174043768373,1500,116750,174043768373,174031803540,0,174031019123,
0,57038,174043334956,174043334956,-227675427,174044289873,174044978915,174045233832,174045266915,174076668288,174044283082,16666666,174045441707,174045593665,174046127957,174047007373,174060575582,2208,153667,174060575582,174047931082,0,174047007373,
0,57046,174060001622,174060001622,-154259031,174061163415,174062127540,174062330957,174062361123,174093334954,174061157123,16666666,174062506623,174062602665,174062694457,174063497707,174077320373,1959,113375,174077320373,174064402290,0,174063497707,
0,57054,174076668288,174076668288,-388852450,174077676832,174078426665,174079078415,174079307248,174110001620,174077670457,16666666,174079489457,174079504665,174079522832,174080187832,174094023957,2042,264792,174094023957,174083000082,0,174080187832,
0,57062,174093334954,174093334954,-1023345794,174094200498,174095179332,174095412165,174095445915,174126668286,174094194290,16666666,174095747498,174095908332,174095926623,174096834540,174110514790,2125,98500,174110514790,174097464665,0,174096834540,
0,57070,174110001620,174110001620,-101319722,174110850373,174111515582,174111686623,174111711457,174143334952,174110844165,16666666,174112308040,174112635957,174112787832,174113523790,174127322957,2583,1833375,174127322957,174116506207,0,174113523790,
0,57078,174126668286,174126668286,-280797553,174128708457,174129405040,174129650373,174129679790,174160001618,174128702123,16666666,174129821582,174129967832,174130108082,174130857040,174143897748,2000,157875,174143897748,174131664915,0,174130857040,
0,57086,174143334952,174143334952,-140530803,174144561873,174145330207,174145502415,174145538915,174176668284,174144556082,16666666,174145702498,174145772123,174145810665,174146868915,174162336832,2667,313375,174162336832,174148825207,0,174146868915,
0,57094,174160001618,174160001618,-853229769,174163344832,174164857123,174165293957,174165332998,174193334950,174163339707,16666666,174165516540,174165752582,174165828915,174167372082,174178239665,3334,327334,174178239665,174168794540,0,174167372082,
0,57102,174176668284,174176668284,-682324234,174179867707,174181171707,174181368873,174181402165,174210001616,174179860248,16666666,174181728248,174183277248,174183301582,174185043998,174194241498,2042,154417,174194241498,174186887165,0,174185043998,
0,57110,174193334950,174193334950,-65714020,174194296457,174195691290,174195964540,174196325957,174226668282,174194290165,16666666,174196565623,174196764332,174196800748,174197791748,174210740457,1708,109750,174210740457,174198534123,0,174197791748,
0,57118,174210001616,174210001616,-647296991,174211063582,174211492373,174211662457,174211687957,174243334948,174211058248,16666666,174211860665,174211942373,174212861665,174213763248,174227183373,1916,103125,174227183373,174214393582,0,174213763248,
0,57126,174226668282,174226668282,-884156503,174227616457,174228314748,174228516748,174228545832,174260001614,174227610165,16666666,174228695457,174228985332,174229019457,174229725665,174246907873,1792,162459,174246907873,174230318873,0,174229725665,
0,57134,174243334948,174243334948,-608460799,174247334582,174249019373,174249252248,174249287623,174276668280,174247328915,16666666,174249661873,174249916248,174249981457,174251268540,174261338957,3042,698334,174261338957,174252661707,0,174251268540,
0,57142,174260001614,174260001614,-351991714,174262410748,174263431040,174264370248,174264422290,174293334946,174262405415,16666666,174264703165,174264872790,174264960915,174266058582,174277519623,2166,381666,174277519623,174267554082,0,174266058582,
0,57150,174276668280,174276668280,-66406585,174278372123,174279177498,174279365873,174279397207,174310001612,174278366290,16666666,174279547873,174280387790,174280418707,174281421373,174293881540,2708,1089041,174293881540,174283688832,0,174281421373,
0,57158,174293334946,174293334946,-530807966,174294284582,174294917540,174295164623,174295208082,174326668278,174294277998,16666666,174295424790,174295951748,174296308040,174297000832,174310845207,1416,95167,174310845207,174297708040,0,174297000832,
0,57166,174310001612,174310001612,-801422905,174311003748,174311120123,174311651707,174311692373,174343334944,174310997457,16666666,174312294582,174312686290,174312775082,174313392457,174327434873,1583,256250,174327434873,174314119582,0,174313392457,
0,57174,174326668278,174326668278,0,174328803873,174328804582,174329636082,174329673540,174360001610,174328797707,16666666,174329813707,174329918957,174329968040,174330729040,174344187499,1583,113167,174344187499,174331360415,0,174330729040,
0,57182,174343334944,174343334944,0,174344557707,174344558665,174344559165,174344614415,174376668276,174344552207,16666666,174344959457,174345147374,174345184749,174346185624,174361345499,3833,147750,174361345499,174346900332,0,174346185624,
0,57190,174360001610,174360001610,0,174361759582,174361761124,174361761624,174361824874,174393334942,174361568749,16666666,174362164332,174362322082,174362360040,174363475790,174377543540,2458,86333,174377543540,174363990749,0,174363475790,
0,57198,174376668276,174376668276,0,174377893707,174377894499,174377894915,174377945874,174410001608,174377888499,16666666,174378275624,174378619374,174378658999,174379454624,174380908207,2708,739917,174380873499,174380908207,0,174379454624,
0,57206,174393334942,174393334942,0,174394548124,174394549332,174394549790,174394625249,174426668274,174394534040,16666666,174395108999,174395590040,174395645874,174400209790,174410947540,1667,83916,174410947540,174401048165,0,174400209790,
0,57214,174410001608,174410001608,-255184433,174410866874,174411252290,174412409582,174412437124,174443334940,174410861957,16666666,174413146207,174413298582,174413434332,174414317207,174427422290,1875,223333,174427422290,174415224957,0,174414317207,
0,57222,174426668274,174426668274,-564802339,174427920499,174429154665,174429855832,174429890290,174460001606,174427908290,16666666,174430051082,174430182874,174430609082,174431231040,174444501582,2375,285000,174444501582,174432263499,0,174431231040,
0,57230,174443334940,174443334940,-401037242,174444125457,174444724499,174444996749,174445030915,174476668272,174444119957,16666666,174445185332,174446757582,174446852957,174451641915,174460650999,3584,261375,174460650999,174453130957,0,174451641915,
0,57238,174460001606,174460001606,-98707372,174463854249,174464743040,174464974415,174465012582,174493334938,174463848832,16666666,174465279124,174465517457,174465557457,174466924957,174477530874,1417,108208,174477530874,174467980832,0,174466924957,
0,57246,174476668272,174476668272,-51489041,174477743082,174478432499,174478615957,174478642040,174510001604,174477737540,16666666,174478822374,174479167624,174479201874,174480958124,174494163999,1875,202041,174494163999,174482117499,0,174480958124,
0,57254,174493334938,174493334938,-70541337,174493986999,174494425957,174494588040,174495781582,174526668270,174493981499,16666666,174495980457,174496236040,174496996707,174498229707,174499987540,1666,294125,174499953915,174499987540,0,174498229707,
0,57262,174510001604,174510001604,-843328929,174511107874,174511609457,174511904499,174511951582,174543334936,174511102415,16666666,174512714165,174512872915,174512895540,174513436457,174527350790,2042,149917,174527350790,174514182082,0,174513436457,
0,57270,174526668270,174526668270,-602449591,174527726082,174528189499,174528351290,174528374124,174560001602,174527720207,16666666,174528530457,174528702457,174528804999,174530369832,174543787915,4250,167458,174543787915,174531313290,0,174530369832,
0,57278,174543334936,174543334936,-135745802,174544604999,174545173874,174546210124,174546262207,174576668268,174544599249,16666666,174546690874,174546793415,174546831124,174547416624,174560667040,2250,242208,174560667040,174548819165,0,174547416624,
0,57286,174560001602,174560001602,-452496884,174560843082,174561895040,174562602415,174562638124,174593334934,174560837332,16666666,174562827499,174562848374,174562866249,174563520040,174577160165,1541,156792,174577160165,174564675457,0,174563520040,
0,57294,174576668268,174576668268,-368680222,174577735040,174578132165,174578668165,174578695374,174610001600,174577729790,16666666,174578851207,174579224415,174579256707,174580382749,174594015790,2292,172209,174594015790,174581254165,0,174580382749,
0,57302,174593334934,174593334934,-537221413,174594187165,174594983624,174595197999,174595238457,174626668266,174594181957,16666666,174595668332,174595722457,174595740874,174597229165,174610557790,1833,154667,174610557790,174597922874,0,174597229165,
0,57310,174610001600,174610001600,-902811835,174611156457,174611818332,174612642624,174612678290,174643334932,174611148957,16666666,174612841207,174612977332,174613034749,174614039165,174627500457,1750,102834,174627500457,174614647207,0,174614039165,
0,57318,174626668266,174626668266,-933696829,174628319540,174629013999,174629196040,174629223332,174660001598,174628313624,16666666,174629368415,174629602790,174629623124,174630505790,174643918374,3041,193292,174643918374,174631376040,0,174630505790,
0,57326,174643334932,174643334932,-824334165,174644508665,174645233749,174645502749,174645548707,174676668264,174644501415,16666666,174645758124,174645971082,174646031165,174646855332,174660773207,2000,206541,174660773207,174647813082,0,174646855332,
0,57334,174660001598,174660001598,-94561888,174660891540,174661619082,174661814290,174661840374,174693334930,174660885165,16666666,174661988040,174662352249,174662424415,174663326374,174677426499,1541,139500,174677426499,174664635165,0,174663326374,
0,57342,174676668264,174676668264,-248808073,174677872707,174679011290,174679655374,174679693374,174710001596,174677864790,16666666,174679858415,174680154832,174680266457,174680824832,174694240207,1916,220125,174694240207,174681478624,0,174680824832,
0,57350,174693334930,174693334930,-28738827,174694565374,174695101249,174695320124,174695358040,174726668262,174694559790,16666666,174695857040,174696414082,174696446999,174697010124,174710819124,3000,92708,174710819124,174697753874,0,174697010124,
0,57358,174710001596,174710001596,-381763108,174712232249,174713086499,174713792165,174713818915,174743334928,174712225457,16666666,174713972665,174714160249,174714245249,174714937082,174727336665,2167,181708,174727336665,174715676415,0,174714937082,
0,57366,174726668262,174726668262,-820464972,174727845707,174728556874,174728883290,174728912415,174760001594,174727839749,16666666,174729387124,174729398249,174729443165,174729830540,174731622124,2667,382500,174731581707,174731622124,0,174729830540,
0,57374,174743334928,174743334928,-336815824,174744784999,174745882499,174746343707,174746372874,174776668260,174744779082,16666666,174746964915,174747149957,174747189332,174747583457,174760541249,2625,555667,174760541249,174748807832,0,174747583457,
0,57382,174760001594,174760001594,-836113191,174761442415,174762383957,174762867749,174762910082,174793334926,174761436499,16666666,174763176665,174763296624,174763334332,174764245624,174777501665,2542,414000,174777501665,174765488165,0,174764245624,
0,57397,174793334926,174793334926,0,174795440082,174795440874,174798461540,174798499540,174810001592,174795434082,16666666,174798893457,174799265124,174799392707,174799703790,174811688415,4667,434875,174811688415,174801396124,0,174799703790,
0,57405,174810001592,174810001592,0,174811979290,174811980249,174814306624,174814344124,174843334924,174811973290,16666666,174814659249,174814764290,174814801040,174815137124,174827258832,2000,240875,174827258832,174815946999,0,174815137124,
0,57413,174826668258,174826668258,0,174828203874,174828204790,174829782124,174829816165,174860001590,174828198374,16666666,174829822582,174829952082,174829983624,174830394415,174843896749,1667,361334,174843896749,174831464415,0,174830394415,
0,57421,174843334924,174843334924,0,174844541249,174844541999,174845116582,174845152082,174876668256,174844535457,16666666,174845414665,174845512540,174845547457,174845837374,174860573999,1834,242584,174860573999,174846585207,0,174845837374,
0,57429,174860001590,174860001590,-581371885,174860929874,174861836415,174862557832,174862597457,174893334922,174860923082,16666666,174863397207,174863647249,174863674582,174864075165,174877327499,2500,365625,174877327499,174865294332,0,174864075165,
0,57437,174876668256,174876668256,-513798771,174877695874,174879127999,174879654707,174879719790,174910001588,174877689040,16666666,174880135165,174880476124,174880725040,174881048915,174893748124,2208,279500,174893748124,174882070457,0,174881048915,
0,57445,174893334922,174893334922,-45918685,174894313457,174895152790,174896771207,174896809374,174926668254,174894307124,16666666,174897483290,174897612999,174897658124,174897966665,174910585540,1875,122459,174910585540,174898666124,0,174897966665,
0,57453,174910001588,174910001588,-199944928,174910987707,174911583207,174911837707,174911870874,174943334920,174910981249,16666666,174912429707,174912538832,174912555707,174913034957,174927297457,1958,181917,174927297457,174913942540,0,174913034957,
0,57461,174926668254,174926668254,-428076126,174927434874,174929192374,174931408999,174931448957,174960001586,174927429332,16666666,174931576374,174931670499,174931709290,174932263915,174943769207,1375,187166,174943769207,174933169457,0,174932263915,
0,57469,174943334920,174943334920,-736559138,174944382082,174944963332,174945225957,174945252082,174976668252,174944375582,16666666,174945536832,174945554207,174945594749,174945962040,174960613790,810875,135667,174960613790,174947481124,0,174945962040,
0,57477,174960001586,174960001586,-23309692,174960874874,174961310124,174963277582,174963306999,174993334918,174960869374,16666666,174963432207,174963631290,174963676832,174964621290,174977836457,1917,122375,174977836457,174965237249,0,174964621290,
0,57485,174976668252,174976668252,-284064189,174978211457,174978624332,174978794999,174978818665,175010001584,174978206374,16666666,174978968999,174978983582,174979026332,174980504207,174993824374,2625,218042,174993824374,174981315582,0,174980504207,
0,57493,174993334918,174993334918,-873632179,174994176915,174994952790,174995183999,174995219999,175026668250,174994170082,16666666,174995370582,174995531124,174995565249,174996504374,175010611082,1125,120667,175010611082,174997665374,0,174996504374,
0,57501,175010001584,175010001584,-662648498,175010857957,175011431915,175011843124,175011891124,175043334916,175010851290,16666666,175012412374,175012649707,175012684874,175013708665,175027172082,7500,443416,175027172082,175014789915,0,175013708665,
0,57509,175026668250,175026668250,-365599063,175027618749,175029254624,175029502415,175029539415,175060001582,175027612582,16666666,175029691540,175029946207,175029965290,175030807832,175044234957,1959,121250,175044234957,175031529957,0,175030807832,
0,57517,175043334916,175043334916,-1028842412,175044556541,175044993416,175045169124,175045191916,175076668248,175044550666,16666666,175045343916,175045875291,175045910291,175046684582,175060574082,1542,106208,175060574082,175047303541,0,175046684582,
0,57525,175060001582,175060001582,-819582904,175060755457,175061626582,175062220666,175062259291,175093334914,175060749624,16666666,175062421082,175062716582,175062745041,175063393374,175064971791,2291,341958,175064934749,175064971791,0,175063393374,
0,57533,175076668248,175076668248,-745306500,175077479457,175078439499,175078632541,175079230166,175110001580,175077474416,16666666,175079394082,175079498124,175079519624,175080553624,175093810124,1958,182875,175093810124,175081256874,0,175080553624,
0,57541,175093334914,175093334914,-533768720,175094208374,175094944124,175095168082,175095205416,175126668246,175094202999,16666666,175095387999,175095691624,175095730999,175096482582,175110521332,1250,102083,175110521332,175097264624,0,175096482582,
0,57549,175110001580,175110001580,-81756515,175111340082,175111747916,175111914166,175111937416,175143334912,175111333999,16666666,175112146624,175112484999,175112533999,175113458332,175127156041,2041,122000,175127156041,175114128582,0,175113458332,
0,57557,175126668246,175126668246,-1001209350,175127839416,175128944457,175129251707,175129285957,175160001578,175127834124,16666666,175129520999,175129589374,175129629207,175130707082,175143775791,1916,133875,175143775791,175131363624,0,175130707082,
0,57565,175143334912,175143334912,-849787490,175144247707,175144948707,175145174666,175145198916,175176668244,175144241791,16666666,175145347041,175148946291,175148986832,175149671624,175160846999,1750,118000,175160846999,175153155999,0,175149671624,
0,57573,175160001578,175160001578,-763403778,175161145541,175161499916,175161720874,175161746082,175193334910,175161140416,16666666,175162212707,175162486624,175162529999,175163611874,175177176666,1375,93958,175177176666,175165172999,0,175163611874,
0,57581,175176668244,175176668244,-610384402,175177365499,175177864124,175178023207,175178045499,175210001576,175177360249,16666666,175178410457,175179359082,175179438499,175192357041,175213913624,2084,124750,175213913624,175204775707,0,175192357041,
0,57588,175193334910,175193334910,-179970020,175203775541,175205245166,175205833291,175205938999,175243334908,175203768332,16666666,175207701124,175211379832,175215148874,175216880332,175223087749,3291,763333,175223087749,175219420957,0,175216880332,
0,57596,175210001576,175210001576,0,175216593541,175216743124,175216743499,175216803791,175260001574,175216588416,16666666,175218490957,175219485166,175219536832,175222001082,175234485916,9344791,256458,175234485916,175232497374,0,175222001082,
0,57604,175226668242,175226668242,-862212380,175229292791,175229293666,175230815332,175230878082,175276668240,175229287291,16666666,175231150541,175232540041,175232575374,175233776957,175248389249,11906875,105417,175248389249,175246447124,0,175233776957,
0,57612,175243334908,175243334908,0,175245084791,175245085666,175245503541,175245544041,175293334906,175245078791,16666666,175245827166,175246474166,175246509249,175247149582,175266156082,15894042,502958,175266156082,175264455499,0,175247149582,
0,57620,175260001574,175260001574,0,175261908999,175261909832,175261910207,175261969374,175310001572,175261903124,16666666,175262346624,175264537582,175264577499,175265526416,175280439916,12734042,111958,175280439916,175278943041,0,175265526416,
0,57628,175276668240,175276668240,0,175277538916,175277539707,175277540124,175277589666,175326668238,175277533791,16666666,175277944249,175278980874,175279018499,175279565249,175297214832,15448250,152667,175297214832,175295937582,0,175279565249,
0,57636,175293334906,175293334906,0,175294220916,175294221916,175294222332,175294272541,175343334904,175294215207,16666666,175294623874,175295975124,175296248749,175296813124,175313615416,15211041,75625,175313615416,175312527874,0,175296813124,
0,57644,175310001572,175310001572,0,175311069624,175311070749,175311071249,175311129832,175360001570,175311063874,16666666,175311758749,175312554291,175312589582,175313105874,175330895957,15595416,92792,175330895957,175329282416,0,175313105874,
0,57652,175326668238,175326668238,0,175327884041,175327898166,175327898791,175327957416,175376668236,175327878166,16666666,175328931749,175329354249,175329410749,175330028374,175347105999,14866125,101416,175347105999,175345828874,0,175330028374,
0,57660,175343334904,175343334904,0,175344259832,175344260582,175344261082,175344314249,175393334902,175344254291,16666666,175344652541,175345894624,175345950291,175346578082,175363420291,15140583,148500,175363420291,175362312249,0,175346578082,
0,57668,175360001570,175360001570,0,175361301832,175361302666,175361303082,175361354707,175410001568,175361296291,16666666,175361777832,175362368082,175362415874,175362940749,175379704291,15258250,127500,175379704291,175378730291,0,175362940749,
0,57676,175376668236,175376668236,0,175377404791,175377405582,175377405957,175377457707,175426668234,175377399082,16666666,175377827249,175378788166,175378828791,175379311249,175396213541,15456583,72292,175396213541,175395251832,0,175379311249,
0,57684,175393334902,175393334902,0,175394154749,175394155874,175394156416,175394209124,175443334900,175394148874,16666666,175394567499,175395281874,175395313499,175395798999,175413568166,16364083,71125,175413568166,175412658124,0,175395798999,
0,57692,175410001568,175410001568,0,175411091291,175411092249,175411092624,175411139291,175460001566,175411085499,16666666,175411461666,175412684874,175412717874,175413193416,175430013582,15458208,62750,175430013582,175429069249,0,175413193416,
0,57700,175426668234,175426668234,0,175428301499,175428302166,175428302624,175428360499,175476668232,175428294457,16666666,175428784707,175429117374,175429151791,175429632291,175446638957,15666042,68625,175446638957,175445728874,0,175429632291,
0,57708,175443334900,175443334900,0,175444361332,175444362291,175444362749,175444428832,175493334898,175444355332,16666666,175444775624,175445754999,175445788999,175446250166,175463491416,15694542,67666,175463491416,175462411582,0,175446250166,
0,57716,175460001566,175460001566,0,175461250666,175461251541,175461251999,175461306082,175510001564,175461244541,16666666,175461640707,175462446416,175462480082,175463042832,175480569416,15633625,85000,175480569416,175479169082,0,175463042832,
0,57724,175476668232,175476668232,0,175477633166,175477633916,175477634332,175477685499,175526668230,175477627624,16666666,175478213374,175479198832,175479233124,175479731374,175497126499,14862417,97917,175497126499,175495479624,0,175479731374,
0,57732,175493334898,175493334898,0,175494175332,175494176041,175494176499,175494225082,175543334896,175494168999,16666666,175494603499,175495532957,175495572749,175496682499,175513792332,15393125,77875,175513792332,175512585832,0,175496682499,
0,57740,175510001564,175510001564,0,175511025457,175511026207,175511026666,175511084291,175560001562,175511018499,16666666,175511484999,175512642291,175512696207,175513298582,175530491457,15478542,130667,175530491457,175529340457,0,175513298582,
0,57748,175526668230,175526668230,0,175528696499,175528697166,175528697624,175528755624,175576668228,175528690666,16666666,175529137207,175529378457,175529427082,175529996999,175547495082,15377542,103750,175547495082,175546055374,0,175529996999,
0,57756,175543334896,175543334896,0,175544904124,175544904707,175544905207,175544952416,175593334894,175544898541,16666666,175545284791,175546085332,175546122874,175547014832,175563365791,14668042,84500,175563365791,175562214332,0,175547014832,
0,57764,175560001562,175560001562,0,175561068332,175561068999,175561069499,175561139791,175610001560,175561060999,16666666,175561639249,175562272207,175562307541,175562902457,175579933416,15436584,87917,175579933416,175578891582,0,175562902457,
0,57772,175576668228,175576668228,0,175577649541,175577650707,175577651166,175577709582,175626668226,175577643874,16666666,175578051666,175578918207,175578953499,175579472499,175598557124,15251500,75083,175598557124,175595311957,0,175579472499,
0,57780,175593334894,175593334894,0,175594004124,175594005124,175594005541,175594065374,175610001560,175593997957,16666666,175594484041,175595358499,175595425499,175595977874,173577156248,14154500,163833,173577156248,175612759916,0,175595977874,
---PROFILEDATA---


View hierarchy:

  dev.polski.grammarmatrix/dev.polski.grammarmatrix.GlassBenchmarkActivity/android.view.ViewRootImpl@ec73c9f
  7 views, 12.02 kB of render nodes


Total ViewRootImpl   : 1
Total attached Views : 7
Total RenderNode     : 12.02 kB (used) / 36.09 kB (capacity)

