Applications Graphics Acceleration Info:
Uptime: 1340062 Realtime: 1340062

** Graphics info for pid 5729 [dev.polski.grammarmatrix] **

Stats since: 1334981669177ns
Total frames rendered: 298
Janky frames: 4 (1.34%)
Janky frames (legacy): 251 (84.23%)
50th percentile: 20ms
90th percentile: 24ms
95th percentile: 28ms
99th percentile: 85ms
Number Missed Vsync: 0
Number High input latency: 588
Number Slow UI thread: 1
Number Slow bitmap uploads: 0
Number Slow issue draw commands: 4
Number Frame deadline missed: 4
Number Frame deadline missed (legacy): 4
HISTOGRAM: 5ms=0 6ms=0 7ms=0 8ms=0 9ms=0 10ms=0 11ms=0 12ms=0 13ms=0 14ms=0 15ms=0 16ms=4 17ms=7 18ms=40 19ms=84 20ms=69 21ms=30 22ms=26 23ms=5 24ms=9 25ms=4 26ms=4 27ms=1 28ms=2 29ms=3 30ms=1 31ms=2 32ms=0 34ms=0 36ms=2 38ms=0 40ms=0 42ms=1 44ms=0 46ms=0 48ms=0 53ms=0 57ms=0 61ms=1 65ms=0 69ms=0 73ms=0 77ms=0 81ms=0 85ms=1 89ms=1 93ms=0 97ms=0 101ms=1 105ms=0 109ms=0 113ms=0 117ms=0 121ms=0 125ms=0 129ms=0 133ms=0 150ms=0 200ms=0 250ms=0 300ms=0 350ms=0 400ms=0 450ms=0 500ms=0 550ms=0 600ms=0 650ms=0 700ms=0 750ms=0 800ms=0 850ms=0 900ms=0 950ms=0 1000ms=0 1050ms=0 1100ms=0 1150ms=0 1200ms=0 1250ms=0 1300ms=0 1350ms=0 1400ms=0 1450ms=0 1500ms=0 1550ms=0 1600ms=0 1650ms=0 1700ms=0 1750ms=0 1800ms=0 1850ms=0 1900ms=0 1950ms=0 2000ms=0 2050ms=0 2100ms=0 2150ms=0 2200ms=0 2250ms=0 2300ms=0 2350ms=0 2400ms=0 2450ms=0 2500ms=0 2550ms=0 2600ms=0 2650ms=0 2700ms=0 2750ms=0 2800ms=0 2850ms=0 2900ms=0 2950ms=0 3000ms=0 3050ms=0 3100ms=0 3150ms=0 3200ms=0 3250ms=0 3300ms=0 3350ms=0 3400ms=0 3450ms=0 3500ms=0 3550ms=0 3600ms=0 3650ms=0 3700ms=0 3750ms=0 3800ms=0 3850ms=0 3900ms=0 3950ms=0 4000ms=0 4050ms=0 4100ms=0 4150ms=0 4200ms=0 4250ms=0 4300ms=0 4350ms=0 4400ms=0 4450ms=0 4500ms=0 4550ms=0 4600ms=0 4650ms=0 4700ms=0 4750ms=0 4800ms=0 4850ms=0 4900ms=0 4950ms=0
50th gpu percentile: 18ms
90th gpu percentile: 20ms
95th gpu percentile: 22ms
99th gpu percentile: 4950ms
GPU HISTOGRAM: 1ms=2 2ms=9 3ms=1 4ms=0 5ms=0 6ms=0 7ms=1 8ms=0 9ms=1 10ms=0 11ms=0 12ms=1 13ms=0 14ms=4 15ms=8 16ms=21 17ms=55 18ms=96 19ms=47 20ms=28 21ms=9 22ms=5 23ms=3 24ms=0 25ms=2 4950ms=5

Pipeline=Skia (OpenGL)
Memory policy:
  Max surface area: 2592000
  Max resource usage: 124.42MB (x48)
  Background retention: 50% (altUiHidden = true)
  GPU Context timeout: 10
Contexts: 1 (stopped = 0)
CPU Caches:
  Glyph Cache: 33.70 KB (1 entry)
  Glyph Count: 11 
Total CPU memory usage:
  34510 bytes, 33.70 KB (0.00 bytes is purgeable)
GPU Caches:
  Other:
    Other: 26.56 KB (1 entry)
    Buffer Object: 36.00 KB (1 entry)
  Scratch:
    Buffer Object: 80.00 KB (2 entries)
    Texture: 2.00 MB (1 entry)
Total GPU memory usage:
  2243136 bytes, 2.14 MB (68.00 KB is purgeable)

GraphicBufferAllocator buffers:
        Handle |        Size |     W (Stride) x H | Layers |   Format |      Usage | Requestor
0xb400007b2c426750 |     unknown | 1080 (   0) x 2400 |      1 |        1 | 0x     b00 | VRI[GlassBenchmarkActivity]#0(BLAST Consumer)0
0xb400007b2c426900 |     unknown | 1080 (   0) x 2400 |      1 |        1 | 0x     b00 | VRI[GlassBenchmarkActivity]#0(BLAST Consumer)0
0xb400007b2c437e50 |     unknown | 1080 (   0) x 2400 |      1 |        1 | 0x     b00 | VRI[GlassBenchmarkActivity]#0(BLAST Consumer)0
Total allocated by GraphicBufferAllocator (estimate): 0.00 KB
GoldfishAllocator::dumpDebugInfo is not implemented
Profile data in ms:

	dev.polski.grammarmatrix/dev.polski.grammarmatrix.GlassBenchmarkActivity/android.view.ViewRootImpl@af271ea (visibility=0)
Window: dev.polski.grammarmatrix/dev.polski.grammarmatrix.GlassBenchmarkActivity
Stats since: 1334981668219ns
Total frames rendered: 298
Janky frames: 4 (1.34%)
Janky frames (legacy): 251 (84.23%)
50th percentile: 20ms
90th percentile: 24ms
95th percentile: 28ms
99th percentile: 85ms
Number Missed Vsync: 0
Number High input latency: 588
Number Slow UI thread: 1
Number Slow bitmap uploads: 0
Number Slow issue draw commands: 4
Number Frame deadline missed: 4
Number Frame deadline missed (legacy): 4
HISTOGRAM: 5ms=0 6ms=0 7ms=0 8ms=0 9ms=0 10ms=0 11ms=0 12ms=0 13ms=0 14ms=0 15ms=0 16ms=4 17ms=7 18ms=40 19ms=84 20ms=69 21ms=30 22ms=26 23ms=5 24ms=9 25ms=4 26ms=4 27ms=1 28ms=2 29ms=3 30ms=1 31ms=2 32ms=0 34ms=0 36ms=2 38ms=0 40ms=0 42ms=1 44ms=0 46ms=0 48ms=0 53ms=0 57ms=0 61ms=1 65ms=0 69ms=0 73ms=0 77ms=0 81ms=0 85ms=1 89ms=1 93ms=0 97ms=0 101ms=1 105ms=0 109ms=0 113ms=0 117ms=0 121ms=0 125ms=0 129ms=0 133ms=0 150ms=0 200ms=0 250ms=0 300ms=0 350ms=0 400ms=0 450ms=0 500ms=0 550ms=0 600ms=0 650ms=0 700ms=0 750ms=0 800ms=0 850ms=0 900ms=0 950ms=0 1000ms=0 1050ms=0 1100ms=0 1150ms=0 1200ms=0 1250ms=0 1300ms=0 1350ms=0 1400ms=0 1450ms=0 1500ms=0 1550ms=0 1600ms=0 1650ms=0 1700ms=0 1750ms=0 1800ms=0 1850ms=0 1900ms=0 1950ms=0 2000ms=0 2050ms=0 2100ms=0 2150ms=0 2200ms=0 2250ms=0 2300ms=0 2350ms=0 2400ms=0 2450ms=0 2500ms=0 2550ms=0 2600ms=0 2650ms=0 2700ms=0 2750ms=0 2800ms=0 2850ms=0 2900ms=0 2950ms=0 3000ms=0 3050ms=0 3100ms=0 3150ms=0 3200ms=0 3250ms=0 3300ms=0 3350ms=0 3400ms=0 3450ms=0 3500ms=0 3550ms=0 3600ms=0 3650ms=0 3700ms=0 3750ms=0 3800ms=0 3850ms=0 3900ms=0 3950ms=0 4000ms=0 4050ms=0 4100ms=0 4150ms=0 4200ms=0 4250ms=0 4300ms=0 4350ms=0 4400ms=0 4450ms=0 4500ms=0 4550ms=0 4600ms=0 4650ms=0 4700ms=0 4750ms=0 4800ms=0 4850ms=0 4900ms=0 4950ms=0
50th gpu percentile: 18ms
90th gpu percentile: 20ms
95th gpu percentile: 22ms
99th gpu percentile: 4950ms
GPU HISTOGRAM: 1ms=2 2ms=9 3ms=1 4ms=0 5ms=0 6ms=0 7ms=1 8ms=0 9ms=1 10ms=0 11ms=0 12ms=1 13ms=0 14ms=4 15ms=8 16ms=21 17ms=55 18ms=96 19ms=47 20ms=28 21ms=9 22ms=5 23ms=3 24ms=0 25ms=2 4950ms=5



---PROFILEDATA---
Flags,FrameTimelineVsyncId,IntendedVsync,Vsync,InputEventId,HandleInputStart,AnimationStart,PerformTraversalsStart,DrawStart,FrameDeadline,FrameInterval,FrameStartTime,SyncQueued,SyncStart,IssueDrawCommandsStart,SwapBuffers,FrameCompleted,DequeueBufferDuration,QueueBufferDuration,GpuCompleted,SwapBuffersCompleted,DisplayPresentTime,CommandSubmissionCompleted,
0,157292,1338076621728,1338076621728,0,1338077751887,1338077752970,1338078067303,1338078127428,1338126621726,1338077745345,16666666,1338078775137,1338079063637,1338079120387,1338079484262,1338096526387,15054834,379000,1338096526387,1338095445220,0,1338079484262,
0,157300,1338093288394,1338093288394,0,1338094208262,1338094209303,1338094470762,1338094525387,1338143288392,1338094201887,16666666,1338095064178,1338095489220,1338095524303,1338095795095,1338113892512,16145375,103166,1338113892512,1338112871095,0,1338095795095,
0,157308,1338109955060,1338109955060,0,1338110752595,1338110753470,1338111064262,1338111108262,1338159955058,1338110747512,16666666,1338111456720,1338112922678,1338112959137,1338113253553,1338130217720,15166250,169833,1338130217720,1338129110345,0,1338113253553,
0,157316,1338126621726,1338126621726,0,1338127690678,1338127691512,1338127909553,1338127957262,1338176621724,1338127685428,16666666,1338128575553,1338129137303,1338129172262,1338129440720,1338147730970,16243792,177625,1338147730970,1338146515803,0,1338129440720,
0,157324,1338143288392,1338143288392,0,1338144166928,1338144168428,1338144409762,1338144480137,1338193288390,1338144160387,16666666,1338145230220,1338146586012,1338146623512,1338147085387,1338165978095,15202125,173041,1338165978095,1338163140470,0,1338147085387,
0,157332,1338159955058,1338159955058,0,1338161102762,1338161103637,1338161379512,1338161437387,1338209955056,1338161096012,16666666,1338161792553,1338163216512,1338163284678,1338164715970,1338182164970,14896709,205375,1338182164970,1338180933762,0,1338164715970,
0,157340,1338176621724,1338176621724,0,1338179021012,1338179022012,1338179388678,1338179433678,1338226621722,1338179015512,16666666,1338179657887,1338180978928,1338181022137,1338181327595,1338196607762,13208166,178250,1338196607762,1338195437095,0,1338181327595,
0,157348,1338193288390,1338193288390,0,1338194230012,1338194231428,1338194525678,1338194589928,1338243288388,1338194222970,16666666,1338194607553,1338195502012,1338195540387,1338195854762,1338213357137,15595167,106834,1338213357137,1338212257220,0,1338195854762,
0,157356,1338209955056,1338209955056,0,1338211000220,1338211001553,1338211291262,1338211352345,1338259955054,1338210993470,16666666,1338211970970,1338212289762,1338212324095,1338212624637,1338231431762,16608916,112500,1338231431762,1338230026387,0,1338212624637,
0,157364,1338226621722,1338226621722,0,1338228230428,1338228231345,1338228473470,1338228518553,1338276621720,1338228224720,16666666,1338228788762,1338230078220,1338230153220,1338230540220,1338248394303,15238458,166125,1338248394303,1338246805053,0,1338230540220,
0,157372,1338243288388,1338243288388,0,1338244622387,1338244623637,1338244955428,1338245023595,1338293288386,1338244615512,16666666,1338245387345,1338246878053,1338246920845,1338247237970,1338265374470,15151792,145250,1338265374470,1338263635304,0,1338247237970,
0,157380,1338259955054,1338259955054,0,1338261832470,1338261834054,1338262264637,1338262389804,1338309955052,1338261824637,16666666,1338262770637,1338263704304,1338263775095,1338264486762,1338280105762,13601333,165083,1338280105762,1338279030345,0,1338264486762,
0,157388,1338276621720,1338276621720,0,1338277894054,1338277894970,1338278121970,1338278172095,1338326621718,1338277885720,16666666,1338278613554,1338279054512,1338279089137,1338279408095,1338296877512,15407125,197125,1338296877512,1338295565804,0,1338279408095,
0,157396,1338293288386,1338293288386,0,1338294285970,1338294286720,1338294524179,1338294577720,1338343288384,1338294279970,16666666,1338295115762,1338295616679,1338295652387,1338295960845,1338314013679,15734708,164417,1338314013679,1338312691762,0,1338295960845,
0,157404,1338309955052,1338309955052,0,1338311335220,1338311336637,1338311603762,1338311835595,1338359955050,1338311328345,16666666,1338312455512,1338312726345,1338312761720,1338313044054,1338330351345,15327959,247333,1338330351345,1338329397095,0,1338313044054,
0,157412,1338326621718,1338326621718,0,1338328191429,1338328192345,1338328381804,1338328423887,1338376621716,1338328185595,16666666,1338329049345,1338329420304,1338329455762,1338329740179,1338349463804,17414083,165250,1338349463804,1338347833387,0,1338329740179,
0,157420,1338343288384,1338343288384,0,1338346479470,1338346480220,1338346752470,1338346983679,1338393288382,1338346474220,16666666,1338347290054,1338347863887,1338347947387,1338348701845,1338364682762,13345375,166167,1338364682762,1338362948845,0,1338348701845,
0,157428,1338359955050,1338359955050,0,1338361358637,1338361359845,1338361656387,1338361702387,1338409955048,1338361353012,16666666,1338361873470,1338362972887,1338363011762,1338363478345,1338380749470,14193417,202458,1338380749470,1338378941137,0,1338363478345,
0,157436,1338376621716,1338376621716,0,1338377443970,1338377444845,1338377671679,1338377715387,1338426621714,1338377438429,16666666,1338377727929,1338378972054,1338379070387,1338379517595,1338396968637,14515458,207583,1338396968637,1338395336054,0,1338379517595,
0,157444,1338393288382,1338393288382,0,1338394322137,1338394322970,1338394559970,1338394610887,1338443288380,1338394316595,16666666,1338395070095,1338395360429,1338395399262,1338395881512,1338413934970,15515875,124708,1338413934970,1338412552387,0,1338395881512,
0,157452,1338409955048,1338409955048,0,1338410918887,1338410920012,1338411158512,1338411224387,1338459955046,1338410912595,16666666,1338411533012,1338412635804,1338412701595,1338413004845,1338430661970,15521792,155375,1338430661970,1338429555887,0,1338413004845,
0,157460,1338426621714,1338426621714,0,1338427726095,1338427726970,1338427928595,1338427971137,1338476621712,1338427719887,16666666,1338428709220,1338429588845,1338429626720,1338429924012,1338449654220,17825250,139666,1338449654220,1338448541762,0,1338429924012,
0,157468,1338443288380,1338443288380,0,1338444833012,1338444834262,1338445119304,1338445179470,1338493288378,1338444826720,16666666,1338445562262,1338448609095,1338448709262,1338449057804,1338463783762,12482459,145458,1338463783762,1338462188762,0,1338449057804,
0,157476,1338459955046,1338459955046,0,1338461170470,1338461171470,1338461348845,1338461389720,1338509955044,1338461165137,16666666,1338461648220,1338462211345,1338462298054,1338462742512,1338479493345,14837084,170334,1338479493345,1338478672595,0,1338462742512,
0,157484,1338476621712,1338476621712,0,1338477536345,1338477537262,1338477795345,1338477838095,1338526621710,1338477531262,16666666,1338478136387,1338478696137,1338478728470,1338479028845,1338495978262,15557667,81334,1338495978262,1338495138929,0,1338479028845,
0,157492,1338493288378,1338493288378,0,1338493858720,1338493859470,1338494049512,1338494091095,1338543288376,1338493853512,16666666,1338494414387,1338495164929,1338495200345,1338495488345,1338513448637,16449084,79834,1338513448637,1338512471929,0,1338495488345,
0,157500,1338509955044,1338509955044,0,1338510882137,1338510883637,1338511191429,1338511255845,1338559955042,1338510874387,16666666,1338511871637,1338512509012,1338512587845,1338512870304,1338529735887,15343208,100708,1338529735887,1338528839262,0,1338512870304,
0,157508,1338526621710,1338526621710,0,1338527352095,1338527352887,1338527546679,1338527590345,1338576621708,1338527347012,16666666,1338527899595,1338528861470,1338528895512,1338529176095,1338548452012,17208584,96667,1338548452012,1338546994804,0,1338529176095,
0,157516,1338543288376,1338543288376,0,1338543981637,1338543982595,1338544238929,1338544282345,1338593288374,1338543976720,16666666,1338544604512,1338547034345,1338547073095,1338547338720,1338563603762,13636917,570334,1338563603762,1338562157637,0,1338547338720,
0,157524,1338559955042,1338559955042,0,1338560579512,1338560580554,1338560897304,1338560945720,1338609955040,1338560573179,16666666,1338560959429,1338562187137,1338562220220,1338562490845,1338579577762,14940166,167583,1338579577762,1338578596345,0,1338562490845,
0,157532,1338576621708,1338576621708,0,1338577476554,1338577477720,1338577850429,1338577900845,1338626621706,1338577471095,16666666,1338578577220,1338578626512,1338578699387,1338578968970,1338597173345,16102833,143958,1338597173345,1338595741512,0,1338578968970,
0,157540,1338593288374,1338593288374,0,1338593875304,1338593876054,1338594115220,1338594175179,1338643288372,1338593869887,16666666,1338594421179,1338595784220,1338595821887,1338596394887,1338613317929,15174041,113417,1338613317929,1338612398345,0,1338596394887,
0,157548,1338609955040,1338609955040,0,1338610914679,1338610915679,1338611096637,1338611138845,1338659955038,1338610908929,16666666,1338611449137,1338612424762,1338612457304,1338612736387,1338630504887,15977458,117125,1338630504887,1338629346720,0,1338612736387,
0,157556,1338626621706,1338626621706,0,1338628486554,1338628487387,1338628660637,1338628701720,1338676621704,1338628481220,16666666,1338629311970,1338629367095,1338629468304,1338629734220,1338647539345,15530584,292208,1338647539345,1338646088387,0,1338629734220,
0,157564,1338643288372,1338643288372,0,1338644766220,1338644767262,1338644954762,1338644996720,1338693288370,1338644760762,16666666,1338645274554,1338646113762,1338646146387,1338646416762,1338662249220,14658125,281333,1338647546887,1338662249220,0,1338646416762,
0,157572,1338659955038,1338659955038,0,1338661168304,1338661169262,1338661375637,1338661420137,1338709955036,1338661163137,16666666,1338662003512,1338662271720,1338662305929,1338662561637,1338680098095,15733500,121667,1338680098095,1338678904762,0,1338662561637,
0,157580,1338676621704,1338676621704,0,1338677401179,1338677402262,1338677902970,1338677957512,1338726621702,1338677395554,16666666,1338678332804,1338678937804,1338678972720,1338679239095,1338696593679,15463458,275583,1338696593679,1338695609345,0,1338679239095,
0,157588,1338693288370,1338693288370,0,1338693939304,1338693940512,1338694286387,1338694337470,1338743288368,1338693933095,16666666,1338694646720,1338695633887,1338695667220,1338695962929,1338713727970,15760500,196458,1338713727970,1338712442970,0,1338695962929,
0,157596,1338709955036,1338709955036,0,1338710665720,1338710666720,1338710964512,1338711005304,1338759955034,1338710659929,16666666,1338711268804,1338712468512,1338712501929,1338712792012,1338731240137,15177000,366250,1338731240137,1338728954095,0,1338712792012,
0,157604,1338726621702,1338726621702,0,1338727488720,1338727490095,1338729270720,1338729313595,1338776621700,1338727483179,16666666,1338729869054,1338729974929,1338730010720,1338730416345,1338747407554,14760125,281875,1338747407554,1338746065262,0,1338730416345,
0,157612,1338743288368,1338743288368,0,1338744266595,1338744267637,1338744474470,1338744520137,1338793288366,1338744259970,16666666,1338744802637,1338746122679,1338746157804,1338746489804,1338763287637,14995625,258541,1338763287637,1338762455345,0,1338746489804,
0,157620,1338759955034,1338759955034,0,1338760765179,1338760765845,1338761182470,1338761230137,1338809955032,1338760759304,16666666,1338761491929,1338762481012,1338762513637,1338762791304,1338779393845,15189041,102708,1338779393845,1338778538554,0,1338762791304,
0,157628,1338776621700,1338776621700,0,1338777497262,1338777498262,1338777748304,1338777801012,1338826621698,1338777491304,16666666,1338778396429,1338778573929,1338778607262,1338778880762,1338796599595,16025875,110500,1338796599595,1338795467845,0,1338778880762,
0,157636,1338793288366,1338793288366,0,1338793979262,1338793980179,1338794552804,1338794598137,1338843288364,1338793973970,16666666,1338795071220,1338795497262,1338795531762,1338795795345,1338814265012,16034917,203375,1338814265012,1338812740012,0,1338795795345,
0,157644,1338809955032,1338809955032,0,1338811067387,1338811068262,1338811256762,1338811302179,1338859955030,1338811062220,16666666,1338811571554,1338812774262,1338812806637,1338813070595,1338829086304,14761959,457208,1338814278720,1338829086304,0,1338813070595,
0,157652,1338826621698,1338826621698,0,1338827502512,1338827503429,1338827692595,1338827734054,1338876621696,1338827496012,16666666,1338827995220,1338829113554,1338829199762,1338829460220,1338847206762,16054750,171208,1338847206762,1338846315762,0,1338829460220,
0,157660,1338843288364,1338843288364,0,1338844710679,1338844711720,1338844928179,1338844972179,1338893288362,1338844705095,16666666,1338845289095,1338846348012,1338846380970,1338846671220,1338863580345,15062375,87583,1338863580345,1338862335012,0,1338846671220,
0,157668,1338859955030,1338859955030,0,1338860838220,1338860839262,1338861075137,1338861127012,1338909955028,1338860831887,16666666,1338861491137,1338862388595,1338862440637,1338862779595,1338880571304,15862750,119833,1338880571304,1338879496762,0,1338862779595,
0,157676,1338876621696,1338876621696,0,1338877851345,1338877852429,1338878196179,1338878249179,1338926621694,1338877845679,16666666,1338878555345,1338879543804,1338879579345,1338879853887,1338897722554,16161584,147791,1338897722554,1338896792804,0,1338879853887,
0,157684,1338893288362,1338893288362,0,1338895228970,1338895230345,1338895523387,1338895582095,1338943288360,1338895222762,16666666,1338895866970,1338896822762,1338896858887,1338897129970,1338914593470,15553292,85583,1338914593470,1338913333470,0,1338897129970,
0,157692,1338909955028,1338909955028,0,1338911005179,1338911006012,1338911212345,1338911428804,1338959955026,1338910999512,16666666,1338911608929,1338913395762,1338913444012,1338913798595,1338930945720,15029166,115958,1338930945720,1338929691304,0,1338913798595,
0,157700,1338926621694,1338926621694,0,1338928515804,1338928516679,1338928792095,1338928842429,1338976621692,1338928509970,16666666,1338928855804,1338929713887,1338929755054,1338930071679,1338946212345,14338750,91250,1338946212345,1338945405929,0,1338930071679,
0,157708,1338943288360,1338943288360,0,1338944077137,1338944078179,1338944331887,1338944377137,1338993288358,1338944071387,16666666,1338944694554,1338945435970,1338945468470,1338945747929,1338963970512,16653625,69250,1338963970512,1338962913304,0,1338945747929,
0,157716,1338959955026,1338959955026,0,1338960953304,1338960954012,1338961379137,1338961424512,1339009955024,1338960947846,16666666,1338961692346,1338962943054,1338962978137,1338963321887,1338980672554,15137625,87333,1338980672554,1338979158512,0,1338963321887,
0,157724,1338976621692,1338976621692,0,1338977765679,1338977766971,1338978049512,1338978109346,1339026621690,1338977758137,16666666,1338978713137,1338979191929,1338979255679,1338979538096,1338997201262,15118125,450791,1338997201262,1338995868054,0,1338979538096,
0,157732,1338993288358,1338993288358,0,1338994148012,1338994148804,1338994404804,1338994448429,1339043288356,1338994142012,16666666,1338994705637,1338995893262,1338995934012,1338996546221,1339013913054,15577083,93250,1339013913054,1339012827471,0,1338996546221,
0,157740,1339009955024,1339009955024,0,1339010857971,1339010858846,1339011490096,1339011534387,1339059955022,1339010852679,16666666,1339012197637,1339012852721,1339012884304,1339013166512,1339030426096,15373500,73667,1339030426096,1339029339471,0,1339013166512,
0,157748,1339026621690,1339026621690,0,1339027758096,1339027759179,1339027989637,1339028130346,1339076621688,1339027752346,16666666,1339028786137,1339029368512,1339029431846,1339029709512,1339048286887,16417125,92125,1339048286887,1339046893137,0,1339029709512,
0,157756,1339043288356,1339043288356,0,1339045063596,1339045064679,1339045372846,1339045414387,1339093288354,1339045057971,16666666,1339045725596,1339046937387,1339047018387,1339047310012,1339064326262,14535584,375708,1339064326262,1339062881096,0,1339047310012,
0,157764,1339059955022,1339059955022,0,1339060893054,1339060894262,1339061096304,1339061143221,1339109955020,1339060887262,16666666,1339061423262,1339062931554,1339062969554,1339063265929,1339080066721,14373375,107375,1339080066721,1339078778721,0,1339063265929,
0,157772,1339076621688,1339076621688,0,1339077552179,1339077553304,1339077812012,1339077889846,1339126621686,1339077545554,16666666,1339078463554,1339078829221,1339078879137,1339079283512,1339096763596,15528125,171084,1339096763596,1339095710262,0,1339079283512,
0,157780,1339093288354,1339093288354,0,1339094076929,1339094077887,1339094270304,1339094313012,1339143288352,1339094071679,16666666,1339094484179,1339095734804,1339095773679,1339096293887,1339113996679,16115875,73541,1339113996679,1339113005929,0,1339096293887,
0,157788,1339109955020,1339109955020,0,1339111132471,1339111133304,1339111308096,1339111347179,1339159955018,1339111127179,16666666,1339111359512,1339113037096,1339113081887,1339113363387,1339130448387,15454333,72250,1339130448387,1339129490471,0,1339113363387,
0,157796,1339126621686,1339126621686,0,1339127485637,1339127486096,1339127656887,1339127695054,1339176621684,1339127481054,16666666,1339127923137,1339129510304,1339129540846,1339129795887,1339146988804,15393000,66417,1339146988804,1339145889679,0,1339129795887,
0,157804,1339143288352,1339143288352,0,1339144487804,1339144489096,1339144792804,1339144854679,1339193288350,1339144480887,16666666,1339145442096,1339145917762,1339145956054,1339146254429,1339164172054,15383417,84625,1339164172054,1339162419221,0,1339146254429,
0,157812,1339159955018,1339159955018,0,1339160961471,1339160962262,1339161159179,1339161198846,1339209955016,1339160956137,16666666,1339161442262,1339162502096,1339162566887,1339162912012,1339180772679,15393459,260000,1339180772679,1339179625929,0,1339162912012,
0,157820,1339176621684,1339176621684,0,1339177367346,1339177368012,1339177616054,1339177662346,1339226621682,1339177362096,16666666,1339177917846,1339179677846,1339179711971,1339179995762,1339196734762,14443875,100500,1339196734762,1339195267096,0,1339179995762,
0,157828,1339193288350,1339193288350,0,1339194162846,1339194163679,1339194357971,1339194399137,1339243288348,1339194157512,16666666,1339194670804,1339195297846,1339195334429,1339195803721,1339215519637,17447458,90458,1339215519637,1339214239346,0,1339195803721,
0,157836,1339209955016,1339209955016,0,1339212676887,1339212677846,1339213084971,1339213129304,1339259955014,1339212671387,16666666,1339213457221,1339214270762,1339214329804,1339214640012,1339230404012,13883500,101750,1339230404012,1339229483346,0,1339214640012,
0,157844,1339226621682,1339226621682,0,1339227763679,1339227764512,1339228303637,1339228348721,1339276621680,1339227758137,16666666,1339229014304,1339229507346,1339229540096,1339229807137,1339247064929,15538875,83000,1339247064929,1339245989262,0,1339229807137,
0,157852,1339243288348,1339243288348,0,1339245091471,1339245092387,1339245494429,1339245538429,1339293288346,1339245086096,16666666,1339245793471,1339246029179,1339246061721,1339246339804,1339264259304,15597083,106959,1339264259304,1339262874762,0,1339246339804,
0,157860,1339259955014,1339259955014,0,1339261769929,1339261770846,1339262009304,1339262232471,1339309955012,1339261764554,16666666,1339262522387,1339262900262,1339262935221,1339263240471,1339280490346,14712333,214542,1339280490346,1339279032721,0,1339263240471,
0,157868,1339276621680,1339276621680,0,1339277520637,1339277521762,1339277755887,1339277806096,1339326621678,1339277514012,16666666,1339277992054,1339279065262,1339279102512,1339279398054,1339296751929,14923666,332541,1339296751929,1339295464012,0,1339279398054,
0,157876,1339293288346,1339293288346,0,1339294747429,1339294748471,1339295070596,1339295115637,1339343288344,1339294742012,16666666,1339295129512,1339295484512,1339295520804,1339295820429,1339313470637,15388209,94416,1339313470637,1339312264512,0,1339295820429,
0,157884,1339309955012,1339309955012,0,1339310611887,1339310612762,1339310776429,1339310814679,1339359955010,1339310607054,16666666,1339311058971,1339312297012,1339312313512,1339312730471,1339330119096,15664709,184375,1339330119096,1339329187512,0,1339312730471,
0,157892,1339326621678,1339326621678,0,1339327904721,1339327905887,1339328399596,1339328462096,1339376621676,1339327898929,16666666,1339328982346,1339329213054,1339329275137,1339329538387,1339347553262,16441959,178000,1339347553262,1339346609929,0,1339329538387,
0,157900,1339343288344,1339343288344,0,1339345551096,1339345552012,1339346007762,1339346048512,1339393288342,1339345545887,16666666,1339346301012,1339346633554,1339346665137,1339346961929,1339363357596,14856292,176041,1339363357596,1339362462929,0,1339346961929,
0,157908,1339359955010,1339359955010,0,1339361143637,1339361144679,1339361360637,1339361431221,1339409955008,1339361137096,16666666,1339362110637,1339362495429,1339362546679,1339362839346,1339379769221,15549666,87417,1339379769221,1339378951054,0,1339362839346,
0,157916,1339376621676,1339376621676,0,1339377573554,1339377574512,1339377767721,1339377811304,1339426621674,1339377568346,16666666,1339378294637,1339378980512,1339379012471,1339379271554,1339396663179,15559958,85750,1339396663179,1339395373512,0,1339379271554,
0,157924,1339393288342,1339393288342,0,1339393857887,1339393859179,1339394074429,1339394122304,1339443288340,1339393851971,16666666,1339394433262,1339395419929,1339395461054,1339395756929,1339413317429,15597833,121375,1339413317429,1339412316012,0,1339395756929,
0,157932,1339409955008,1339409955008,0,1339410905929,1339410907012,1339411232596,1339411285304,1339459955006,1339410899512,16666666,1339411795387,1339412357971,1339412393012,1339412674929,1339430882721,16227666,112584,1339430882721,1339429620637,0,1339412674929,
0,157940,1339426621674,1339426621674,0,1339427931304,1339427932304,1339428876596,1339428936387,1339476621672,1339427926096,16666666,1339429714804,1339429817971,1339429852471,1339430284721,1339447041304,14959083,100334,1339447041304,1339445958762,0,1339430284721,
0,157948,1339443288340,1339443288340,0,1339444510387,1339444511346,1339444755971,1339444812221,1339493288338,1339444503262,16666666,1339445367971,1339446000471,1339446034637,1339446363137,1339464291262,15598125,125625,1339464291262,1339462725762,0,1339446363137,
0,157956,1339459955006,1339459955006,0,1339460854596,1339460855679,1339461114679,1339461164971,1339509955004,1339460848346,16666666,1339461346512,1339462832387,1339462933721,1339463249471,1339479964137,14676084,98542,1339479964137,1339479019846,0,1339463249471,
0,157964,1339476621672,1339476621672,0,1339477675137,1339477676137,1339478014512,1339478064804,1339526621670,1339477669846,16666666,1339478079429,1339479058971,1339479094429,1339479410804,1339496515179,15562250,94083,1339496515179,1339495570471,0,1339479410804,
0,157972,1339493288338,1339493288338,0,1339494428304,1339494429179,1339494647762,1339494697054,1339543288336,1339494423221,16666666,1339495056304,1339495590304,1339495621429,1339495896387,1339514462596,17040459,82125,1339514462596,1339513652554,0,1339495896387,
0,157980,1339509955004,1339509955004,0,1339511956637,1339511957471,1339513075846,1339513120387,1339559955002,1339511950846,16666666,1339513368721,1339513682429,1339513716596,1339513988387,1339529638012,14271667,82458,1339529638012,1339528783637,0,1339513988387,
0,157988,1339526621670,1339526621670,0,1339527449762,1339527450679,1339527641137,1339527681971,1339576621668,1339527444554,16666666,1339527935471,1339528815346,1339528863387,1339529134846,1339546358387,15713959,88792,1339546358387,1339545507512,0,1339529134846,
0,157996,1339543288336,1339543288336,0,1339543988971,1339543989804,1339544427846,1339544477846,1339593288334,1339543983054,16666666,1339544751846,1339545544929,1339545577762,1339545847429,1339563154012,15890791,81584,1339563154012,1339562302429,0,1339545847429,
0,158004,1339559955002,1339559955002,0,1339560696804,1339560697554,1339561004137,1339561058929,1339609955000,1339560691637,16666666,1339561348846,1339562333429,1339562368762,1339562638971,1339579882304,15522375,86792,1339579882304,1339578725387,0,1339562638971,
0,158012,1339576621668,1339576621668,0,1339577530804,1339577531721,1339577792762,1339577845054,1339626621666,1339577525387,16666666,1339578476471,1339578760387,1339578816512,1339579219721,1339596831804,15503667,95541,1339596831804,1339595436804,0,1339579219721,
0,158020,1339593288334,1339593288334,0,1339594060262,1339594061137,1339594305512,1339594353387,1339643288332,1339594054721,16666666,1339594702262,1339595486387,1339595599346,1339595871637,1339612468304,15582333,198917,1339596841512,1339612468304,0,1339595871637,
0,158028,1339609955000,1339609955000,0,1339610927221,1339610928512,1339611221971,1339611282679,1339659954998,1339610921096,16666666,1339611973054,1339612503637,1339612536554,1339612807387,1339630390971,15952875,81666,1339630390971,1339629348387,0,1339612807387,
0,158036,1339626621666,1339626621666,0,1339627437304,1339627438179,1339627635512,1339627683262,1339676621664,1339627431471,16666666,1339627962012,1339629384721,1339629418679,1339629723971,1339647105304,15544291,90500,1339647105304,1339646003554,0,1339629723971,
0,158044,1339643288332,1339643288332,0,1339643960387,1339643961929,1339644868512,1339644937637,1339693288330,1339643953346,16666666,1339645553971,1339646069887,1339646130971,1339646486429,1339663390721,15243042,163166,1339663390721,1339662462013,0,1339646486429,
0,158052,1339659954998,1339659954998,0,1339660886096,1339660887054,1339661351304,1339661398471,1339709954996,1339660880471,16666666,1339661412888,1339662501429,1339662538054,1339662847846,1339680498554,15920625,84042,1339680498554,1339679358346,0,1339662847846,
0,158060,1339676621664,1339676621664,0,1339677641638,1339677642596,1339677886846,1339677931054,1339726621662,1339677636346,16666666,1339678211138,1339679392804,1339679426554,1339679776388,1339696706721,15130791,97542,1339696706721,1339695680304,0,1339679776388,
0,158068,1339693288330,1339693288330,0,1339694419388,1339694420679,1339694701096,1339694743804,1339743288328,1339694414054,16666666,1339695147679,1339695703763,1339695738179,1339696168596,1339713554096,15371417,86000,1339713554096,1339712125096,0,1339696168596,
0,158076,1339709954996,1339709954996,0,1339710997679,1339710998638,1339711193013,1339711236054,1339759954994,1339710991763,16666666,1339711891596,1339712147179,1339712224638,1339712806929,1339730520138,15740167,127000,1339730520138,1339729403346,0,1339712806929,
0,158084,1339726621662,1339726621662,0,1339727888013,1339727888846,1339728129929,1339728170846,1339776621660,1339727882929,16666666,1339728433138,1339729439929,1339729476638,1339729900721,1339747565096,15893209,118750,1339747565096,1339746467388,0,1339729900721,
0,158092,1339743288328,1339743288328,0,1339744908929,1339744909763,1339745138471,1339745178513,1339793288326,1339744903804,16666666,1339745414638,1339746494721,1339746531013,1339746813554,1339763624179,14906292,79708,1339763624179,1339762522263,0,1339746813554,
0,158100,1339759954994,1339759954994,0,1339760972179,1339760973346,1339761193721,1339761245846,1339809954992,1339760966513,16666666,1339761875346,1339762555596,1339762589388,1339762865513,1339780703721,15674375,72542,1339780703721,1339779351179,0,1339762865513,
0,158108,1339776621660,1339776621660,0,1339777671763,1339777672679,1339777875638,1339778345804,1339826621658,1339777666429,16666666,1339779171013,1339779412054,1339779453513,1339779774888,1339798598388,16495042,367542,1339798598388,1339797264263,0,1339779774888,
0,158116,1339793288326,1339793288326,0,1339795339429,1339795340221,1339795615804,1339795653096,1339843288324,1339795334679,16666666,1339795888971,1339797320304,1339797363054,1339797684388,1339814741638,14725458,290584,1339814741638,1339813387513,0,1339797684388,
0,158124,1339809954992,1339809954992,0,1339811272638,1339811273929,1339811530054,1339811594888,1339859954990,1339811266179,16666666,1339812530471,1339813472304,1339813518971,1339813839471,1339832868513,16397334,256833,1339832868513,1339831323429,0,1339813839471,
0,158132,1339826621658,1339826621658,0,1339829488471,1339829489221,1339829718346,1339829759513,1339876621656,1339829483763,16666666,1339829931929,1339831356679,1339831399013,1339831690179,1339850040138,14770625,255958,1339850040138,1339847797096,0,1339831690179,
0,158140,1339843288324,1339843288324,0,1339846276263,1339846277304,1339846561971,1339846625013,1339893288322,1339846269013,16666666,1339846645513,1339847886846,1339847933429,1339848509054,1339864129054,12539416,308250,1339864129054,1339862650554,0,1339848509054,
0,158148,1339859954990,1339859954990,0,1339861693054,1339861694179,1339862086013,1339862130638,1339909954988,1339861687721,16666666,1339862573304,1339862705888,1339862752138,1339863072929,1339882293054,16932916,405084,1339882293054,1339881137971,0,1339863072929,
0,158156,1339876621656,1339876621656,0,1339879339471,1339879340471,1339879532846,1339879600471,1339926621654,1339879333846,16666666,1339879867054,1339881198721,1339881238138,1339881518096,1339900859429,16612250,203417,1339900859429,1339899037263,0,1339881518096,
0,158164,1339893288322,1339893288322,0,1339897439763,1339897441138,1339897782679,1339897837388,1339943288320,1339897433138,16666666,1339898111304,1339899105304,1339899160721,1339899816346,1339916303679,13923709,318916,1339916303679,1339914864846,0,1339899816346,
0,158172,1339909954988,1339909954988,0,1339912774138,1339912775304,1339913507013,1339913552763,1339959954986,1339912767971,16666666,1339914257013,1339914930013,1339914978221,1339915343221,1339931952054,13842917,386208,1339931952054,1339930276221,0,1339915343221,
0,158180,1339926621654,1339926621654,0,1339927703846,1339927704721,1339927889471,1339927930013,1339976621652,1339927698638,16666666,1339928256554,1339930332888,1339930380846,1339930676721,1339948757679,15142208,281208,1339948757679,1339947162179,0,1339930676721,
0,158188,1339943288320,1339943288320,0,1339945471804,1339945472638,1339945677888,1339945719596,1339993288318,1339945466096,16666666,1339946029596,1339947231013,1339947279679,1339947631346,1339964342888,14078750,486208,1339964342888,1339962969221,0,1339947631346,
0,158196,1339959954986,1339959954986,0,1339961426096,1339961427138,1339961700054,1339961754929,1340009954984,1339961419971,16666666,1339962127554,1339963022804,1339963062388,1339963394013,1339983025179,17221709,182459,1339983025179,1339981719763,0,1339963394013,
0,158204,1339976621652,1339976621652,0,1339980712346,1339980713304,1339981322638,1339981373054,1340026621650,1339980705804,16666666,1339981646429,1339981786971,1339981842971,1339982354471,1339997664471,13369458,197792,1339997664471,1339996529721,0,1339982354471,
0,158212,1339993288318,1339993288318,0,1339994975471,1339994976596,1339995265388,1339995323846,1340043288316,1339994967513,16666666,1339996413971,1339996560304,1339996578263,1339996863013,1340014911388,15244125,222166,1340014911388,1340013020221,0,1339996863013,
0,158220,1340009954984,1340009954984,0,1340011099054,1340011100138,1340011325304,1340011366846,1340059954982,1340011093513,16666666,1340011528221,1340013052304,1340013093096,1340013393429,1340030000013,15026834,806542,1340014922471,1340030000013,0,1340013393429,
0,158228,1340026621650,1340026621650,0,1340028164679,1340028165471,1340028416804,1340028465513,1340076621648,1340028159221,16666666,1340028479096,1340030033471,1340030133138,1340030537388,1340047115513,14159208,349875,1340047115513,1340045841763,0,1340030537388,
0,158236,1340043288316,1340043288316,0,1340044319554,1340044320346,1340044565179,1340044616763,1340093288314,1340044313888,16666666,1340044938804,1340045893679,1340045930221,1340046204763,1340064464888,15269750,297166,1340064464888,1340062447971,0,1340046204763,
0,158244,1340059954982,1340059954982,0,1340060637763,1340060638554,1340061060804,1340061105804,1340076621648,1340060632513,16666666,1340061379179,1340062471638,1340062599596,1340063121346,1338080332970,14269292,658084,1338080332970,1340078786054,0,1340063121346,
---PROFILEDATA---


View hierarchy:

  dev.polski.grammarmatrix/dev.polski.grammarmatrix.GlassBenchmarkActivity/android.view.ViewRootImpl@af271ea
  7 views, 12.08 kB of render nodes


Total ViewRootImpl   : 1
Total attached Views : 7
Total RenderNode     : 12.08 kB (used) / 36.09 kB (capacity)