Applications Graphics Acceleration Info:
Uptime: 1405256 Realtime: 1405256

** Graphics info for pid 5729 [dev.polski.grammarmatrix] **

Stats since: 1400173341125ns
Total frames rendered: 305
Janky frames: 0 (0.00%)
Janky frames (legacy): 0 (0.00%)
50th percentile: 17ms
90th percentile: 17ms
95th percentile: 17ms
99th percentile: 19ms
Number Missed Vsync: 0
Number High input latency: 305
Number Slow UI thread: 0
Number Slow bitmap uploads: 0
Number Slow issue draw commands: 0
Number Frame deadline missed: 0
Number Frame deadline missed (legacy): 0
HISTOGRAM: 5ms=20 6ms=0 7ms=1 8ms=0 9ms=0 10ms=0 11ms=0 12ms=0 13ms=0 14ms=0 15ms=2 16ms=104 17ms=164 18ms=5 19ms=6 20ms=3 21ms=0 22ms=0 23ms=0 24ms=0 25ms=0 26ms=0 27ms=0 28ms=0 29ms=0 30ms=0 31ms=0 32ms=0 34ms=0 36ms=0 38ms=0 40ms=0 42ms=0 44ms=0 46ms=0 48ms=0 53ms=0 57ms=0 61ms=0 65ms=0 69ms=0 73ms=0 77ms=0 81ms=0 85ms=0 89ms=0 93ms=0 97ms=0 101ms=0 105ms=0 109ms=0 113ms=0 117ms=0 121ms=0 125ms=0 129ms=0 133ms=0 150ms=0 200ms=0 250ms=0 300ms=0 350ms=0 400ms=0 450ms=0 500ms=0 550ms=0 600ms=0 650ms=0 700ms=0 750ms=0 800ms=0 850ms=0 900ms=0 950ms=0 1000ms=0 1050ms=0 1100ms=0 1150ms=0 1200ms=0 1250ms=0 1300ms=0 1350ms=0 1400ms=0 1450ms=0 1500ms=0 1550ms=0 1600ms=0 1650ms=0 1700ms=0 1750ms=0 1800ms=0 1850ms=0 1900ms=0 1950ms=0 2000ms=0 2050ms=0 2100ms=0 2150ms=0 2200ms=0 2250ms=0 2300ms=0 2350ms=0 2400ms=0 2450ms=0 2500ms=0 2550ms=0 2600ms=0 2650ms=0 2700ms=0 2750ms=0 2800ms=0 2850ms=0 2900ms=0 2950ms=0 3000ms=0 3050ms=0 3100ms=0 3150ms=0 3200ms=0 3250ms=0 3300ms=0 3350ms=0 3400ms=0 3450ms=0 3500ms=0 3550ms=0 3600ms=0 3650ms=0 3700ms=0 3750ms=0 3800ms=0 3850ms=0 3900ms=0 3950ms=0 4000ms=0 4050ms=0 4100ms=0 4150ms=0 4200ms=0 4250ms=0 4300ms=0 4350ms=0 4400ms=0 4450ms=0 4500ms=0 4550ms=0 4600ms=0 4650ms=0 4700ms=0 4750ms=0 4800ms=0 4850ms=0 4900ms=0 4950ms=0
50th gpu percentile: 15ms
90th gpu percentile: 16ms
95th gpu percentile: 16ms
99th gpu percentile: 18ms
GPU HISTOGRAM: 1ms=2 2ms=19 3ms=0 4ms=0 5ms=0 6ms=0 7ms=0 8ms=0 9ms=0 10ms=1 11ms=5 12ms=5 13ms=3 14ms=15 15ms=179 16ms=67 17ms=4 18ms=4 19ms=1 20ms=0 21ms=0 22ms=0 23ms=0 24ms=0 25ms=0 4950ms=0

Pipeline=Skia (OpenGL)
Memory policy:
  Max surface area: 2592000
  Max resource usage: 124.42MB (x48)
  Background retention: 50% (altUiHidden = true)
  GPU Context timeout: 10
Contexts: 1 (stopped = 0)
CPU Caches:
  Glyph Cache: 33.70 KB (1 entry)
  Glyph Count: 11 
Total CPU memory usage:
  34510 bytes, 33.70 KB (0.00 bytes is purgeable)
GPU Caches:
  Other:
    Other: 27.16 KB (1 entry)
    Buffer Object: 36.00 KB (1 entry)
  Scratch:
    Buffer Object: 80.00 KB (2 entries)
    Texture: 2.00 MB (1 entry)
Total GPU memory usage:
  2243744 bytes, 2.14 MB (68.00 KB is purgeable)

GraphicBufferAllocator buffers:
        Handle |        Size |     W (Stride) x H | Layers |   Format |      Usage | Requestor
0xb400007b2c426750 |     unknown | 1080 (   0) x 2400 |      1 |        1 | 0x     b00 | VRI[GlassBenchmarkActivity]#0(BLAST Consumer)0
0xb400007b2c426900 |     unknown | 1080 (   0) x 2400 |      1 |        1 | 0x     b00 | VRI[GlassBenchmarkActivity]#0(BLAST Consumer)0
0xb400007b2c437e50 |     unknown | 1080 (   0) x 2400 |      1 |        1 | 0x     b00 | VRI[GlassBenchmarkActivity]#0(BLAST Consumer)0
Total allocated by GraphicBufferAllocator (estimate): 0.00 KB
GoldfishAllocator::dumpDebugInfo is not implemented
Profile data in ms:

	dev.polski.grammarmatrix/dev.polski.grammarmatrix.GlassBenchmarkActivity/android.view.ViewRootImpl@af271ea (visibility=0)
Window: dev.polski.grammarmatrix/dev.polski.grammarmatrix.GlassBenchmarkActivity
Stats since: 1400173340750ns
Total frames rendered: 305
Janky frames: 0 (0.00%)
Janky frames (legacy): 0 (0.00%)
50th percentile: 17ms
90th percentile: 17ms
95th percentile: 17ms
99th percentile: 19ms
Number Missed Vsync: 0
Number High input latency: 305
Number Slow UI thread: 0
Number Slow bitmap uploads: 0
Number Slow issue draw commands: 0
Number Frame deadline missed: 0
Number Frame deadline missed (legacy): 0
HISTOGRAM: 5ms=20 6ms=0 7ms=1 8ms=0 9ms=0 10ms=0 11ms=0 12ms=0 13ms=0 14ms=0 15ms=2 16ms=104 17ms=164 18ms=5 19ms=6 20ms=3 21ms=0 22ms=0 23ms=0 24ms=0 25ms=0 26ms=0 27ms=0 28ms=0 29ms=0 30ms=0 31ms=0 32ms=0 34ms=0 36ms=0 38ms=0 40ms=0 42ms=0 44ms=0 46ms=0 48ms=0 53ms=0 57ms=0 61ms=0 65ms=0 69ms=0 73ms=0 77ms=0 81ms=0 85ms=0 89ms=0 93ms=0 97ms=0 101ms=0 105ms=0 109ms=0 113ms=0 117ms=0 121ms=0 125ms=0 129ms=0 133ms=0 150ms=0 200ms=0 250ms=0 300ms=0 350ms=0 400ms=0 450ms=0 500ms=0 550ms=0 600ms=0 650ms=0 700ms=0 750ms=0 800ms=0 850ms=0 900ms=0 950ms=0 1000ms=0 1050ms=0 1100ms=0 1150ms=0 1200ms=0 1250ms=0 1300ms=0 1350ms=0 1400ms=0 1450ms=0 1500ms=0 1550ms=0 1600ms=0 1650ms=0 1700ms=0 1750ms=0 1800ms=0 1850ms=0 1900ms=0 1950ms=0 2000ms=0 2050ms=0 2100ms=0 2150ms=0 2200ms=0 2250ms=0 2300ms=0 2350ms=0 2400ms=0 2450ms=0 2500ms=0 2550ms=0 2600ms=0 2650ms=0 2700ms=0 2750ms=0 2800ms=0 2850ms=0 2900ms=0 2950ms=0 3000ms=0 3050ms=0 3100ms=0 3150ms=0 3200ms=0 3250ms=0 3300ms=0 3350ms=0 3400ms=0 3450ms=0 3500ms=0 3550ms=0 3600ms=0 3650ms=0 3700ms=0 3750ms=0 3800ms=0 3850ms=0 3900ms=0 3950ms=0 4000ms=0 4050ms=0 4100ms=0 4150ms=0 4200ms=0 4250ms=0 4300ms=0 4350ms=0 4400ms=0 4450ms=0 4500ms=0 4550ms=0 4600ms=0 4650ms=0 4700ms=0 4750ms=0 4800ms=0 4850ms=0 4900ms=0 4950ms=0
50th gpu percentile: 15ms
90th gpu percentile: 16ms
95th gpu percentile: 16ms
99th gpu percentile: 18ms
GPU HISTOGRAM: 1ms=2 2ms=19 3ms=0 4ms=0 5ms=0 6ms=0 7ms=0 8ms=0 9ms=0 10ms=1 11ms=5 12ms=5 13ms=3 14ms=15 15ms=179 16ms=67 17ms=4 18ms=4 19ms=1 20ms=0 21ms=0 22ms=0 23ms=0 24ms=0 25ms=0 4950ms=0



---PROFILEDATA---
Flags,FrameTimelineVsyncId,IntendedVsync,Vsync,InputEventId,HandleInputStart,AnimationStart,PerformTraversalsStart,DrawStart,FrameDeadline,FrameInterval,FrameStartTime,SyncQueued,SyncStart,IssueDrawCommandsStart,SwapBuffers,FrameCompleted,DequeueBufferDuration,QueueBufferDuration,GpuCompleted,SwapBuffersCompleted,DisplayPresentTime,CommandSubmissionCompleted,
0,188257,1403259952454,1403259952454,0,1403261116918,1403261118001,1403261346293,1403261390834,1403293285786,1403261111626,16666666,1403261405168,1403261821876,1403261861626,1403262284168,1403277205335,1500,112333,1403277205335,1403263045293,0,1403262284168,
0,188265,1403276619120,1403276619120,0,1403277513251,1403277514126,1403277706585,1403277749001,1403309952452,1403277508251,16666666,1403278025751,1403278347376,1403278431460,1403278989168,1403293707210,1416,72375,1403293707210,1403279492418,0,1403278989168,
0,188273,1403293285786,1403293285786,0,1403293885335,1403293886251,1403294195126,1403294237126,1403326619118,1403293879751,16666666,1403294636918,1403295314001,1403295408376,1403295686251,1403297158626,1834,338458,1403297031293,1403297158626,0,1403295686251,
0,188281,1403309952452,1403309952452,0,1403311198585,1403311199543,1403311388335,1403311486001,1403343285784,1403311191585,16666666,1403312253210,1403312534960,1403312577835,1403312924751,1403326971793,2125,255250,1403326971793,1403313694168,0,1403312924751,
0,188289,1403326619118,1403326619118,0,1403327454960,1403327455835,1403327631626,1403327671085,1403359952450,1403327449585,16666666,1403327929501,1403328661460,1403328737960,1403329145168,1403343885376,1500,167916,1403343885376,1403329761001,0,1403329145168,
0,188297,1403343285784,1403343285784,0,1403343943043,1403343943876,1403344475168,1403344519126,1403376619116,1403343938001,16666666,1403344776501,1403345224335,1403345312251,1403346079668,1403347010085,2958,456708,1403346970376,1403347010085,0,1403346079668,
0,188305,1403359952450,1403359952450,0,1403360938168,1403360939168,1403361238376,1403361293835,1403393285782,1403360931543,16666666,1403361808751,1403362090543,1403362122626,1403362398501,1403377085918,2042,87750,1403377085918,1403362999960,0,1403362398501,
0,188313,1403376619116,1403376619116,0,1403377236918,1403377237793,1403377499210,1403377545501,1403409952448,1403377231876,16666666,1403377980710,1403378335835,1403378372585,1403378892418,1403393894585,2042,204625,1403393894585,1403379538251,0,1403378892418,
0,188321,1403393285782,1403393285782,0,1403394076043,1403394077001,1403394310168,1403394361793,1403426619114,1403394070251,16666666,1403394929210,1403395470418,1403395519001,1403396461126,1403410489876,2166,287625,1403410489876,1403397357501,0,1403396461126,
0,188329,1403409952448,1403409952448,0,1403411279210,1403411280043,1403411454001,1403411493126,1403443285780,1403411274418,16666666,1403411962168,1403412324960,1403412403501,1403412869085,1403427081001,2167,217042,1403427081001,1403413929876,0,1403412869085,
0,188337,1403426619114,1403426619114,0,1403427763918,1403427765085,1403428474793,1403428520876,1403459952446,1403427757793,16666666,1403428683710,1403428803710,1403429101043,1403429603626,1403444211876,1750,244583,1403444211876,1403430768210,0,1403429603626,
0,188345,1403443285780,1403443285780,0,1403444387668,1403444388626,1403444876918,1403444929960,1403476619112,1403444381043,16666666,1403444944210,1403445096960,1403445165168,1403445986043,1403447292001,2291,474583,1403447254710,1403447292001,0,1403445986043,
0,188353,1403459952446,1403459952446,0,1403461121293,1403461122168,1403461297251,1403461338543,1403493285778,1403461115585,16666666,1403461639085,1403461712793,1403461788251,1403462567751,1403477103335,2291,196708,1403477103335,1403463291210,0,1403462567751,
0,188361,1403476619112,1403476619112,0,1403477397168,1403477398543,1403478086918,1403478172251,1403509952444,1403477389668,16666666,1403478619126,1403478971210,1403479274168,1403479787710,1403493688085,1792,207000,1403493688085,1403480870626,0,1403479787710,
0,188369,1403493285778,1403493285778,0,1403494407626,1403494408710,1403494653460,1403494697043,1403526619110,1403494402376,16666666,1403494966335,1403494985210,1403495019085,1403495586210,1403510505751,1750,139042,1403510505751,1403496312501,0,1403495586210,
0,188377,1403509952444,1403509952444,0,1403511049793,1403511050710,1403511301710,1403511354460,1403543285776,1403511044835,16666666,1403512415876,1403512553918,1403512588460,1403512866418,1403527118460,1709,158625,1403527118460,1403513469168,0,1403512866418,
0,188385,1403526619110,1403526619110,0,1403527398626,1403527399418,1403527763460,1403527810793,1403559952442,1403527393251,16666666,1403528427501,1403528681001,1403528743043,1403529130668,1403543769001,1500,82333,1403543769001,1403529643460,0,1403529130668,
0,188393,1403543285776,1403543285776,0,1403544308043,1403544308960,1403544512793,1403544553251,1403576619108,1403544302543,16666666,1403544892126,1403545099793,1403545121793,1403545449043,1403560596793,1584,113500,1403560596793,1403546115876,0,1403545449043,
0,188401,1403559952442,1403559952442,0,1403560885543,1403560886543,1403561071418,1403561113668,1403593285774,1403560880293,16666666,1403561434293,1403561742543,1403561762460,1403562091043,1403577248418,1250,83458,1403577248418,1403562678668,0,1403562091043,
0,188409,1403576619108,1403576619108,0,1403577519668,1403577520501,1403577955001,1403577998668,1403609952440,1403577514751,16666666,1403578259960,1403578475376,1403578496168,1403578945585,1403593875418,1667,117625,1403593875418,1403579714876,0,1403578945585,
0,188417,1403593285774,1403593285774,0,1403593921293,1403593922168,1403594316668,1403594359918,1403626619106,1403593916001,16666666,1403594853210,1403595062418,1403595109293,1403595642501,1403597092210,1959,368375,1403596998543,1403597092210,0,1403595642501,
0,188425,1403609952440,1403609952440,0,1403610699501,1403610700501,1403611020543,1403611071835,1403643285772,1403610693835,16666666,1403611275793,1403611489168,1403611556210,1403612128126,1403627105043,462625,462125,1403627105043,1403613551835,0,1403612128126,
0,188433,1403626619106,1403626619106,0,1403627688918,1403627690043,1403628207251,1403628271001,1403659952438,1403627681376,16666666,1403628286960,1403629287251,1403629346501,1403629794335,1403643821001,1625,78708,1403643821001,1403630396085,0,1403629794335,
0,188441,1403643285772,1403643285772,0,1403644289835,1403644290876,1403644453960,1403644494960,1403676619104,1403644284293,16666666,1403645319668,1403645537126,1403645558543,1403645895876,1403660641918,489166,152208,1403660641918,1403647151835,0,1403645895876,
0,188449,1403659952438,1403659952438,0,1403661117835,1403661118960,1403661471793,1403661533293,1403693285770,1403661112460,16666666,1403661837668,1403661848585,1403661944460,1403662538043,1403677239626,1708,87417,1403677239626,1403663500501,0,1403662538043,
0,188457,1403676619104,1403676619104,0,1403677593251,1403677594210,1403677808960,1403677854876,1403709952436,1403677587501,16666666,1403678131668,1403678165418,1403678321918,1403679197460,1403693909835,1625,150875,1403693909835,1403679986126,0,1403679197460,
0,188465,1403693285770,1403693285770,0,1403694136043,1403694136918,1403694529751,1403694573585,1403726619102,1403694131085,16666666,1403694839918,1403695262335,1403695354751,1403696209168,1403711189043,1959,99125,1403711189043,1403696904543,0,1403696209168,
0,188473,1403709952436,1403709952436,0,1403711233376,1403711234293,1403711543251,1403711590585,1403743285768,1403711227626,16666666,1403711849793,1403712152085,1403712207418,1403713262543,1403727222293,1500,199875,1403727222293,1403714550501,0,1403713262543,
0,188481,1403726619102,1403726619102,0,1403727709668,1403727710710,1403728468251,1403728531460,1403759952434,1403727703251,16666666,1403729393876,1403729549251,1403729587668,1403729875418,1403743740793,1625,72625,1403743740793,1403730638168,0,1403729875418,
0,188489,1403743285768,1403743285768,0,1403744544585,1403744545376,1403744710001,1403744749085,1403776619100,1403744539751,16666666,1403745029210,1403745177001,1403745251210,1403746224376,1403760551210,2292,245834,1403760551210,1403747157418,0,1403746224376,
0,188497,1403759952434,1403759952434,0,1403761479251,1403761480543,1403761796501,1403762032960,1403793285766,1403761472335,16666666,1403762304001,1403762423501,1403762479293,1403762925835,1403777155376,1208,80917,1403777155376,1403763564585,0,1403762925835,
0,188505,1403776619100,1403776619100,0,1403777472543,1403777473210,1403777619668,1403777656501,1403809952432,1403777467501,16666666,1403778093626,1403778463876,1403778526293,1403778992460,1403793735210,2833,92875,1403793735210,1403779983960,0,1403778992460,
0,188513,1403793285766,1403793285766,0,1403794084293,1403794085043,1403794676960,1403794720960,1403826619098,1403794079543,16666666,1403795135418,1403795440501,1403795581293,1403795950835,1403810604668,1458,73083,1403810604668,1403796689668,0,1403795950835,
0,188521,1403809952432,1403809952432,0,1403810927001,1403810927626,1403811184793,1403811225460,1403843285764,1403810922418,16666666,1403811563918,1403811877626,1403811988085,1403812533335,1403827372543,1375,98333,1403827372543,1403813221835,0,1403812533335,
0,188529,1403826619098,1403826619098,0,1403827262001,1403827262335,1403827378418,1403827400501,1403859952430,1403827258751,16666666,1403827943876,1403828361501,1403828371210,1403828639793,1403830261085,2833,355833,1403830195835,1403830261085,0,1403828639793,
0,188537,1403843285764,1403843285764,0,1403844129376,1403844130335,1403844526001,1403844573668,1403876619096,1403844124626,16666666,1403844884668,1403845547460,1403845586793,1403846121710,1403860355168,1583,250834,1403860355168,1403846803418,0,1403846121710,
0,188545,1403859952430,1403859952430,0,1403860767543,1403860768085,1403861087835,1403861134751,1403893285762,1403860762210,16666666,1403861398543,1403861529293,1403861567293,1403861971710,1403877111626,1542,68125,1403877111626,1403862492710,0,1403861971710,
0,188553,1403876619096,1403876619096,0,1403877425626,1403877426543,1403877660668,1403877725418,1403909952428,1403877420293,16666666,1403878054751,1403878072626,1403878140793,1403878848918,1403893734335,1416,93834,1403893734335,1403879354293,0,1403878848918,
0,188561,1403893285762,1403893285762,0,1403894002085,1403894002876,1403894169293,1403894209960,1403926619094,1403893996876,16666666,1403894514085,1403894570460,1403894658418,1403895670251,1403910677418,1583,94042,1403910677418,1403896655126,0,1403895670251,
0,188569,1403909952428,1403909952428,0,1403910914876,1403910915918,1403911119751,1403911165251,1403943285760,1403910908835,16666666,1403911494210,1403911844585,1403911925626,1403912757501,1403927210126,1958,152958,1403927210126,1403913407210,0,1403912757501,
0,188577,1403926619094,1403926619094,0,1403927368501,1403927369668,1403927545335,1403927587793,1403959952426,1403927363335,16666666,1403927948710,1403927972835,1403928343918,1403929105668,1403943763210,2000,112000,1403943763210,1403929995710,0,1403929105668,
0,188585,1403943285760,1403943285760,0,1403944304335,1403944305085,1403944612210,1403944669001,1403976619092,1403944298960,16666666,1403944971043,1403945013585,1403945104251,1403945825210,1403960772126,2209,263500,1403960772126,1403946512501,0,1403945825210,
0,188593,1403959952426,1403959952426,0,1403960959001,1403960960001,1403961154210,1403961193960,1403993285758,1403960953710,16666666,1403961805460,1403962099126,1403962277460,1403962605501,1403977231335,1583,79083,1403977231335,1403963149335,0,1403962605501,
0,188601,1403976619092,1403976619092,0,1403977547918,1403977548835,1403977723460,1403977771085,1404009952424,1403977536793,16666666,1403977944085,1403978124085,1403978196418,1403979199752,1403993738543,1333,123500,1403993738543,1403980386293,0,1403979199752,
0,188609,1403993285758,1403993285758,0,1403994108168,1403994109127,1403994340252,1403994382543,1404026619090,1403994103127,16666666,1403994395627,1403994412377,1403994431085,1403994875668,1403996382960,3500,738083,1403996329502,1403996382960,0,1403994875668,
0,188617,1404009952424,1404009952424,0,1404011100627,1404011101502,1404011443377,1404011486668,1404043285756,1404011095710,16666666,1404011938460,1404012114002,1404012150335,1404012663502,1404027130877,2084,313666,1404027130877,1404013441502,0,1404012663502,
0,188625,1404026619090,1404026619090,0,1404027588502,1404027589293,1404027850877,1404027898418,1404059952422,1404027582877,16666666,1404028354877,1404028803377,1404028894877,1404029446627,1404043778210,1750,174417,1404043778210,1404030300252,0,1404029446627,
0,188633,1404043285756,1404043285756,0,1404043946460,1404043947585,1404044580585,1404044623835,1404076619088,1404043941377,16666666,1404044907335,1404044954918,1404045040210,1404045677668,1404060583377,1458,196042,1404060583377,1404046545168,0,1404045677668,
0,188641,1404059952422,1404059952422,0,1404060990418,1404060991210,1404061158960,1404061199918,1404093285754,1404060985585,16666666,1404061524502,1404061580835,1404061639543,1404062122418,1404077222418,1667,76333,1404077222418,1404062830460,0,1404062122418,
0,188649,1404076619088,1404076619088,0,1404077497210,1404077498043,1404077687210,1404077727460,1404109952420,1404077492252,16666666,1404077976502,1404078083085,1404078120627,1404078587627,1404093743752,1542,153125,1404093743752,1404079570210,0,1404078587627,
0,188657,1404093285754,1404093285754,0,1404094017210,1404094018002,1404094190002,1404094231877,1404126619086,1404094012168,16666666,1404094516377,1404094863043,1404094923168,1404095492168,1404110467585,2292,132833,1404110467585,1404096759877,0,1404095492168,
0,188665,1404109952420,1404109952420,0,1404111360668,1404111361627,1404111766793,1404111809335,1404143285752,1404111355710,16666666,1404112322168,1404112464168,1404112527793,1404112818918,1404127146252,2000,198875,1404127146252,1404113533127,0,1404112818918,
0,188673,1404126619086,1404126619086,0,1404127314918,1404127315752,1404127815377,1404127879877,1404159952418,1404127309502,16666666,1404128616002,1404129295293,1404129331252,1404129866043,1404143913460,2125,167042,1404143913460,1404130591210,0,1404129866043,
0,188681,1404143285752,1404143285752,0,1404144318752,1404144319460,1404144654543,1404144704585,1404176619084,1404144312627,16666666,1404145182960,1404145370002,1404145469127,1404145878502,1404160884085,2500,199583,1404160884085,1404146675627,0,1404145878502,
0,188689,1404159952418,1404159952418,0,1404160891835,1404160892668,1404161220460,1404161264585,1404193285750,1404160886043,16666666,1404161429127,1404161640835,1404161766585,1404162232793,1404177206918,1667,102958,1404177206918,1404162916835,0,1404162232793,
0,188697,1404176619084,1404176619084,0,1404177529877,1404177530585,1404177908710,1404177948793,1404209952416,1404177524835,16666666,1404177960835,1404178104877,1404178142168,1404178614168,1404193716252,1584,143250,1404193716252,1404179401293,0,1404178614168,
0,188705,1404193285750,1404193285750,0,1404194200210,1404194201252,1404194597668,1404194662043,1404226619082,1404194194627,16666666,1404195164085,1404195561377,1404195611460,1404195944127,1404210411460,1875,103375,1404210411460,1404196562085,0,1404195944127,
0,188713,1404209952416,1404209952416,0,1404210674335,1404210675085,1404210880960,1404210941543,1404243285748,1404210667960,16666666,1404211305793,1404211618585,1404211654752,1404211944793,1404227114168,1791,212000,1404227114168,1404213093252,0,1404211944793,
0,188721,1404226619082,1404226619082,0,1404227657210,1404227657960,1404227958502,1404228227252,1404259952414,1404227650418,16666666,1404228596668,1404228967585,1404229058835,1404229574793,1404243784460,1208,195875,1404243784460,1404230297752,0,1404229574793,
0,188729,1404243285748,1404243285748,0,1404244359377,1404244360252,1404244540210,1404244588168,1404276619080,1404244353793,16666666,1404245081543,1404245219377,1404245301002,1404245648002,1404260606002,1541,162500,1404260606002,1404246662127,0,1404245648002,
0,188737,1404259952414,1404259952414,0,1404260613043,1404260613877,1404261500793,1404261547293,1404293285746,1404260607252,16666666,1404262015960,1404262117127,1404262135793,1404262460543,1404277222668,1334,78666,1404277222668,1404262970710,0,1404262460543,
0,188745,1404276619080,1404276619080,0,1404277338293,1404277339168,1404277661293,1404277704502,1404309952412,1404277333168,16666666,1404278003877,1404278737793,1404278772793,1404279040085,1404293876043,2291,113833,1404293876043,1404279670252,0,1404279040085,
0,188753,1404293285746,1404293285746,0,1404293944293,1404293945418,1404294429752,1404294485627,1404326619078,1404293938418,16666666,1404294900918,1404295313960,1404295864460,1404296505002,1404310518835,1708,86000,1404310518835,1404297102710,0,1404296505002,
0,188761,1404309952412,1404309952412,0,1404310903293,1404310904043,1404311085002,1404311127960,1404343285744,1404310897752,16666666,1404311411668,1404311552835,1404311608752,1404312329877,1404327227710,1334,95000,1404327227710,1404312937377,0,1404312329877,
0,188769,1404326619078,1404326619078,0,1404327273085,1404327274002,1404327898918,1404327956168,1404359952410,1404327267335,16666666,1404328401793,1404328434502,1404328795043,1404329226960,1404344253960,1875,211625,1404344253960,1404329913793,0,1404329226960,
0,188777,1404343285744,1404343285744,0,1404344959960,1404344961835,1404345633835,1404345708627,1404376619076,1404344948793,16666666,1404346278085,1404347513835,1404347589627,1404348740335,1404360647502,1709,157583,1404360647502,1404349629835,0,1404348740335,
0,188785,1404359952410,1404359952410,0,1404361091418,1404361092210,1404361265335,1404361308043,1404393285742,1404361086127,16666666,1404361320668,1404361593960,1404361630502,1404362267502,1404376945460,1708,81542,1404376945460,1404362884502,0,1404362267502,
0,188793,1404376619076,1404376619076,0,1404377878377,1404377879168,1404378122668,1404378167377,1404409952408,1404377873377,16666666,1404378841793,1404379091793,1404379153835,1404379468793,1404395888377,1875,480750,1404395888377,1404380412752,0,1404379468793,
0,188801,1404393285742,1404393285742,0,1404396310543,1404396311710,1404396586710,1404396627877,1404426619074,1404396304418,16666666,1404396942793,1404397153918,1404397191460,1404397832210,1404410543835,1958,73250,1404410543835,1404398354585,0,1404397832210,
0,188809,1404409952408,1404409952408,0,1404410910918,1404410912127,1404411190168,1404411252627,1404443285740,1404410904460,16666666,1404411641252,1404411906793,1404411999127,1404412733210,1404427210960,2375,253000,1404427210960,1404413771627,0,1404412733210,
0,188817,1404426619074,1404426619074,0,1404427347002,1404427347752,1404427599543,1404427645085,1404459952406,1404427340543,16666666,1404427921585,1404429089835,1404429174793,1404429508085,1404443765085,2083,81791,1404443765085,1404430080877,0,1404429508085,
0,188825,1404443285740,1404443285740,0,1404443878585,1404443879502,1404444471502,1404444518252,1404476619072,1404443873293,16666666,1404445315210,1404445730418,1404445768335,1404446134043,1404460932210,2208,238000,1404460932210,1404446922668,0,1404446134043,
0,188833,1404459952406,1404459952406,0,1404460610085,1404460610960,1404460976168,1404461022127,1404493285738,1404460604877,16666666,1404461322710,1404461900377,1404461962543,1404462687668,1404464410335,441666,505875,1404463883835,1404464410335,0,1404462687668,
0,188841,1404476619072,1404476619072,0,1404477607835,1404477608710,1404477890085,1404477938502,1404509952404,1404477602418,16666666,1404478271502,1404478354752,1404478951502,1404479513377,1404493688627,1917,361833,1404493688627,1404480292377,0,1404479513377,
0,188849,1404493285738,1404493285738,0,1404494054543,1404494055835,1404494332585,1404494395877,1404526619070,1404494048210,16666666,1404494969460,1404495205168,1404495225668,1404495621335,1404510539627,1667,302750,1404510539627,1404496330918,0,1404495621335,
0,188857,1404509952404,1404509952404,0,1404510871335,1404510872043,1404511105627,1404511157543,1404543285736,1404510864960,16666666,1404511493752,1404511812668,1404511850043,1404512200793,1404527223502,4542,312750,1404527223502,1404513010502,0,1404512200793,
0,188865,1404526619070,1404526619070,0,1404527233168,1404527234043,1404527519085,1404527561793,1404559952402,1404527227960,16666666,1404527724877,1404527833877,1404528342127,1404529208418,1404543914752,1417,198875,1404543914752,1404529888918,0,1404529208418,
0,188873,1404543285736,1404543285736,0,1404543911835,1404543912668,1404544236877,1404544280752,1404576619068,1404543906752,16666666,1404544293835,1404544428710,1404544450877,1404545294960,1404560985793,1583,120459,1404560985793,1404545859668,0,1404545294960,
0,188881,1404559952402,1404559952402,0,1404560965460,1404560966293,1404561166502,1404561213752,1404593285734,1404560960418,16666666,1404561524252,1404561562835,1404561781418,1404562520335,1404577352210,1541,189542,1404577352210,1404563122043,0,1404562520335,
0,188889,1404576619068,1404576619068,0,1404577685252,1404577686418,1404578058168,1404578114960,1404609952400,1404577679502,16666666,1404578428210,1404578782210,1404578823710,1404579226085,1404580715710,2917,381292,1404580649168,1404580715710,0,1404579226085,
0,188897,1404593285734,1404593285734,0,1404593931627,1404593932418,1404594098835,1404594141918,1404626619066,1404593926252,16666666,1404594411210,1404594619960,1404594660210,1404595439210,1404596510002,2083,504667,1404596481210,1404596510002,0,1404595439210,
0,188905,1404609952400,1404609952400,0,1404611047793,1404611048627,1404611221752,1404611264127,1404643285732,1404611042543,16666666,1404611687793,1404611860002,1404611923835,1404612522752,1404627123252,1959,131541,1404627123252,1404613082793,0,1404612522752,
0,188913,1404626619066,1404626619066,0,1404627362168,1404627362960,1404627521043,1404627564585,1404659952398,1404627357127,16666666,1404627939585,1404628144877,1404628164502,1404628852793,1404643867460,1708,88542,1404643867460,1404629388752,0,1404628852793,
0,188921,1404643285732,1404643285732,0,1404644169960,1404644170710,1404644652627,1404644694835,1404676619064,1404644165002,16666666,1404644982627,1404645418543,1404645619127,1404646014168,1404660978460,2041,162625,1404660978460,1404646629668,0,1404646014168,
0,188929,1404659952398,1404659952398,0,1404661544460,1404661546918,1404661730627,1404661771960,1404693285730,1404661487877,16666666,1404662091002,1404662292460,1404662604585,1404662954210,1404677381377,2125,298750,1404677381377,1404663723460,0,1404662954210,
0,188937,1404676619064,1404676619064,0,1404678670085,1404678671210,1404678980960,1404679041127,1404709952396,1404678663127,16666666,1404679440377,1404679546044,1404679592460,1404680102627,1404693758419,1541,234458,1404693758419,1404681251335,0,1404680102627,
0,188945,1404693285730,1404693285730,0,1404693926460,1404693927085,1404694264294,1404694315710,1404726619062,1404693921794,16666666,1404694557460,1404694572752,1404694634085,1404695097419,1404696699085,1959,353250,1404696670919,1404696699085,0,1404695097419,
0,188953,1404709952396,1404709952396,0,1404710690669,1404710691460,1404710987002,1404711043669,1404743285728,1404710685752,16666666,1404711252502,1404711527169,1404711579377,1404712158127,1404727313585,2583,370875,1404727313585,1404713025877,0,1404712158127,
0,188961,1404726619062,1404726619062,0,1404727295169,1404727295919,1404727487210,1404727529877,1404759952394,1404727289627,16666666,1404727543252,1404727694877,1404727732335,1404728482335,1404729687252,1375,272625,1404729658877,1404729687252,0,1404728482335,
0,188969,1404743285728,1404743285728,0,1404744204919,1404744205544,1404744432044,1404744472919,1404776619060,1404744199085,16666666,1404744748627,1404744906169,1404745134002,1404745609127,1404746778835,2208,391250,1404746738294,1404746778835,0,1404745609127,
0,188977,1404759952394,1404759952394,0,1404761026419,1404761027669,1404761301294,1404761355460,1404793285726,1404761020835,16666666,1404761877502,1404762100127,1404762162210,1404762451919,1404777233002,1792,158792,1404777233002,1404763015710,0,1404762451919,
0,188985,1404776619060,1404776619060,0,1404777622544,1404777623169,1404777855877,1404777908585,1404809952392,1404777616502,16666666,1404778550377,1404778757252,1404778788877,1404779059585,1404793657960,2000,235583,1404793657960,1404779676710,0,1404779059585,
0,188993,1404793285726,1404793285726,0,1404794343252,1404794344335,1404794595502,1404794644627,1404826619058,1404794335544,16666666,1404795315294,1404795437085,1404795472835,1404795878794,1404810638460,1917,227750,1404810638460,1404796788002,0,1404795878794,
0,189001,1404809952392,1404809952392,0,1404810732544,1404810733585,1404811281044,1404811371252,1404843285724,1404810727335,16666666,1404811643502,1404812092335,1404812369002,1404812905210,1404827177752,1417,266959,1404827177752,1404813818752,0,1404812905210,
0,189009,1404826619058,1404826619058,0,1404827687002,1404827687877,1404827866252,1404827908669,1404859952390,1404827682002,16666666,1404828614169,1404828784210,1404829249169,1404829532085,1404843741335,2041,105458,1404843741335,1404830113710,0,1404829532085,
0,189017,1404843285724,1404843285724,0,1404843984627,1404843985419,1404844499169,1404844544710,1404876619056,1404843979419,16666666,1404845336544,1404845538252,1404845569835,1404845851002,1404860411169,1791,273667,1404860411169,1404846577835,0,1404845851002,
0,189025,1404859952390,1404859952390,0,1404861145335,1404861146169,1404861355919,1404861408919,1404893285722,1404861140335,16666666,1404861699335,1404861910127,1404861972002,1404862458585,1404877245044,2000,94625,1404877245044,1404863198919,0,1404862458585,
0,189033,1404876619056,1404876619056,0,1404877462502,1404877463335,1404877731669,1404877775544,1404909952388,1404877457210,16666666,1404878074210,1404878217377,1404878259669,1404878856002,1404893832335,1583,151416,1404893832335,1404879868835,0,1404878856002,
0,189041,1404893285722,1404893285722,0,1404893990627,1404893991419,1404894553210,1404894612460,1404926619054,1404893985252,16666666,1404894825460,1404895067502,1404895127627,1404895606085,1404910556794,2166,613042,1404910556794,1404896624585,0,1404895606085,
0,189049,1404909952388,1404909952388,0,1404910791419,1404910792335,1404911034127,1404911076877,1404943285720,1404910786210,16666666,1404911090252,1404911278710,1404911384252,1404911824419,1404913280794,4583,544250,1404913172877,1404913280794,0,1404911824419,
0,189057,1404926619054,1404926619054,0,1404927570127,1404927570960,1404927754752,1404927842002,1404959952386,1404927564877,16666666,1404928451419,1404928619502,1404928775835,1404929227544,1404943935460,2125,159125,1404943935460,1404929995294,0,1404929227544,
0,189065,1404943285720,1404943285720,0,1404944269294,1404944270085,1404944654502,1404944694377,1404976619052,1404944264002,16666666,1404945063460,1404945334919,1404945377877,1404946095127,1404961275710,2292,124667,1404961275710,1404946989419,0,1404946095127,
0,189073,1404959952386,1404959952386,0,1404962165210,1404962166960,1404962650794,1404963057710,1404993285718,1404962154377,16666666,1404964201835,1404964524710,1404964595169,1404965988294,1404977237002,963875,219209,1404977237002,1404968503502,0,1404965988294,
0,189081,1404976619052,1404976619052,0,1404977964794,1404977965669,1404978429460,1404978474627,1405009952384,1404977958544,16666666,1404978729002,1404978813419,1404978845460,1404979127085,1404997179710,1625,69083,1404997179710,1404979582752,0,1404979127085,
0,189089,1404993285718,1404993285718,0,1404999177877,1404999178919,1404999378835,1404999425669,1405026619050,1404999172294,16666666,1405000116794,1405000285752,1405000370377,1405000687835,1405010465544,1750,183334,1405010465544,1405001892794,0,1405000687835,
0,189097,1405009952384,1405009952384,0,1405011024835,1405011025585,1405011386669,1405011440419,1405043285716,1405011019377,16666666,1405011879044,1405012465127,1405012482335,1405012794377,1405027346669,2167,104833,1405027346669,1405013406210,0,1405012794377,
0,189105,1405026619050,1405026619050,0,1405028183544,1405028184710,1405028359169,1405028627044,1405059952382,1405028178377,16666666,1405028924919,1405029079752,1405029163169,1405029668752,1405044576835,1625,129250,1405044576835,1405030413044,0,1405029668752,
0,189113,1405043285716,1405043285716,0,1405044986252,1405044987252,1405045203752,1405045255835,1405076619048,1405044980835,16666666,1405045525502,1405045776502,1405045820252,1405046502627,1405060675169,2125,194666,1405060675169,1405047172127,0,1405046502627,
0,189121,1405059952382,1405059952382,0,1405061010335,1405061011710,1405061397919,1405061440169,1405093285714,1405061004919,16666666,1405061734794,1405061793669,1405061897794,1405062439585,1405063733544,2500,788042,1405063694335,1405063733544,0,1405062439585,
0,189129,1405076619048,1405076619048,0,1405077711002,1405077712127,1405077984335,1405078044669,1405109952380,1405077704669,16666666,1405078266919,1405078450710,1405078721710,1405079195877,1405093775460,1791,165584,1405093775460,1405079823377,0,1405079195877,
0,189137,1405093285714,1405093285714,0,1405094562794,1405094563752,1405094754002,1405094975669,1405126619046,1405094557502,16666666,1405094988127,1405095122335,1405095160085,1405095536294,1405110451794,1916,352792,1405110451794,1405096335585,0,1405095536294,
0,189145,1405109952380,1405109952380,0,1405110936294,1405110937210,1405111154419,1405111196460,1405143285712,1405110930919,16666666,1405111482169,1405111576919,1405111612627,1405112562252,1405127566377,2125,298166,1405127566377,1405113328085,0,1405112562252,
0,189153,1405126619046,1405126619046,0,1405127946710,1405127947627,1405128476460,1405128519419,1405159952378,1405127940710,16666666,1405129030169,1405129223085,1405129382002,1405129916335,1405143891544,2250,224292,1405143891544,1405130557544,0,1405129916335,
0,189161,1405143285712,1405143285712,0,1405144686335,1405144687085,1405144871002,1405144912752,1405176619044,1405144681044,16666666,1405145253502,1405145547669,1405145636544,1405145979419,1405160431377,2084,160916,1405160431377,1405146581002,0,1405145979419,
0,189169,1405159952378,1405159952378,0,1405161347710,1405161348460,1405161545252,1405161587794,1405193285710,1405161342502,16666666,1405161997377,1405162130169,1405162257002,1405162553585,1405176994794,1417,147083,1405176994794,1405163143544,0,1405162553585,
0,189177,1405176619044,1405176619044,0,1405177289294,1405177290044,1405177464210,1405177508085,1405209952376,1405177283960,16666666,1405178000377,1405178188419,1405178278419,1405178694627,1405193858210,468416,205375,1405193858210,1405179919419,0,1405178694627,
0,189185,1405193285710,1405193285710,0,1405194160710,1405194161752,1405194333544,1405194376544,1405226619042,1405194155127,16666666,1405194660919,1405195054752,1405195119127,1405195551252,1405210765460,1792,153542,1405210765460,1405196637335,0,1405195551252,
0,189193,1405209952376,1405209952376,0,1405211798377,1405211799252,1405212262752,1405212308169,1405243285708,1405211793044,16666666,1405212658294,1405212988252,1405213022544,1405213350627,1405227066585,2416,104084,1405227066585,1405214009794,0,1405213350627,
0,189201,1405226619042,1405226619042,0,1405227520835,1405227521627,1405227673919,1405227711960,1405259952374,1405227515669,16666666,1405227952752,1405228390710,1405228477294,1405228851669,1405243758585,1834,142583,1405243758585,1405229882085,0,1405228851669,
0,189209,1405243285708,1405243285708,0,1405244621294,1405244622210,1405244881835,1405244924710,1405259952374,1405244616210,16666666,1405245192294,1405245287544,1405245324960,1405246039210,1403260875293,1667,96542,1403260875293,1405246867669,0,1405246039210,
---PROFILEDATA---


View hierarchy:

  dev.polski.grammarmatrix/dev.polski.grammarmatrix.GlassBenchmarkActivity/android.view.ViewRootImpl@af271ea
  7 views, 12.08 kB of render nodes


Total ViewRootImpl   : 1
Total attached Views : 7
Total RenderNode     : 12.08 kB (used) / 36.09 kB (capacity)