Applications Graphics Acceleration Info:
Uptime: 1376194 Realtime: 1376194

** Graphics info for pid 5729 [dev.polski.grammarmatrix] **

Stats since: 1370944977861ns
Total frames rendered: 305
Janky frames: 9 (2.95%)
Janky frames (legacy): 225 (73.77%)
50th percentile: 19ms
90th percentile: 27ms
95th percentile: 32ms
99th percentile: 65ms
Number Missed Vsync: 3
Number High input latency: 592
Number Slow UI thread: 1
Number Slow bitmap uploads: 0
Number Slow issue draw commands: 7
Number Frame deadline missed: 9
Number Frame deadline missed (legacy): 9
HISTOGRAM: 5ms=2 6ms=1 7ms=0 8ms=0 9ms=0 10ms=0 11ms=0 12ms=1 13ms=1 14ms=2 15ms=1 16ms=15 17ms=25 18ms=41 19ms=75 20ms=52 21ms=26 22ms=16 23ms=10 24ms=2 25ms=1 26ms=3 27ms=5 28ms=1 29ms=2 30ms=2 31ms=4 32ms=4 34ms=0 36ms=2 38ms=0 40ms=1 42ms=0 44ms=1 46ms=0 48ms=3 53ms=1 57ms=1 61ms=0 65ms=2 69ms=1 73ms=1 77ms=0 81ms=0 85ms=0 89ms=0 93ms=0 97ms=0 101ms=0 105ms=0 109ms=0 113ms=0 117ms=0 121ms=0 125ms=0 129ms=0 133ms=0 150ms=0 200ms=0 250ms=0 300ms=0 350ms=0 400ms=0 450ms=0 500ms=0 550ms=0 600ms=0 650ms=0 700ms=0 750ms=0 800ms=0 850ms=0 900ms=0 950ms=0 1000ms=0 1050ms=0 1100ms=0 1150ms=0 1200ms=0 1250ms=0 1300ms=0 1350ms=0 1400ms=0 1450ms=0 1500ms=0 1550ms=0 1600ms=0 1650ms=0 1700ms=0 1750ms=0 1800ms=0 1850ms=0 1900ms=0 1950ms=0 2000ms=0 2050ms=0 2100ms=0 2150ms=0 2200ms=0 2250ms=0 2300ms=0 2350ms=0 2400ms=0 2450ms=0 2500ms=0 2550ms=0 2600ms=0 2650ms=0 2700ms=0 2750ms=0 2800ms=0 2850ms=0 2900ms=0 2950ms=0 3000ms=0 3050ms=0 3100ms=0 3150ms=0 3200ms=0 3250ms=0 3300ms=0 3350ms=0 3400ms=0 3450ms=0 3500ms=0 3550ms=0 3600ms=0 3650ms=0 3700ms=0 3750ms=0 3800ms=0 3850ms=0 3900ms=0 3950ms=0 4000ms=0 4050ms=0 4100ms=0 4150ms=0 4200ms=0 4250ms=0 4300ms=0 4350ms=0 4400ms=0 4450ms=0 4500ms=0 4550ms=0 4600ms=0 4650ms=0 4700ms=0 4750ms=0 4800ms=0 4850ms=0 4900ms=0 4950ms=0
50th gpu percentile: 17ms
90th gpu percentile: 21ms
95th gpu percentile: 4950ms
99th gpu percentile: 4950ms
GPU HISTOGRAM: 1ms=0 2ms=5 3ms=1 4ms=2 5ms=2 6ms=0 7ms=2 8ms=1 9ms=2 10ms=1 11ms=3 12ms=5 13ms=8 14ms=16 15ms=27 16ms=24 17ms=54 18ms=82 19ms=24 20ms=14 21ms=4 22ms=3 23ms=0 24ms=2 25ms=3 4950ms=20

Pipeline=Skia (OpenGL)
Memory policy:
  Max surface area: 2592000
  Max resource usage: 124.42MB (x48)
  Background retention: 50% (altUiHidden = true)
  GPU Context timeout: 10
Contexts: 1 (stopped = 0)
CPU Caches:
  Glyph Cache: 33.70 KB (1 entry)
  Glyph Count: 11 
Total CPU memory usage:
  34510 bytes, 33.70 KB (0.00 bytes is purgeable)
GPU Caches:
  Other:
    Other: 27.16 KB (1 entry)
    Buffer Object: 36.00 KB (1 entry)
  Scratch:
    Buffer Object: 80.00 KB (2 entries)
    Texture: 2.00 MB (1 entry)
Total GPU memory usage:
  2243744 bytes, 2.14 MB (68.00 KB is purgeable)

GraphicBufferAllocator buffers:
        Handle |        Size |     W (Stride) x H | Layers |   Format |      Usage | Requestor
0xb400007b2c426750 |     unknown | 1080 (   0) x 2400 |      1 |        1 | 0x     b00 | VRI[GlassBenchmarkActivity]#0(BLAST Consumer)0
0xb400007b2c426900 |     unknown | 1080 (   0) x 2400 |      1 |        1 | 0x     b00 | VRI[GlassBenchmarkActivity]#0(BLAST Consumer)0
0xb400007b2c437e50 |     unknown | 1080 (   0) x 2400 |      1 |        1 | 0x     b00 | VRI[GlassBenchmarkActivity]#0(BLAST Consumer)0
Total allocated by GraphicBufferAllocator (estimate): 0.00 KB
GoldfishAllocator::dumpDebugInfo is not implemented
Profile data in ms:

	dev.polski.grammarmatrix/dev.polski.grammarmatrix.GlassBenchmarkActivity/android.view.ViewRootImpl@af271ea (visibility=0)
Window: dev.polski.grammarmatrix/dev.polski.grammarmatrix.GlassBenchmarkActivity
Stats since: 1370944976652ns
Total frames rendered: 305
Janky frames: 9 (2.95%)
Janky frames (legacy): 225 (73.77%)
50th percentile: 19ms
90th percentile: 27ms
95th percentile: 32ms
99th percentile: 65ms
Number Missed Vsync: 3
Number High input latency: 592
Number Slow UI thread: 1
Number Slow bitmap uploads: 0
Number Slow issue draw commands: 7
Number Frame deadline missed: 9
Number Frame deadline missed (legacy): 9
HISTOGRAM: 5ms=2 6ms=1 7ms=0 8ms=0 9ms=0 10ms=0 11ms=0 12ms=1 13ms=1 14ms=2 15ms=1 16ms=15 17ms=25 18ms=41 19ms=75 20ms=52 21ms=26 22ms=16 23ms=10 24ms=2 25ms=1 26ms=3 27ms=5 28ms=1 29ms=2 30ms=2 31ms=4 32ms=4 34ms=0 36ms=2 38ms=0 40ms=1 42ms=0 44ms=1 46ms=0 48ms=3 53ms=1 57ms=1 61ms=0 65ms=2 69ms=1 73ms=1 77ms=0 81ms=0 85ms=0 89ms=0 93ms=0 97ms=0 101ms=0 105ms=0 109ms=0 113ms=0 117ms=0 121ms=0 125ms=0 129ms=0 133ms=0 150ms=0 200ms=0 250ms=0 300ms=0 350ms=0 400ms=0 450ms=0 500ms=0 550ms=0 600ms=0 650ms=0 700ms=0 750ms=0 800ms=0 850ms=0 900ms=0 950ms=0 1000ms=0 1050ms=0 1100ms=0 1150ms=0 1200ms=0 1250ms=0 1300ms=0 1350ms=0 1400ms=0 1450ms=0 1500ms=0 1550ms=0 1600ms=0 1650ms=0 1700ms=0 1750ms=0 1800ms=0 1850ms=0 1900ms=0 1950ms=0 2000ms=0 2050ms=0 2100ms=0 2150ms=0 2200ms=0 2250ms=0 2300ms=0 2350ms=0 2400ms=0 2450ms=0 2500ms=0 2550ms=0 2600ms=0 2650ms=0 2700ms=0 2750ms=0 2800ms=0 2850ms=0 2900ms=0 2950ms=0 3000ms=0 3050ms=0 3100ms=0 3150ms=0 3200ms=0 3250ms=0 3300ms=0 3350ms=0 3400ms=0 3450ms=0 3500ms=0 3550ms=0 3600ms=0 3650ms=0 3700ms=0 3750ms=0 3800ms=0 3850ms=0 3900ms=0 3950ms=0 4000ms=0 4050ms=0 4100ms=0 4150ms=0 4200ms=0 4250ms=0 4300ms=0 4350ms=0 4400ms=0 4450ms=0 4500ms=0 4550ms=0 4600ms=0 4650ms=0 4700ms=0 4750ms=0 4800ms=0 4850ms=0 4900ms=0 4950ms=0
50th gpu percentile: 17ms
90th gpu percentile: 21ms
95th gpu percentile: 4950ms
99th gpu percentile: 4950ms
GPU HISTOGRAM: 1ms=0 2ms=5 3ms=1 4ms=2 5ms=2 6ms=0 7ms=2 8ms=1 9ms=2 10ms=1 11ms=3 12ms=5 13ms=8 14ms=16 15ms=27 16ms=24 17ms=54 18ms=82 19ms=24 20ms=14 21ms=4 22ms=3 23ms=0 24ms=2 25ms=3 4950ms=20



---PROFILEDATA---
Flags,FrameTimelineVsyncId,IntendedVsync,Vsync,InputEventId,HandleInputStart,AnimationStart,PerformTraversalsStart,DrawStart,FrameDeadline,FrameInterval,FrameStartTime,SyncQueued,SyncStart,IssueDrawCommandsStart,SwapBuffers,FrameCompleted,DequeueBufferDuration,QueueBufferDuration,GpuCompleted,SwapBuffersCompleted,DisplayPresentTime,CommandSubmissionCompleted,
0,174485,1374126620286,1374126620286,0,1374127702404,1374127703362,1374127870696,1374127912779,1374176620284,1374127696904,16666666,1374128418571,1374129393737,1374129436071,1374129729404,1374147473237,16278000,81250,1374147473237,1374146615487,0,1374129729404,
0,174493,1374143286952,1374143286952,0,1374145544362,1374145545112,1374145715321,1374145757446,1374193286950,1374145538446,16666666,1374146028321,1374146637529,1374146669821,1374146954946,1374164557112,15570708,69083,1374164557112,1374163262946,0,1374146954946,
0,174501,1374159953618,1374159953618,0,1374161695196,1374161696487,1374161991904,1374162035279,1374209953616,1374161688196,16666666,1374162280279,1374163321362,1374163381987,1374163777696,1374181734529,15657500,65458,1374181734529,1374180354946,0,1374163777696,
0,174509,1374176620284,1374176620284,0,1374177867071,1374177867696,1374177981529,1374178013904,1374226620282,1374177862862,16666666,1374178137029,1374180387279,1374180564446,1374181013196,1374198396821,15229667,92958,1374198396821,1374197031446,0,1374181013196,
0,174517,1374193286950,1374193286950,0,1374194110696,1374194111696,1374194321362,1374194369487,1374243286948,1374194104487,16666666,1374194384071,1374197100946,1374197152946,1374197560404,1374213311987,13821208,150750,1374213311987,1374212279196,0,1374197560404,
0,174525,1374209953616,1374209953616,0,1374210885987,1374210887071,1374211242571,1374211296321,1374259953614,1374210880112,16666666,1374211605821,1374212321529,1374212407529,1374212765362,1374230504696,16251833,72833,1374230504696,1374229641654,0,1374212765362,
0,174533,1374226620282,1374226620282,0,1374227952654,1374227953612,1374228226654,1374228277821,1374276620280,1374227947154,16666666,1374228694112,1374229662696,1374229695696,1374229987404,1374246650612,15333958,74709,1374246650612,1374245886737,0,1374229987404,
0,174541,1374243286948,1374243286948,0,1374244491571,1374244492112,1374244656612,1374244703821,1374293286946,1374244485487,16666666,1374244964946,1374245912112,1374245946071,1374246213446,1374263251071,15767125,74416,1374263251071,1374262467612,0,1374246213446,
0,174549,1374259953614,1374259953614,0,1374260782321,1374260783196,1374261052237,1374261091071,1374309953612,1374260777154,16666666,1374261334821,1374262492112,1374262525571,1374262803029,1374279828779,15669833,68834,1374279828779,1374278964862,0,1374262803029,
0,174557,1374276620280,1374276620280,0,1374277576154,1374277576904,1374277752904,1374277794362,1374326620278,1374277571279,16666666,1374278053696,1374278993946,1374279026571,1374279304154,1374297181571,16364750,85292,1374297181571,1374296254446,0,1374279304154,
0,174565,1374293286946,1374293286946,0,1374294546446,1374294547279,1374294915571,1374294960904,1374343286944,1374294541112,16666666,1374295274446,1374296279612,1374296372196,1374296653112,1374313289362,15107417,85333,1374313289362,1374312356196,0,1374296653112,
0,174573,1374309953612,1374309953612,0,1374310847737,1374310848571,1374311036696,1374311079446,1374359953610,1374310842612,16666666,1374311385612,1374312419946,1374312468196,1374312774237,1374329911737,15806958,139208,1374329911737,1374329144862,0,1374312774237,
0,174581,1374326620278,1374326620278,0,1374327412779,1374327413612,1374327621487,1374327666362,1374376620276,1374327407321,16666666,1374327932529,1374329166696,1374329201196,1374329481904,1374346619321,15570750,68916,1374346619321,1374345590362,0,1374329481904,
0,174589,1374343286944,1374343286944,0,1374344449404,1374344450654,1374344717821,1374344776612,1374393286942,1374344443071,16666666,1374345114071,1374345642029,1374345685279,1374345994987,1374363707987,15947917,82250,1374363707987,1374362668821,0,1374345994987,
0,174597,1374359953610,1374359953610,0,1374360823279,1374360824154,1374360979446,1374361019237,1374409953608,1374360818196,16666666,1374361173821,1374362706571,1374362745487,1374363029237,1374380339404,15430791,88709,1374380339404,1374379315696,0,1374363029237,
0,174605,1374376620276,1374376620276,0,1374377788071,1374377789487,1374378081904,1374378141404,1374426620274,1374377780279,16666666,1374378157571,1374379392029,1374379431279,1374379737779,1374396686904,14937625,96625,1374396686904,1374395320571,0,1374379737779,
0,174613,1374393286942,1374393286942,0,1374393852154,1374393853071,1374394145446,1374394185362,1374443286940,1374393847029,16666666,1374394448071,1374395344737,1374395384154,1374395739071,1374413081196,15206542,83750,1374413081196,1374412083946,0,1374395739071,
0,174621,1374409953608,1374409953608,0,1374410722487,1374410723196,1374410999321,1374411052529,1374459953606,1374410716946,16666666,1374411320862,1374412115821,1374412152362,1374412598821,1374431045362,16800667,76333,1374431045362,1374429951612,0,1374412598821,
0,174629,1374426620274,1374426620274,0,1374428552571,1374428553446,1374429568946,1374429616362,1374476620272,1374428546362,16666666,1374429876904,1374430004612,1374430059071,1374430397821,1374448360071,15723875,153167,1374448360071,1374446841529,0,1374430397821,
0,174637,1374443286940,1374443286940,0,1374445117237,1374445118154,1374445373071,1374445429779,1374493286938,1374445110612,16666666,1374445784404,1374446908196,1374446961237,1374447329862,1374471993446,20958250,157125,1374471993446,1374469387529,0,1374447329862,
0,174645,1374459953606,1374459953606,0,1374465974612,1374465975571,1374466724112,1374466840071,1374509953604,1374465967737,16666666,1374469423112,1374469455446,1374469945362,1374470381321,1374482382071,8091500,209458,1374474155029,1374482382071,0,1374470381321,
0,174653,1374476620272,1374476620272,0,1374478293737,1374478294862,1374478880404,1374479044987,1374526620270,1374478288154,16666666,1374480319279,1374482445737,1374482504612,1374482944112,1374500349404,14252292,123916,1374500349404,1374498857821,0,1374482944112,
0,174661,1374493286938,1374493286938,0,1374496807779,1374496808946,1374497049362,1374497105279,1374543286936,1374496801362,16666666,1374497501487,1374498929571,1374498992612,1374499326737,1374514141279,12508625,131042,1374514141279,1374512917946,0,1374499326737,
0,174669,1374509953604,1374509953604,0,1374510881571,1374510882446,1374511060529,1374511102029,1374559953602,1374510875779,16666666,1374511354904,1374512965737,1374513001612,1374513307112,1374531463446,15781000,108167,1374531463446,1374529991737,0,1374513307112,
0,174677,1374526620270,1374526620270,0,1374528459821,1374528460737,1374528664362,1374528712904,1374576620268,1374528453904,16666666,1374528996529,1374530052946,1374530116529,1374530494446,1374558630696,25171625,211958,1374558630696,1374556727112,0,1374530494446,
0,174685,1374543286936,1374543286936,0,1374547272362,1374547273487,1374547964654,1374548129529,1374593286934,1374547265529,16666666,1374548916571,1374556814071,1374556879112,1374557653404,1374566063487,5970291,159333,1374566063487,1374564710696,0,1374557653404,
0,174693,1374559953602,1374559953602,0,1374562710862,1374562712154,1374563477487,1374563541987,1374609953600,1374562703446,16666666,1374563870404,1374564741529,1374564777071,1374565135654,1374581649071,14216709,215750,1374581649071,1374580392862,0,1374565135654,
0,174701,1374576620268,1374576620268,0,1374579003446,1374579004279,1374579209112,1374579251487,1374626620266,1374578998029,16666666,1374579743946,1374580458696,1374580564487,1374580879446,1374596817196,13860458,93917,1374596817196,1374595571487,0,1374580879446,
0,174709,1374593286934,1374593286934,0,1374594309862,1374594310946,1374594494487,1374594536946,1374643286932,1374594304279,16666666,1374594782196,1374595598279,1374595632571,1374595971154,1374626665613,28148958,137292,1374626665613,1374625035363,0,1374595971154,
0,174717,1374609953600,1374609953600,0,1374615238821,1374615239571,1374615443696,1374615489238,1374659953598,1374615232738,16666666,1374616430904,1374625113446,1374625152279,1374625876238,1374632162113,4323542,86459,1374632162113,1374631066738,0,1374625876238,
0,174725,1374626620266,1374626620266,0,1374629073821,1374629074821,1374629657613,1374629699654,1374676620264,1374629049779,16666666,1374630193654,1374631091738,1374631127238,1374631449279,1374659259404,22122000,163875,1374659259404,1374654370946,0,1374631449279,
0,174733,1374643286932,1374643286932,0,1374645100904,1374645101654,1374645491321,1374645566946,1374693286930,1374645095738,16666666,1374646204029,1374654467404,1374654536321,1374654897779,1374663956488,4640083,586833,1374659269863,1374663956488,0,1374654897779,
0,174741,1374659953598,1374659953598,0,1374663155654,1374663156321,1374663432488,1374663497488,1374709953596,1374663150113,16666666,1374663814821,1374663977404,1374664107738,1374664486279,1374691176238,23812792,182375,1374691176238,1374689101279,0,1374664486279,
0,174749,1374676620264,1374676620264,0,1374679342029,1374679342863,1374680428613,1374680477738,1374726620262,1374679336404,16666666,1374680912363,1374689164738,1374689186154,1374689657029,1374701299446,6685208,155083,1374701299446,1374697921154,0,1374689657029,
0,174757,1374693286930,1374693286930,0,1374694587029,1374694587946,1374694780238,1374694822779,1374743286928,1374694581738,16666666,1374695345696,1374697967529,1374698003196,1374699006738,1374715269404,13037666,847542,1374715269404,1374714390154,0,1374699006738,
0,174765,1374709953596,1374709953596,0,1374711988779,1374711989821,1374712587363,1374712631154,1374759953594,1374711981946,16666666,1374712993238,1374714439446,1374714474529,1374714746071,1374732782363,15665042,93458,1374732782363,1374730990363,0,1374714746071,
0,174773,1374726620262,1374726620262,0,1374728785571,1374728786946,1374729045821,1374729107154,1374776620260,1374728778654,16666666,1374729321488,1374731061196,1374731104113,1374731485613,1374747831279,13716875,132833,1374747831279,1374746601696,0,1374731485613,
0,174781,1374743286928,1374743286928,0,1374745028071,1374745028904,1374745302571,1374745343321,1374793286926,1374745022363,16666666,1374745355196,1374746670279,1374746716071,1374747035404,1374763326029,14411083,113708,1374763326029,1374762289988,0,1374747035404,
0,174789,1374759953594,1374759953594,0,1374760827113,1374760828071,1374761013779,1374761056654,1374809953592,1374760821446,16666666,1374761310821,1374762323904,1374762438238,1374762778571,1374782552946,18286333,85417,1374782552946,1374781665738,0,1374762778571,
0,174797,1374776620260,1374776620260,0,1374780282654,1374780283613,1374780483488,1374780525404,1374826620258,1374780276529,16666666,1374780818279,1374781703863,1374781738654,1374782023863,1374798253404,14499667,82791,1374798253404,1374797103904,0,1374782023863,
0,174805,1374793286926,1374793286926,0,1374794592654,1374794593529,1374794782488,1374794829946,1374843286924,1374794587279,16666666,1374795122196,1374797158863,1374797197738,1374797491738,1374814406446,15035750,91416,1374814406446,1374813338446,0,1374797491738,
0,174813,1374809953592,1374809953592,0,1374811674488,1374811675529,1374812375529,1374812461904,1374859953590,1374811669196,16666666,1374812782321,1374813371613,1374813409029,1374813835154,1374831373821,15888417,87125,1374831373821,1374830345154,0,1374813835154,
0,174821,1374826620258,1374826620258,0,1374828128529,1374828129196,1374828397321,1374828462821,1374876620256,1374828122363,16666666,1374828743821,1374830393613,1374830430488,1374830709446,1374847573071,14817791,82667,1374847573071,1374846247696,0,1374830709446,
0,174829,1374843286924,1374843286924,0,1374844737196,1374844737988,1374844914613,1374844954446,1374893286922,1374844731863,16666666,1374845238196,1374846289821,1374846331654,1374846668113,1374865334029,16007458,126208,1374865334029,1374863630613,0,1374846668113,
0,174837,1374859953590,1374859953590,0,1374862941029,1374862942154,1374863278946,1374863338446,1374909953588,1374862934529,16666666,1374863841529,1374863970988,1374864102446,1374864485946,1374880903446,14059541,92833,1374880903446,1374879471946,0,1374864485946,
0,174845,1374876620256,1374876620256,0,1374877767946,1374877769071,1374878118779,1374878173571,1374926620254,1374877761779,16666666,1374878486238,1374879527029,1374879575154,1374879965863,1374897775904,15537291,137292,1374897775904,1374896500613,0,1374879965863,
0,174853,1374893286922,1374893286922,0,1374894078113,1374894079113,1374894358779,1374894408988,1374943286920,1374894072154,16666666,1374894708988,1374896580321,1374896621654,1374896993154,1374915587238,16597541,116542,1374915587238,1374914447779,0,1374896993154,
0,174861,1374909953588,1374909953588,0,1374913699988,1374913701279,1374914009279,1374914050404,1374959953586,1374913682279,16666666,1374914202654,1374914510196,1374914571113,1374914940279,1374931472654,14704666,98250,1374931472654,1374930392738,0,1374914940279,
0,174869,1374926620254,1374926620254,0,1374928091071,1374928092113,1374928355529,1374928411196,1374976620252,1374928084446,16666666,1374928425946,1374930452446,1374930495779,1374930805321,1374948784029,16067834,101333,1374948784029,1374947589821,0,1374930805321,
0,174877,1374943286920,1374943286920,0,1374944729404,1374944730821,1374945002029,1374945058279,1374993286918,1374944722946,16666666,1374945420446,1374947659988,1374947751946,1374948121696,1374964990279,14721417,79250,1374964990279,1374963556654,0,1374948121696,
0,174885,1374959953586,1374959953586,0,1374961602904,1374961603779,1374961779779,1374961983154,1375009953584,1374961596571,16666666,1374962266821,1374963592696,1374963628779,1374964134446,1374981552154,15323208,104334,1374981552154,1374980371571,0,1374964134446,
0,174893,1374976620252,1374976620252,0,1374978572404,1374978573363,1374978780196,1374978828571,1375026620250,1374978566529,16666666,1374979137863,1374980494654,1374980544279,1374980875404,1374997759279,14982250,169333,1374997759279,1374996651238,0,1374980875404,
0,174901,1374993286918,1374993286918,0,1374994531571,1374994532613,1374994958654,1374995018404,1375043286916,1374994525779,16666666,1374995349404,1374996734904,1374996800238,1374997123113,1375014192363,14923375,156833,1375014192363,1375012749321,0,1374997123113,
0,174909,1375009953584,1375009953584,0,1375010866696,1375010867488,1375011039904,1375011081654,1375059953582,1375010861196,16666666,1375011328071,1375012790113,1375012824821,1375013384654,1375031806988,15911459,137500,1375031806988,1375030216238,0,1375013384654,
0,174917,1375026620250,1375026620250,0,1375028395488,1375028396696,1375028653779,1375028709363,1375076620248,1375028388821,16666666,1375029158279,1375030340863,1375030410321,1375030998529,1375048271321,15230792,182750,1375048271321,1375047101113,0,1375030998529,
0,174925,1375043286916,1375043286916,0,1375046340988,1375046342029,1375046619363,1375046660363,1375093286914,1375046334529,16666666,1375046979363,1375047165279,1375047215571,1375047532446,1375064677113,14995167,125167,1375064677113,1375063329863,0,1375047532446,
0,174933,1375059953582,1375059953582,0,1375061570779,1375061571988,1375061779988,1375061827988,1375109953580,1375061564821,16666666,1375062344946,1375063387863,1375063436571,1375063778446,1375081451029,15172167,103250,1375081451029,1375079923571,0,1375063778446,
0,174941,1375076620248,1375076620248,0,1375077567321,1375077568363,1375077885696,1375077969404,1375126620246,1375077560654,16666666,1375078357904,1375080314154,1375080345404,1375080726571,1375097685821,14819917,172000,1375097685821,1375096389821,0,1375080726571,
0,174949,1375093286914,1375093286914,0,1375094729863,1375094730821,1375094966529,1375095022613,1375143286912,1375094723821,16666666,1375095211488,1375096461946,1375096510696,1375096928196,1375113702029,14907209,106417,1375113702029,1375112652613,0,1375096928196,
0,174957,1375109953580,1375109953580,0,1375110813738,1375110814446,1375111056946,1375111104071,1375159953578,1375110807946,16666666,1375111116154,1375112715946,1375112765154,1375113147321,1375130632196,15845209,89958,1375130632196,1375129672196,0,1375113147321,
0,174965,1375126620246,1375126620246,0,1375128591363,1375128592613,1375129020071,1375129077863,1375176620244,1375128583571,16666666,1375129418738,1375129698321,1375129734321,1375130019613,1375147606946,15811083,108000,1375147606946,1375146551154,0,1375130019613,
0,174973,1375143286912,1375143286912,0,1375145005029,1375145006404,1375145271696,1375145336363,1375193286910,1375144998196,16666666,1375145765238,1375146587363,1375146622738,1375146992071,1375166110446,16819708,98083,1375166110446,1375164592571,0,1375146992071,
0,174981,1375159953578,1375159953578,0,1375163081779,1375163082779,1375163417029,1375163480113,1375209953576,1375163074821,16666666,1375164488946,1375164643529,1375164684238,1375165252654,1375181140238,13269917,306334,1375181140238,1375179451946,0,1375165252654,
0,174989,1375176620244,1375176620244,0,1375178106363,1375178107488,1375178433404,1375178493321,1375226620242,1375178099738,16666666,1375178804529,1375179515321,1375179561654,1375180144154,1375199727946,16556708,298625,1375199727946,1375197754863,0,1375180144154,
0,174997,1375193286910,1375193286910,0,1375194841071,1375194841946,1375195069654,1375195121488,1375243286908,1375194834363,16666666,1375195710654,1375197822696,1375197866113,1375198183279,1375215781071,14931917,236292,1375215781071,1375214709113,0,1375198183279,
0,175005,1375209953576,1375209953576,0,1375212493488,1375212494738,1375212991154,1375213519321,1375259953574,1375212486904,16666666,1375213990904,1375214741613,1375214773446,1375215041904,1375234860029,17238083,159625,1375234860029,1375233098946,0,1375215041904,
0,175013,1375226620242,1375226620242,0,1375230686154,1375230686988,1375231439154,1375231483029,1375276620240,1375230680654,16666666,1375231783029,1375233148613,1375233188696,1375233481321,1375246897779,11924542,340750,1375234868113,1375246897779,0,1375233481321,
0,175021,1375243286908,1375243286908,0,1375245161488,1375245162363,1375245376613,1375245539988,1375293286906,1375245155988,16666666,1375245899238,1375246938071,1375246974113,1375247249904,1375264405738,14871833,183500,1375264405738,1375262832113,0,1375247249904,
0,175029,1375259953574,1375259953574,0,1375260905946,1375260906863,1375261237154,1375261282404,1375309953572,1375260900071,16666666,1375261550154,1375262897863,1375262963279,1375263333029,1375281043696,15025042,256625,1375281043696,1375279631238,0,1375263333029,
0,175037,1375276620240,1375276620240,0,1375277883154,1375277884279,1375278151488,1375278200821,1375326620238,1375277875029,16666666,1375278379738,1375279714779,1375279795279,1375280325779,1375297795571,14847917,171500,1375297795571,1375295945363,0,1375280325779,
0,175045,1375293286906,1375293286906,0,1375294101446,1375294102738,1375294543321,1375294603196,1375343286904,1375294095363,16666666,1375294620071,1375296243238,1375296358113,1375296818529,1375314539280,15646417,264625,1375314539280,1375313551571,0,1375296818529,
0,175053,1375309953572,1375309953572,0,1375311939071,1375311940071,1375312358530,1375312407155,1375359953570,1375311933446,16666666,1375312875696,1375313584863,1375313618363,1375313884613,1375330740071,14978750,176791,1375330740071,1375329588363,0,1375313884613,
0,175061,1375326620238,1375326620238,0,1375327757780,1375327758446,1375328579196,1375328636446,1375376620236,1375327752405,16666666,1375328905363,1375329616446,1375329678155,1375329959321,1375347148988,15329583,334625,1375347148988,1375346124613,0,1375329959321,
0,175069,1375343286904,1375343286904,0,1375344940946,1375344941738,1375345105196,1375345143280,1375393286902,1375344935780,16666666,1375345374113,1375346148863,1375346206196,1375346542571,1375364184905,15739500,168542,1375364184905,1375362938155,0,1375346542571,
0,175077,1375359953570,1375359953570,0,1375361546155,1375361547321,1375361807613,1375361869988,1375409953568,1375361539946,16666666,1375362229571,1375362986821,1375363031196,1375363308321,1375380720363,15320791,252166,1375380720363,1375379580738,0,1375363308321,
0,175085,1375376620236,1375376620236,0,1375378253530,1375378254321,1375378458030,1375378501863,1375426620234,1375378247696,16666666,1375378767696,1375379607988,1375379642696,1375379968238,1375397469113,15787209,106166,1375397469113,1375396551113,0,1375379968238,
0,175093,1375393286902,1375393286902,0,1375394975863,1375394976696,1375395153905,1375395198780,1375443286900,1375394970821,16666666,1375395492905,1375396572738,1375396602863,1375396901738,1375413276905,14857709,164917,1375413276905,1375412422530,0,1375396901738,
0,175101,1375409953568,1375409953568,0,1375410852405,1375410853321,1375411311696,1375411359030,1375459953566,1375410847238,16666666,1375411822196,1375412449863,1375412490488,1375412794613,1375440152780,25447459,98667,1375440152780,1375438909821,0,1375412794613,
0,175109,1375426620234,1375426620234,0,1375429186488,1375429187530,1375429392321,1375429436863,1375476620232,1375429180780,16666666,1375429715821,1375438976821,1375439015488,1375439329988,1375451485571,8518584,209625,1375451485571,1375448728071,0,1375439329988,
0,175117,1375443286900,1375443286900,0,1375448236196,1375448236863,1375448407946,1375448451530,1375493286898,1375448230405,16666666,1375448716863,1375448783738,1375448831363,1375449175363,1375464880196,11856542,323625,1375464880196,1375463391905,0,1375449175363,
0,175125,1375459953566,1375459953566,0,1375461517821,1375461518905,1375461799571,1375461857655,1375509953564,1375461510821,16666666,1375462082696,1375463739530,1375463784446,1375464225071,1375481865988,15096541,75292,1375481865988,1375480444738,0,1375464225071,
0,175133,1375476620232,1375476620232,0,1375477652280,1375477653321,1375478325155,1375478391655,1375526620230,1375477644446,16666666,1375478405655,1375480495571,1375480565155,1375480934321,1375498597196,14572750,151708,1375498597196,1375496832405,0,1375480934321,
0,175141,1375493286898,1375493286898,0,1375495316696,1375495317446,1375495485363,1375495526363,1375543286896,1375495311363,16666666,1375495779321,1375496905405,1375496978155,1375497352238,1375514250613,14497208,101167,1375514250613,1375513149196,0,1375497352238,
0,175149,1375509953564,1375509953564,0,1375511026530,1375511027196,1375511206863,1375511247780,1375559953562,1375511021113,16666666,1375511480280,1375513173988,1375513212446,1375513569655,1375530932821,15137875,104292,1375530932821,1375529447696,0,1375513569655,
0,175157,1375526620230,1375526620230,0,1375528382738,1375528383488,1375528579113,1375528621405,1375576620228,1375528377446,16666666,1375528871030,1375529499780,1375529548821,1375529925696,1375547738821,15111416,145417,1375547738821,1375546095446,0,1375529925696,
0,175165,1375543286896,1375543286896,0,1375544657196,1375544658321,1375544861280,1375544905613,1375593286894,1375544651863,16666666,1375545244780,1375546421863,1375546457696,1375546861488,1375565500738,16229792,193917,1375565500738,1375564240446,0,1375546861488,
0,175173,1375559953562,1375559953562,0,1375563109363,1375563110613,1375563823280,1375563864863,1375609953560,1375563062405,16666666,1375564202780,1375564301155,1375564347571,1375564652155,1375580993196,13470125,158917,1375580993196,1375579311071,0,1375564652155,
0,175181,1375576620228,1375576620228,0,1375578297821,1375578299155,1375578613238,1375578658155,1375626620226,1375578290863,16666666,1375578936863,1375579344113,1375579377446,1375579722946,1375598887446,16520792,571000,1375598887446,1375597596446,0,1375579722946,
0,175189,1375593286894,1375593286894,0,1375594306196,1375594307030,1375594476780,1375594521405,1375643286892,1375594300613,16666666,1375594844821,1375597682696,1375597744655,1375598093530,1375614143738,13997875,203791,1375614143738,1375612944571,0,1375598093530,
0,175197,1375609953560,1375609953560,0,1375610448446,1375610449405,1375610646113,1375610688696,1375659953558,1375610443321,16666666,1375610920571,1375612984655,1375613016696,1375613316321,1375633714488,17126792,247250,1375633714488,1375631317738,0,1375613316321,
0,175205,1375626620226,1375626620226,0,1375630766155,1375630767238,1375631119946,1375631173863,1375676620224,1375630759988,16666666,1375631469363,1375631603321,1375631640571,1375632171863,1375658014238,14411250,109083,1375658014238,1375648184655,0,1375632171863,
0,175213,1375643286892,1375643286892,0,1375645558696,1375645559488,1375645740988,1375645793946,1375693286890,1375645553613,16666666,1375645957905,1375648248405,1375648297821,1375652638030,1375667933488,7344125,146375,1375667933488,1375665410946,0,1375652638030,
0,175221,1375659953558,1375659953558,0,1375662746946,1375662748113,1375663085071,1375663134988,1375709953556,1375662741030,16666666,1375663149488,1375665448613,1375665484696,1375666475071,1375682146280,12694000,89959,1375682146280,1375680680738,0,1375666475071,
0,175229,1375676620224,1375676620224,0,1375679525738,1375679526488,1375679766696,1375680172863,1375726620222,1375679520405,16666666,1375680480446,1375680714780,1375680752821,1375681091363,1375709053863,22171458,312958,1375709053863,1375704373321,0,1375681091363,
0,175237,1375693286890,1375693286890,0,1375694732280,1375694733488,1375695006780,1375695065821,1375743286888,1375694725280,16666666,1375695387738,1375704468696,1375704506071,1375707131613,1375720942946,8728833,115500,1375720942946,1375717841780,0,1375707131613,
0,175245,1375709953556,1375709953556,0,1375714491030,1375714492280,1375714778238,1375714821446,1375759953554,1375714483446,16666666,1375715375071,1375717941738,1375718513363,1375719137405,1375732591530,9749916,210417,1375732591530,1375730742155,0,1375719137405,
0,175253,1375726620222,1375726620222,0,1375728856571,1375728857863,1375729143905,1375729209196,1375776620220,1375728850780,16666666,1375729676155,1375730778530,1375730813905,1375731537321,1375749754696,15873792,155791,1375749754696,1375748518238,0,1375731537321,
0,175261,1375743286888,1375743286888,0,1375747654363,1375747655155,1375747844613,1375747888155,1375793286886,1375747648530,16666666,1375748440946,1375748547613,1375748583821,1375748935738,1375781012155,30639292,106708,1375779714946,1375781012155,0,1375748935738,
0,175269,1375759953554,1375759953554,0,1375766825280,1375766826196,1375767332280,1375767400363,1375809953552,1375766816946,16666666,1375767733988,1375781087363,1375781131155,1375782910321,1375790568488,1392250,425792,1375790568488,1375787462113,0,1375782910321,
0,175277,1375776620220,1375776620220,0,1375782191030,1375782191363,1375782931280,1375782974655,1375826620218,1375782187321,16666666,1375783739488,1375787533488,1375787577446,1375787977155,1375802991988,9961167,127625,1375802991988,1375800619030,0,1375787977155,
0,175285,1375793286886,1375793286886,0,1375794900613,1375794901405,1375795060488,1375795098613,1375843286884,1375794895446,16666666,1375795403405,1375800687446,1375800726571,1375801885655,1375815741446,11123416,72709,1375815741446,1375814187321,0,1375801885655,
0,175293,1375809953552,1375809953552,0,1375810880155,1375810881488,1375811200155,1375811261030,1375859953550,1375810873321,16666666,1375811620196,1375814264821,1375814325780,1375814975280,1375833998905,17213042,92375,1375833998905,1375833002155,0,1375814975280,
0,175301,1375826620218,1375826620218,0,1375828627530,1375828628780,1375830473530,1375830536071,1375876620216,1375828620405,16666666,1375830725613,1375833058030,1375833098905,1375833390988,1375850565363,14343458,83750,1375850565363,1375848422946,0,1375833390988,
0,175309,1375843286884,1375843286884,0,1375846055113,1375846055946,1375846237280,1375846279113,1375893286882,1375846049196,16666666,1375846292113,1375848475530,1375848494571,1375848801988,1375863949946,13333416,404667,1375850573780,1375863949946,0,1375848801988,
0,175317,1375859953550,1375859953550,0,1375861816905,1375861817821,1375862185655,1375862230613,1375909953548,1375861811280,16666666,1375862471571,1375864169155,1375864296405,1375864602196,1375884606946,17334708,92458,1375884606946,1375882842113,0,1375864602196,
0,175325,1375876620216,1375876620216,0,1375882607363,1375882608155,1375882762446,1375882804613,1375926620214,1375882602405,16666666,1375883085280,1375883163363,1375883223905,1375883613738,1375898300446,11946750,231584,1375898300446,1375896698113,0,1375883613738,
0,175333,1375893286882,1375893286882,0,1375894216613,1375894217488,1375894431696,1375894475030,1375943286880,1375894210655,16666666,1375894726988,1375896754696,1375896988821,1375897305863,1375918412280,19073167,129417,1375918412280,1375917483488,0,1375897305863,
0,175341,1375909953548,1375909953548,0,1375916163613,1375916164446,1375916317155,1375916426988,1375959953546,1375916158280,16666666,1375916798988,1375917514655,1375917549571,1375917825988,1375930845280,11138083,75042,1375930845280,1375929598696,0,1375917825988,
0,175349,1375926620214,1375926620214,0,1375927647905,1375927648905,1375927816696,1375927854530,1375976620212,1375927642571,16666666,1375928644405,1375929626321,1375929664363,1375929946571,1375949470821,17442834,87916,1375949470821,1375948401530,0,1375929946571,
0,175357,1375943286880,1375943286880,0,1375944553405,1375944554238,1375944726988,1375944767071,1375993286878,1375944547988,16666666,1375945042821,1375948476363,1375948549530,1375948924905,1375965511321,14442459,100625,1375965511321,1375963979946,0,1375948924905,
0,175365,1375959953546,1375959953546,0,1375960963446,1375960964613,1375961132071,1375961170530,1376009953544,1375960957321,16666666,1375961453030,1375964071780,1375964110196,1375964821405,1375988685821,19732417,103334,1375988685821,1375985325321,0,1375964821405,
0,175373,1375976620212,1375976620212,0,1375978765655,1375978766821,1375979204238,1375979274613,1376026620210,1375978759196,16666666,1375980453946,1375985401655,1375985508946,1375986897738,1376037615572,34791167,861209,1376037615572,1376023544197,0,1375986897738,
0,175381,1375993286878,1375993286878,0,1375996495863,1375996496696,1375997198321,1375997249655,1376059953542,1375996490696,16666666,1375997539071,1376023613405,1376023635988,1376029938488,1376085073697,28019708,4156833,1376085073697,1376082046447,0,1376029938488,
0,175389,1376009953544,1376059953542,0,1376064503113,1376064504363,1376065941238,1376066021155,1376109953540,1376064492072,16666666,1376066263530,1376082112822,1376082137655,1376084372780,1376098543238,2981500,110291,1376098543238,1376088111697,0,1376084372780,
0,175398,1376093286874,1376093286874,0,1376100243822,1376100244780,1376100497613,1376100537113,1376126620206,1376100238530,16666666,1376100549613,1376101646155,1376101682655,1376115028197,1376146279363,7741083,5193125,1376146279363,1376146198072,0,1376115028197,
0,175405,1376109953540,1376109953540,0,1376123155280,1376123156447,1376138470947,1376138543655,1376176620204,1376123149447,16666666,1376138886322,1376146263238,1376146301405,1376146699155,1376159237447,6335041,864167,1376159237447,1376155146655,0,1376146699155,
0,175413,1376143286872,1376143286872,0,1376155255280,1376155256238,1376155375155,1376155424572,1376193286870,1376155251030,16666666,1376155706030,1376155895822,1376155935655,1376157051572,1376170815780,8711542,137208,1376170815780,1376168056405,0,1376157051572,
0,175421,1376159953538,1376159953538,0,1376163383280,1376163384363,1376163617072,1376163665572,1376209953536,1376163377030,16666666,1376164181030,1376168121155,1376168159280,1376169797030,1376187181655,14043083,111291,1376187181655,1376184910530,0,1376169797030,
0,175429,1376176620204,1376176620204,0,1376177835030,1376177835905,1376177996780,1376178041322,1376226620202,1376177829822,16666666,1376178476697,1376184983447,1376185036322,1376185449030,1376210758363,16286875,909750,1376210758363,1376203890988,0,1376185449030,
0,175437,1376193286870,1376193286870,0,1376197802363,1376197803155,1376198285363,1376198329947,1376209953536,1376197796863,16666666,1376198572197,1376203956947,1376204368197,1376204743655,1374130293362,28882291,2825917,1374130293362,1376239743113,0,1376204743655,
---PROFILEDATA---


View hierarchy:

  dev.polski.grammarmatrix/dev.polski.grammarmatrix.GlassBenchmarkActivity/android.view.ViewRootImpl@af271ea
  7 views, 12.08 kB of render nodes


Total ViewRootImpl   : 1
Total attached Views : 7
Total RenderNode     : 12.08 kB (used) / 36.09 kB (capacity)