Applications Graphics Acceleration Info:
Uptime: 1494791 Realtime: 1494791

** Graphics info for pid 5729 [dev.polski.grammarmatrix] **

Stats since: 1489714213042ns
Total frames rendered: 305
Janky frames: 0 (0.00%)
Janky frames (legacy): 245 (80.33%)
50th percentile: 19ms
90th percentile: 22ms
95th percentile: 24ms
99th percentile: 26ms
Number Missed Vsync: 0
Number High input latency: 610
Number Slow UI thread: 0
Number Slow bitmap uploads: 0
Number Slow issue draw commands: 0
Number Frame deadline missed: 0
Number Frame deadline missed (legacy): 0
HISTOGRAM: 5ms=0 6ms=0 7ms=0 8ms=0 9ms=1 10ms=0 11ms=0 12ms=0 13ms=0 14ms=0 15ms=1 16ms=1 17ms=5 18ms=57 19ms=127 20ms=60 21ms=14 22ms=14 23ms=6 24ms=10 25ms=3 26ms=3 27ms=1 28ms=0 29ms=0 30ms=0 31ms=0 32ms=0 34ms=0 36ms=1 38ms=1 40ms=0 42ms=0 44ms=0 46ms=0 48ms=0 53ms=0 57ms=0 61ms=0 65ms=0 69ms=0 73ms=0 77ms=0 81ms=0 85ms=0 89ms=0 93ms=0 97ms=0 101ms=0 105ms=0 109ms=0 113ms=0 117ms=0 121ms=0 125ms=0 129ms=0 133ms=0 150ms=0 200ms=0 250ms=0 300ms=0 350ms=0 400ms=0 450ms=0 500ms=0 550ms=0 600ms=0 650ms=0 700ms=0 750ms=0 800ms=0 850ms=0 900ms=0 950ms=0 1000ms=0 1050ms=0 1100ms=0 1150ms=0 1200ms=0 1250ms=0 1300ms=0 1350ms=0 1400ms=0 1450ms=0 1500ms=0 1550ms=0 1600ms=0 1650ms=0 1700ms=0 1750ms=0 1800ms=0 1850ms=0 1900ms=0 1950ms=0 2000ms=0 2050ms=0 2100ms=0 2150ms=0 2200ms=0 2250ms=0 2300ms=0 2350ms=0 2400ms=0 2450ms=0 2500ms=0 2550ms=0 2600ms=0 2650ms=0 2700ms=0 2750ms=0 2800ms=0 2850ms=0 2900ms=0 2950ms=0 3000ms=0 3050ms=0 3100ms=0 3150ms=0 3200ms=0 3250ms=0 3300ms=0 3350ms=0 3400ms=0 3450ms=0 3500ms=0 3550ms=0 3600ms=0 3650ms=0 3700ms=0 3750ms=0 3800ms=0 3850ms=0 3900ms=0 3950ms=0 4000ms=0 4050ms=0 4100ms=0 4150ms=0 4200ms=0 4250ms=0 4300ms=0 4350ms=0 4400ms=0 4450ms=0 4500ms=0 4550ms=0 4600ms=0 4650ms=0 4700ms=0 4750ms=0 4800ms=0 4850ms=0 4900ms=0 4950ms=0
50th gpu percentile: 18ms
90th gpu percentile: 20ms
95th gpu percentile: 22ms
99th gpu percentile: 25ms
GPU HISTOGRAM: 1ms=0 2ms=1 3ms=0 4ms=0 5ms=1 6ms=0 7ms=0 8ms=0 9ms=0 10ms=1 11ms=1 12ms=2 13ms=2 14ms=8 15ms=6 16ms=18 17ms=72 18ms=124 19ms=33 20ms=13 21ms=6 22ms=8 23ms=2 24ms=2 25ms=3 4950ms=2

Pipeline=Skia (OpenGL)
Memory policy:
  Max surface area: 2592000
  Max resource usage: 124.42MB (x48)
  Background retention: 50% (altUiHidden = true)
  GPU Context timeout: 10
Contexts: 1 (stopped = 0)
CPU Caches:
  Glyph Cache: 33.70 KB (1 entry)
  Glyph Count: 11 
Total CPU memory usage:
  34510 bytes, 33.70 KB (0.00 bytes is purgeable)
GPU Caches:
  Other:
    Other: 27.16 KB (1 entry)
    Buffer Object: 36.00 KB (1 entry)
  Scratch:
    Buffer Object: 80.00 KB (2 entries)
    Texture: 2.00 MB (1 entry)
Total GPU memory usage:
  2243744 bytes, 2.14 MB (68.00 KB is purgeable)

GraphicBufferAllocator buffers:
        Handle |        Size |     W (Stride) x H | Layers |   Format |      Usage | Requestor
0xb400007b2c426750 |     unknown | 1080 (   0) x 2400 |      1 |        1 | 0x     b00 | VRI[GlassBenchmarkActivity]#0(BLAST Consumer)0
0xb400007b2c426900 |     unknown | 1080 (   0) x 2400 |      1 |        1 | 0x     b00 | VRI[GlassBenchmarkActivity]#0(BLAST Consumer)0
0xb400007b2c437e50 |     unknown | 1080 (   0) x 2400 |      1 |        1 | 0x     b00 | VRI[GlassBenchmarkActivity]#0(BLAST Consumer)0
Total allocated by GraphicBufferAllocator (estimate): 0.00 KB
GoldfishAllocator::dumpDebugInfo is not implemented
Profile data in ms:

	dev.polski.grammarmatrix/dev.polski.grammarmatrix.GlassBenchmarkActivity/android.view.ViewRootImpl@af271ea (visibility=0)
Window: dev.polski.grammarmatrix/dev.polski.grammarmatrix.GlassBenchmarkActivity
Stats since: 1489714212792ns
Total frames rendered: 305
Janky frames: 0 (0.00%)
Janky frames (legacy): 245 (80.33%)
50th percentile: 19ms
90th percentile: 22ms
95th percentile: 24ms
99th percentile: 26ms
Number Missed Vsync: 0
Number High input latency: 610
Number Slow UI thread: 0
Number Slow bitmap uploads: 0
Number Slow issue draw commands: 0
Number Frame deadline missed: 0
Number Frame deadline missed (legacy): 0
HISTOGRAM: 5ms=0 6ms=0 7ms=0 8ms=0 9ms=1 10ms=0 11ms=0 12ms=0 13ms=0 14ms=0 15ms=1 16ms=1 17ms=5 18ms=57 19ms=127 20ms=60 21ms=14 22ms=14 23ms=6 24ms=10 25ms=3 26ms=3 27ms=1 28ms=0 29ms=0 30ms=0 31ms=0 32ms=0 34ms=0 36ms=1 38ms=1 40ms=0 42ms=0 44ms=0 46ms=0 48ms=0 53ms=0 57ms=0 61ms=0 65ms=0 69ms=0 73ms=0 77ms=0 81ms=0 85ms=0 89ms=0 93ms=0 97ms=0 101ms=0 105ms=0 109ms=0 113ms=0 117ms=0 121ms=0 125ms=0 129ms=0 133ms=0 150ms=0 200ms=0 250ms=0 300ms=0 350ms=0 400ms=0 450ms=0 500ms=0 550ms=0 600ms=0 650ms=0 700ms=0 750ms=0 800ms=0 850ms=0 900ms=0 950ms=0 1000ms=0 1050ms=0 1100ms=0 1150ms=0 1200ms=0 1250ms=0 1300ms=0 1350ms=0 1400ms=0 1450ms=0 1500ms=0 1550ms=0 1600ms=0 1650ms=0 1700ms=0 1750ms=0 1800ms=0 1850ms=0 1900ms=0 1950ms=0 2000ms=0 2050ms=0 2100ms=0 2150ms=0 2200ms=0 2250ms=0 2300ms=0 2350ms=0 2400ms=0 2450ms=0 2500ms=0 2550ms=0 2600ms=0 2650ms=0 2700ms=0 2750ms=0 2800ms=0 2850ms=0 2900ms=0 2950ms=0 3000ms=0 3050ms=0 3100ms=0 3150ms=0 3200ms=0 3250ms=0 3300ms=0 3350ms=0 3400ms=0 3450ms=0 3500ms=0 3550ms=0 3600ms=0 3650ms=0 3700ms=0 3750ms=0 3800ms=0 3850ms=0 3900ms=0 3950ms=0 4000ms=0 4050ms=0 4100ms=0 4150ms=0 4200ms=0 4250ms=0 4300ms=0 4350ms=0 4400ms=0 4450ms=0 4500ms=0 4550ms=0 4600ms=0 4650ms=0 4700ms=0 4750ms=0 4800ms=0 4850ms=0 4900ms=0 4950ms=0
50th gpu percentile: 18ms
90th gpu percentile: 20ms
95th gpu percentile: 22ms
99th gpu percentile: 25ms
GPU HISTOGRAM: 1ms=0 2ms=1 3ms=0 4ms=0 5ms=1 6ms=0 7ms=0 8ms=0 9ms=0 10ms=1 11ms=1 12ms=2 13ms=2 14ms=8 15ms=6 16ms=18 17ms=72 18ms=124 19ms=33 20ms=13 21ms=6 22ms=8 23ms=2 24ms=2 25ms=3 4950ms=2



---PROFILEDATA---
Flags,FrameTimelineVsyncId,IntendedVsync,Vsync,InputEventId,HandleInputStart,AnimationStart,PerformTraversalsStart,DrawStart,FrameDeadline,FrameInterval,FrameStartTime,SyncQueued,SyncStart,IssueDrawCommandsStart,SwapBuffers,FrameCompleted,DequeueBufferDuration,QueueBufferDuration,GpuCompleted,SwapBuffersCompleted,DisplayPresentTime,CommandSubmissionCompleted,
0,225630,1492793282206,1492793282206,0,1492793931086,1492793932086,1492794249586,1492794291086,1492843282204,1492793925961,16666666,1492794302336,1492795165461,1492795198669,1492795528086,1492813714336,16568000,193292,1492813714336,1492812901461,0,1492795528086,
0,225638,1492809948872,1492809948872,0,1492811400419,1492811401169,1492811564294,1492811605627,1492859948870,1492811394961,16666666,1492811841336,1492812923919,1492813007044,1492813285002,1492830170794,15618958,71458,1492830170794,1492829374044,0,1492813285002,
0,225646,1492826615538,1492826615538,0,1492827359961,1492827360836,1492827656252,1492827700127,1492876615536,1492827355002,16666666,1492827941169,1492829404377,1492829437752,1492829709752,1492846316586,15261834,70458,1492846316586,1492845478752,0,1492829709752,
0,225654,1492843282204,1492843282204,0,1492844214002,1492844214752,1492844449336,1492844511836,1492893282202,1492844207961,16666666,1492844854377,1492845530044,1492845572586,1492845867044,1492863901419,16485792,71375,1492863901419,1492862948544,0,1492845867044,
0,225662,1492859948870,1492859948870,0,1492861741086,1492861741919,1492861913294,1492861959919,1492909948868,1492861735002,16666666,1492862211169,1492862978544,1492863013169,1492863286377,1492885060877,19878750,96458,1492885060877,1492883866961,0,1492863286377,
0,225670,1492876615536,1492876615536,0,1492878316586,1492878318294,1492879365252,1492879445836,1492926615534,1492878305252,16666666,1492880415544,1492883932419,1492883969002,1492884480544,1492897597211,11680458,67667,1492897597211,1492896786586,0,1492884480544,
0,225678,1492893282202,1492893282202,0,1492894703711,1492894704627,1492895036377,1492895088377,1492943282200,1492894698211,16666666,1492895462461,1492896817419,1492896848377,1492897120169,1492916890252,18182167,74167,1492916890252,1492915833461,0,1492897120169,
0,225686,1492909948868,1492909948868,0,1492914556336,1492914557961,1492914808627,1492914862794,1492959948866,1492914535044,16666666,1492915202502,1492915860836,1492915897294,1492916459461,1492935639502,17598625,68458,1492935639502,1492934545044,0,1492916459461,
0,225694,1492926615534,1492926615534,0,1492931747169,1492931749086,1492933500711,1492933588919,1492976615532,1492931736211,16666666,1492934445961,1492934578169,1492934619586,1492935011794,1492947314211,10563292,94125,1492947314211,1492946271002,0,1492935011794,
0,225702,1492943282200,1492943282200,0,1492944792919,1492944793961,1492945049961,1492945105877,1492993282198,1492944785461,16666666,1492945424377,1492946298752,1492946334877,1492946630461,1492968227836,19409208,100667,1492968227836,1492966863877,0,1492946630461,
0,225710,1492959948866,1492959948866,0,1492962429836,1492962431669,1492963144252,1492963219836,1493009948864,1492962419377,16666666,1492963692086,1492966944627,1492967001961,1492967403252,1492983464461,14410541,239500,1492983464461,1492982685127,0,1492967403252,
0,225718,1492976615532,1492976615532,0,1492981814377,1492981815336,1492982150044,1492982316002,1493026615530,1492981806211,16666666,1492982328669,1492982703502,1492982734461,1492983011502,1493002543836,18046625,65417,1493002543836,1493001609502,0,1492983011502,
0,225726,1492993282198,1492993282198,0,1492995241252,1492995242961,1492996485336,1492996573586,1493043282196,1492995230044,16666666,1492997338211,1493001671752,1493001708461,1493001977086,1493013063044,9363333,81500,1493013063044,1493011998669,0,1493001977086,
0,225734,1493009948864,1493009948864,0,1493010748086,1493010748919,1493010911919,1493010955502,1493059948862,1493010742669,16666666,1493011218336,1493012145211,1493012216211,1493012565086,1493034489377,20353000,69291,1493034489377,1493033462961,0,1493012565086,
0,225742,1493026615530,1493026615530,0,1493030893127,1493030894794,1493031362169,1493031433627,1493076615528,1493030882461,16666666,1493031908044,1493033517377,1493033560127,1493033855919,1493051710169,16010750,153333,1493051710169,1493050561794,0,1493033855919,
0,225750,1493043282196,1493043282196,0,1493045647877,1493045649627,1493047898336,1493047984544,1493093282194,1493045636961,16666666,1493048825627,1493050624544,1493050752627,1493051104419,1493064223419,11349458,160625,1493064223419,1493063202794,0,1493051104419,
0,225758,1493059948862,1493059948862,0,1493061382961,1493061383919,1493061735711,1493061788461,1493109948860,1493061375794,16666666,1493062110711,1493063228127,1493063259544,1493063523586,1493080884419,15403667,262583,1493080884419,1493079720961,0,1493063523586,
0,225766,1493076615528,1493076615528,0,1493078302127,1493078303336,1493078553627,1493078614711,1493126615526,1493078295877,16666666,1493079067002,1493079775794,1493079817961,1493080250336,1493096572044,14411583,162500,1493096572044,1493095400877,0,1493080250336,
0,225774,1493093282194,1493093282194,0,1493094139294,1493094140169,1493094667502,1493094712794,1493143282192,1493094134086,16666666,1493095005419,1493095427836,1493095460669,1493095761794,1493114140252,16005667,171709,1493114140252,1493112631961,0,1493095761794,
0,225782,1493109948860,1493109948860,0,1493111311294,1493111312086,1493111625794,1493111687711,1493159948858,1493111305752,16666666,1493112691836,1493112888294,1493112933627,1493113310752,1493130053169,14997667,172833,1493130053169,1493129247711,0,1493113310752,
0,225790,1493126615526,1493126615526,0,1493127634377,1493127635044,1493127928169,1493127996794,1493176615524,1493127629211,16666666,1493128322919,1493129275044,1493129309711,1493129585794,1493147548044,16348208,85292,1493147548044,1493146466794,0,1493129585794,
0,225798,1493143282192,1493143282192,0,1493145369169,1493145370211,1493145756002,1493145804877,1493193282190,1493145362294,16666666,1493146000419,1493146496294,1493146594294,1493146966002,1493164216669,15144667,183416,1493164216669,1493162745836,0,1493146966002,
0,225806,1493159948858,1493159948858,0,1493161482502,1493161483044,1493161682461,1493161720919,1493209948856,1493161477002,16666666,1493161733502,1493162813002,1493162848877,1493163195919,1493179598002,14279583,346542,1493179598002,1493178547252,0,1493163195919,
0,225814,1493176615524,1493176615524,0,1493177458586,1493177459877,1493177904461,1493177946919,1493226615522,1493177452919,16666666,1493178180086,1493178571169,1493178632211,1493178946461,1493197758461,16787250,132875,1493197758461,1493196455002,0,1493178946461,
0,225822,1493193282190,1493193282190,0,1493194013252,1493194014336,1493194182836,1493194227627,1493243282188,1493194007461,16666666,1493194550086,1493196515377,1493196567544,1493197008586,1493213783961,15103083,162125,1493213783961,1493212912669,0,1493197008586,
0,225830,1493209948856,1493209948856,0,1493211117502,1493211118877,1493211416586,1493211470669,1493259948854,1493211109627,16666666,1493211775044,1493212936127,1493212971627,1493213242627,1493229875002,15234417,68917,1493229875002,1493229064294,0,1493213242627,
0,225838,1493226615522,1493226615522,0,1493227913127,1493227913961,1493228128711,1493228174544,1493276615520,1493227908044,16666666,1493228419086,1493229087169,1493229146002,1493229424586,1493248888961,17274166,69583,1493248888961,1493247269627,0,1493229424586,
0,225846,1493243282188,1493243282188,0,1493245686961,1493245688127,1493245901002,1493245951211,1493293282186,1493245680002,16666666,1493246244419,1493247303877,1493247407127,1493247774294,1493263253252,13235333,231458,1493263253252,1493262172211,0,1493247774294,
0,225854,1493259948854,1493259948854,0,1493260661627,1493260662544,1493260898711,1493260942877,1493309948852,1493260656502,16666666,1493261386586,1493262203336,1493262234794,1493262588752,1493279880836,15462500,155208,1493279880836,1493278850627,0,1493262588752,
0,225862,1493276615520,1493276615520,0,1493277475544,1493277476252,1493277641586,1493277683294,1493326615518,1493277470336,16666666,1493277960836,1493278917336,1493278989711,1493279277961,1493296485669,15432875,106833,1493296485669,1493295364461,0,1493279277961,
0,225870,1493293282186,1493293282186,0,1493293931461,1493293932461,1493294245919,1493294294627,1493343282184,1493293926086,16666666,1493294561836,1493295397836,1493295431211,1493295710544,1493313776086,16133416,88334,1493313776086,1493312691544,0,1493295710544,
0,225878,1493309948852,1493309948852,0,1493311016377,1493311017377,1493311260127,1493311304544,1493359948850,1493311010211,16666666,1493311539002,1493312751086,1493312815211,1493313151002,1493330930127,15677958,93875,1493330930127,1493329652669,0,1493313151002,
0,225886,1493326615518,1493326615518,0,1493327768461,1493327769211,1493328982336,1493329443752,1493376615516,1493327762544,16666666,1493329896377,1493329997586,1493330034252,1493330304169,1493347147044,15105083,191333,1493347147044,1493346095252,0,1493330304169,
0,225894,1493343282184,1493343282184,0,1493344913211,1493344914002,1493345088544,1493345131294,1493393282182,1493344907627,16666666,1493345360794,1493346120877,1493346215502,1493346585044,1493362922961,14801541,158750,1493362922961,1493361997877,0,1493346585044,
0,225902,1493359948850,1493359948850,0,1493360926752,1493360927752,1493361298461,1493361342086,1493409948848,1493360920836,16666666,1493361587961,1493362023336,1493362057544,1493362328544,1493379667669,15916542,167083,1493379667669,1493378885086,0,1493362328544,
0,225910,1493376615516,1493376615516,0,1493377585044,1493377585836,1493377772044,1493377818752,1493426615514,1493377579044,16666666,1493378061461,1493378910502,1493378986669,1493379250294,1493397471169,16787042,94291,1493397471169,1493396554627,0,1493379250294,
0,225918,1493393282182,1493393282182,0,1493394692252,1493394693044,1493394875544,1493394916627,1493443282180,1493394687211,16666666,1493395157961,1493396586836,1493396620627,1493396916252,1493414177336,15691417,152916,1493414177336,1493413220211,0,1493396916252,
0,225926,1493409948848,1493409948848,0,1493411604336,1493411605169,1493411928461,1493411994169,1493459948846,1493411599044,16666666,1493412722752,1493413262336,1493413305336,1493413605086,1493430119794,14949000,161000,1493430119794,1493429224461,0,1493413605086,
0,225934,1493426615514,1493426615514,0,1493427711169,1493427712086,1493427859877,1493427906836,1493476615512,1493427705711,16666666,1493428434752,1493429252752,1493429285419,1493429542252,1493446819336,15575750,200042,1493446819336,1493445761461,0,1493429542252,
0,225942,1493443282180,1493443282180,0,1493444627253,1493444628128,1493444884794,1493444925294,1493493282178,1493444622253,16666666,1493445229961,1493445784711,1493445825544,1493446228711,1493463377961,15335209,208792,1493463377961,1493462202503,0,1493446228711,
0,225950,1493459948846,1493459948846,0,1493461942961,1493461944044,1493462099253,1493462141128,1493509948844,1493461935378,16666666,1493462433336,1493462510628,1493462542461,1493462815503,1493480213753,15585750,168750,1493480213753,1493479013419,0,1493462815503,
0,225958,1493476615512,1493476615512,0,1493478524544,1493478525586,1493478700961,1493478746836,1493526615510,1493478518961,16666666,1493479039294,1493479160586,1493479196711,1493479501753,1493496707419,15304875,93875,1493496707419,1493495614086,0,1493479501753,
0,225966,1493493282178,1493493282178,0,1493494123253,1493494124378,1493494289461,1493494342211,1493543282176,1493494117919,16666666,1493494574544,1493495644669,1493495676961,1493495959128,1493513138128,15455833,112250,1493513138128,1493512212961,0,1493495959128,
0,225974,1493509948844,1493509948844,0,1493510880378,1493510881419,1493511057294,1493511102128,1493559948842,1493510874211,16666666,1493511270044,1493512235128,1493512343919,1493512646128,1493530262044,16274250,83291,1493530262044,1493529456336,0,1493512646128,
0,225982,1493526615510,1493526615510,0,1493527590003,1493527590878,1493527745211,1493527789878,1493576615508,1493527584336,16666666,1493527802044,1493529488003,1493529519044,1493529795294,1493546965419,15710959,71250,1493546965419,1493546041753,0,1493529795294,
0,225990,1493543282176,1493543282176,0,1493544886544,1493544887419,1493545050836,1493545090711,1493593282174,1493544881086,16666666,1493545332336,1493546065211,1493546124044,1493546431419,1493563318878,15461583,67708,1493563318878,1493562484211,0,1493546431419,
0,225998,1493559948842,1493559948842,0,1493561199086,1493561199836,1493561406669,1493561448628,1493609948840,1493561194044,16666666,1493561700753,1493562512836,1493562547628,1493562805669,1493579494128,15246250,85917,1493579494128,1493578660253,0,1493562805669,
0,226006,1493576615508,1493576615508,0,1493577376919,1493577377878,1493577529044,1493577572211,1493626615506,1493577371753,16666666,1493577792919,1493578688128,1493578722753,1493578995378,1493596507336,15972583,86042,1493596507336,1493595513503,0,1493578995378,
0,226014,1493593282174,1493593282174,0,1493594042836,1493594043586,1493594196836,1493594240003,1493643282172,1493594037711,16666666,1493594470086,1493595546919,1493595579794,1493595863669,1493613692753,16354250,134375,1493613692753,1493612907753,0,1493595863669,
0,226022,1493609948840,1493609948840,0,1493610804586,1493610805419,1493610952669,1493610992753,1493659948838,1493610799794,16666666,1493611249086,1493612933961,1493612967336,1493613223794,1493630334919,15685584,72083,1493630334919,1493629419294,0,1493613223794,
0,226030,1493626615506,1493626615506,0,1493627885794,1493627886794,1493628436253,1493628488253,1493676615504,1493627878628,16666666,1493628818336,1493629444628,1493629474836,1493629742336,1493646922294,15596417,77625,1493646922294,1493645976503,0,1493629742336,
0,226038,1493643282172,1493643282172,0,1493644757919,1493644758711,1493645185961,1493645230003,1493693282170,1493644752586,16666666,1493645504169,1493645998794,1493646031378,1493646369919,1493663676753,15915791,71166,1493663676753,1493662913794,0,1493646369919,
0,226046,1493659948838,1493659948838,0,1493661615961,1493661616878,1493661791503,1493661834586,1493709948836,1493661592461,16666666,1493662091753,1493662939794,1493662971794,1493663259211,1493679356586,14768792,70167,1493679356586,1493678491419,0,1493663259211,
0,226054,1493676615504,1493676615504,0,1493677341336,1493677342128,1493677487503,1493677529669,1493726615502,1493677336503,16666666,1493677762544,1493678514294,1493678601378,1493678884086,1493697767586,17288750,72000,1493697767586,1493696711336,0,1493678884086,
0,226062,1493693282170,1493693282170,0,1493693958169,1493693959086,1493694224003,1493694276294,1493743282168,1493693952211,16666666,1493694482169,1493696772086,1493696827419,1493697146128,1493712989878,14192000,144125,1493712989878,1493712136878,0,1493697146128,
0,226070,1493709948836,1493709948836,0,1493711130003,1493711130919,1493711289169,1493711329753,1493759948834,1493711124753,16666666,1493711341711,1493712157961,1493712196044,1493712520419,1493731618794,17408125,70625,1493731618794,1493730456544,0,1493712520419,
0,226078,1493726615502,1493726615502,0,1493728259211,1493728260378,1493728394169,1493728564836,1493776615500,1493728254044,16666666,1493728807586,1493730506044,1493730554419,1493730928753,1493747251503,14536625,113042,1493747251503,1493746214878,0,1493730928753,
0,226086,1493743282168,1493743282168,0,1493745181669,1493745182836,1493745431878,1493745496586,1493793282166,1493745176086,16666666,1493745740336,1493746248503,1493746283503,1493746589378,1493764404836,15698125,82208,1493764404836,1493762997503,0,1493746589378,
0,226094,1493759948834,1493759948834,0,1493761294669,1493761295503,1493761458294,1493761501461,1493809948832,1493761288919,16666666,1493761797503,1493763029378,1493763065711,1493763514586,1493780275544,14683458,241375,1493780275544,1493779196128,0,1493763514586,
0,226102,1493776615500,1493776615500,0,1493777346919,1493777347794,1493777598128,1493777639294,1493826615498,1493777341919,16666666,1493777939336,1493779225044,1493779259919,1493779547378,1493797673836,15609958,80917,1493797673836,1493795983836,0,1493779547378,
0,226110,1493793282166,1493793282166,0,1493794075878,1493794076586,1493794426336,1493794480419,1493843282164,1493794069628,16666666,1493794718086,1493796149753,1493796264169,1493796927878,1493814910336,16044000,84750,1493814910336,1493813772628,0,1493796927878,
0,226118,1493809948832,1493809948832,0,1493811047794,1493811048419,1493811144253,1493811173836,1493859948830,1493811043086,16666666,1493811410711,1493813800169,1493813853128,1493814219378,1493836505211,20208583,90333,1493836505211,1493835200961,0,1493814219378,
0,226126,1493826615498,1493826615498,0,1493834198711,1493834199503,1493834432669,1493834471919,1493876615496,1493834193669,16666666,1493834737836,1493835224461,1493835256919,1493835534253,1493847335544,9846667,82708,1493847335544,1493846400503,0,1493835534253,
0,226134,1493843282164,1493843282164,0,1493844783711,1493844784169,1493845052961,1493845091794,1493893282162,1493844778669,16666666,1493845290044,1493846424961,1493846502336,1493846823794,1493871993669,23539292,70875,1493871993669,1493870948878,0,1493846823794,
0,226142,1493859948830,1493859948830,0,1493866604836,1493866606544,1493867427878,1493867507503,1493909948828,1493866593794,16666666,1493868600544,1493871020378,1493871066419,1493871402169,1493881546211,8121583,88125,1493881546211,1493880423961,0,1493871402169,
0,226150,1493876615496,1493876615496,0,1493878283878,1493878284419,1493878426128,1493878462003,1493926615494,1493878279961,16666666,1493878580294,1493880447253,1493880483878,1493880758336,1493905352544,21816709,71417,1493905352544,1493903408378,0,1493880758336,
0,226158,1493893282162,1493893282162,0,1493899659878,1493899661544,1493900708003,1493900812544,1493943282160,1493899649086,16666666,1493900838586,1493903475628,1493903585961,1493904461461,1493913919794,7312333,80875,1493913919794,1493912784586,0,1493904461461,
0,226166,1493909948828,1493909948828,0,1493911049169,1493911050044,1493911332669,1493911374836,1493959948826,1493911044419,16666666,1493911594128,1493912810586,1493912887461,1493913165544,1493935707586,20476917,200875,1493935707586,1493934516669,0,1493913165544,
0,226174,1493926615494,1493926615494,0,1493932484544,1493932486336,1493933381711,1493933487544,1493976615492,1493932469503,16666666,1493933759419,1493934578544,1493934624544,1493935055169,1493947723169,10750084,93958,1493947723169,1493946579586,0,1493935055169,
0,226182,1493943282160,1493943282160,0,1493945083919,1493945084669,1493945242919,1493945295378,1493993282158,1493945078586,16666666,1493945528128,1493946639336,1493946694586,1493947003628,1493965306044,16189333,162667,1493965306044,1493963976961,0,1493947003628,
0,226190,1493959948826,1493959948826,0,1493961488919,1493961490003,1493961804044,1493961847919,1494009948824,1493961483628,16666666,1493962148961,1493964109003,1493964163961,1493964537878,1493980416586,13804250,237500,1493980416586,1493979262544,0,1493964537878,
0,226198,1493976615492,1493976615492,0,1493977766169,1493977767211,1493977939878,1493977988086,1494026615490,1493977759294,16666666,1493978240003,1493979329086,1493979395128,1493979727753,1493999875878,18417792,186750,1493999875878,1493998882586,0,1493979727753,
0,226206,1493993282158,1493993282158,0,1493994893211,1493994895086,1493995200211,1493995272003,1494043282156,1493994882503,16666666,1493996359919,1493998950211,1493998985294,1493999258003,1494014220294,13052834,160708,1494014220294,1494012975628,0,1493999258003,
0,226214,1494009948824,1494009948824,0,1494011143503,1494011144378,1494011680253,1494011724086,1494059948822,1494011137461,16666666,1494012378003,1494013004919,1494013039544,1494013325044,1494035029836,19619834,194250,1494035029836,1494033891544,0,1494013325044,
0,226222,1494026615490,1494026615490,0,1494032277211,1494032279086,1494033023419,1494033088461,1494076615488,1494032266461,16666666,1494033510836,1494033918878,1494033954378,1494034256294,1494050833294,14818125,197708,1494050833294,1494049917044,0,1494034256294,
0,226230,1494043282156,1494043282156,0,1494047882378,1494047884044,1494048337128,1494048413211,1494093282154,1494047870961,16666666,1494049094003,1494049947336,1494049982253,1494050285336,1494067333211,15272542,74583,1494067333211,1494066152961,0,1494050285336,
0,226238,1494059948822,1494059948822,0,1494065414586,1494065415586,1494065996753,1494066042253,1494109948820,1494065408878,16666666,1494066212253,1494066447586,1494066482253,1494066826961,1494080279086,11761000,77666,1494080279086,1494079145836,0,1494066826961,
0,226246,1494076615488,1494076615488,0,1494077762586,1494077763753,1494078011128,1494078066378,1494126615486,1494077755794,16666666,1494078080836,1494079208669,1494079246253,1494079572294,1494096557711,15194791,304708,1494096557711,1494095612086,0,1494079572294,
0,226254,1494093282154,1494093282154,0,1494094337878,1494094338669,1494094504669,1494094548419,1494143282152,1494094332169,16666666,1494094784461,1494095646294,1494095682753,1494095983336,1494114227878,16616375,169375,1494114227878,1494113234211,0,1494095983336,
0,226262,1494109948820,1494109948820,0,1494111436169,1494111437461,1494111713836,1494111779711,1494159948818,1494111429878,16666666,1494112650836,1494113280336,1494113314669,1494113609503,1494130537378,15322458,155250,1494130537378,1494129597503,0,1494113609503,
0,226270,1494126615486,1494126615486,0,1494128162503,1494128163503,1494128498503,1494128547294,1494176615484,1494128155628,16666666,1494128871503,1494129631086,1494129667461,1494129963753,1494151511670,19756250,166416,1494151511670,1494150359878,0,1494129963753,
0,226278,1494143282152,1494143282152,0,1494147714878,1494147716753,1494148619128,1494148685753,1494193282150,1494147704128,16666666,1494148945128,1494150396961,1494150440586,1494150750295,1494166142961,13324750,166959,1494166142961,1494164887795,0,1494150750295,
0,226286,1494159948818,1494159948818,0,1494163335628,1494163336753,1494163518795,1494163560753,1494209948816,1494163330336,16666666,1494163830836,1494164915211,1494164951336,1494165243670,1494181351378,13982292,203792,1494181351378,1494180230753,0,1494165243670,
0,226294,1494176615484,1494176615484,0,1494177642961,1494177644003,1494178508295,1494178550211,1494226615482,1494177634961,16666666,1494178840753,1494180265086,1494180283503,1494180702420,1494198778920,16289083,213000,1494198778920,1494197771211,0,1494180702420,
0,226302,1494193282150,1494193282150,0,1494194841420,1494194842211,1494195079545,1494195125128,1494243282148,1494194836253,16666666,1494195398253,1494197815420,1494197860461,1494198152003,1494214587336,14547167,152458,1494214587336,1494213379211,0,1494198152003,
0,226310,1494209948816,1494209948816,0,1494211745795,1494211746753,1494212107170,1494212162628,1494259948814,1494211739711,16666666,1494212396503,1494213404086,1494213440545,1494213890045,1494231006836,14848458,191958,1494231006836,1494229509253,0,1494213890045,
0,226318,1494226615482,1494226615482,0,1494227826336,1494227827420,1494228421045,1494228477336,1494276615480,1494227820670,16666666,1494228774628,1494229560628,1494229595378,1494230272420,1494247827920,15769375,201458,1494247827920,1494246824128,0,1494230272420,
0,226326,1494243282148,1494243282148,0,1494244993420,1494244994711,1494245440711,1494245505670,1494293282146,1494244906586,16666666,1494245760586,1494246862420,1494246901128,1494247174378,1494263576586,14490542,228500,1494263576586,1494262476420,0,1494247174378,
0,226334,1494259948814,1494259948814,0,1494260965628,1494260966378,1494261140753,1494261182503,1494309948812,1494260960503,16666666,1494261194670,1494262511753,1494262552628,1494262825003,1494280568545,15630334,231459,1494280568545,1494279311586,0,1494262825003,
0,226342,1494276615480,1494276615480,0,1494277703461,1494277704253,1494277894086,1494277935045,1494326615478,1494277698045,16666666,1494278163336,1494279336961,1494279376128,1494279772253,1494297222711,15374166,171083,1494297222711,1494295990295,0,1494279772253,
0,226350,1494293282146,1494293282146,0,1494294400711,1494294402503,1494295114711,1494295191045,1494343282144,1494294389836,16666666,1494295450336,1494296099795,1494296117420,1494296465420,1494314004670,15629667,175000,1494314004670,1494312901086,0,1494296465420,
0,226358,1494309948812,1494309948812,0,1494311183045,1494311184003,1494311458795,1494311507211,1494359948810,1494311177336,16666666,1494311748753,1494312931670,1494312967586,1494313263461,1494330379295,15074167,200625,1494330379295,1494329225336,0,1494313263461,
0,226366,1494326615478,1494326615478,0,1494327487545,1494327488670,1494327927795,1494327968211,1494376615476,1494327482378,16666666,1494328355045,1494329251586,1494329287003,1494329561711,1494347172545,15714042,268292,1494347172545,1494346141045,0,1494329561711,
0,226374,1494343282144,1494343282144,0,1494343892503,1494343893170,1494344685378,1494344729628,1494393282142,1494343887878,16666666,1494344955711,1494346163711,1494346199003,1494346501878,1494363895003,15759500,173917,1494363895003,1494362980003,0,1494346501878,
0,226382,1494359948810,1494359948810,0,1494361715961,1494361717003,1494361899545,1494361946961,1494409948808,1494361710503,16666666,1494362254253,1494363008336,1494363080961,1494363345878,1494380986711,16037208,164875,1494380986711,1494379979836,0,1494363345878,
0,226390,1494376615476,1494376615476,0,1494378733045,1494378734336,1494379121253,1494379174086,1494426615474,1494378726378,16666666,1494379643128,1494380053920,1494380090503,1494380420003,1494398786961,16559167,81708,1494398786961,1494397603378,0,1494380420003,
0,226398,1494393282142,1494393282142,0,1494394166711,1494394167670,1494394507920,1494394573086,1494443282140,1494394161670,16666666,1494395602920,1494397649378,1494397689336,1494397980920,1494416655128,15903250,78500,1494416655128,1494414743586,0,1494397980920,
0,226406,1494409948808,1494409948808,0,1494411329586,1494411330586,1494411508461,1494411550253,1494459948806,1494411323253,16666666,1494411786045,1494414794628,1494414831461,1494415873378,1494432583461,14112500,61458,1494432583461,1494430812253,0,1494415873378,
0,226414,1494426615474,1494426615474,0,1494427952461,1494427954128,1494428661711,1494428712795,1494476615472,1494427935920,16666666,1494428882086,1494430848003,1494430884961,1494431302461,1494453242420,18339375,86167,1494453242420,1494451005170,0,1494431302461,
0,226422,1494443282140,1494443282140,0,1494446393920,1494446394586,1494447849795,1494447896128,1494493282138,1494446388503,16666666,1494447908545,1494451088753,1494451214961,1494451990253,1494484479336,31181625,155542,1494479434086,1494484479336,0,1494451990253,
0,226430,1494459948806,1494459948806,0,1494463672836,1494463673795,1494463847670,1494463887295,1494509948804,1494463667545,16666666,1494464160170,1494484557128,1494484607920,1494485076545,1494489773503,1810209,104667,1494489773503,1494487547170,0,1494485076545,
0,226438,1494476615472,1494476615472,0,1494485975128,1494485975378,1494486017128,1494486055086,1494526615470,1494485971378,16666666,1494487275961,1494487573420,1494487611878,1494488428586,1494513192003,11469083,107208,1494513192003,1494502361336,0,1494488428586,
0,226446,1494493282138,1494493282138,0,1494494551961,1494494554003,1494497621420,1494497677461,1494543282136,1494494540836,16666666,1494497925170,1494502433795,1494502491086,1494503246628,1494519816128,3929792,4197125,1494519816128,1494517217253,0,1494503246628,
0,226454,1494509948804,1494509948804,0,1494514825503,1494514826795,1494515074753,1494515149628,1494559948802,1494514818753,16666666,1494515494211,1494517292503,1494517331586,1494517754086,1494538360336,14261417,233000,1494538360336,1494534130545,0,1494517754086,
0,226462,1494526615470,1494526615470,0,1494529173545,1494529174461,1494529626003,1494529692003,1494576615468,1494529168295,16666666,1494532470170,1494534168253,1494534212461,1494534678128,1494553233836,13083458,551500,1494553233836,1494551532170,0,1494534678128,
0,226470,1494543282136,1494543282136,0,1494546180128,1494546180920,1494546919961,1494546990378,1494593282134,1494546174420,16666666,1494547337461,1494551666086,1494551730461,1494552464295,1494567947086,13372250,107166,1494567947086,1494566703128,0,1494552464295,
0,226478,1494559948802,1494559948802,0,1494564706336,1494564707628,1494565105253,1494565181045,1494609948800,1494564699545,16666666,1494565500711,1494566747128,1494566786128,1494567090336,1494582715420,13052542,139208,1494582715420,1494581414920,0,1494567090336,
0,226486,1494576615468,1494576615468,0,1494578964253,1494578965461,1494579359295,1494579463795,1494626615466,1494578957795,16666666,1494579882836,1494581505920,1494581570045,1494581951753,1494597591128,13609875,166125,1494597591128,1494596385003,0,1494581951753,
0,226494,1494593282134,1494593282134,0,1494594392795,1494594393711,1494594576378,1494594620045,1494643282132,1494594387420,16666666,1494594860086,1494596425586,1494596465211,1494596898795,1494614722711,16220417,153209,1494614722711,1494613863753,0,1494596898795,
0,226502,1494609948800,1494609948800,0,1494611547045,1494611547836,1494611701753,1494611742336,1494659948798,1494611541961,16666666,1494611997045,1494613913170,1494613953086,1494614223920,1494633380045,17038417,80833,1494633380045,1494631963670,0,1494614223920,
0,226510,1494626615466,1494626615466,0,1494629393336,1494629395170,1494630281295,1494630386878,1494676615464,1494629382586,16666666,1494630402128,1494631997253,1494632094670,1494632736253,1494650942545,15149916,86375,1494650942545,1494648581253,0,1494632736253,
0,226518,1494643282132,1494643282132,0,1494645530878,1494645532086,1494646056420,1494646123711,1494693282130,1494645523670,16666666,1494646391628,1494648622086,1494648654670,1494649101920,1494667566003,15147833,91708,1494667566003,1494666211670,0,1494649101920,
0,226526,1494659948798,1494659948798,0,1494664466753,1494664468003,1494664990920,1494665097545,1494709948796,1494664460336,16666666,1494666030628,1494666249378,1494666309586,1494666724128,1494681887503,12975791,181708,1494681887503,1494680602503,0,1494666724128,
0,226534,1494676615464,1494676615464,0,1494678889336,1494678890170,1494679832586,1494679887878,1494726615462,1494678883836,16666666,1494680392920,1494680633128,1494680731003,1494681017378,1494697500503,14342292,132916,1494697500503,1494696285753,0,1494681017378,
0,226542,1494693282130,1494693282130,0,1494694471003,1494694471753,1494694961836,1494695006336,1494743282128,1494694465336,16666666,1494695572545,1494696313295,1494696332378,1494696775586,1494715291503,16783167,144083,1494715291503,1494714427753,0,1494696775586,
0,226550,1494709948796,1494709948796,0,1494713028461,1494713029503,1494713322378,1494713422670,1494759948794,1494713023378,16666666,1494713673461,1494714459586,1494714491586,1494714761545,1494732721795,15892708,83500,1494732721795,1494731260545,0,1494714761545,
0,226558,1494726615462,1494726615462,0,1494730397586,1494730398795,1494731008878,1494731061170,1494776615460,1494730390795,16666666,1494731422253,1494731606711,1494731639545,1494731912378,1494748121461,14360000,113958,1494748121461,1494747152045,0,1494731912378,
0,226566,1494743282128,1494743282128,0,1494745578628,1494745579503,1494745761503,1494745802461,1494793282126,1494745573795,16666666,1494746121295,1494747180711,1494747220211,1494747498586,1494766577336,17353709,137375,1494766577336,1494765596920,0,1494747498586,
0,226574,1494759948794,1494759948794,0,1494761978461,1494761979295,1494762656128,1494762702545,1494809948792,1494761973336,16666666,1494762944753,1494765644086,1494765682586,1494766002920,1494781055086,13098417,82542,1494781055086,1494779782420,0,1494766002920,
0,226582,1494776615460,1494776615460,0,1494777841003,1494777841920,1494778130545,1494778173253,1494793282126,1494777835586,16666666,1494778699711,1494779815045,1494779848753,1494780322295,1492796278752,17381333,94208,1492796278752,1494798503920,0,1494780322295,
---PROFILEDATA---


View hierarchy:

  dev.polski.grammarmatrix/dev.polski.grammarmatrix.GlassBenchmarkActivity/android.view.ViewRootImpl@af271ea
  7 views, 12.08 kB of render nodes


Total ViewRootImpl   : 1
Total attached Views : 7
Total RenderNode     : 12.08 kB (used) / 36.09 kB (capacity)