Applications Graphics Acceleration Info:
Uptime: 1433961 Realtime: 1433961

** Graphics info for pid 5729 [dev.polski.grammarmatrix] **

Stats since: 1428883093680ns
Total frames rendered: 305
Janky frames: 1 (0.33%)
Janky frames (legacy): 125 (40.98%)
50th percentile: 18ms
90th percentile: 21ms
95th percentile: 23ms
99th percentile: 27ms
Number Missed Vsync: 0
Number High input latency: 608
Number Slow UI thread: 0
Number Slow bitmap uploads: 0
Number Slow issue draw commands: 1
Number Frame deadline missed: 1
Number Frame deadline missed (legacy): 1
HISTOGRAM: 5ms=10 6ms=0 7ms=0 8ms=0 9ms=1 10ms=0 11ms=0 12ms=0 13ms=0 14ms=0 15ms=1 16ms=38 17ms=67 18ms=47 19ms=66 20ms=28 21ms=19 22ms=11 23ms=9 24ms=2 25ms=2 26ms=0 27ms=1 28ms=0 29ms=0 30ms=2 31ms=0 32ms=1 34ms=0 36ms=0 38ms=0 40ms=0 42ms=0 44ms=0 46ms=0 48ms=0 53ms=0 57ms=0 61ms=0 65ms=0 69ms=0 73ms=0 77ms=0 81ms=0 85ms=0 89ms=0 93ms=0 97ms=0 101ms=0 105ms=0 109ms=0 113ms=0 117ms=0 121ms=0 125ms=0 129ms=0 133ms=0 150ms=0 200ms=0 250ms=0 300ms=0 350ms=0 400ms=0 450ms=0 500ms=0 550ms=0 600ms=0 650ms=0 700ms=0 750ms=0 800ms=0 850ms=0 900ms=0 950ms=0 1000ms=0 1050ms=0 1100ms=0 1150ms=0 1200ms=0 1250ms=0 1300ms=0 1350ms=0 1400ms=0 1450ms=0 1500ms=0 1550ms=0 1600ms=0 1650ms=0 1700ms=0 1750ms=0 1800ms=0 1850ms=0 1900ms=0 1950ms=0 2000ms=0 2050ms=0 2100ms=0 2150ms=0 2200ms=0 2250ms=0 2300ms=0 2350ms=0 2400ms=0 2450ms=0 2500ms=0 2550ms=0 2600ms=0 2650ms=0 2700ms=0 2750ms=0 2800ms=0 2850ms=0 2900ms=0 2950ms=0 3000ms=0 3050ms=0 3100ms=0 3150ms=0 3200ms=0 3250ms=0 3300ms=0 3350ms=0 3400ms=0 3450ms=0 3500ms=0 3550ms=0 3600ms=0 3650ms=0 3700ms=0 3750ms=0 3800ms=0 3850ms=0 3900ms=0 3950ms=0 4000ms=0 4050ms=0 4100ms=0 4150ms=0 4200ms=0 4250ms=0 4300ms=0 4350ms=0 4400ms=0 4450ms=0 4500ms=0 4550ms=0 4600ms=0 4650ms=0 4700ms=0 4750ms=0 4800ms=0 4850ms=0 4900ms=0 4950ms=0
50th gpu percentile: 17ms
90th gpu percentile: 19ms
95th gpu percentile: 21ms
99th gpu percentile: 24ms
GPU HISTOGRAM: 1ms=2 2ms=14 3ms=0 4ms=1 5ms=0 6ms=0 7ms=0 8ms=1 9ms=0 10ms=2 11ms=5 12ms=7 13ms=5 14ms=12 15ms=55 16ms=41 17ms=46 18ms=70 19ms=14 20ms=14 21ms=8 22ms=2 23ms=2 24ms=1 25ms=1 4950ms=2

Pipeline=Skia (OpenGL)
Memory policy:
  Max surface area: 2592000
  Max resource usage: 124.42MB (x48)
  Background retention: 50% (altUiHidden = true)
  GPU Context timeout: 10
Contexts: 1 (stopped = 0)
CPU Caches:
  Glyph Cache: 33.70 KB (1 entry)
  Glyph Count: 11 
Total CPU memory usage:
  34510 bytes, 33.70 KB (0.00 bytes is purgeable)
GPU Caches:
  Other:
    Other: 26.56 KB (1 entry)
    Buffer Object: 36.00 KB (1 entry)
  Scratch:
    Buffer Object: 80.00 KB (2 entries)
    Texture: 2.00 MB (1 entry)
Total GPU memory usage:
  2243136 bytes, 2.14 MB (68.00 KB is purgeable)

GraphicBufferAllocator buffers:
        Handle |        Size |     W (Stride) x H | Layers |   Format |      Usage | Requestor
0xb400007b2c426750 |     unknown | 1080 (   0) x 2400 |      1 |        1 | 0x     b00 | VRI[GlassBenchmarkActivity]#0(BLAST Consumer)0
0xb400007b2c426900 |     unknown | 1080 (   0) x 2400 |      1 |        1 | 0x     b00 | VRI[GlassBenchmarkActivity]#0(BLAST Consumer)0
0xb400007b2c437e50 |     unknown | 1080 (   0) x 2400 |      1 |        1 | 0x     b00 | VRI[GlassBenchmarkActivity]#0(BLAST Consumer)0
Total allocated by GraphicBufferAllocator (estimate): 0.00 KB
GoldfishAllocator::dumpDebugInfo is not implemented
Profile data in ms:

	dev.polski.grammarmatrix/dev.polski.grammarmatrix.GlassBenchmarkActivity/android.view.ViewRootImpl@af271ea (visibility=0)
Window: dev.polski.grammarmatrix/dev.polski.grammarmatrix.GlassBenchmarkActivity
Stats since: 1428883093513ns
Total frames rendered: 305
Janky frames: 1 (0.33%)
Janky frames (legacy): 125 (40.98%)
50th percentile: 18ms
90th percentile: 21ms
95th percentile: 23ms
99th percentile: 27ms
Number Missed Vsync: 0
Number High input latency: 608
Number Slow UI thread: 0
Number Slow bitmap uploads: 0
Number Slow issue draw commands: 1
Number Frame deadline missed: 1
Number Frame deadline missed (legacy): 1
HISTOGRAM: 5ms=10 6ms=0 7ms=0 8ms=0 9ms=1 10ms=0 11ms=0 12ms=0 13ms=0 14ms=0 15ms=1 16ms=38 17ms=67 18ms=47 19ms=66 20ms=28 21ms=19 22ms=11 23ms=9 24ms=2 25ms=2 26ms=0 27ms=1 28ms=0 29ms=0 30ms=2 31ms=0 32ms=1 34ms=0 36ms=0 38ms=0 40ms=0 42ms=0 44ms=0 46ms=0 48ms=0 53ms=0 57ms=0 61ms=0 65ms=0 69ms=0 73ms=0 77ms=0 81ms=0 85ms=0 89ms=0 93ms=0 97ms=0 101ms=0 105ms=0 109ms=0 113ms=0 117ms=0 121ms=0 125ms=0 129ms=0 133ms=0 150ms=0 200ms=0 250ms=0 300ms=0 350ms=0 400ms=0 450ms=0 500ms=0 550ms=0 600ms=0 650ms=0 700ms=0 750ms=0 800ms=0 850ms=0 900ms=0 950ms=0 1000ms=0 1050ms=0 1100ms=0 1150ms=0 1200ms=0 1250ms=0 1300ms=0 1350ms=0 1400ms=0 1450ms=0 1500ms=0 1550ms=0 1600ms=0 1650ms=0 1700ms=0 1750ms=0 1800ms=0 1850ms=0 1900ms=0 1950ms=0 2000ms=0 2050ms=0 2100ms=0 2150ms=0 2200ms=0 2250ms=0 2300ms=0 2350ms=0 2400ms=0 2450ms=0 2500ms=0 2550ms=0 2600ms=0 2650ms=0 2700ms=0 2750ms=0 2800ms=0 2850ms=0 2900ms=0 2950ms=0 3000ms=0 3050ms=0 3100ms=0 3150ms=0 3200ms=0 3250ms=0 3300ms=0 3350ms=0 3400ms=0 3450ms=0 3500ms=0 3550ms=0 3600ms=0 3650ms=0 3700ms=0 3750ms=0 3800ms=0 3850ms=0 3900ms=0 3950ms=0 4000ms=0 4050ms=0 4100ms=0 4150ms=0 4200ms=0 4250ms=0 4300ms=0 4350ms=0 4400ms=0 4450ms=0 4500ms=0 4550ms=0 4600ms=0 4650ms=0 4700ms=0 4750ms=0 4800ms=0 4850ms=0 4900ms=0 4950ms=0
50th gpu percentile: 17ms
90th gpu percentile: 19ms
95th gpu percentile: 21ms
99th gpu percentile: 24ms
GPU HISTOGRAM: 1ms=2 2ms=14 3ms=0 4ms=1 5ms=0 6ms=0 7ms=0 8ms=1 9ms=0 10ms=2 11ms=5 12ms=7 13ms=5 14ms=12 15ms=55 16ms=41 17ms=46 18ms=70 19ms=14 20ms=14 21ms=8 22ms=2 23ms=2 24ms=1 25ms=1 4950ms=2



---PROFILEDATA---
Flags,FrameTimelineVsyncId,IntendedVsync,Vsync,InputEventId,HandleInputStart,AnimationStart,PerformTraversalsStart,DrawStart,FrameDeadline,FrameInterval,FrameStartTime,SyncQueued,SyncStart,IssueDrawCommandsStart,SwapBuffers,FrameCompleted,DequeueBufferDuration,QueueBufferDuration,GpuCompleted,SwapBuffersCompleted,DisplayPresentTime,CommandSubmissionCompleted,
0,202062,1431976617972,1431976617972,0,1431977260640,1431977261557,1431977495890,1431977607640,1432009951304,1431977255390,16666666,1431978012848,1431978581557,1431978686640,1431979080765,1431997068348,16039542,107708,1431997068348,1431995826265,0,1431979080765,
0,202070,1431993284638,1431993284638,0,1431994098223,1431994099098,1431994270640,1431994314015,1432026617970,1431994092973,16666666,1431994567557,1431995848390,1431995881390,1431996638557,1432014074098,15676041,74166,1432014074098,1432012793640,0,1431996638557,
0,202078,1432009951304,1432009951304,0,1432010985348,1432010986223,1432011186390,1432011235890,1432043284636,1432010978890,16666666,1432011512765,1432012861557,1432012898057,1432013250640,1432030274223,14937667,169625,1432030274223,1432029139015,0,1432013250640,
0,202086,1432026617970,1432026617970,0,1432027490390,1432027491473,1432027717182,1432027768140,1432059951302,1432027483640,16666666,1432028240932,1432029191932,1432029229140,1432029599557,1432046552223,15386041,79417,1432046552223,1432045704432,0,1432029599557,
0,202094,1432043284636,1432043284636,0,1432044256307,1432044257515,1432045094515,1432045140682,1432076617968,1432044250348,16666666,1432045429765,1432045729182,1432045759307,1432046026807,1432062988932,15605209,81375,1432062988932,1432062200932,0,1432046026807,
0,202102,1432059951302,1432059951302,0,1432060861015,1432060862098,1432061479223,1432061683182,1432093284634,1432060855390,16666666,1432061986932,1432062221723,1432062254098,1432062527848,1432081670807,16223709,98917,1432081670807,1432079276390,0,1432062527848,
0,202110,1432076617968,1432076617968,0,1432077245640,1432077246723,1432077460140,1432077518807,1432109951300,1432077239848,16666666,1432077823307,1432079343515,1432079383765,1432080585307,1432096481348,13527833,239833,1432096481348,1432095251682,0,1432080585307,
0,202118,1432093284634,1432093284634,0,1432094061890,1432094063140,1432094598807,1432094649390,1432126617966,1432094055682,16666666,1432095071307,1432095275140,1432095332348,1432095632640,1432113178390,15436375,112125,1432113178390,1432111965557,0,1432095632640,
0,202126,1432109951300,1432109951300,0,1432110620640,1432110621557,1432110798557,1432110839182,1432143284632,1432110615057,16666666,1432111004723,1432111990765,1432112184598,1432112636307,1432129856848,15760334,156542,1432129856848,1432128984307,0,1432112636307,
0,202134,1432126617966,1432126617966,0,1432127449973,1432127451015,1432127621015,1432127696057,1432159951298,1432127444807,16666666,1432127709307,1432129007515,1432129041598,1432129325890,1432146533307,15740625,152375,1432146533307,1432145641848,0,1432129325890,
0,202142,1432143284632,1432143284632,0,1432143901223,1432143902223,1432144274098,1432144316932,1432176617964,1432143895890,16666666,1432144554932,1432145672307,1432145704348,1432145968223,1432163338348,15627125,192500,1432163338348,1432162235015,0,1432145968223,
0,202150,1432159951298,1432159951298,0,1432160760348,1432160761223,1432161223348,1432161269932,1432193284630,1432160754723,16666666,1432161783765,1432162301057,1432162363557,1432162708807,1432179558182,15183041,250834,1432179558182,1432178570432,0,1432162708807,
0,202158,1432176617964,1432176617964,0,1432177369348,1432177370182,1432177657223,1432177702515,1432209951296,1432177364057,16666666,1432177939057,1432178594140,1432178627890,1432178985015,1432196893640,15915167,134042,1432196893640,1432195537932,0,1432178985015,
0,202166,1432193284630,1432193284630,0,1432193957057,1432193957890,1432194123140,1432194163515,1432226617962,1432193951640,16666666,1432194400932,1432195596765,1432195660973,1432195994473,1432213080223,14908500,194459,1432213080223,1432211850973,0,1432195994473,
0,202174,1432209951296,1432209951296,0,1432210594515,1432210595473,1432210786723,1432210832598,1432243284628,1432210589473,16666666,1432211056140,1432211876807,1432211911515,1432212524723,1432230092182,15866833,170500,1432230092182,1432229022890,0,1432212524723,
0,202182,1432226617962,1432226617962,0,1432227379432,1432227380223,1432227567348,1432227609557,1432259951294,1432227374348,16666666,1432227895265,1432229081307,1432229142057,1432229459973,1432246845640,15616583,258584,1432246845640,1432245777223,0,1432229459973,
0,202190,1432243284628,1432243284628,0,1432244350973,1432244351890,1432244604223,1432244679473,1432276617960,1432244343473,16666666,1432245391640,1432245835057,1432245882723,1432246172807,1432263469223,15426084,199167,1432263469223,1432262320557,0,1432246172807,
0,202198,1432259951294,1432259951294,0,1432260824890,1432260825640,1432261000890,1432261043432,1432293284626,1432260819598,16666666,1432261284890,1432262342140,1432262375640,1432262657390,1432279310265,14981792,216875,1432279310265,1432278500265,0,1432262657390,
0,202206,1432276617960,1432276617960,0,1432277283098,1432277284057,1432277461223,1432277503265,1432309951292,1432277277598,16666666,1432277740223,1432278528515,1432278565932,1432278838098,1432296396432,15801125,93625,1432296396432,1432295158057,0,1432278838098,
0,202214,1432293284626,1432293284626,0,1432294105432,1432294106390,1432294306473,1432294353765,1432326617958,1432294099765,16666666,1432294519348,1432295180640,1432295225182,1432295567598,1432313368057,15803875,179042,1432313368057,1432312353015,0,1432295567598,
0,202222,1432309951292,1432309951292,0,1432310804223,1432310804973,1432311017057,1432311062432,1432343284624,1432310798098,16666666,1432311076182,1432312433390,1432312469307,1432312756557,1432329581223,15260417,176583,1432329581223,1432328680723,0,1432312756557,
0,202230,1432326617958,1432326617958,0,1432327383015,1432327384140,1432327577140,1432327622515,1432359951290,1432327377473,16666666,1432327850723,1432328705057,1432328745682,1432329034265,1432347215223,16507500,149500,1432347215223,1432346170265,0,1432329034265,
0,202238,1432343284624,1432343284624,0,1432344399348,1432344400098,1432344662682,1432344726640,1432376617956,1432344391682,16666666,1432345057057,1432346228223,1432346262890,1432346534515,1432362999473,14822709,205875,1432362999473,1432362092515,0,1432346534515,
0,202246,1432359951290,1432359951290,0,1432360679723,1432360680557,1432360859557,1432360901640,1432393284622,1432360674515,16666666,1432361146765,1432362116765,1432362159140,1432362437515,1432379455015,15524041,181625,1432379455015,1432378570848,0,1432362437515,
0,202254,1432376617956,1432376617956,0,1432377200348,1432377201265,1432377394015,1432377435307,1432409951288,1432377194223,16666666,1432377675432,1432378595598,1432378629557,1432378895890,1432396802098,15990167,153667,1432396802098,1432395509765,0,1432378895890,
0,202262,1432393284622,1432393284622,0,1432393888640,1432393889515,1432394057473,1432394097807,1432426617954,1432393883182,16666666,1432394477890,1432395562390,1432395616348,1432395916598,1432416244348,18413417,219417,1432416244348,1432415267307,0,1432395916598,
0,202270,1432409951288,1432409951288,0,1432412962265,1432412964140,1432413487765,1432413562640,1432443284620,1432412951057,16666666,1432414519973,1432415301598,1432415333765,1432415601848,1432431935807,14762792,79833,1432431935807,1432431055057,0,1432415601848,
0,202278,1432426617954,1432426617954,0,1432427745890,1432427747682,1432429106015,1432429190765,1432459951286,1432427734973,16666666,1432429854390,1432431109223,1432431145640,1432431411223,1432451871432,18795292,78875,1432451871432,1432450788348,0,1432431411223,
0,202286,1432443284620,1432443284620,0,1432445095765,1432445097682,1432445507015,1432445582640,1432476617952,1432445085265,16666666,1432446354515,1432450861390,1432450917765,1432451235307,1432463287515,10460709,89833,1432463287515,1432462380515,0,1432451235307,
0,202294,1432459951286,1432459951286,0,1432461040390,1432461041182,1432461502598,1432461546598,1432493284618,1432461034640,16666666,1432461781182,1432462401182,1432462511682,1432462835473,1432483694140,18965458,80292,1432483694140,1432482302640,0,1432462835473,
0,202302,1432476617952,1432476617952,0,1432478967640,1432478969557,1432482159598,1432482208807,1432509951284,1432478956640,16666666,1432482667682,1432482776723,1432482811015,1432483076598,1432498962140,14225292,79000,1432498962140,1432498044598,0,1432483076598,
0,202310,1432493284618,1432493284618,0,1432494546932,1432494548765,1432494850515,1432495054932,1432526617950,1432494536182,16666666,1432495918932,1432498107182,1432498150807,1432498435432,1432514825890,14920416,71083,1432514825890,1432513925265,0,1432498435432,
0,202318,1432509951284,1432509951284,0,1432511528682,1432511530473,1432512339557,1432512414182,1432543284616,1432511517640,16666666,1432512844390,1432513955848,1432513989890,1432514261682,1432531491848,15435833,83167,1432531491848,1432530330098,0,1432514261682,
0,202326,1432526617950,1432526617950,0,1432528781682,1432528782973,1432529186182,1432529252973,1432559951282,1432528775890,16666666,1432529942348,1432530382890,1432530513765,1432530846640,1432547174807,14422375,95334,1432547174807,1432545963473,0,1432530846640,
0,202334,1432543284616,1432543284616,0,1432544829307,1432544830390,1432545261265,1432545314182,1432576617948,1432544822098,16666666,1432545708140,1432545993598,1432546162265,1432546511140,1432564764723,15851375,81417,1432564764723,1432563080015,0,1432546511140,
0,202342,1432559951282,1432559951282,0,1432561722640,1432561723640,1432561955432,1432561996765,1432593284614,1432561717265,16666666,1432562240098,1432563104682,1432563139682,1432563798598,1432580812890,14418625,80375,1432580812890,1432579240307,0,1432563798598,
0,202350,1432576617948,1432576617948,0,1432577864890,1432577865723,1432578324932,1432578373598,1432609951280,1432577859640,16666666,1432578690848,1432579291348,1432579384098,1432579766265,1432596583223,14491833,155625,1432596583223,1432595450223,0,1432579766265,
0,202358,1432593284614,1432593284614,0,1432594084390,1432594085348,1432594256807,1432594300307,1432626617946,1432594078682,16666666,1432594621098,1432595476557,1432595511473,1432595784223,1432614161765,16562125,221167,1432614161765,1432613203723,0,1432595784223,
0,202366,1432609951280,1432609951280,0,1432612403432,1432612404223,1432612578807,1432612619598,1432643284612,1432612397723,16666666,1432613160807,1432613229765,1432613357765,1432613681807,1432632276890,16630250,79625,1432632276890,1432630837224,0,1432613681807,
0,202374,1432626617946,1432626617946,0,1432629813515,1432629814515,1432630390599,1432630436807,1432659951278,1432629808140,16666666,1432630667307,1432630856682,1432630891474,1432631391140,1432647682474,14395125,82833,1432647682474,1432646719015,0,1432631391140,
0,202382,1432643284612,1432643284612,0,1432644208640,1432644210099,1432644422390,1432644475474,1432676617944,1432644163932,16666666,1432644949057,1432646761599,1432646869849,1432647172182,1432663449265,14665833,80708,1432663449265,1432662460557,0,1432647172182,
0,202390,1432659951278,1432659951278,0,1432661040099,1432661040974,1432661235724,1432661280932,1432693284610,1432661034599,16666666,1432661460307,1432662499349,1432662537849,1432662808265,1432680535224,15570791,112250,1432680535224,1432679075432,0,1432662808265,
0,202398,1432676617944,1432676617944,0,1432677398682,1432677399807,1432677572890,1432677617432,1432709951276,1432677393140,16666666,1432677630474,1432679138682,1432679159599,1432679809765,1432696525974,14949416,90833,1432696525974,1432695533224,0,1432679809765,
0,202406,1432693284610,1432693284610,0,1432694162890,1432694163599,1432694543515,1432694591557,1432726617942,1432694156682,16666666,1432694837099,1432695560765,1432695595432,1432695949807,1432713200849,15726959,88042,1432713200849,1432712325932,0,1432695949807,
0,202414,1432709951276,1432709951276,0,1432710909015,1432710909932,1432711079890,1432711123307,1432743284608,1432710903349,16666666,1432711359765,1432712367599,1432712405390,1432712705724,1432731971682,16950000,87709,1432731971682,1432730215140,0,1432712705724,
0,202422,1432726617942,1432726617942,0,1432727903765,1432727904599,1432728422265,1432728480724,1432759951274,1432727897932,16666666,1432728789932,1432730280015,1432730333557,1432730779599,1432750116474,15991083,146375,1432750116474,1432748080265,0,1432730779599,
0,202430,1432743284608,1432743284608,0,1432746963349,1432746964265,1432747218932,1432747270099,1432776617940,1432746957724,16666666,1432748926599,1432749007890,1432749082474,1432749369557,1432765719057,13836833,142833,1432765719057,1432764323974,0,1432749369557,
0,202438,1432759951274,1432759951274,0,1432763054682,1432763055557,1432763399682,1432763469974,1432793284606,1432763048932,16666666,1432763803932,1432764359640,1432764404974,1432765058057,1432780294015,13135583,107125,1432780294015,1432778906849,0,1432765058057,
0,202446,1432776617940,1432776617940,0,1432777846682,1432777847349,1432778042932,1432778093807,1432809951272,1432777840265,16666666,1432778721682,1432778940015,1432778973140,1432779278474,1432797004765,15406292,346709,1432797004765,1432795765057,0,1432779278474,
0,202454,1432793284606,1432793284606,0,1432793973515,1432793974224,1432794183974,1432794227432,1432826617938,1432793968182,16666666,1432794521349,1432795798807,1432795833849,1432796455765,1432814413599,16380750,88458,1432814413599,1432813434432,0,1432796455765,
0,202462,1432809951272,1432809951272,0,1432811190599,1432811191640,1432811462890,1432811525974,1432843284604,1432811184057,16666666,1432811884349,1432813509057,1432813547932,1432813829349,1432837201307,19858708,94417,1432837201307,1432834522682,0,1432813829349,
0,202470,1432826617938,1432826617938,0,1432831272140,1432831273182,1432831456932,1432831498849,1432859951270,1432831266307,16666666,1432831752557,1432834591182,1432834640349,1432835983640,1432854392557,11906584,117708,1432854392557,1432849167932,0,1432835983640,
0,202478,1432843284604,1432843284604,0,1432846114515,1432846116390,1432847600057,1432847666265,1432876617936,1432846103265,16666666,1432847880140,1432849226265,1432849269265,1432851029807,1432875515474,14736042,99750,1432875515474,1432869191057,0,1432851029807,
0,202486,1432859951270,1432859951270,0,1432866397682,1432866398474,1432866824557,1432866911807,1432893284602,1432866392099,16666666,1432866930974,1432869263182,1432869305224,1432869912557,1432895278307,17438125,386083,1432895278307,1432893032265,0,1432869912557,
0,202494,1432876617936,1432876617936,0,1432879239474,1432879240307,1432880637682,1432880717932,1432926617934,1432879233432,16666666,1432881522849,1432893110515,1432893153807,1432893473807,1432907126807,4998584,100875,1432907126807,1432902728265,0,1432893473807,
0,202502,1432893284602,1432893284602,0,1432898455932,1432898456849,1432899690224,1432899739432,1432943284600,1432898446640,16666666,1432900279390,1432902814474,1432902887307,1432905812849,1432922842099,13427333,174208,1432922842099,1432920611224,0,1432905812849,
0,202510,1432909951268,1432909951268,0,1432920842182,1432920843057,1432921057307,1432921147099,1432959951266,1432920835932,16666666,1432921567265,1432921671057,1432921711307,1432921998557,1432931687765,7777834,164208,1432931687765,1432930676890,0,1432921998557,
0,202518,1432926617934,1432926617934,0,1432929096224,1432929097015,1432929292224,1432929332765,1432976617932,1432929090974,16666666,1432929563807,1432930705932,1432930743349,1432931040015,1432951354307,16415250,198458,1432951354307,1432948187432,0,1432931040015,
0,202526,1432943284600,1432943284600,0,1432944810890,1432944811890,1432945075515,1432945128807,1432993284598,1432944805307,16666666,1432945464140,1432948900349,1432948942432,1432949276599,1432963374682,10850584,340750,1432963374682,1432962259557,0,1432949276599,
0,202534,1432959951266,1432959951266,0,1432961409349,1432961410307,1432961602265,1432961644015,1433009951264,1432961402807,16666666,1432961938765,1432962278765,1432962313557,1432962595099,1432982418765,15972375,115208,1432982418765,1432979399640,0,1432962595099,
0,202542,1432976617932,1432976617932,0,1432977724057,1432977725099,1432978273890,1432978321974,1433026617930,1432977717974,16666666,1432978680015,1432979435724,1432980907432,1432981327390,1433000983974,17096333,166500,1433000983974,1432999568182,0,1432981327390,
0,202550,1432993284598,1432993284598,0,1432998672265,1432998673140,1432998989182,1432999033682,1433043284596,1432998666932,16666666,1432999268849,1432999589765,1432999654474,1433000189557,1433015224015,12203875,223125,1433015224015,1433013528890,0,1433000189557,
0,202558,1433009951264,1433009951264,0,1433011998682,1433011999724,1433012245807,1433012298182,1433059951262,1433011992640,16666666,1433012649974,1433013569557,1433013612557,1433014147099,1433030881474,14207417,301875,1433030881474,1433029527307,0,1433014147099,
0,202566,1433026617930,1433026617930,0,1433027970265,1433027971307,1433028743765,1433028790307,1433076617928,1433027964515,16666666,1433028950974,1433029575307,1433029617640,1433030232432,1433049391599,17033167,181792,1433049391599,1433048133390,0,1433030232432,
0,202574,1433043284596,1433043284596,0,1433046903640,1433046904557,1433047087932,1433047133474,1433093284594,1433046898224,16666666,1433047147432,1433048196807,1433048581557,1433048861182,1433063872182,13136959,123083,1433063872182,1433062600682,0,1433048861182,
0,202582,1433059951262,1433059951262,0,1433061027182,1433061027849,1433061236890,1433061286307,1433109951260,1433061020599,16666666,1433061604265,1433062690224,1433062748224,1433063107057,1433081069099,15420333,196167,1433081069099,1433079341224,0,1433063107057,
0,202590,1433076617928,1433076617928,0,1433078537265,1433078538224,1433079065807,1433079113432,1433126617926,1433078531349,16666666,1433079591515,1433079720599,1433079753515,1433080272432,1433096491390,14432084,106792,1433096491390,1433095550557,0,1433080272432,
0,202598,1433093284594,1433093284594,0,1433094461765,1433094463015,1433094952599,1433095001849,1433143284592,1433094455057,16666666,1433095250474,1433095575932,1433095660265,1433095942974,1433115059682,17651667,100791,1433115059682,1433114187474,0,1433095942974,
0,202606,1433109951260,1433109951260,0,1433112333515,1433112334265,1433112490182,1433112533307,1433159951258,1433112327974,16666666,1433113198890,1433114212890,1433114246307,1433114519640,1433131145140,15099667,73917,1433131145140,1433130280974,0,1433114519640,
0,202614,1433126617926,1433126617926,0,1433129202057,1433129202890,1433129366140,1433129406557,1433176617924,1433129195849,16666666,1433129631015,1433130302557,1433130335932,1433130591390,1433146858932,14893416,77291,1433146858932,1433146082265,0,1433130591390,
0,202622,1433143284592,1433143284592,0,1433145062015,1433145062974,1433145231474,1433145273099,1433193284590,1433145056640,16666666,1433145783557,1433146103140,1433146135057,1433146399140,1433163919265,15760583,99250,1433163919265,1433162814182,0,1433146399140,
0,202630,1433159951258,1433159951258,0,1433161868099,1433161869224,1433162077390,1433162122390,1433209951256,1433161862349,16666666,1433162564849,1433162840682,1433162877015,1433163190182,1433179961015,15001000,112375,1433179961015,1433178968599,0,1433163190182,
0,202638,1433176617924,1433176617924,0,1433177296599,1433177297599,1433177710682,1433177764140,1433226617922,1433177290265,16666666,1433178000390,1433179003015,1433179039224,1433179384182,1433195986265,15119000,91083,1433195986265,1433195157515,0,1433179384182,
0,202646,1433193284590,1433193284590,0,1433194093224,1433194094057,1433194278765,1433194321390,1433243284588,1433194088182,16666666,1433194561515,1433195181432,1433195241807,1433195537557,1433213967515,16892083,70000,1433213967515,1433212928599,0,1433195537557,
0,202654,1433209951256,1433209951256,0,1433211008224,1433211009057,1433211214682,1433211263849,1433259951254,1433211002640,16666666,1433211430307,1433212962265,1433213066599,1433213327349,1433231270765,15971042,164459,1433231270765,1433229993557,0,1433213327349,
0,202662,1433226617922,1433226617922,0,1433228558974,1433228559974,1433228756349,1433228814390,1433276617920,1433228552974,16666666,1433228828974,1433230034224,1433230074307,1433230354932,1433248590682,17006417,248334,1433231279099,1433248590682,0,1433230354932,
0,202670,1433243284588,1433243284588,0,1433246492515,1433246493640,1433246670015,1433246718515,1433293284586,1433246485515,16666666,1433247019432,1433248671349,1433248720807,1433249066765,1433265376432,13788292,288834,1433265376432,1433263802015,0,1433249066765,
0,202678,1433259951254,1433259951254,0,1433261529974,1433261531099,1433261783224,1433261843557,1433309951252,1433261523474,16666666,1433262168765,1433263870807,1433263910349,1433264592807,1433282687182,16034458,199709,1433282687182,1433281458182,0,1433264592807,
0,202686,1433276617920,1433276617920,0,1433279417390,1433279418474,1433279718974,1433279762640,1433326617918,1433279411057,16666666,1433279998432,1433281494140,1433281528974,1433281846432,1433298100557,14134292,196833,1433298100557,1433296930599,0,1433281846432,
0,202694,1433293284586,1433293284586,0,1433295170807,1433295172015,1433295544099,1433295606807,1433343284584,1433295163265,16666666,1433296837557,1433296987099,1433297028432,1433297340474,1433314082140,14471916,225500,1433314082140,1433312627349,0,1433297340474,
0,202702,1433309951252,1433309951252,0,1433310987890,1433310988640,1433311693765,1433312428932,1433359951250,1433310981765,16666666,1433312791015,1433312901224,1433312936932,1433313245807,1433332435099,17220625,228083,1433332435099,1433331355432,0,1433313245807,
0,202710,1433326617918,1433326617918,0,1433329842516,1433329843432,1433330333932,1433330381516,1433376617916,1433329837057,16666666,1433331000807,1433331381016,1433331415432,1433331673849,1433348786224,14069375,189500,1433348786224,1433346643349,0,1433331673849,
0,202718,1433343284584,1433343284584,0,1433346897391,1433346898557,1433347129849,1433347185557,1433393284582,1433346885432,16666666,1433347621807,1433347717057,1433347757057,1433348112599,1433364455849,14308125,94000,1433364455849,1433363160807,0,1433348112599,
0,202726,1433359951250,1433359951250,0,1433361930807,1433361931724,1433362150016,1433362193766,1433409951248,1433361925474,16666666,1433362450682,1433363216807,1433363268474,1433363582391,1433379519224,14182042,75917,1433379519224,1433378724599,0,1433363582391,
0,202734,1433376617916,1433376617916,0,1433377607016,1433377607932,1433377789891,1433377834099,1433426617914,1433377601599,16666666,1433378075849,1433378750599,1433378783557,1433379056057,1433396397474,15785708,67500,1433396397474,1433395349182,0,1433379056057,
0,202742,1433393284582,1433393284582,0,1433394206224,1433394207141,1433394380266,1433394423682,1433443284580,1433394200766,16666666,1433394581266,1433395369599,1433395406349,1433395681599,1433413271516,15582375,89917,1433413271516,1433412176849,0,1433395681599,
0,202750,1433409951248,1433409951248,0,1433410936307,1433410937641,1433411205891,1433411266099,1433459951246,1433410928307,16666666,1433411283807,1433412240349,1433412335016,1433412741182,1433429577141,15449541,72875,1433429577141,1433428764516,0,1433412741182,
0,202758,1433426617914,1433426617914,0,1433427505182,1433427506224,1433427667974,1433427710182,1433476617912,1433427498974,16666666,1433427967557,1433428785724,1433428818932,1433429110932,1433445969724,15489167,78250,1433445969724,1433445162682,0,1433429110932,
0,202766,1433443284580,1433443284580,0,1433444125557,1433444126432,1433444301432,1433444346599,1433493284578,1433444119766,16666666,1433444581349,1433445187557,1433445221141,1433445493849,1433463070266,16089583,69875,1433463070266,1433462102599,0,1433445493849,
0,202774,1433459951246,1433459951246,0,1433460750766,1433460751682,1433461245557,1433461290599,1433509951244,1433460745599,16666666,1433461904474,1433462127849,1433462163557,1433462423807,1433483463432,19317209,77250,1433483463432,1433482438307,0,1433462423807,
0,202782,1433476617912,1433476617912,0,1433478016724,1433478018516,1433478318307,1433478390724,1433526617910,1433478005724,16666666,1433479082432,1433482506932,1433482544557,1433482848807,1433496470807,11865750,84667,1433496470807,1433495416932,0,1433482848807,
0,202790,1433493284578,1433493284578,0,1433493979891,1433493980724,1433494145391,1433494186099,1433543284576,1433493974849,16666666,1433494418224,1433495438557,1433495472141,1433495756557,1433518729641,21012583,126375,1433518729641,1433517762807,0,1433495756557,
0,202798,1433509951244,1433509951244,0,1433515583141,1433515583849,1433515760099,1433515804724,1433559951242,1433515577682,16666666,1433516997849,1433517795266,1433517828932,1433518082766,1433529887307,10283750,203250,1433529887307,1433529061599,0,1433518082766,
0,202806,1433526617910,1433526617910,0,1433527674474,1433527675266,1433527839016,1433527879724,1433576617908,1433527669391,16666666,1433528401141,1433529084891,1433529120849,1433529418557,1433557801849,19731250,107292,1433557801849,1433549694641,0,1433529418557,
0,202814,1433543284576,1433543284576,0,1433545708641,1433545710641,1433546038474,1433546109224,1433593284574,1433545697599,16666666,1433546630224,1433549801682,1433549871891,1433555531641,1433563341932,4507292,264667,1433563341932,1433562362599,0,1433555531641,
0,202822,1433559951242,1433559951242,0,1433561045182,1433561046141,1433561350182,1433561409057,1433609951240,1433561040016,16666666,1433561789141,1433562383891,1433562419766,1433562694349,1433582280057,17870500,224375,1433582280057,1433581277557,0,1433562694349,
0,202830,1433576617908,1433576617908,0,1433578003057,1433578005016,1433578598224,1433578670599,1433626617906,1433577991932,16666666,1433579232891,1433581342266,1433581385057,1433581659807,1433601540724,17278834,176166,1433601540724,1433599671724,0,1433581659807,
0,202838,1433593284574,1433593284574,0,1433595650016,1433595651807,1433596653974,1433596869849,1433643284572,1433595638599,16666666,1433596891307,1433599765932,1433599837432,1433600784057,1433613162266,10598167,277875,1433613162266,1433612198057,0,1433600784057,
0,202846,1433609951240,1433609951240,0,1433610873724,1433610874807,1433611201224,1433611262849,1433659951238,1433610867307,16666666,1433611516182,1433612227682,1433612314016,1433612628682,1433629933391,15825041,148917,1433629933391,1433629057891,0,1433612628682,
0,202854,1433626617906,1433626617906,0,1433627803516,1433627804557,1433628636182,1433628705016,1433676617904,1433627796974,16666666,1433629032891,1433629106474,1433629143891,1433629419641,1433649565057,18492750,150958,1433649565057,1433648497974,0,1433629419641,
0,202862,1433643284572,1433643284572,0,1433645169182,1433645171057,1433646616141,1433646701557,1433693284570,1433645158182,16666666,1433647537807,1433648541849,1433648576432,1433648866349,1433663060932,12685791,162916,1433663060932,1433662292932,0,1433648866349,
0,202870,1433659951238,1433659951238,0,1433660859724,1433660860557,1433661028474,1433661070349,1433709951236,1433660854474,16666666,1433661309891,1433662312557,1433662346224,1433662604891,1433679630224,15561500,101416,1433679630224,1433678723182,0,1433662604891,
0,202878,1433676617904,1433676617904,0,1433677377266,1433677378391,1433677757057,1433677804724,1433726617902,1433677371141,16666666,1433678077266,1433678749516,1433678782391,1433679050349,1433696305516,15614000,161333,1433696305516,1433695291641,0,1433679050349,
0,202886,1433693284570,1433693284570,0,1433694091474,1433694092224,1433694391849,1433694436766,1433743284568,1433694086057,16666666,1433694722099,1433695312057,1433695344849,1433695616682,1433713136141,15654833,216458,1433713136141,1433712081182,0,1433695616682,
0,202894,1433709951236,1433709951236,0,1433710971974,1433710972807,1433711146724,1433711189849,1433759951234,1433710966557,16666666,1433711467849,1433712121349,1433712156349,1433712579349,1433730472682,16020000,143167,1433730472682,1433729202891,0,1433712579349,
0,202902,1433726617902,1433726617902,0,1433727791766,1433727792557,1433727976016,1433728159724,1433776617900,1433727785641,16666666,1433728427141,1433729225016,1433729284599,1433729689016,1433746783307,15400125,269792,1433746783307,1433745926349,0,1433729689016,
0,202910,1433743284568,1433743284568,0,1433744941266,1433744942266,1433745159057,1433745200891,1433793284566,1433744932266,16666666,1433745435557,1433745947099,1433746014099,1433746295682,1433763334432,15693667,101209,1433763334432,1433762521099,0,1433746295682,
0,202918,1433759951234,1433759951234,0,1433761211099,1433761212266,1433761533516,1433761589182,1433809951232,1433761205224,16666666,1433761781349,1433762549266,1433762585974,1433762860349,1433779551307,15338542,104500,1433779551307,1433778717182,0,1433762860349,
0,202926,1433776617900,1433776617900,0,1433777830766,1433777831599,1433778078266,1433778149724,1433826617898,1433777825057,16666666,1433778161891,1433778743349,1433778777724,1433779054057,1433796527266,15691791,100458,1433796527266,1433795321224,0,1433779054057,
0,202934,1433793284566,1433793284566,0,1433793980266,1433793981057,1433794495307,1433794545057,1433843284564,1433793974266,16666666,1433794798432,1433795346349,1433795410099,1433795683141,1433813483974,15793250,243875,1433813483974,1433812462766,0,1433795683141,
0,202942,1433809951232,1433809951232,0,1433810742599,1433810743641,1433810916557,1433810959599,1433859951230,1433810736724,16666666,1433811194266,1433812499724,1433812535766,1433812814599,1433830143266,15691083,259084,1433830143266,1433829245849,0,1433812814599,
0,202950,1433826617898,1433826617898,0,1433827561724,1433827562766,1433827939307,1433827989682,1433876617896,1433827555016,16666666,1433828592307,1433829272766,1433829307224,1433829578016,1433846785891,15363458,179625,1433846785891,1433845552432,0,1433829578016,
0,202958,1433843284564,1433843284564,0,1433844554141,1433844555224,1433844761182,1433844811099,1433893284562,1433844548724,16666666,1433845091766,1433845600807,1433845635557,1433846121807,1433864517932,16438584,206417,1433864517932,1433863296099,0,1433846121807,
0,202966,1433859951230,1433859951230,0,1433861454766,1433861455557,1433861707432,1433861751266,1433909951228,1433861449516,16666666,1433862062932,1433863357307,1433863412682,1433863713182,1433879840516,14231667,215875,1433879840516,1433878800349,0,1433863713182,
0,202974,1433876617896,1433876617896,0,1433877466349,1433877467682,1433877770349,1433877832724,1433926617894,1433877458474,16666666,1433878264307,1433878851224,1433878886849,1433879155599,1433896884807,15820375,188167,1433896884807,1433895708849,0,1433879155599,
0,202982,1433893284562,1433893284562,0,1433894051141,1433894052224,1433894247557,1433894293182,1433943284560,1433894045682,16666666,1433894816016,1433895735599,1433895793099,1433896297641,1433913283974,15097125,170416,1433913283974,1433912350807,0,1433896297641,
0,202990,1433909951228,1433909951228,0,1433910941141,1433910941932,1433911117432,1433911160849,1433959951226,1433910935516,16666666,1433911393224,1433912380182,1433912416599,1433912702641,1433929929057,15790041,185458,1433929929057,1433929131141,0,1433912702641,
0,202998,1433926617894,1433926617894,0,1433927482224,1433927483307,1433927666016,1433927711224,1433976617892,1433927476516,16666666,1433927943349,1433929156266,1433929192932,1433929473682,1433946379141,15420916,89750,1433946379141,1433945436182,0,1433929473682,
0,203006,1433943284560,1433943284560,0,1433944167432,1433944168516,1433944470266,1433944523349,1433993284558,1433944161766,16666666,1433944691141,1433945464307,1433945501682,1433945800599,1433964736141,16143375,164292,1433964736141,1433962587349,0,1433945800599,
0,203014,1433959951226,1433959951226,0,1433960696391,1433960697266,1433960872224,1433960911766,1433976617892,1433960690932,16666666,1433960925182,1433962620891,1433962643391,1433963140474,1431979738848,14037667,183542,1431979738848,1433978829641,0,1433963140474,
---PROFILEDATA---


View hierarchy:

  dev.polski.grammarmatrix/dev.polski.grammarmatrix.GlassBenchmarkActivity/android.view.ViewRootImpl@af271ea
  7 views, 12.08 kB of render nodes


Total ViewRootImpl   : 1
Total attached Views : 7
Total RenderNode     : 12.08 kB (used) / 36.09 kB (capacity)