Applications Graphics Acceleration Info:
Uptime: 1471338 Realtime: 1471338

** Graphics info for pid 5729 [dev.polski.grammarmatrix] **

Stats since: 1466197972531ns
Total frames rendered: 113
Janky frames: 71 (62.83%)
Janky frames (legacy): 111 (98.23%)
50th percentile: 65ms
90th percentile: 129ms
95th percentile: 150ms
99th percentile: 350ms
Number Missed Vsync: 45
Number High input latency: 83
Number Slow UI thread: 51
Number Slow bitmap uploads: 4
Number Slow issue draw commands: 69
Number Frame deadline missed: 71
Number Frame deadline missed (legacy): 72
HISTOGRAM: 5ms=0 6ms=0 7ms=0 8ms=0 9ms=0 10ms=0 11ms=0 12ms=0 13ms=0 14ms=0 15ms=0 16ms=0 17ms=0 18ms=0 19ms=1 20ms=2 21ms=0 22ms=1 23ms=2 24ms=0 25ms=1 26ms=2 27ms=0 28ms=2 29ms=0 30ms=1 31ms=2 32ms=2 34ms=6 36ms=4 38ms=1 40ms=1 42ms=4 44ms=5 46ms=1 48ms=6 53ms=6 57ms=2 61ms=3 65ms=2 69ms=5 73ms=4 77ms=2 81ms=5 85ms=1 89ms=1 93ms=3 97ms=3 101ms=2 105ms=4 109ms=4 113ms=2 117ms=2 121ms=3 125ms=1 129ms=3 133ms=1 150ms=6 200ms=1 250ms=1 300ms=0 350ms=1 400ms=0 450ms=1 500ms=0 550ms=0 600ms=0 650ms=0 700ms=0 750ms=0 800ms=0 850ms=0 900ms=0 950ms=0 1000ms=0 1050ms=0 1100ms=0 1150ms=0 1200ms=0 1250ms=0 1300ms=0 1350ms=0 1400ms=0 1450ms=0 1500ms=0 1550ms=0 1600ms=0 1650ms=0 1700ms=0 1750ms=0 1800ms=0 1850ms=0 1900ms=0 1950ms=0 2000ms=0 2050ms=0 2100ms=0 2150ms=0 2200ms=0 2250ms=0 2300ms=0 2350ms=0 2400ms=0 2450ms=0 2500ms=0 2550ms=0 2600ms=0 2650ms=0 2700ms=0 2750ms=0 2800ms=0 2850ms=0 2900ms=0 2950ms=0 3000ms=0 3050ms=0 3100ms=0 3150ms=0 3200ms=0 3250ms=0 3300ms=0 3350ms=0 3400ms=0 3450ms=0 3500ms=0 3550ms=0 3600ms=0 3650ms=0 3700ms=0 3750ms=0 3800ms=0 3850ms=0 3900ms=0 3950ms=0 4000ms=0 4050ms=0 4100ms=0 4150ms=0 4200ms=0 4250ms=0 4300ms=0 4350ms=0 4400ms=0 4450ms=0 4500ms=0 4550ms=0 4600ms=0 4650ms=0 4700ms=0 4750ms=0 4800ms=0 4850ms=0 4900ms=0 4950ms=0
50th gpu percentile: 25ms
90th gpu percentile: 4950ms
95th gpu percentile: 4950ms
99th gpu percentile: 4950ms
GPU HISTOGRAM: 1ms=0 2ms=0 3ms=3 4ms=2 5ms=1 6ms=2 7ms=1 8ms=1 9ms=5 10ms=0 11ms=0 12ms=1 13ms=3 14ms=3 15ms=5 16ms=6 17ms=3 18ms=4 19ms=6 20ms=1 21ms=3 22ms=1 23ms=4 24ms=1 25ms=6 4950ms=51

Pipeline=Skia (OpenGL)
Memory policy:
  Max surface area: 2592000
  Max resource usage: 124.42MB (x48)
  Background retention: 50% (altUiHidden = true)
  GPU Context timeout: 10
Contexts: 1 (stopped = 0)
CPU Caches:
  Glyph Cache: 33.70 KB (1 entry)
  Glyph Count: 11 
Total CPU memory usage:
  34510 bytes, 33.70 KB (0.00 bytes is purgeable)
GPU Caches:
  Other:
    Other: 26.56 KB (1 entry)
    Buffer Object: 36.00 KB (1 entry)
  Scratch:
    Buffer Object: 80.00 KB (2 entries)
    Texture: 2.00 MB (1 entry)
Total GPU memory usage:
  2243136 bytes, 2.14 MB (68.00 KB is purgeable)

GraphicBufferAllocator buffers:
        Handle |        Size |     W (Stride) x H | Layers |   Format |      Usage | Requestor
0xb400007b2c426750 |     unknown | 1080 (   0) x 2400 |      1 |        1 | 0x     b00 | VRI[GlassBenchmarkActivity]#0(BLAST Consumer)0
0xb400007b2c426900 |     unknown | 1080 (   0) x 2400 |      1 |        1 | 0x     b00 | VRI[GlassBenchmarkActivity]#0(BLAST Consumer)0
0xb400007b2c437e50 |     unknown | 1080 (   0) x 2400 |      1 |        1 | 0x     b00 | VRI[GlassBenchmarkActivity]#0(BLAST Consumer)0
Total allocated by GraphicBufferAllocator (estimate): 0.00 KB
GoldfishAllocator::dumpDebugInfo is not implemented
Profile data in ms:

	dev.polski.grammarmatrix/dev.polski.grammarmatrix.GlassBenchmarkActivity/android.view.ViewRootImpl@af271ea (visibility=0)
Window: dev.polski.grammarmatrix/dev.polski.grammarmatrix.GlassBenchmarkActivity
Stats since: 1466197971573ns
Total frames rendered: 113
Janky frames: 71 (62.83%)
Janky frames (legacy): 111 (98.23%)
50th percentile: 65ms
90th percentile: 129ms
95th percentile: 150ms
99th percentile: 350ms
Number Missed Vsync: 45
Number High input latency: 83
Number Slow UI thread: 51
Number Slow bitmap uploads: 4
Number Slow issue draw commands: 69
Number Frame deadline missed: 71
Number Frame deadline missed (legacy): 72
HISTOGRAM: 5ms=0 6ms=0 7ms=0 8ms=0 9ms=0 10ms=0 11ms=0 12ms=0 13ms=0 14ms=0 15ms=0 16ms=0 17ms=0 18ms=0 19ms=1 20ms=2 21ms=0 22ms=1 23ms=2 24ms=0 25ms=1 26ms=2 27ms=0 28ms=2 29ms=0 30ms=1 31ms=2 32ms=2 34ms=6 36ms=4 38ms=1 40ms=1 42ms=4 44ms=5 46ms=1 48ms=6 53ms=6 57ms=2 61ms=3 65ms=2 69ms=5 73ms=4 77ms=2 81ms=5 85ms=1 89ms=1 93ms=3 97ms=3 101ms=2 105ms=4 109ms=4 113ms=2 117ms=2 121ms=3 125ms=1 129ms=3 133ms=1 150ms=6 200ms=1 250ms=1 300ms=0 350ms=1 400ms=0 450ms=1 500ms=0 550ms=0 600ms=0 650ms=0 700ms=0 750ms=0 800ms=0 850ms=0 900ms=0 950ms=0 1000ms=0 1050ms=0 1100ms=0 1150ms=0 1200ms=0 1250ms=0 1300ms=0 1350ms=0 1400ms=0 1450ms=0 1500ms=0 1550ms=0 1600ms=0 1650ms=0 1700ms=0 1750ms=0 1800ms=0 1850ms=0 1900ms=0 1950ms=0 2000ms=0 2050ms=0 2100ms=0 2150ms=0 2200ms=0 2250ms=0 2300ms=0 2350ms=0 2400ms=0 2450ms=0 2500ms=0 2550ms=0 2600ms=0 2650ms=0 2700ms=0 2750ms=0 2800ms=0 2850ms=0 2900ms=0 2950ms=0 3000ms=0 3050ms=0 3100ms=0 3150ms=0 3200ms=0 3250ms=0 3300ms=0 3350ms=0 3400ms=0 3450ms=0 3500ms=0 3550ms=0 3600ms=0 3650ms=0 3700ms=0 3750ms=0 3800ms=0 3850ms=0 3900ms=0 3950ms=0 4000ms=0 4050ms=0 4100ms=0 4150ms=0 4200ms=0 4250ms=0 4300ms=0 4350ms=0 4400ms=0 4450ms=0 4500ms=0 4550ms=0 4600ms=0 4650ms=0 4700ms=0 4750ms=0 4800ms=0 4850ms=0 4900ms=0 4950ms=0
50th gpu percentile: 25ms
90th gpu percentile: 4950ms
95th gpu percentile: 4950ms
99th gpu percentile: 4950ms
GPU HISTOGRAM: 1ms=0 2ms=0 3ms=3 4ms=2 5ms=1 6ms=2 7ms=1 8ms=1 9ms=5 10ms=0 11ms=0 12ms=1 13ms=3 14ms=3 15ms=5 16ms=6 17ms=3 18ms=4 19ms=6 20ms=1 21ms=3 22ms=1 23ms=4 24ms=1 25ms=6 4950ms=51



---PROFILEDATA---
Flags,FrameTimelineVsyncId,IntendedVsync,Vsync,InputEventId,HandleInputStart,AnimationStart,PerformTraversalsStart,DrawStart,FrameDeadline,FrameInterval,FrameStartTime,SyncQueued,SyncStart,IssueDrawCommandsStart,SwapBuffers,FrameCompleted,DequeueBufferDuration,QueueBufferDuration,GpuCompleted,SwapBuffersCompleted,DisplayPresentTime,CommandSubmissionCompleted,
0,217122,1466176616604,1466193283270,0,1466198168573,1466198169865,1466198701490,1466198742990,1466226616602,1466198163198,16666666,1466198753906,1466199011406,1466199049865,1466199522198,1466214596990,11767541,126000,1466214596990,1466213926240,0,1466199522198,
0,217131,1466209949936,1466209949936,0,1466215943031,1466215944198,1466219823948,1466219878573,1466243283268,1466215937156,16666666,1466220230406,1466220327115,1466220364948,1466221886073,1466230653115,1276375,400667,1466230653115,1466225479948,0,1466221886073,
0,217139,1466226616602,1466226616602,0,1466227811198,1466227812073,1466228080490,1466228128365,1466259949934,1466227806323,16666666,1466228378365,1466229598865,1466229640990,1466231932781,1466318226615,33475083,12695542,1466284646781,1466318226615,0,1466231932781,
0,217146,1466243283268,1466259949934,0,1466274863615,1466274864740,1466275064365,1466275116615,1466309949932,1466274856490,16666666,1466275462490,1466318327323,1466318357948,1466319322906,1466354018865,33170792,165959,1466352658823,1466354018865,0,1466319322906,
0,217153,1466276616600,1466309949932,0,1466324295490,1466324296198,1466324374948,1466324420448,1466376616596,1466324289240,16666666,1466324702531,1466354104781,1466354135656,1466367191990,1466414170740,2691125,34208208,1466414170740,1466406041406,0,1466367191990,
0,217162,1466326616598,1466343283264,0,1466359491490,1466359492781,1466407716323,1466407769573,1466443283260,1466359482781,16666666,1466408457240,1466408646990,1466408839448,1466409498531,1466431627281,14493583,146625,1466431627281,1466428773948,0,1466409498531,
0,217169,1466393283262,1466409949928,0,1466426216198,1466426219531,1466426611490,1466426654198,1466459949926,1466425050615,16666666,1466427030448,1466428854406,1466429925740,1466431882323,1466472869198,4708833,195333,1466472869198,1466441787781,0,1466431882323,
0,217179,1466443283260,1466459949926,0,1466474791948,1466474793115,1466475117198,1466475690240,1466493283258,1466474784990,16666666,1466475778198,1466480986490,1466481035615,1466481686948,1466502916448,12761000,7316750,1466499828823,1466502916448,0,1466481686948,
0,217187,1466493283258,1466493283258,0,1466500154865,1466500155865,1466500650781,1466500707115,1466526616590,1466500149323,16666666,1466501354948,1466503000031,1466503053156,1466519237781,1466546544115,2667,1549292,1466546544115,1466525238448,0,1466519237781,
0,217194,1466509949924,1466526616590,0,1466540390865,1466540391906,1466543215115,1466543286115,1466576616588,1466540383490,16666666,1466543801615,1466545520948,1466545577906,1466547566823,1466620960531,68537666,668958,1466592997073,1466620960531,0,1466547566823,
0,217202,1466543283256,1466559949922,0,1466593771823,1466593774281,1466595516115,1466595574948,1466609949920,1466563712240,16666666,1466596578573,1466621044865,1466621073823,1466636819865,1466698571531,20526750,122375,1466698571531,1466660522406,0,1466636819865,
0,217210,1466609949920,1466626616586,0,1466642842240,1466642843115,1466642990823,1466643037156,1466726616582,1466642835615,16666666,1466643052531,1466660609865,1466660635323,1466688929656,1466732463740,33785708,6059000,1466718260281,1466732463740,0,1466688929656,
0,217219,1466659949918,1466676616584,0,1466678540740,1466678541281,1466678690740,1466678743531,1466743283248,1466678534615,16666666,1466679061448,1466732551698,1466732605573,1466733209615,1466775156948,7244500,219875,1466775156948,1466752262615,0,1466733209615,
0,217226,1466676616584,1466743283248,0,1466747296115,1466747296490,1466748696365,1466748753490,1466793283246,1466747291323,16666666,1466749079281,1466752356156,1466752405281,1466752752990,1466808624781,24432709,21503125,1466803790281,1466808624781,0,1466752752990,
0,217235,1466776616580,1466776616580,0,1466777327531,1466777328365,1466777512240,1466777567990,1466826616578,1466777321948,16666666,1466777739156,1466808696115,1466818851198,1466857162865,1466878700365,3084,668417,1466878700365,1466869100198,0,1466857162865,
0,217243,1466793283246,1466809949912,0,1466822200990,1466822201656,1466822382281,1466822417073,1466909949908,1466822193531,16666666,1466822904531,1466869209573,1466869247323,1466870376698,1466921726948,42805958,7241959,1466878725282,1466921726948,0,1466870376698,
0,217250,1466809949912,1466876616576,0,1466877845073,1466877845323,1466878549198,1466878604948,1466926616574,1466877840156,16666666,1466878918573,1466921857823,1466921906948,1466937431073,1466994611782,31362500,87625,1466994611782,1466979647490,0,1466937431073,
0,217259,1466909949908,1466909949908,0,1466923605365,1466923606032,1466929785157,1466929847782,1467026616570,1466923600573,16666666,1466930166282,1466979785490,1466979891698,1466985191823,1467042281490,42986417,130542,1467033625032,1467042281490,0,1466985191823,
0,217266,1466926616574,1466976616572,0,1466983178073,1466983178782,1466984889990,1466984950157,1467059949902,1466983171157,16666666,1466985294990,1467042709948,1467079051782,1467079643532,1467095424740,1625,159125,1467095424740,1467080973240,0,1467079643532,
0,217274,1466993283238,1467059949902,0,1467061543990,1467061544740,1467078695532,1467078763157,1467126616566,1467061538782,16666666,1467078988823,1467081074115,1467081206365,1467081773323,1467125167948,29192791,2237584,1467095909240,1467125167948,0,1467081773323,
0,217283,1467093283234,1467093283234,0,1467095032990,1467095033990,1467095286948,1467095328573,1467143283232,1467095027782,16666666,1467095342240,1467125346240,1467125748115,1467143126907,1467170763782,9292,96375,1467170763782,1467168251282,0,1467143126907,
0,217291,1467109949900,1467143283232,0,1467155088865,1467155089740,1467155202657,1467155246823,1467193283230,1467155081990,16666666,1467160524782,1467168341282,1467168395532,1467168848573,1467222797823,51930000,157834,1467213027240,1467222797823,0,1467168848573,
0,217299,1467193283230,1467193283230,0,1467204535115,1467204536157,1467204817948,1467204861282,1467243283228,1467204529990,16666666,1467205361907,1467222900407,1467222973990,1467225405282,1467253689698,2474625,22839417,1467251137573,1467253689698,0,1467225405282,
0,217307,1467209949896,1467209949896,0,1467224792573,1467224793323,1467224901948,1467224953032,1467276616560,1467224786782,16666666,1467225140240,1467253784407,1467253849615,1467258868407,1467314041532,45103708,318459,1467303131073,1467314041532,0,1467258868407,
0,217314,1467226616562,1467293283226,0,1467301261782,1467301263282,1467302639907,1467302707698,1467326616558,1467301253615,16666666,1467302944532,1467314126365,1467314364740,1467315267032,1467335772490,566792,163500,1467335772490,1467317509573,0,1467315267032,
0,217323,1467309949892,1467309949892,0,1467317826490,1467317826907,1467317971490,1467318019073,1467326616558,1467317822698,16666666,1467319541448,1467319659198,1467319694282,1467323030573,1463809183238,82233250,129333,1463768780613,1467418114407,0,1467323030573,
0,217331,1467326616558,1467359949890,0,1467371122573,1467371123823,1467371423573,1467371482823,1467359949890,1467371114115,16666666,1467371853448,1467418200907,1467418235240,1467426446157,1467487124490,2958,370750,1467487124490,1467428193157,0,1467426446157,
0,217339,1467376616556,1467409949888,0,1467422543448,1467422544282,1467422656948,1467422709823,1467509949884,1467422536407,16666666,1467423076782,1467428279157,1467429384740,1467482201365,1467559930573,28121708,1957500,1467559930573,1467517136032,0,1467482201365,
0,217347,1467493283218,1467509949884,0,1467517996323,1467517997323,1467523323198,1467523377907,1467576616548,1467517989990,16666666,1467523552032,1467529272657,1467529312157,1467604488574,1467655978449,36479500,373792,1467619419282,1467655978449,0,1467604488574,
0,217356,1467626616546,1467726616542,0,1467746475574,1467746477115,1467746732449,1467746792115,1467643283212,1467739040615,16666666,1467746997115,1467747025907,1467747861949,1467748504574,1467828937615,40857542,165583,1467828937615,1467793241365,0,1467748504574,
0,217370,1467776616540,1467793283206,0,1467804306532,1467804308074,1467804503990,1467804551865,1467859949870,1467804298657,16666666,1467804920865,1467804954615,1467804973532,1467827925532,1467893397615,62763500,165542,1467893397615,1467891773574,0,1467827925532,
0,217378,1467843283204,1467876616536,0,1467877387365,1467877388740,1467877637782,1467877696532,1467926616534,1467877379324,16666666,1467878056240,1467891848490,1467891889699,1467892399865,1467915220699,14672959,108875,1467915220699,1467908143282,0,1467892399865,
0,217386,1467876616536,1467893283202,0,1467901515157,1467901515990,1467901832740,1467901890324,1467943283200,1467901508407,16666666,1467902180740,1467908212574,1467908262990,1467908660157,1467933065782,5878042,2312916,1467933065782,1467921175990,0,1467908660157,
0,217394,1467909949868,1467909949868,0,1467924555032,1467924556074,1467925317365,1467925392782,1467959949866,1467924550115,16666666,1467925405740,1467934136574,1467934166949,1467939460032,1467942115157,2208,146541,1467942115157,1467941050407,0,1467939460032,
0,217402,1467926616534,1467926616534,0,1467935617782,1467935618449,1467936275324,1467936324990,1467976616532,1467935613032,16666666,1467937042490,1467941128824,1467941180282,1467941450157,1467949758115,6038083,109333,1467949758115,1467948238532,0,1467941450157,
0,217410,1467943283200,1467943283200,0,1467945053407,1467945055115,1467945300824,1467945356240,1467993283198,1467945046782,16666666,1467945749657,1467948357490,1467948405990,1467948805907,1468001218949,25002375,168958,1468001218949,1467974827032,0,1467948805907,
0,217418,1467959949866,1467976616532,0,1467991750240,1467991751407,1467991973615,1468045757324,1468026616530,1467991741865,16666666,1468046220699,1468046934532,1468046990824,1468047614824,1468053352949,871042,297459,1468053352949,1468049910699,0,1468047614824,
0,217426,1467993283198,1468043283196,0,1468049289449,1468049290574,1468049412074,1468049465907,1468076616528,1468049281699,16666666,1468049782865,1468050006740,1468050064157,1468051967574,1468088384032,32213917,264917,1468088384032,1468085690865,0,1468051967574,
0,217434,1468059949862,1468076616528,0,1468086992865,1468086993824,1468089858949,1468089939782,1468109949860,1468086985115,16666666,1468090967657,1468096495199,1468096862490,1468099998865,1468134136949,27437917,3497750,1468106618865,1468134136949,0,1468099998865,
0,217442,1468093283194,1468109949860,0,1468119176907,1468119178074,1468119478574,1468119542032,1468126616526,1468119167657,16666666,1468119558615,1468134224449,1468134278532,1468135205032,1468191969074,54958333,329416,1468184312740,1468191969074,0,1468135205032,
0,217450,1468126616526,1468176616524,0,1468191746865,1468191747782,1468191863907,1468191901532,1468209949856,1468191740865,16666666,1468195151449,1468202279949,1468202358157,1468202904157,1468248672990,2166,156875,1468248672990,1468216632157,0,1468202904157,
0,217459,1468243283188,1468243283188,0,1468252193657,1468252194949,1468252429740,1468252491740,1468276616520,1468252186574,16666666,1468252915532,1468301410532,1468301446074,1468302059616,1468343669449,2416,166583,1468343669449,1468312535616,0,1468302059616,
0,217466,1468259949854,1468326616518,0,1468328691824,1468328692657,1468329744491,1468329775782,1468376616516,1468328686574,16666666,1468330379574,1468330595824,1468330639491,1468339221657,1468437390449,92914542,94458,1468404388907,1468437390449,0,1468339221657,
0,217474,1468343283184,1468359949850,0,1468374486991,1468374488157,1468374691032,1468374766657,1468426616514,1468374478491,16666666,1468374956199,1468437595366,1468437640657,1468438965491,1468506922866,75917,66569250,1468506746282,1468506922866,0,1468438965491,
0,217482,1468376616516,1468476616512,0,1468505878199,1468505880324,1468506418116,1468506485282,1468526616510,1468487699991,16666666,1468506503949,1468510251032,1468510296949,1468545453824,1468637372532,1833,122625,1468637372532,1468554957157,0,1468545453824,
0,217497,1468526616510,1468559949842,0,1468562394449,1468562395699,1468562644782,1468562696824,1468659949838,1468562385074,16666666,1468563276866,1468568990949,1468574251782,1468591878366,1468654567449,891542,61022625,1468653593782,1468654567449,0,1468591878366,
0,217504,1468559949842,1468643283172,0,1468647172157,1468647173366,1468653255199,1468653765616,1468676616504,1468647163907,16666666,1468654202866,1468654835616,1468654891657,1468659492074,1469034469783,369969584,2659667,1468664423574,1469034469783,0,1468659492074,
0,217513,1468659949838,1468743283168,0,1468746413199,1468746414282,1468999799116,1468999856866,1468693283170,1468746405616,16666666,1469000321449,1469034564116,1469034600241,1469040185199,1469064559074,16078541,308334,1469064559074,1469059450616,0,1469040185199,
0,217521,1469009949824,1469043283156,0,1469051691241,1469051692408,1469061547116,1469061598533,1469093283154,1469051683824,16666666,1469061613408,1469062795991,1469064862866,1469073672741,1469121464241,12478416,131625,1469121464241,1469110011074,0,1469073672741,
0,217529,1469093283154,1469093283154,0,1469100131949,1469100132908,1469100380908,1469100425574,1469143283152,1469100126408,16666666,1469100725449,1469110135699,1469116170991,1469118891866,1469165326949,43778834,212708,1469151703074,1469165326949,0,1469118891866,
0,217537,1469126616486,1469126616486,0,1469138021074,1469138022324,1469138287616,1469138350199,1469176616484,1469138014491,16666666,1469138585449,1469165418491,1469165707158,1469167377158,1469186763366,1333,140542,1469186763366,1469170172824,0,1469167377158,
0,217545,1469143283152,1469159949818,0,1469171236908,1469171238158,1469171500324,1469171544324,1469209949816,1469171228033,16666666,1469172373491,1469174286199,1469174349574,1469179494741,1469207452158,17077541,4082166,1469207452158,1469204204324,0,1469179494741,
0,217553,1469176616484,1469176616484,0,1469179522949,1469179523741,1469179651033,1469179708408,1469226616482,1469179517033,16666666,1469192828158,1469204298158,1469204531158,1469205906241,1469234083949,19230208,149416,1469234083949,1469226874241,0,1469205906241,
0,217560,1469193283150,1469193283150,0,1469207527491,1469207528199,1469207844449,1469207962033,1469209949816,1469207523033,16666666,1469208910366,1469226968491,1469227040533,1469232886116,1465223234281,36385750,108083,1465221002572,1469270579699,0,1469232886116,
0,217568,1469209949816,1469226616482,0,1469237654574,1469237656033,1469237785283,1469237836116,1469259949814,1469237646658,16666666,1469238141574,1469270674324,1469270743241,1469274103574,1469287846199,1708,209792,1469287846199,1469276201408,0,1469274103574,
0,217577,1469259949814,1469259949814,0,1469273663574,1469273664783,1469273808699,1469273855283,1469309949812,1469273657408,16666666,1469274180408,1469276278158,1469276305824,1469279179908,1469331876241,40056500,9775666,1469291758491,1469331876241,0,1469279179908,
0,217584,1469276616480,1469309949812,0,1469324872283,1469324873283,1469325046908,1469325089366,1469326616478,1469324866074,16666666,1469325383033,1469331955658,1469332949574,1469337486033,1469355475574,13059750,156541,1469355475574,1469354115991,0,1469337486033,
0,217593,1469343283144,1469343283144,0,1469352479241,1469352480533,1469352698908,1469352745699,1469376616476,1469352472783,16666666,1469352940741,1469354189866,1469354241199,1469354577199,1469389211741,33647750,196958,1469378967074,1469389211741,0,1469354577199,
0,217601,1469359949810,1469359949810,0,1469374303074,1469374304074,1469374638408,1469374686366,1469409949808,1469374297158,16666666,1469374700241,1469389311116,1469389358699,1469390626949,1469482330783,20964125,122208,1469472123241,1469482330783,0,1469390626949,
0,217609,1469376616476,1469393283142,0,1469397741449,1469397742199,1469397887866,1469397940658,1469493283138,1469397735074,16666666,1469419275158,1469482420324,1469482446658,1469485881616,1469504207741,1750,125875,1469504207741,1469487872658,0,1469485881616,
0,217616,1469393283142,1469476616472,0,1469484221783,1469484222116,1469489332074,1469489417533,1469526616470,1469484217658,16666666,1469489844949,1469490681533,1469490741116,1469493174533,1469519180949,12756958,6109958,1469506357991,1469519180949,0,1469493174533,
0,217625,1469493283138,1469493283138,0,1469504864074,1469504864949,1469510446033,1469510499408,1469543283136,1469504857366,16666666,1469510795741,1469519261699,1469519287574,1469521108116,1469533262699,4960708,134250,1469533262699,1469529947824,0,1469521108116,
0,217633,1469509949804,1469509949804,0,1469525537741,1469525538241,1469526540366,1469526587908,1469559949802,1469525533949,16666666,1469526745658,1469530030158,1469530092741,1469533521616,1469561365366,15224417,197667,1469548276324,1469561365366,0,1469533521616,
0,217641,1469526616470,1469526616470,0,1469538020408,1469538020824,1469538125199,1469538157824,1469576616468,1469538016033,16666666,1469538167533,1469561468199,1469561527158,1469564215658,1469578349616,1875,133459,1469578349616,1469567571908,0,1469564215658,
0,217649,1469543283136,1469559949802,0,1469566813283,1469566814699,1469567031199,1469567074783,1469609949800,1469566804866,16666666,1469567422033,1469567634699,1469567678074,1469570674949,1469592977116,14470250,2846666,1469578427324,1469592977116,0,1469570674949,
0,217657,1469576616468,1469576616468,0,1469586164824,1469586165949,1469586375033,1469586421616,1469626616466,1469586158866,16666666,1469586734324,1469593069616,1469593129491,1469594055158,1469617722158,1353917,20338625,1469616255658,1469617722158,0,1469594055158,
0,217665,1469593283134,1469593283134,0,1469599149366,1469599150199,1469599383449,1469599427199,1469643283132,1469599144116,16666666,1469599677074,1469617817699,1469617882324,1469619224949,1469665302824,44710125,95208,1469664322699,1469665302824,0,1469619224949,
0,217673,1469609949800,1469609949800,0,1469620370158,1469620370866,1469620530616,1469620756116,1469693283130,1469620365491,16666666,1469621497283,1469665378199,1469665657074,1469666447658,1469685156075,15752542,194958,1469682644575,1469685156075,0,1469666447658,
0,217680,1469626616466,1469659949798,0,1469667722116,1469667723033,1469667828533,1469667887241,1469709949796,1469667715033,16666666,1469668380324,1469685229616,1469685254325,1469687092950,1469724315408,35062208,171250,1469721472075,1469724315408,0,1469687092950,
0,217689,1469676616464,1469676616464,0,1469685881325,1469685881783,1469686701325,1469686737575,1469743283128,1469685877700,16666666,1469686947241,1469724396950,1469724536700,1469725513575,1469752195450,21064292,277416,1469752195450,1469749960200,0,1469725513575,
0,217697,1469693283130,1469726616462,0,1469727949783,1469727950533,1469728131741,1469728161241,1469776616460,1469727944283,16666666,1469728264908,1469750050033,1469750085200,1469751643450,1469774202241,8541,10992084,1469765142200,1469774202241,0,1469751643450,
0,217706,1469743283128,1469743283128,0,1469754152241,1469754152908,1469754263450,1469754305866,1469793283126,1469754147783,16666666,1469754318950,1469774386200,1469774487700,1469783882158,1469803554658,3809375,150958,1469799652200,1469803554658,0,1469783882158,
0,217713,1469759949794,1469776616460,0,1469783448116,1469783449783,1469783960033,1469784075741,1469826616458,1469783434075,16666666,1469785035241,1469803644366,1469803674825,1469806408075,1469848839200,25337292,167125,1469848839200,1469834504450,0,1469806408075,
0,217721,1469793283126,1469793283126,0,1469804625783,1469804626616,1469804878741,1469804927616,1469876616456,1469804619783,16666666,1469805197991,1469834592033,1469834657408,1469853375325,1469858517825,1960834,198000,1469856444200,1469858517825,0,1469853375325,
0,217729,1469809949792,1469826616458,0,1469836647866,1469836648908,1469836892450,1469836940408,1469893283122,1469836640825,16666666,1469837260741,1469858591533,1469858635116,1469859299408,1469875429991,9624292,190250,1469875429991,1469871899533,0,1469859299408,
0,217738,1469859949790,1469859949790,0,1469872373616,1469872374700,1469873078575,1469873136075,1469909949788,1469872366283,16666666,1469873493200,1469873644408,1469873707491,1469874254575,1469894702200,16713167,154292,1469894702200,1469892219033,0,1469874254575,
0,217746,1469876616456,1469876616456,0,1469878630700,1469878631408,1469878823866,1469878867075,1469926616454,1469878625283,16666666,1469879035491,1469892322283,1469892378783,1469893565491,1469915846325,13698666,127500,1469912503783,1469915846325,0,1469893565491,
0,217754,1469893283122,1469893283122,0,1469907584325,1469907585491,1469907779741,1469907828158,1469943283120,1469907577700,16666666,1469907842658,1469916359200,1469916417033,1469920741741,1469939014575,3583708,469375,1469939014575,1469926946616,0,1469920741741,
0,217762,1469909949788,1469909949788,0,1469917550241,1469917550783,1469917800991,1469917858866,1469959949786,1469917545658,16666666,1469918965241,1469928124366,1469928565575,1469929479950,1469945361825,4082041,203417,1469945361825,1469945207491,0,1469929479950,
0,217770,1469926616454,1469926616454,0,1469929679991,1469929680366,1469930421991,1469930480533,1469976616452,1469929676241,16666666,1469930946325,1469945284408,1469945326075,1469945864991,1469961848366,4785500,350750,1469961848366,1469955939408,0,1469945864991,
0,217778,1469943283120,1469943283120,0,1469946063866,1469946064283,1469950737366,1469950803116,1469993283118,1469946060408,16666666,1469951361991,1469957493491,1469957543658,1469958765825,1469976284158,12514667,403542,1469976284158,1469974471908,0,1469958765825,
0,217786,1469959949786,1469959949786,0,1469966090200,1469966091366,1469966286116,1469966336700,1470009949784,1469966083741,16666666,1469966780450,1469974572616,1469974637866,1469975013908,1470084960950,97628042,127583,1470084960950,1470074002325,0,1469975013908,
0,217794,1469976616452,1470009949784,0,1470020131575,1470020132825,1470074707825,1470074770783,1470109949780,1470020124658,16666666,1470075078116,1470077448825,1470077478241,1470082313408,1470115963575,30881875,164417,1470106723950,1470115963575,0,1470082313408,
0,217803,1470076616448,1470093283114,0,1470098304533,1470098305491,1470102609575,1470102690616,1470126616446,1470098298158,16666666,1470112185450,1470116175241,1470117110200,1470123110700,1470153511283,7029583,5036500,1470146417283,1470153511283,0,1470123110700,
0,217811,1470126616446,1470143283112,0,1470153378033,1470153378866,1470153563991,1470153603741,1470176616444,1470153371741,16666666,1470153758658,1470153833991,1470153869575,1470155254700,1470163835700,4495209,146875,1470163835700,1470162080366,0,1470155254700,
0,217819,1470159949778,1470159949778,0,1470160862241,1470160863075,1470161064033,1470161114325,1470193283110,1470160856033,16666666,1470161128658,1470162124200,1470162161616,1470162470408,1470203067158,33705917,174459,1470203067158,1470197616491,0,1470162470408,
0,217827,1470176616444,1470176616444,0,1470188300283,1470188302075,1470192496116,1470192596450,1470226616442,1470188289533,16666666,1470195139200,1470197702783,1470197752116,1470199086200,1470235067075,26535917,440542,1470235067075,1470230832283,0,1470199086200,
0,217835,1470193283110,1470209949776,0,1470223147825,1470223149158,1470223388908,1470223447991,1470259949774,1470223138658,16666666,1470223821366,1470230948158,1470231414325,1470232388200,1470281560783,46384042,198000,1470274984575,1470281560783,0,1470232388200,
0,217842,1470226616442,1470226616442,0,1470237412325,1470237413533,1470237585450,1470237647741,1470293283106,1470237405991,16666666,1470237948491,1470281647700,1470281678033,1470282191533,1470300773783,5708,1733791,1470300773783,1470290865950,0,1470282191533,
0,217850,1470243283108,1470276616440,0,1470291998700,1470291999741,1470292283533,1470292323158,1470326616438,1470291991741,16666666,1470292641741,1470293083575,1470294541908,1470299729616,1470338183908,31013583,120666,1470338183908,1470331877158,0,1470299729616,
0,217859,1470293283106,1470293283106,0,1470307642075,1470307643325,1470307880825,1470307943200,1470309949772,1470307635366,16666666,1470329605616,1470331952158,1470331997575,1470333079116,1461584827237,50330542,1297667,1461584759571,1470388663367,0,1470333079116,
0,217868,1470343283104,1470359949770,0,1470360263158,1470360264116,1470360496241,1470360549616,1470359949770,1470360255491,16666666,1470360564158,1470388783700,1470388868117,1470389855492,1470395493658,2334,273583,1470392703283,1470395493658,0,1470389855492,
0,217876,1470359949770,1470376616436,0,1470389727742,1470389728033,1470391141158,1470391372242,1470409949768,1470389723700,16666666,1470391757617,1470398933908,1470407359492,1470411817158,1470423075575,2208,153875,1470423075575,1470413580117,0,1470411817158,
0,217884,1470393283102,1470393283102,0,1470409171825,1470409172700,1470409471867,1470409516075,1470443283100,1470409166700,16666666,1470409761658,1470413670033,1470413724992,1470414822367,1470517962742,80052916,4317208,1470423089492,1470517962742,0,1470414822367,
0,217891,1470409949768,1470409949768,0,1470415008117,1470415009325,1470422765367,1470422840825,1470459949766,1470415002158,16666666,1470423253533,1470518060742,1470518092992,1470518857325,1470541391117,6066167,166875,1470541391117,1470527806617,0,1470518857325,
0,217898,1470426616434,1470526616430,0,1470539057700,1470539059158,1470539259658,1470539319783,1470559949762,1470529408367,16666666,1470539700742,1470539716033,1470539744325,1470540207117,1470560851075,17509459,227333,1470560851075,1470559599033,0,1470540207117,
0,217916,1470559949762,1470559949762,0,1470561140825,1470561142075,1470561857367,1470561927158,1470593283094,1470561133742,16666666,1470562206325,1470569188117,1470569245367,1470583172325,1470595503533,2583,277083,1470595503533,1470584620658,0,1470583172325,
0,217923,1470576616428,1470576616428,0,1470585900367,1470585901242,1470586046992,1470586099950,1470626616426,1470585895325,16666666,1470586113408,1470586605950,1470586657367,1470587132783,1470611182158,1074542,102167,1470611182158,1470607458408,0,1470587132783,
0,217931,1470593283094,1470593283094,0,1470602336492,1470602337408,1470602574325,1470602626033,1470643283092,1470602330117,16666666,1470602928158,1470607566992,1470607629242,1470608577367,1470632324950,20566125,121292,1470611193075,1470632324950,0,1470608577367,
0,217939,1470609949760,1470609949760,0,1470618565575,1470618568617,1470631868158,1470631948200,1470659949758,1470617671242,16666666,1470634787492,1470638171283,1470638248658,1470639195533,1470656236325,10664917,225917,1470656236325,1470650913075,0,1470639195533,
0,217948,1470643283092,1470643283092,0,1470644416658,1470644417992,1470644686158,1470644747867,1470676616424,1470644410367,16666666,1470645082075,1470650992867,1470651506992,1470652345200,1470691804033,30900458,275334,1470691804033,1470687473658,0,1470652345200,
0,217956,1470659949758,1470676616424,0,1470687579658,1470687581033,1470687824867,1470687886950,1470709949756,1470687571533,16666666,1470689033533,1470689832533,1470689893492,1470690719742,1470706189575,12128042,192708,1470706189575,1470704377242,0,1470690719742,
0,217964,1470693283090,1470693283090,0,1470699009367,1470699010658,1470699261658,1470699310200,1470726616422,1470699002575,16666666,1470699598783,1470704470700,1470704703075,1470705372742,1470720270700,11019250,262000,1470720270700,1470717393867,0,1470705372742,
0,217972,1470709949756,1470709949756,0,1470712554992,1470712555783,1470712913742,1470712977117,1470743283088,1470712549575,16666666,1470713323742,1470717487033,1470717547658,1470718905908,1470766884158,46519958,113000,1470755607908,1470766884158,0,1470718905908,
0,217980,1470726616422,1470743283088,0,1470744929325,1470744930658,1470745176700,1470745238783,1470776616420,1470744920367,16666666,1470745464992,1470766986283,1470767070575,1470767810575,1470799843575,4655833,159041,1470799843575,1470776134492,0,1470767810575,
0,217988,1470743283088,1470793283086,0,1470795324742,1470795325825,1470808495575,1470808958200,1470826616418,1470795316700,16666666,1470808974742,1470809137200,1470809252950,1470810106158,1470826822075,5629166,802166,1470826822075,1470819286908,0,1470810106158,
0,217996,1470776616420,1470809949752,0,1470820261033,1470820261408,1470820817325,1470820869117,1470859949750,1470820256700,16666666,1470821157367,1470822629367,1470822658283,1470823315075,1470899728283,62706583,599209,1470826832200,1470899728283,0,1470823315075,
0,218004,1470826616418,1470859949750,0,1470873793533,1470873795242,1470880838950,1470880934867,1470843283084,1470873779492,16666666,1470882891033,1470899826700,1470899859200,1470900307908,1461954263154,106957250,143416,1461954263154,1471021468700,0,1470900307908,
0,218013,1470943283080,1470993283078,0,1470993681783,1470993682700,1470995512742,1470995584492,1470959949746,1470993675658,16666666,1470995972575,1471021742658,1471021823617,1471022457867,1471039707867,2084,236708,1471039707867,1471029221200,0,1471022457867,
0,218020,1471009949744,1471026616410,0,1471037640533,1471037641575,1471037814575,1471037863658,1471059949742,1471037632367,16666666,1471038011908,1471038225908,1471038276742,1471038919617,1471106981242,53937000,163333,1471106981242,1471103503950,0,1471038919617,
0,218028,1471043283076,1471059949742,0,1471062816408,1471062817533,1471070011575,1471070109367,1471126616406,1471062809950,16666666,1471070133325,1471103607200,1471103635117,1471105972284,1471150509575,38587167,145625,1471135907409,1471150509575,0,1471105972284,
0,218036,1471059949742,1471093283074,0,1471107481700,1471107482117,1471125485409,1471125563034,1471159949738,1471107476617,16666666,1471136142742,1471150607075,1471150679492,1471156077950,1471177157075,2089708,17480709,1471174901409,1471177157075,0,1471156077950,
0,218043,1471076616408,1471159949738,0,1471174982284,1471174982659,1471176287575,1471176336825,1471193283070,1471174977075,16666666,1471176650617,1471177231617,1471177259784,1471195837784,1471256317200,9750,374583,1471256317200,1471209375992,0,1471195837784,
0,218052,1471193283070,1471209949736,0,1471222728575,1471222729534,1471224646492,1471224739617,1471276616400,1471222721659,16666666,1471249150450,1471252588700,1471252616242,1471254216742,1471295008617,27831834,340750,1471295008617,1471284256284,0,1471254216742,
0,218059,1471226616402,1471259949734,0,1471272103700,1471272104825,1471272564409,1471272611159,1471326616398,1471272096534,16666666,1471273075409,1471284670409,1471284721409,1471285175992,1471315361700,4794708,196917,1471315361700,1471309398409,0,1471285175992,
0,218068,1471276616400,1471293283066,0,1471299790659,1471299792409,1471300392117,1471300608242,1471343283064,1471299778117,16666666,1471302147575,1471309479159,1471309545200,1471310055742,1471318058450,2505459,154250,1471315371242,1471318058450,0,1471310055742,
8,218075,1471293283066,1471293283066,0,1471309898242,1471309898534,1471316779700,1471316831700,1471309949732,1471309894950,16666666,1471317169950,1471318109867,1462102308779,1462103130404,1462139546779,34842167,621083,1462128815488,1462139546779,0,1462103130404,
---PROFILEDATA---


View hierarchy:

  dev.polski.grammarmatrix/dev.polski.grammarmatrix.GlassBenchmarkActivity/android.view.ViewRootImpl@af271ea
  7 views, 12.08 kB of render nodes


Total ViewRootImpl   : 1
Total attached Views : 7
Total RenderNode     : 12.08 kB (used) / 36.09 kB (capacity)