Applications Graphics Acceleration Info:
Uptime: 1455589 Realtime: 1455589

** Graphics info for pid 5729 [dev.polski.grammarmatrix] **

Stats since: 1450487731524ns
Total frames rendered: 306
Janky frames: 0 (0.00%)
Janky frames (legacy): 0 (0.00%)
50th percentile: 17ms
90th percentile: 18ms
95th percentile: 18ms
99th percentile: 20ms
Number Missed Vsync: 0
Number High input latency: 612
Number Slow UI thread: 0
Number Slow bitmap uploads: 0
Number Slow issue draw commands: 0
Number Frame deadline missed: 0
Number Frame deadline missed (legacy): 0
HISTOGRAM: 5ms=29 6ms=1 7ms=2 8ms=0 9ms=0 10ms=0 11ms=0 12ms=0 13ms=0 14ms=2 15ms=2 16ms=72 17ms=156 18ms=30 19ms=8 20ms=3 21ms=1 22ms=0 23ms=0 24ms=0 25ms=0 26ms=0 27ms=0 28ms=0 29ms=0 30ms=0 31ms=0 32ms=0 34ms=0 36ms=0 38ms=0 40ms=0 42ms=0 44ms=0 46ms=0 48ms=0 53ms=0 57ms=0 61ms=0 65ms=0 69ms=0 73ms=0 77ms=0 81ms=0 85ms=0 89ms=0 93ms=0 97ms=0 101ms=0 105ms=0 109ms=0 113ms=0 117ms=0 121ms=0 125ms=0 129ms=0 133ms=0 150ms=0 200ms=0 250ms=0 300ms=0 350ms=0 400ms=0 450ms=0 500ms=0 550ms=0 600ms=0 650ms=0 700ms=0 750ms=0 800ms=0 850ms=0 900ms=0 950ms=0 1000ms=0 1050ms=0 1100ms=0 1150ms=0 1200ms=0 1250ms=0 1300ms=0 1350ms=0 1400ms=0 1450ms=0 1500ms=0 1550ms=0 1600ms=0 1650ms=0 1700ms=0 1750ms=0 1800ms=0 1850ms=0 1900ms=0 1950ms=0 2000ms=0 2050ms=0 2100ms=0 2150ms=0 2200ms=0 2250ms=0 2300ms=0 2350ms=0 2400ms=0 2450ms=0 2500ms=0 2550ms=0 2600ms=0 2650ms=0 2700ms=0 2750ms=0 2800ms=0 2850ms=0 2900ms=0 2950ms=0 3000ms=0 3050ms=0 3100ms=0 3150ms=0 3200ms=0 3250ms=0 3300ms=0 3350ms=0 3400ms=0 3450ms=0 3500ms=0 3550ms=0 3600ms=0 3650ms=0 3700ms=0 3750ms=0 3800ms=0 3850ms=0 3900ms=0 3950ms=0 4000ms=0 4050ms=0 4100ms=0 4150ms=0 4200ms=0 4250ms=0 4300ms=0 4350ms=0 4400ms=0 4450ms=0 4500ms=0 4550ms=0 4600ms=0 4650ms=0 4700ms=0 4750ms=0 4800ms=0 4850ms=0 4900ms=0 4950ms=0
50th gpu percentile: 15ms
90th gpu percentile: 16ms
95th gpu percentile: 16ms
99th gpu percentile: 17ms
GPU HISTOGRAM: 1ms=3 2ms=24 3ms=5 4ms=1 5ms=0 6ms=0 7ms=1 8ms=0 9ms=1 10ms=5 11ms=5 12ms=14 13ms=19 14ms=47 15ms=117 16ms=50 17ms=11 18ms=1 19ms=2 20ms=0 21ms=0 22ms=0 23ms=0 24ms=0 25ms=0 4950ms=0

Pipeline=Skia (OpenGL)
Memory policy:
  Max surface area: 2592000
  Max resource usage: 124.42MB (x48)
  Background retention: 50% (altUiHidden = true)
  GPU Context timeout: 10
Contexts: 1 (stopped = 0)
CPU Caches:
  Glyph Cache: 33.70 KB (1 entry)
  Glyph Count: 11 
Total CPU memory usage:
  34510 bytes, 33.70 KB (0.00 bytes is purgeable)
GPU Caches:
  Other:
    Other: 26.56 KB (1 entry)
    Buffer Object: 36.00 KB (1 entry)
  Scratch:
    Buffer Object: 80.00 KB (2 entries)
    Texture: 2.00 MB (1 entry)
Total GPU memory usage:
  2243136 bytes, 2.14 MB (68.00 KB is purgeable)

GraphicBufferAllocator buffers:
        Handle |        Size |     W (Stride) x H | Layers |   Format |      Usage | Requestor
0xb400007b2c426750 |     unknown | 1080 (   0) x 2400 |      1 |        1 | 0x     b00 | VRI[GlassBenchmarkActivity]#0(BLAST Consumer)0
0xb400007b2c426900 |     unknown | 1080 (   0) x 2400 |      1 |        1 | 0x     b00 | VRI[GlassBenchmarkActivity]#0(BLAST Consumer)0
0xb400007b2c437e50 |     unknown | 1080 (   0) x 2400 |      1 |        1 | 0x     b00 | VRI[GlassBenchmarkActivity]#0(BLAST Consumer)0
Total allocated by GraphicBufferAllocator (estimate): 0.00 KB
GoldfishAllocator::dumpDebugInfo is not implemented
Profile data in ms:

	dev.polski.grammarmatrix/dev.polski.grammarmatrix.GlassBenchmarkActivity/android.view.ViewRootImpl@af271ea (visibility=0)
Window: dev.polski.grammarmatrix/dev.polski.grammarmatrix.GlassBenchmarkActivity
Stats since: 1450487730815ns
Total frames rendered: 306
Janky frames: 0 (0.00%)
Janky frames (legacy): 0 (0.00%)
50th percentile: 17ms
90th percentile: 18ms
95th percentile: 18ms
99th percentile: 20ms
Number Missed Vsync: 0
Number High input latency: 612
Number Slow UI thread: 0
Number Slow bitmap uploads: 0
Number Slow issue draw commands: 0
Number Frame deadline missed: 0
Number Frame deadline missed (legacy): 0
HISTOGRAM: 5ms=29 6ms=1 7ms=2 8ms=0 9ms=0 10ms=0 11ms=0 12ms=0 13ms=0 14ms=2 15ms=2 16ms=72 17ms=156 18ms=30 19ms=8 20ms=3 21ms=1 22ms=0 23ms=0 24ms=0 25ms=0 26ms=0 27ms=0 28ms=0 29ms=0 30ms=0 31ms=0 32ms=0 34ms=0 36ms=0 38ms=0 40ms=0 42ms=0 44ms=0 46ms=0 48ms=0 53ms=0 57ms=0 61ms=0 65ms=0 69ms=0 73ms=0 77ms=0 81ms=0 85ms=0 89ms=0 93ms=0 97ms=0 101ms=0 105ms=0 109ms=0 113ms=0 117ms=0 121ms=0 125ms=0 129ms=0 133ms=0 150ms=0 200ms=0 250ms=0 300ms=0 350ms=0 400ms=0 450ms=0 500ms=0 550ms=0 600ms=0 650ms=0 700ms=0 750ms=0 800ms=0 850ms=0 900ms=0 950ms=0 1000ms=0 1050ms=0 1100ms=0 1150ms=0 1200ms=0 1250ms=0 1300ms=0 1350ms=0 1400ms=0 1450ms=0 1500ms=0 1550ms=0 1600ms=0 1650ms=0 1700ms=0 1750ms=0 1800ms=0 1850ms=0 1900ms=0 1950ms=0 2000ms=0 2050ms=0 2100ms=0 2150ms=0 2200ms=0 2250ms=0 2300ms=0 2350ms=0 2400ms=0 2450ms=0 2500ms=0 2550ms=0 2600ms=0 2650ms=0 2700ms=0 2750ms=0 2800ms=0 2850ms=0 2900ms=0 2950ms=0 3000ms=0 3050ms=0 3100ms=0 3150ms=0 3200ms=0 3250ms=0 3300ms=0 3350ms=0 3400ms=0 3450ms=0 3500ms=0 3550ms=0 3600ms=0 3650ms=0 3700ms=0 3750ms=0 3800ms=0 3850ms=0 3900ms=0 3950ms=0 4000ms=0 4050ms=0 4100ms=0 4150ms=0 4200ms=0 4250ms=0 4300ms=0 4350ms=0 4400ms=0 4450ms=0 4500ms=0 4550ms=0 4600ms=0 4650ms=0 4700ms=0 4750ms=0 4800ms=0 4850ms=0 4900ms=0 4950ms=0
50th gpu percentile: 15ms
90th gpu percentile: 16ms
95th gpu percentile: 16ms
99th gpu percentile: 17ms
GPU HISTOGRAM: 1ms=3 2ms=24 3ms=5 4ms=1 5ms=0 6ms=0 7ms=1 8ms=0 9ms=1 10ms=5 11ms=5 12ms=14 13ms=19 14ms=47 15ms=117 16ms=50 17ms=11 18ms=1 19ms=2 20ms=0 21ms=0 22ms=0 23ms=0 24ms=0 25ms=0 4950ms=0



---PROFILEDATA---
Flags,FrameTimelineVsyncId,IntendedVsync,Vsync,InputEventId,HandleInputStart,AnimationStart,PerformTraversalsStart,DrawStart,FrameDeadline,FrameInterval,FrameStartTime,SyncQueued,SyncStart,IssueDrawCommandsStart,SwapBuffers,FrameCompleted,DequeueBufferDuration,QueueBufferDuration,GpuCompleted,SwapBuffersCompleted,DisplayPresentTime,CommandSubmissionCompleted,
0,212484,1453593283774,1453593283774,0,1453594495858,1453594497025,1453594740150,1453594797733,1453626617106,1453594489400,16666666,1453595128358,1453595535483,1453596074150,1453597181400,1453610612817,1708,104750,1453610612817,1453597960734,0,1453597181400,
0,212492,1453609950440,1453609950440,0,1453611927484,1453611928525,1453612623442,1453612693942,1453643283772,1453611921817,16666666,1453613106567,1453613244400,1453613282984,1453615013109,1453627151567,3458,303875,1453627151567,1453617543234,0,1453615013109,
0,212500,1453626617106,1453626617106,0,1453627559025,1453627560150,1453627836192,1453627899400,1453659950438,1453627551984,16666666,1453628902609,1453629075942,1453629135942,1453630002859,1453643836067,1792,486416,1453643836067,1453631797234,0,1453630002859,
0,212508,1453643283772,1453643283772,0,1453644158692,1453644160067,1453645151025,1453645201942,1453676617104,1453644152525,16666666,1453645519567,1453645890692,1453645937067,1453646490150,1453661063025,2041,303459,1453661063025,1453647410984,0,1453646490150,
0,212516,1453659950438,1453659950438,0,1453663378150,1453663379067,1453663555650,1453663601817,1453693283770,1453663372150,16666666,1453663943942,1453664288942,1453664323484,1453665223025,1453677933192,2209,121750,1453677933192,1453666967400,0,1453665223025,
0,212524,1453676617104,1453676617104,0,1453677806692,1453677808067,1453678080859,1453678143692,1453709950436,1453677799234,16666666,1453678521900,1453679299609,1453679652775,1453680371734,1453694053359,2333,183166,1453694053359,1453681223900,0,1453680371734,
0,212532,1453693283770,1453693283770,0,1453695726942,1453695727775,1453695916275,1453695964067,1453726617102,1453695721400,16666666,1453696542859,1453696774150,1453696819359,1453697164817,1453710573984,2375,198042,1453710573984,1453698345025,0,1453697164817,
0,212540,1453709950436,1453709950436,0,1453711024025,1453711025067,1453711255442,1453711309484,1453743283768,1453711017650,16666666,1453711323609,1453711586275,1453711627859,1453712595317,1453728244025,908125,72000,1453728244025,1453715562650,0,1453712595317,
0,212548,1453726617102,1453726617102,0,1453728221442,1453728222525,1453729051650,1453729334692,1453759950434,1453728215817,16666666,1453729816692,1453729924192,1453729989734,1453730970067,1453744268900,1750,145125,1453744268900,1453731861192,0,1453730970067,
0,212556,1453743283768,1453743283768,0,1453744964859,1453744965775,1453746442234,1453746491067,1453776617100,1453744959609,16666666,1453746885567,1453747304525,1453747345275,1453747646775,1453761054859,2083,180625,1453761054859,1453749889775,0,1453747646775,
0,212564,1453759950434,1453759950434,0,1453760725317,1453760726525,1453760961484,1453761012359,1453793283766,1453760719817,16666666,1453761457484,1453761751484,1453761849400,1453762191650,1453767361984,3568667,590209,1453763741775,1453767361984,0,1453762191650,
0,212572,1453776617100,1453776617100,0,1453779283984,1453779285025,1453779498817,1453779541150,1453809950432,1453779278067,16666666,1453782926025,1453783053400,1453783114650,1453784460984,1453796371067,1959,121875,1453796371067,1453785189775,0,1453784460984,
0,212580,1453793283766,1453793283766,0,1453796968567,1453796969859,1453797289317,1453797356650,1453826617098,1453796956984,16666666,1453797781317,1453798728775,1453798914734,1453799225067,1453811028400,1542,329167,1453811028400,1453800356359,0,1453799225067,
0,212588,1453809950432,1453809950432,0,1453811404025,1453811404942,1453811786692,1453811853359,1453843283764,1453811398775,16666666,1453812557650,1453813183317,1453813221984,1453813593609,1453829461275,543875,117541,1453829461275,1453815187359,0,1453813593609,
0,212596,1453826617098,1453826617098,0,1453830421734,1453830422650,1453830744900,1453830794359,1453859950430,1453830414817,16666666,1453831500567,1453831795525,1453832238984,1453832684734,1453844891734,757625,122125,1453844891734,1453835418400,0,1453832684734,
0,212604,1453843283764,1453843283764,0,1453845910650,1453845911609,1453846311567,1453846360442,1453876617096,1453845904359,16666666,1453846817609,1453848256109,1453848279150,1453848756859,1453861992234,1625,95125,1453861992234,1453849420025,0,1453848756859,
0,212612,1453859950430,1453859950430,0,1453862417442,1453862418484,1453863115817,1453863196150,1453893283762,1453862412234,16666666,1453867050609,1453867222192,1453867259234,1453867679859,1453877421067,2709,914250,1453877421067,1453869494650,0,1453867679859,
0,212620,1453876617096,1453876617096,0,1453877748609,1453877749650,1453878296359,1453878347692,1453909950428,1453877743067,16666666,1453878525442,1453879412442,1453879471484,1453879911817,1453894149692,1958,896792,1453894149692,1453881902150,0,1453879911817,
0,212628,1453893283762,1453893283762,0,1453894558900,1453894559900,1453894739859,1453894782275,1453926617094,1453894552817,16666666,1453894793900,1453895492109,1453895694942,1453896501192,1453913222400,1416,240708,1453913222400,1453897529067,0,1453896501192,
0,212636,1453909950428,1453909950428,0,1453910945900,1453910947067,1453911222775,1453911315900,1453943283760,1453910938900,16666666,1453911716900,1453912110442,1453912344025,1453912711484,1453928400234,573167,825625,1453928400234,1453914987775,0,1453912711484,
0,212644,1453926617094,1453926617094,0,1453928787609,1453928788650,1453929008484,1453929052275,1453959950426,1453928781900,16666666,1453929630484,1453929647692,1453929755734,1453930492400,1453944729359,946084,108667,1453944729359,1453932197775,0,1453930492400,
0,212652,1453943283760,1453943283760,0,1453944836775,1453944837775,1453945250859,1453945294192,1453976617092,1453944830317,16666666,1453945565067,1453945803109,1453945841984,1453946251317,1453961543484,715250,94625,1453961543484,1453947746109,0,1453946251317,
0,212660,1453959950426,1453959950426,0,1453961900567,1453961901400,1453962081192,1453962120984,1453993283758,1453961895025,16666666,1453962458692,1453962750984,1453962829525,1453963292734,1453977519109,2417,158083,1453977519109,1453964454317,0,1453963292734,
0,212668,1453976617092,1453976617092,0,1453978142650,1453978143817,1453978678900,1453978729692,1454009950424,1453978136359,16666666,1453979066734,1453979242734,1453979279192,1453979776317,1453994387150,1833,75583,1453994387150,1453980562817,0,1453979776317,
0,212676,1453993283758,1453993283758,0,1453995271817,1453995273192,1453996506484,1453996562609,1454026617090,1453995264484,16666666,1453997093442,1453997251150,1453997288484,1453997797692,1454010661859,1834,155792,1454010661859,1453998517192,0,1453997797692,
0,212684,1454009950424,1454009950424,0,1454011540359,1454011541692,1454011834984,1454011896859,1454043283756,1454011533525,16666666,1454012647900,1454012822609,1454012855817,1454013285859,1454027578192,1458,86459,1454027578192,1454014205859,0,1454013285859,
0,212692,1454026617090,1454026617090,0,1454027990150,1454027991067,1454028341400,1454028393067,1454059950422,1454027984150,16666666,1454028736609,1454030218317,1454030271275,1454030866692,1454044501359,3417,491333,1454044501359,1454032431775,0,1454030866692,
0,212700,1454043283756,1454043283756,0,1454044967942,1454044968859,1454045127525,1454045166984,1454076617088,1454044962859,16666666,1454045976692,1454046402942,1454046466109,1454046864484,1454049133984,2292,1236875,1454049089609,1454049133984,0,1454046864484,
0,212708,1454059950422,1454059950422,0,1454061825025,1454061825942,1454062953567,1454063006859,1454093283754,1454061819984,16666666,1454063793900,1454064282567,1454064335109,1454065145567,1454077515317,2000,220000,1454077515317,1454066124150,0,1454065145567,
0,212716,1454076617088,1454076617088,0,1454077652525,1454077653442,1454077888567,1454077929525,1454109950420,1454077646859,16666666,1454078194775,1454078600317,1454078689109,1454079168400,1454097409900,667459,95709,1454097409900,1454081772650,0,1454079168400,
0,212724,1454093283754,1454093283754,0,1454099150609,1454099151900,1454099495400,1454099554525,1454126617086,1454099144525,16666666,1454099939859,1454100115484,1454100192275,1454100575359,1454114630192,1792,173584,1454114630192,1454101393650,0,1454100575359,
0,212732,1454109950420,1454109950420,0,1454115423150,1454115424109,1454115639692,1454115682234,1454143283752,1454115417317,16666666,1454115941025,1454116621317,1454116659984,1454117763150,1454127667400,2041,122125,1454127667400,1454118493359,0,1454117763150,
0,212740,1454126617086,1454126617086,0,1454128254734,1454128255650,1454129149067,1454129218025,1454159950418,1454128248859,16666666,1454131649984,1454131735484,1454131771942,1454132174567,1454145551650,1833,315666,1454145551650,1454133456275,0,1454132174567,
0,212748,1454143283752,1454143283752,0,1454146035109,1454146036359,1454146355650,1454146404150,1454176617084,1454146029192,16666666,1454146997025,1454147190900,1454147227150,1454147531609,1454148971150,2125,713667,1454148933609,1454148971150,0,1454147531609,
0,212756,1454159950418,1454159950418,0,1454163921859,1454163922775,1454165356609,1454165422484,1454193283750,1454163916817,16666666,1454165792567,1454166311150,1454166363234,1454166722692,1454177458817,2458,291084,1454177458817,1454167723567,0,1454166722692,
0,212764,1454176617084,1454176617084,0,1454177867650,1454177868484,1454178021400,1454178062442,1454209950416,1454177862192,16666666,1454180321859,1454180434900,1454180471609,1454180837067,1454195205609,1833,136708,1454195205609,1454182980859,0,1454180837067,
0,212772,1454193283750,1454193283750,0,1454194367817,1454194368567,1454194585609,1454194631150,1454226617082,1454194361734,16666666,1454194937484,1454195074900,1454195109234,1454195484567,1454198776442,344417,982417,1454198336150,1454198776442,0,1454195484567,
0,212780,1454209950416,1454209950416,0,1454211642734,1454211643650,1454211833650,1454211882984,1454243283748,1454211637442,16666666,1454212692400,1454212881525,1454213040650,1454213378234,1454214897650,2125,315875,1454214815942,1454214897650,0,1454213378234,
0,212788,1454226617082,1454226617082,0,1454228712025,1454228712859,1454228900359,1454228944025,1454259950414,1454228706567,16666666,1454229205359,1454229514900,1454229555400,1454230986192,1454232289067,4500,657583,1454232231317,1454232289067,0,1454230986192,
0,212796,1454243283748,1454243283748,0,1454246442692,1454246444192,1454246772650,1454246823859,1454276617080,1454246435067,16666666,1454246982484,1454247086234,1454247124234,1454247440234,1454261674359,2083,291333,1454261674359,1454248563734,0,1454247440234,
0,212804,1454259950414,1454259950414,0,1454262881817,1454262882984,1454263351234,1454263412317,1454293283746,1454262874942,16666666,1454263431484,1454263459859,1454263638192,1454264193234,1454276906817,1792,161584,1454276906817,1454265220484,0,1454264193234,
0,212812,1454276617080,1454276617080,0,1454277291984,1454277292942,1454277632025,1454277675609,1454309950412,1454277286400,16666666,1454278292359,1454278317525,1454278363859,1454278692984,1454294720692,1833,1415375,1454294720692,1454280992692,0,1454278692984,
0,212820,1454293283746,1454293283746,0,1454295068775,1454295069567,1454295375359,1454295445442,1454326617078,1454295063400,16666666,1454295890317,1454296067942,1454296103276,1454296594151,1454310765026,2000,202583,1454310765026,1454297195942,0,1454296594151,
0,212828,1454309950412,1454309950412,0,1454311112776,1454311113984,1454311308234,1454311355942,1454343283744,1454311107484,16666666,1454311659567,1454312282151,1454312302651,1454312996776,1454327370817,2805583,245333,1454327370817,1454316956942,0,1454312996776,
0,212836,1454326617078,1454326617078,0,1454327539109,1454327540026,1454327741984,1454327784484,1454359950410,1454327533609,16666666,1454328725234,1454329845151,1454329896234,1454332293359,1454344342192,529834,104334,1454344342192,1454333878609,0,1454332293359,
0,212844,1454343283744,1454343283744,0,1454344500692,1454344501567,1454344696276,1454344752109,1454376617076,1454344495192,16666666,1454345082276,1454345460109,1454345659067,1454345999942,1454348171859,2291,463291,1454348125609,1454348171859,0,1454345999942,
0,212852,1454359950410,1454359950410,0,1454361099109,1454361100192,1454361340692,1454361394442,1454393283742,1454361092942,16666666,1454361729234,1454362309109,1454362358817,1454363161901,1454377548484,1708,223750,1454377548484,1454364257192,0,1454363161901,
0,212860,1454376617076,1454376617076,0,1454377577151,1454377577942,1454377770109,1454377818984,1454409950408,1454377571317,16666666,1454378240651,1454378578026,1454378617567,1454379141401,1454394025692,2708,596375,1454394025692,1454380423609,0,1454379141401,
0,212868,1454393283742,1454393283742,0,1454394355067,1454394356067,1454394561067,1454394611317,1454426617074,1454394349109,16666666,1454394926109,1454394955692,1454395030609,1454395366234,1454410753026,327958,179208,1454410753026,1454397395859,0,1454395366234,
0,212876,1454409950408,1454409950408,0,1454410878234,1454410879067,1454411305984,1454411381067,1454443283740,1454410872026,16666666,1454411782026,1454412146692,1454412187692,1454412978026,1454427104484,1584,96416,1454427104484,1454414108692,0,1454412978026,
0,212884,1454426617074,1454426617074,0,1454427525817,1454427526567,1454428648901,1454428696276,1454459950406,1454427519984,16666666,1454428842651,1454429061109,1454429102734,1454429592984,1454445040359,2875,474458,1454445040359,1454430882817,0,1454429592984,
0,212892,1454443283740,1454443283740,0,1454444993776,1454444994567,1454445227567,1454445272984,1454476617072,1454444988526,16666666,1454445285734,1454445438692,1454445529692,1454446008817,1454462883817,1417,75500,1454462883817,1454449356526,0,1454446008817,
0,212900,1454459950406,1454459950406,0,1454463861942,1454463862692,1454464795359,1454464868109,1454493283738,1454463856859,16666666,1454465486734,1454465750859,1454465788776,1454466417526,1454477434776,2292,249583,1454477434776,1454467621067,0,1454466417526,
0,212908,1454476617072,1454476617072,0,1454478053192,1454478054484,1454478413526,1454478477192,1454509950404,1454478046859,16666666,1454478886317,1454481763942,1454481815817,1454482111442,1454493939359,800250,93250,1454493939359,1454483662901,0,1454482111442,
0,212916,1454493283738,1454493283738,0,1454494293651,1454494294567,1454494610484,1454494659026,1454526617070,1454494287776,16666666,1454494944609,1454495156109,1454495192067,1454495857359,1454512965317,1584,235167,1454512965317,1454497252401,0,1454495857359,
0,212924,1454509950404,1454509950404,0,1454510937609,1454510938734,1454511177776,1454511347526,1454543283736,1454510930442,16666666,1454511812276,1454513357776,1454513381067,1454514288151,1454527489692,4921000,201291,1454527489692,1454521756734,0,1454514288151,
0,212932,1454526617070,1454526617070,0,1454527776484,1454527777401,1454528090942,1454528137484,1454559950402,1454527770734,16666666,1454528412776,1454528630067,1454529018442,1454529416067,1454531421776,2083,1242666,1454531362276,1454531421776,0,1454529416067,
0,212940,1454543283736,1454543283736,0,1454545937276,1454545938151,1454546114776,1454546157817,1454576617068,1454545931484,16666666,1454546454567,1454546808901,1454546857567,1454547200442,1454561341234,2125,162334,1454561341234,1454548826817,0,1454547200442,
0,212948,1454559950402,1454559950402,0,1454562058442,1454562059442,1454562371067,1454562421817,1454593283734,1454562052276,16666666,1454563208484,1454563441942,1454563475817,1454563900984,1454577963192,1666,271375,1454577963192,1454564799651,0,1454563900984,
0,212956,1454576617068,1454576617068,0,1454578025109,1454578025984,1454578851901,1454578951109,1454609950400,1454578019609,16666666,1454579237401,1454580047567,1454580088192,1454580929901,1454594419109,332500,279709,1454594419109,1454582524484,0,1454580929901,
0,212964,1454593283734,1454593283734,0,1454597384859,1454597385776,1454598309276,1454598358692,1454626617066,1454597379526,16666666,1454598689067,1454598882609,1454598917234,1454599223942,1454610807942,2000,269750,1454610807942,1454600979151,0,1454599223942,
0,212972,1454609950400,1454609950400,0,1454611579859,1454611580817,1454611818526,1454611860901,1454643283732,1454611574942,16666666,1454612433651,1454612746359,1454612973484,1454613426151,1454614888984,2917,413458,1454614829359,1454614888984,0,1454613426151,
0,212980,1454626617066,1454626617066,0,1454629316276,1454629317276,1454629497901,1454629538234,1454659950398,1454629310734,16666666,1454629550734,1454630147026,1454630188151,1454632340859,1454645175026,1834,306458,1454645175026,1454633559901,0,1454632340859,
0,212988,1454643283732,1454643283732,0,1454645565484,1454645566442,1454645742734,1454645805609,1454676617064,1454645560276,16666666,1454646234151,1454646522151,1454646558234,1454647317109,1454649251484,3291,215000,1454649191192,1454649251484,0,1454647317109,
0,212996,1454659950398,1454659950398,0,1454661205692,1454661206817,1454661439234,1454661490484,1454693283730,1454661199609,16666666,1454661810567,1454662173734,1454662219651,1454662630401,1454677369526,1095000,535375,1454677369526,1454664927651,0,1454662630401,
0,213004,1454676617064,1454676617064,0,1454677510442,1454677511401,1454677779567,1454677859984,1454709950396,1454677504776,16666666,1454678191776,1454678599776,1454678643442,1454679243026,1454681910484,246500,706250,1454681601067,1454681910484,0,1454679243026,
0,213012,1454693283730,1454693283730,0,1454693961901,1454693962942,1454694156026,1454694202109,1454726617062,1454693955859,16666666,1454694483692,1454694502192,1454694741526,1454695388942,1454696862651,151375,693084,1454696676234,1454696862651,0,1454695388942,
0,213020,1454709950396,1454709950396,0,1454711176692,1454711177734,1454711431692,1454711483734,1454743283728,1454711170359,16666666,1454711939109,1454712064859,1454712211776,1454712755359,1454727119942,1417,97584,1454727119942,1454713752234,0,1454712755359,
0,213028,1454726617062,1454726617062,0,1454727845442,1454727846692,1454728504942,1454728557192,1454759950394,1454727839109,16666666,1454728854401,1454728987776,1454729266317,1454729679401,1454743818567,2667,252333,1454743818567,1454730770026,0,1454729679401,
0,213036,1454743283728,1454743283728,0,1454744357859,1454744359401,1454745030317,1454745076317,1454776617060,1454744351234,16666666,1454746034526,1454746210192,1454746249984,1454746639401,1454760315317,2334,149667,1454760315317,1454747476817,0,1454746639401,
0,213044,1454759950394,1454759950394,0,1454761482859,1454761483859,1454761690484,1454761751484,1454793283726,1454761477276,16666666,1454762013567,1454762035192,1454762069817,1454762676817,1454777237776,2166,229958,1454777237776,1454763763692,0,1454762676817,
0,213052,1454776617060,1454776617060,0,1454778012692,1454778013901,1454778544901,1454778610817,1454809950392,1454778007192,16666666,1454779027692,1454779216401,1454779635067,1454780625567,1454794230609,3458,320250,1454794230609,1454781734026,0,1454780625567,
0,213060,1454793283726,1454793283726,0,1454794632942,1454794633859,1454794828567,1454794870942,1454826617058,1454794626317,16666666,1454795035609,1454795678067,1454795882651,1454796864776,1454810405859,1500,195709,1454810405859,1454797953859,0,1454796864776,
0,213068,1454809950392,1454809950392,0,1454811353276,1454811354151,1454811624401,1454811669942,1454843283724,1454811348026,16666666,1454811683192,1454811824109,1454811861609,1454812728192,1454827708109,82750,67166,1454827708109,1454813370026,0,1454812728192,
0,213076,1454826617058,1454826617058,0,1454828797651,1454828799151,1454829500401,1454829564609,1454859950390,1454828790109,16666666,1454830413067,1454830587942,1454830627651,1454830953442,1454845721734,1500,142833,1454845721734,1454831855359,0,1454830953442,
0,213084,1454843283724,1454843283724,0,1454845384984,1454845385859,1454845721484,1454845786192,1454876617056,1454845380026,16666666,1454846200901,1454846373901,1454846421484,1454846776151,1454861121859,650084,65416,1454861121859,1454848423942,0,1454846776151,
0,213092,1454859950390,1454859950390,0,1454861644692,1454861645817,1454861816484,1454861943609,1454893283722,1454861639234,16666666,1454862628109,1454863442651,1454863531401,1454864952567,1454877456901,1541,126250,1454877456901,1454865832942,0,1454864952567,
0,213100,1454876617056,1454876617056,0,1454877821234,1454877822067,1454878052984,1454878097359,1454909950388,1454877815526,16666666,1454878820484,1454878994859,1454879040276,1454879567776,1454894561109,1666,111000,1454894561109,1454880710234,0,1454879567776,
0,213108,1454893283722,1454893283722,0,1454894899734,1454894900526,1454895174192,1454895218651,1454926617054,1454894894026,16666666,1454895903776,1454895981151,1454896172359,1454896467401,1454913379609,1750,222208,1454913379609,1454897524026,0,1454896467401,
0,213116,1454909950388,1454909950388,0,1454913901859,1454913902817,1454914446401,1454914759901,1454943283720,1454913828734,16666666,1454915207276,1454915585442,1454915639734,1454916615567,1454927362067,3041,406209,1454927362067,1454918375109,0,1454916615567,
0,213124,1454926617054,1454926617054,0,1454927958484,1454927959609,1454928325942,1454928389401,1454959950386,1454927951317,16666666,1454929175776,1454929483401,1454929535276,1454930112692,1454944411026,1958,364875,1454944411026,1454931318109,0,1454930112692,
0,213132,1454943283720,1454943283720,0,1454944730192,1454944731359,1454945172151,1454945223734,1454976617052,1454944723776,16666666,1454945547317,1454945666776,1454945752567,1454946305859,1454961334901,2208,268916,1454961334901,1454947239026,0,1454946305859,
0,213140,1454959950386,1454959950386,0,1454961820442,1454961821234,1454962040942,1454962093109,1454993283718,1454961813776,16666666,1454962403192,1454962430609,1454962485109,1454963376359,1454977512484,1500,107917,1454977512484,1454964512567,0,1454963376359,
0,213148,1454976617052,1454976617052,0,1454977691859,1454977693109,1454978104692,1454978160026,1455009950384,1454977685192,16666666,1454978349317,1454978538442,1454978632734,1454979403276,1454996099693,2708,559000,1454996099693,1454980552651,0,1454979403276,
0,213156,1454993283718,1454993283718,0,1454996464234,1454996465151,1454999576984,1454999633609,1455026617050,1454996459318,16666666,1454999647693,1455000592026,1455000644734,1455000947109,1455010982526,1500,186208,1455010982526,1455002066693,0,1455000947109,
0,213164,1455009950384,1455009950384,0,1455011140943,1455011142318,1455011705901,1455011776234,1455043283716,1455011133609,16666666,1455012350901,1455012482818,1455012539526,1455016081484,1455027638734,951125,246875,1455027638734,1455018009901,0,1455016081484,
0,213172,1455026617050,1455026617050,0,1455028372109,1455028372859,1455028723901,1455028774193,1455059950382,1455028366568,16666666,1455029102151,1455029120651,1455029181984,1455029707984,1455043900651,1500,164583,1455043900651,1455030447401,0,1455029707984,
0,213180,1455043283716,1455043283716,0,1455044236651,1455044237818,1455044506401,1455044556568,1455076617048,1455044230443,16666666,1455044966859,1455045564484,1455045717859,1455046312193,1455060681901,1208,107708,1455060681901,1455047693651,0,1455046312193,
0,213188,1455059950382,1455059950382,0,1455060724193,1455060725484,1455061373734,1455061420068,1455093283714,1455060717359,16666666,1455061874818,1455062822609,1455062875401,1455063541276,1455077119068,1792,99708,1455077119068,1455064291484,0,1455063541276,
0,213196,1455076617048,1455076617048,0,1455077372151,1455077373318,1455077550901,1455077590984,1455109950380,1455077367151,16666666,1455078387693,1455078928151,1455079028734,1455079389151,1455093726026,1750,210042,1455093726026,1455081246026,0,1455079389151,
0,213204,1455093283714,1455093283714,0,1455094026026,1455094027026,1455094353693,1455094429734,1455126617046,1455094020443,16666666,1455094863109,1455095348359,1455095391401,1455096542359,1455110485151,2125,223250,1455110485151,1455097936318,0,1455096542359,
0,213212,1455109950380,1455109950380,0,1455110849568,1455110850484,1455111019901,1455111065443,1455143283712,1455110843901,16666666,1455111607734,1455112166943,1455112755276,1455113102109,1455114809443,140583,771417,1455114627609,1455114809443,0,1455113102109,
0,213220,1455126617046,1455126617046,0,1455127510901,1455127512318,1455127754151,1455127806109,1455159950378,1455127504193,16666666,1455128243484,1455128905359,1455128944901,1455129259693,1455143757734,1834,145292,1455143757734,1455129876901,0,1455129259693,
0,213228,1455143283712,1455143283712,0,1455146079526,1455146080318,1455146852984,1455147128026,1455176617044,1455146073484,16666666,1455147482443,1455147636651,1455147676401,1455148639276,1455161510943,2250,122209,1455161510943,1455149370276,0,1455148639276,
0,213236,1455159950378,1455159950378,0,1455161653693,1455161654859,1455161928026,1455161976068,1455193283710,1455161647109,16666666,1455162158818,1455162402109,1455162453234,1455162914818,1455179048526,5208,538584,1455179048526,1455164356776,0,1455162914818,
0,213244,1455176617044,1455176617044,0,1455179573776,1455179575151,1455179854193,1455179914734,1455209950376,1455179566776,16666666,1455179931859,1455180460484,1455180500651,1455181140901,1455193811984,4042,637375,1455193811984,1455182427234,0,1455181140901,
0,213252,1455193283710,1455193283710,0,1455194280734,1455194281818,1455194475359,1455194521276,1455226617042,1455194274026,16666666,1455194828818,1455195079609,1455195106318,1455195644984,1455210529693,1584,232792,1455210529693,1455196733401,0,1455195644984,
0,213260,1455209950376,1455209950376,0,1455210944818,1455210945818,1455211210234,1455211261734,1455243283708,1455210939526,16666666,1455211552068,1455211614818,1455211784859,1455212890359,1455227199234,1750,88041,1455227199234,1455213821443,0,1455212890359,
0,213268,1455226617042,1455226617042,0,1455227479068,1455227479859,1455227682734,1455227726776,1455259950374,1455227473193,16666666,1455227996693,1455228349443,1455228412443,1455228991526,1455244211359,1333,234375,1455244211359,1455229772776,0,1455228991526,
0,213276,1455243283708,1455243283708,0,1455244230234,1455244231318,1455244706193,1455244777359,1455276617040,1455244224818,16666666,1455245169859,1455245602109,1455245676984,1455246044109,1455262750401,2417,167708,1455262750401,1455246973109,0,1455246044109,
0,213284,1455259950374,1455259950374,0,1455263349859,1455263350776,1455263542193,1455263587734,1455293283706,1455263344443,16666666,1455263913026,1455264119193,1455264140359,1455264715984,1455277588568,3792,248458,1455277588568,1455266245943,0,1455264715984,
0,213292,1455276617040,1455276617040,0,1455277929984,1455277931193,1455278105443,1455278147318,1455309950372,1455277924068,16666666,1455278435484,1455278576901,1455278657318,1455279418651,1455280670234,1708,192209,1455280637151,1455280670234,0,1455279418651,
0,213300,1455293283706,1455293283706,0,1455294449609,1455294450484,1455294720818,1455294765859,1455326617038,1455294444068,16666666,1455295083568,1455295264401,1455295536859,1455295956151,1455297170568,2417,430209,1455297130068,1455297170568,0,1455295956151,
0,213308,1455309950372,1455309950372,0,1455310898776,1455310899734,1455311348151,1455311406734,1455343283704,1455310892651,16666666,1455311771359,1455312304526,1455312358943,1455312841693,1455327168943,2458,84041,1455327168943,1455313427734,0,1455312841693,
0,213316,1455326617038,1455326617038,0,1455327586609,1455327587609,1455327826234,1455327874401,1455359950370,1455327581193,16666666,1455328603318,1455328932859,1455329012193,1455329511068,1455343813318,1291,153375,1455343813318,1455330275859,0,1455329511068,
0,213324,1455343283704,1455343283704,0,1455344334026,1455344334943,1455344506859,1455344553734,1455376617036,1455344328693,16666666,1455344713734,1455344980359,1455345061109,1455345696734,1455362378984,1458,81125,1455362378984,1455346470234,0,1455345696734,
0,213332,1455359950370,1455359950370,0,1455362680193,1455362681526,1455362972443,1455363035984,1455393283702,1455362672901,16666666,1455363053401,1455363215609,1455363267818,1455363719776,1455378386193,624458,188083,1455378386193,1455365589359,0,1455363719776,
0,213340,1455376617036,1455376617036,0,1455379230818,1455379232234,1455379493026,1455379626443,1455409950368,1455379224359,16666666,1455380675109,1455381317359,1455381362943,1455382295901,1455384556026,2167,1108000,1455384516734,1455384556026,0,1455382295901,
0,213348,1455393283702,1455393283702,0,1455394057276,1455394058068,1455394246818,1455394291776,1455426617034,1455394051568,16666666,1455394671859,1455394940109,1455394975109,1455395525609,1455410567568,2333,167750,1455410567568,1455396518609,0,1455395525609,
0,213356,1455409950368,1455409950368,0,1455411073818,1455411074609,1455411818193,1455411899026,1455443283700,1455411068193,16666666,1455412820068,1455413526651,1455413576276,1455413877776,1455415724568,1959,351333,1455415693609,1455415724568,0,1455413877776,
0,213364,1455426617034,1455426617034,0,1455427434901,1455427436359,1455427763859,1455428329026,1455459950366,1455427428859,16666666,1455428711609,1455429283193,1455429340276,1455431087984,1455432971693,3292,475625,1455432897943,1455432971693,0,1455431087984,
0,213372,1455443283700,1455443283700,0,1455444343068,1455444344359,1455444629943,1455444686943,1455476617032,1455444335359,16666666,1455445551693,1455446146193,1455446169651,1455446541068,1455460605526,1359584,119417,1455460605526,1455448598359,0,1455446541068,
0,213380,1455459950366,1455459950366,0,1455460978109,1455460979443,1455461265651,1455461324776,1455493283698,1455460970568,16666666,1455461742568,1455462820734,1455463029109,1455463401193,1455478149026,392958,244250,1455478149026,1455464826318,0,1455463401193,
0,213388,1455476617032,1455476617032,0,1455479364151,1455479365109,1455479547526,1455479589484,1455509950364,1455479358526,16666666,1455479927276,1455480935068,1455480971276,1455481286151,1455494976401,1283458,135250,1455494976401,1455483874609,0,1455481286151,
0,213396,1455493283698,1455493283698,0,1455494625193,1455494626026,1455494810734,1455494854109,1455526617030,1455494619943,16666666,1455495119526,1455495226526,1455495271943,1455495607568,1455510852859,516291,112291,1455510852859,1455497280859,0,1455495607568,
0,213404,1455509950364,1455509950364,0,1455511549568,1455511550693,1455511790484,1455511850193,1455543283696,1455511542651,16666666,1455512582984,1455512694776,1455512798359,1455514054901,1455527759901,1625,89708,1455527759901,1455514724693,0,1455514054901,
0,213412,1455526617030,1455526617030,0,1455527954943,1455527955901,1455528268943,1455528311568,1455559950362,1455527949318,16666666,1455528471734,1455530057984,1455530104484,1455530820943,1455543909443,1708,81084,1455543909443,1455532795484,0,1455530820943,
0,213420,1455543283696,1455543283696,0,1455545803693,1455545804693,1455547489068,1455547538401,1455576617028,1455545798359,16666666,1455547552193,1455547755484,1455547818068,1455549292693,1455562988526,1625,144167,1455562988526,1455551463026,0,1455549292693,
0,213428,1455559950362,1455559950362,0,1455563280984,1455563282109,1455563633859,1455563674859,1455593283694,1455563274984,16666666,1455564869568,1455564885818,1455564928609,1455567494818,1455577401776,1942625,149417,1455577401776,1455571367359,0,1455567494818,
0,213436,1455576617028,1455576617028,0,1455578091234,1455578092359,1455578426568,1455578488443,1455593283694,1455578084484,16666666,1455578917651,1455579941484,1455579970068,1455581299984,1453594042192,1625,413750,1453594042192,1455584377526,0,1455581299984,
---PROFILEDATA---


View hierarchy:

  dev.polski.grammarmatrix/dev.polski.grammarmatrix.GlassBenchmarkActivity/android.view.ViewRootImpl@af271ea
  7 views, 12.08 kB of render nodes


Total ViewRootImpl   : 1
Total attached Views : 7
Total RenderNode     : 12.08 kB (used) / 36.09 kB (capacity)