Applications Graphics Acceleration Info:
Uptime: 1463275 Realtime: 1463275

** Graphics info for pid 5729 [dev.polski.grammarmatrix] **

Stats since: 1457697246819ns
Total frames rendered: 258
Janky frames: 34 (13.18%)
Janky frames (legacy): 236 (91.47%)
50th percentile: 20ms
90th percentile: 48ms
95th percentile: 61ms
99th percentile: 150ms
Number Missed Vsync: 10
Number High input latency: 448
Number Slow UI thread: 19
Number Slow bitmap uploads: 1
Number Slow issue draw commands: 32
Number Frame deadline missed: 34
Number Frame deadline missed (legacy): 33
HISTOGRAM: 5ms=0 6ms=0 7ms=0 8ms=0 9ms=0 10ms=0 11ms=0 12ms=0 13ms=0 14ms=1 15ms=0 16ms=2 17ms=3 18ms=23 19ms=59 20ms=47 21ms=26 22ms=6 23ms=10 24ms=5 25ms=4 26ms=3 27ms=5 28ms=1 29ms=2 30ms=2 31ms=2 32ms=6 34ms=4 36ms=3 38ms=1 40ms=5 42ms=3 44ms=5 46ms=2 48ms=6 53ms=2 57ms=5 61ms=3 65ms=1 69ms=0 73ms=0 77ms=2 81ms=1 85ms=1 89ms=0 93ms=0 97ms=0 101ms=0 105ms=1 109ms=0 113ms=0 117ms=3 121ms=0 125ms=0 129ms=0 133ms=0 150ms=1 200ms=2 250ms=0 300ms=0 350ms=0 400ms=0 450ms=0 500ms=0 550ms=0 600ms=0 650ms=0 700ms=0 750ms=0 800ms=0 850ms=0 900ms=0 950ms=0 1000ms=0 1050ms=0 1100ms=0 1150ms=0 1200ms=0 1250ms=0 1300ms=0 1350ms=0 1400ms=0 1450ms=0 1500ms=0 1550ms=0 1600ms=0 1650ms=0 1700ms=0 1750ms=0 1800ms=0 1850ms=0 1900ms=0 1950ms=0 2000ms=0 2050ms=0 2100ms=0 2150ms=0 2200ms=0 2250ms=0 2300ms=0 2350ms=0 2400ms=0 2450ms=0 2500ms=0 2550ms=0 2600ms=0 2650ms=0 2700ms=0 2750ms=0 2800ms=0 2850ms=0 2900ms=0 2950ms=0 3000ms=0 3050ms=0 3100ms=0 3150ms=0 3200ms=0 3250ms=0 3300ms=0 3350ms=0 3400ms=0 3450ms=0 3500ms=0 3550ms=0 3600ms=0 3650ms=0 3700ms=0 3750ms=0 3800ms=0 3850ms=0 3900ms=0 3950ms=0 4000ms=0 4050ms=0 4100ms=0 4150ms=0 4200ms=0 4250ms=0 4300ms=0 4350ms=0 4400ms=0 4450ms=0 4500ms=0 4550ms=0 4600ms=0 4650ms=0 4700ms=0 4750ms=0 4800ms=0 4850ms=0 4900ms=0 4950ms=0
50th gpu percentile: 18ms
90th gpu percentile: 4950ms
95th gpu percentile: 4950ms
99th gpu percentile: 4950ms
GPU HISTOGRAM: 1ms=0 2ms=7 3ms=1 4ms=2 5ms=5 6ms=0 7ms=1 8ms=1 9ms=2 10ms=2 11ms=1 12ms=5 13ms=4 14ms=6 15ms=8 16ms=15 17ms=38 18ms=44 19ms=36 20ms=18 21ms=11 22ms=8 23ms=6 24ms=3 25ms=2 4950ms=32

Pipeline=Skia (OpenGL)
Memory policy:
  Max surface area: 2592000
  Max resource usage: 124.42MB (x48)
  Background retention: 50% (altUiHidden = true)
  GPU Context timeout: 10
Contexts: 1 (stopped = 0)
CPU Caches:
  Glyph Cache: 33.70 KB (1 entry)
  Glyph Count: 11 
Total CPU memory usage:
  34510 bytes, 33.70 KB (0.00 bytes is purgeable)
GPU Caches:
  Other:
    Other: 26.56 KB (1 entry)
    Buffer Object: 36.00 KB (1 entry)
  Scratch:
    Buffer Object: 80.00 KB (2 entries)
    Texture: 2.00 MB (1 entry)
Total GPU memory usage:
  2243136 bytes, 2.14 MB (68.00 KB is purgeable)

GraphicBufferAllocator buffers:
        Handle |        Size |     W (Stride) x H | Layers |   Format |      Usage | Requestor
0xb400007b2c426750 |     unknown | 1080 (   0) x 2400 |      1 |        1 | 0x     b00 | VRI[GlassBenchmarkActivity]#0(BLAST Consumer)0
0xb400007b2c426900 |     unknown | 1080 (   0) x 2400 |      1 |        1 | 0x     b00 | VRI[GlassBenchmarkActivity]#0(BLAST Consumer)0
0xb400007b2c437e50 |     unknown | 1080 (   0) x 2400 |      1 |        1 | 0x     b00 | VRI[GlassBenchmarkActivity]#0(BLAST Consumer)0
Total allocated by GraphicBufferAllocator (estimate): 0.00 KB
GoldfishAllocator::dumpDebugInfo is not implemented
Profile data in ms:

	dev.polski.grammarmatrix/dev.polski.grammarmatrix.GlassBenchmarkActivity/android.view.ViewRootImpl@af271ea (visibility=0)
Window: dev.polski.grammarmatrix/dev.polski.grammarmatrix.GlassBenchmarkActivity
Stats since: 1457697246194ns
Total frames rendered: 258
Janky frames: 34 (13.18%)
Janky frames (legacy): 236 (91.47%)
50th percentile: 20ms
90th percentile: 48ms
95th percentile: 61ms
99th percentile: 150ms
Number Missed Vsync: 10
Number High input latency: 448
Number Slow UI thread: 19
Number Slow bitmap uploads: 1
Number Slow issue draw commands: 32
Number Frame deadline missed: 34
Number Frame deadline missed (legacy): 33
HISTOGRAM: 5ms=0 6ms=0 7ms=0 8ms=0 9ms=0 10ms=0 11ms=0 12ms=0 13ms=0 14ms=1 15ms=0 16ms=2 17ms=3 18ms=23 19ms=59 20ms=47 21ms=26 22ms=6 23ms=10 24ms=5 25ms=4 26ms=3 27ms=5 28ms=1 29ms=2 30ms=2 31ms=2 32ms=6 34ms=4 36ms=3 38ms=1 40ms=5 42ms=3 44ms=5 46ms=2 48ms=6 53ms=2 57ms=5 61ms=3 65ms=1 69ms=0 73ms=0 77ms=2 81ms=1 85ms=1 89ms=0 93ms=0 97ms=0 101ms=0 105ms=1 109ms=0 113ms=0 117ms=3 121ms=0 125ms=0 129ms=0 133ms=0 150ms=1 200ms=2 250ms=0 300ms=0 350ms=0 400ms=0 450ms=0 500ms=0 550ms=0 600ms=0 650ms=0 700ms=0 750ms=0 800ms=0 850ms=0 900ms=0 950ms=0 1000ms=0 1050ms=0 1100ms=0 1150ms=0 1200ms=0 1250ms=0 1300ms=0 1350ms=0 1400ms=0 1450ms=0 1500ms=0 1550ms=0 1600ms=0 1650ms=0 1700ms=0 1750ms=0 1800ms=0 1850ms=0 1900ms=0 1950ms=0 2000ms=0 2050ms=0 2100ms=0 2150ms=0 2200ms=0 2250ms=0 2300ms=0 2350ms=0 2400ms=0 2450ms=0 2500ms=0 2550ms=0 2600ms=0 2650ms=0 2700ms=0 2750ms=0 2800ms=0 2850ms=0 2900ms=0 2950ms=0 3000ms=0 3050ms=0 3100ms=0 3150ms=0 3200ms=0 3250ms=0 3300ms=0 3350ms=0 3400ms=0 3450ms=0 3500ms=0 3550ms=0 3600ms=0 3650ms=0 3700ms=0 3750ms=0 3800ms=0 3850ms=0 3900ms=0 3950ms=0 4000ms=0 4050ms=0 4100ms=0 4150ms=0 4200ms=0 4250ms=0 4300ms=0 4350ms=0 4400ms=0 4450ms=0 4500ms=0 4550ms=0 4600ms=0 4650ms=0 4700ms=0 4750ms=0 4800ms=0 4850ms=0 4900ms=0 4950ms=0
50th gpu percentile: 18ms
90th gpu percentile: 4950ms
95th gpu percentile: 4950ms
99th gpu percentile: 4950ms
GPU HISTOGRAM: 1ms=0 2ms=7 3ms=1 4ms=2 5ms=5 6ms=0 7ms=1 8ms=1 9ms=2 10ms=2 11ms=1 12ms=5 13ms=4 14ms=6 15ms=8 16ms=15 17ms=38 18ms=44 19ms=36 20ms=18 21ms=11 22ms=8 23ms=6 24ms=3 25ms=2 4950ms=32



---PROFILEDATA---
Flags,FrameTimelineVsyncId,IntendedVsync,Vsync,InputEventId,HandleInputStart,AnimationStart,PerformTraversalsStart,DrawStart,FrameDeadline,FrameInterval,FrameStartTime,SyncQueued,SyncStart,IssueDrawCommandsStart,SwapBuffers,FrameCompleted,DequeueBufferDuration,QueueBufferDuration,GpuCompleted,SwapBuffersCompleted,DisplayPresentTime,CommandSubmissionCompleted,
0,215584,1460043283516,1460043283516,0,1460045207528,1460045208653,1460045512862,1460045569362,1460076616848,1460045200778,16666666,1460045878362,1460046527278,1460046566487,1460046866695,1460063558778,14806875,97833,1460063558778,1460062421862,0,1460046866695,
0,215592,1460059950182,1460059950182,0,1460060936445,1460060937237,1460061255112,1460061298028,1460093283514,1460060930903,16666666,1460061544945,1460062526778,1460062575945,1460062902987,1460082835862,17790500,118000,1460082835862,1460081429612,0,1460062902987,
0,215600,1460076616848,1460076616848,0,1460077538362,1460077539112,1460077722278,1460077766570,1460109950180,1460077532653,16666666,1460078004653,1460081505945,1460081567945,1460081959278,1460097230903,12678541,186500,1460097230903,1460095569195,0,1460081959278,
0,215608,1460093283514,1460093283514,0,1460094193612,1460094194570,1460094402320,1460094446278,1460126616846,1460094187903,16666666,1460094723153,1460095597445,1460095630778,1460095939945,1460114061820,15556417,135875,1460114061820,1460112844820,0,1460095939945,
0,215616,1460109950180,1460109950180,0,1460111105403,1460111106903,1460111402195,1460111458237,1460143283512,1460111098153,16666666,1460111744945,1460112919153,1460112959737,1460113282362,1460130258195,14801959,128583,1460130258195,1460129056653,0,1460113282362,
0,215624,1460126616846,1460126616846,0,1460127333820,1460127334778,1460127515153,1460127558653,1460159950178,1460127328445,16666666,1460127874237,1460129108153,1460129146903,1460129488903,1460147450028,15682166,98125,1460147450028,1460146012528,0,1460129488903,
0,215632,1460143283512,1460143283512,0,1460144342070,1460144342945,1460144556945,1460144604445,1460176616844,1460144336070,16666666,1460144971862,1460146092528,1460146155153,1460146557862,1460165223903,16173500,170166,1460165223903,1460163690528,0,1460146557862,
0,215640,1460159950178,1460159950178,0,1460161722612,1460161723570,1460161940278,1460161991487,1460193283510,1460161716570,16666666,1460162315903,1460163751112,1460163801278,1460164568570,1460182277987,15554333,109833,1460182277987,1460180855362,0,1460164568570,
0,215648,1460176616844,1460176616844,0,1460178225987,1460178226778,1460178428195,1460178471737,1460209950176,1460178220153,16666666,1460179268028,1460180945695,1460181005570,1460181410153,1460197026195,13237500,184209,1460197026195,1460195576487,0,1460181410153,
0,215656,1460193283510,1460193283510,0,1460194633820,1460194635028,1460194935945,1460194980862,1460226616842,1460194627778,16666666,1460195156653,1460195606778,1460195646112,1460195998612,1460215114237,16069875,104667,1460215114237,1460213349570,0,1460195998612,
0,215664,1460209950176,1460209950176,0,1460210961862,1460210963278,1460211224028,1460211289820,1460243283508,1460210949487,16666666,1460211306320,1460213425612,1460213509820,1460214326445,1460231707945,15391250,143291,1460231707945,1460230571862,0,1460214326445,
0,215672,1460226616842,1460226616842,0,1460229342778,1460229344112,1460229583862,1460229644612,1460259950174,1460229335278,16666666,1460230103612,1460230609195,1460230644195,1460230949903,1460248754112,15889209,88417,1460248754112,1460247653028,0,1460230949903,
0,215680,1460243283508,1460243283508,0,1460246497403,1460246498445,1460246749112,1460246793695,1460276616840,1460246491862,16666666,1460247414528,1460247675320,1460247711737,1460247980237,1460263936445,13924750,253500,1460263936445,1460262777445,0,1460247980237,
0,215688,1460259950174,1460259950174,0,1460261155237,1460261156070,1460261338612,1460261378570,1460293283506,1460261150070,16666666,1460261605070,1460262827612,1460262861862,1460263159278,1460281182070,15773334,248750,1460281182070,1460279767528,0,1460263159278,
0,215696,1460276616840,1460276616840,0,1460277954695,1460277955737,1460278179820,1460278230278,1460309950172,1460277948237,16666666,1460278512862,1460279827653,1460279869653,1460280242237,1460296667153,14257459,241750,1460296667153,1460295541778,0,1460280242237,
0,215704,1460293283506,1460293283506,0,1460294952528,1460294953487,1460295117570,1460295156987,1460326616838,1460294946445,16666666,1460295379362,1460295563362,1460295596028,1460295881112,1460314619237,16378000,147000,1460314619237,1460313106195,0,1460295881112,
0,215712,1460309950172,1460309950172,0,1460310859028,1460310859945,1460311091820,1460311137237,1460343283504,1460310853487,16666666,1460311430028,1460313163987,1460313212528,1460313589862,1460331680695,15694834,354833,1460331680695,1460330409195,0,1460313589862,
0,215720,1460326616838,1460326616838,0,1460328276820,1460328277778,1460328492195,1460328534653,1460359950170,1460328270570,16666666,1460328836570,1460330485987,1460330528195,1460330880112,1460348877112,15516458,265750,1460348877112,1460347258945,0,1460330880112,
0,215728,1460343283504,1460343283504,0,1460345140570,1460345142112,1460345501487,1460345565278,1460376616836,1460345132653,16666666,1460345841112,1460347309487,1460347350612,1460347639903,1460366161237,15826166,341666,1460366161237,1460364765612,0,1460347639903,
0,215736,1460359950170,1460359950170,0,1460361746153,1460361747070,1460362065570,1460362112112,1460393283502,1460361740487,16666666,1460362373070,1460364833445,1460364884903,1460365196653,1460381864112,13534500,227583,1460381864112,1460379799237,0,1460365196653,
0,215744,1460376616836,1460376616836,0,1460377260903,1460377261945,1460377444862,1460377488820,1460409950168,1460377255112,16666666,1460377660695,1460379880278,1460379941737,1460380636403,1460398624070,14794042,353959,1460398624070,1460396720778,0,1460380636403,
0,215752,1460393283502,1460393283502,0,1460394288987,1460394289778,1460394470653,1460394513320,1460426616834,1460394283403,16666666,1460394528945,1460396792737,1460396830528,1460397134112,1460415371570,15044042,254709,1460415371570,1460413727362,0,1460397134112,
0,215760,1460409950168,1460409950168,0,1460410812362,1460410813445,1460411007612,1460411051903,1460443283500,1460410806528,16666666,1460411472070,1460413788778,1460413827737,1460414288778,1460432786028,15288416,314417,1460432786028,1460430721903,0,1460414288778,
0,215768,1460426616834,1460426616834,0,1460428352278,1460428353528,1460428559153,1460428614695,1460459950166,1460428345070,16666666,1460428955987,1460430777862,1460430814028,1460431399070,1460457552487,21688375,312417,1460457552487,1460454532320,0,1460431399070,
0,215776,1460443283500,1460443283500,0,1460445760028,1460445761362,1460446053195,1460446119445,1460476616832,1460445753320,16666666,1460446465445,1460454629820,1460454673820,1460455570028,1460476585278,14100958,347750,1460476585278,1460471728778,0,1460455570028,
0,215784,1460459950166,1460459950166,0,1460467135028,1460467136362,1460467543528,1460467611487,1460493283498,1460467128320,16666666,1460469441153,1460472788820,1460472814028,1460474214945,1460498115653,15044625,158167,1460498115653,1460491790362,0,1460474214945,
0,215792,1460476616832,1460476616832,0,1460478857362,1460478858362,1460479128237,1460479174278,1460526616830,1460478851737,16666666,1460481384570,1460491861112,1460492257612,1460495411612,1460517203695,11871750,1629708,1460517203695,1460510049237,0,1460495411612,
0,215800,1460493283498,1460493283498,0,1460498574487,1460498575737,1460498665278,1460498826945,1460543283496,1460498567903,16666666,1460499171778,1460510919945,1460510965528,1460513411653,1460533451612,7368084,3515916,1460533451612,1460526907737,0,1460513411653,
0,215808,1460509950164,1460509950164,0,1460515565362,1460515566403,1460515834778,1460515890195,1460559950162,1460515558903,16666666,1460516345237,1460527018403,1460527059320,1460529348612,1460562405362,23336958,115750,1460562405362,1460556881987,0,1460529348612,
0,215816,1460526616830,1460526616830,0,1460530669403,1460530670195,1460531272028,1460531315570,1460593283494,1460530664653,16666666,1460531546653,1460556980903,1460557050945,1460558064153,1460573016362,7737917,122417,1460573016362,1460570264028,0,1460558064153,
0,215824,1460543283496,1460543283496,0,1460557833570,1460557833862,1460557912945,1460557950570,1460609950160,1460557830028,16666666,1460558161070,1460570343362,1460570391612,1460570712028,1460596971862,17061126,280084,1460596971862,1460590207737,0,1460570712028,
0,215832,1460559950162,1460559950162,0,1460573656403,1460573657403,1460573737528,1460573784778,1460626616826,1460573650237,16666666,1460573912237,1460590325112,1460590378029,1460590877070,1460605868404,1598375,127208,1460605868404,1460604490070,0,1460590877070,
0,215840,1460576616828,1460576616828,0,1460591725320,1460591725820,1460601811279,1460601855445,1460643283492,1460591721404,16666666,1460601871279,1460604543945,1460604617195,1460604916737,1460625540820,13955708,241833,1460625540820,1460619903904,0,1460604916737,
0,215849,1460609950160,1460609950160,0,1460611093862,1460611094987,1460611459070,1460611519404,1460659950158,1460611086445,16666666,1460611829654,1460619999279,1460620112070,1460622598570,1460672325654,39434792,395208,1460672325654,1460665050654,0,1460622598570,
0,215857,1460626616826,1460626616826,0,1460631632987,1460631633945,1460633056862,1460633136487,1460693283490,1460631627112,16666666,1460633540695,1460665138737,1460665178987,1460667639820,1460699540487,20331542,148458,1460699540487,1460692745529,0,1460667639820,
0,215865,1460643283492,1460659950158,0,1460666699362,1460666699779,1460666804029,1460666845445,1460726616822,1460666694195,16666666,1460667051487,1460692845029,1460692917904,1460695976737,1460711577445,3737542,188792,1460711577445,1460703909029,0,1460695976737,
0,215873,1460676616824,1460693283490,0,1460693996529,1460693997279,1460694591529,1460694873695,1460743283488,1460693990945,16666666,1460695489820,1460704973195,1460705046529,1460705950654,1460745246945,18735500,144250,1460745246945,1460730378445,0,1460705950654,
2,215897,1460726616822,1460726616822,0,1460726616822,1460726616822,1460726616822,1460726616822,1460776616820,1460726616822,16666666,1460733079779,1460733080529,1460733104445,1460734990445,1460761619862,14861417,131458,1460761619862,1460760177112,0,1460734990445,
0,215912,1460759950154,1460759950154,0,1460769001195,1460769002237,1460769170570,1460769219654,1460793283486,1460768995237,16666666,1460769383487,1460771285487,1460771339570,1460772207654,1460783726112,4250,1467833,1460783726112,1460775297612,0,1460772207654,
0,215920,1460776616820,1460776616820,0,1460781585070,1460781586112,1460782802487,1460782859779,1460809950152,1460781579404,16666666,1460782875612,1460785856987,1460785893570,1460787610695,1460813204362,14584875,1637750,1460813204362,1460807936195,0,1460787610695,
0,215928,1460793283486,1460793283486,0,1460799277445,1460799278445,1460799447654,1460799495445,1460843283484,1460799271570,16666666,1460799838945,1460808116195,1460808146112,1460811547862,1460834244320,15854792,123500,1460834244320,1460831727154,0,1460811547862,
0,215936,1460809950152,1460809950152,0,1460813123570,1460813124279,1460814956029,1460815036445,1460859950150,1460813118987,16666666,1460815475195,1460831801945,1460831848737,1460837724570,1460845744195,4412667,141416,1460845744195,1460845045029,0,1460837724570,
0,215944,1460826616818,1460826616818,0,1460834445695,1460834446945,1460834665904,1460835287820,1460876616816,1460834436112,16666666,1460835580529,1460845134862,1460845256445,1460846916820,1460881187445,6603084,205041,1460881187445,1460866665779,0,1460846916820,
0,215952,1460843283484,1460859950150,0,1460876163445,1460876164445,1460876326987,1460876374362,1460909950148,1460876156362,16666666,1460876982695,1460878468737,1460878613445,1460878985404,1460901237654,18879041,110542,1460901237654,1460900143820,0,1460878985404,
0,215961,1460893283482,1460893283482,0,1460902275820,1460902277112,1460903533987,1460903593987,1460909950148,1460902269237,16666666,1460903959737,1460905873070,1460905944779,1460913547445,1458796974278,45815500,155709,1458796974278,1460964492320,0,1460913547445,
0,215968,1460909950148,1460909950148,0,1460918395820,1460918396404,1460918496612,1460918540570,1460926616814,1460918389820,16666666,1460918770612,1460964573445,1460964637362,1460965103570,1460973776070,1333,133667,1460973776070,1460966133862,0,1460965103570,
0,215976,1460926616814,1460959950146,0,1460968549779,1460968551070,1460968830362,1460968863779,1460993283478,1460968542987,16666666,1460968999654,1460969572862,1460969876654,1460970932279,1460984325529,7688084,116250,1460984325529,1460981541820,0,1460970932279,
0,215984,1460976616812,1460976616812,0,1460979901237,1460979902570,1460981309070,1460981359737,1461009950144,1460979893695,16666666,1460981373404,1460981574487,1460981612279,1460982308862,1461010749737,24055917,379875,1461010749737,1461008666695,0,1460982308862,
0,215992,1460993283478,1461009950144,0,1461010024487,1461010025612,1461010238945,1461010287862,1461043283476,1461010017279,16666666,1461013589404,1461014246820,1461014286237,1461014624070,1461027324445,3375,758917,1461027324445,1461017037112,0,1461014624070,
0,216008,1461026616810,1461026616810,0,1461032281987,1461032282904,1461032451987,1461032498654,1461059950142,1461032276320,16666666,1461032511737,1461033109737,1461033153904,1461034546654,1461046013904,3917,965334,1461046013904,1461037051862,0,1461034546654,
0,216023,1461043283476,1461043283476,0,1461048482862,1461048483779,1461074178570,1461074833362,1461076616808,1461048476820,16666666,1461075373737,1461076952487,1461077563362,1461078859404,1461087891820,2041,384833,1461087891820,1461081203612,0,1461078859404,
0,216030,1461059950142,1461076616808,0,1461081450320,1461081451237,1461081527737,1461081559445,1461109950140,1461081443862,16666666,1461081891654,1461081980195,1461082015320,1461083001529,1461110422487,22274375,726792,1461087905862,1461110422487,0,1461083001529,
0,216038,1461093283474,1461093283474,0,1461106186529,1461106187445,1461106448904,1461106493154,1461126616806,1461106180612,16666666,1461106765112,1461110547487,1461111544404,1461114600987,1461136204695,12714667,182750,1461136204695,1461135078904,0,1461114600987,
0,216046,1461109950140,1461126616806,0,1461139006695,1461139007570,1461139081445,1461139120570,1461159950138,1461139000904,16666666,1461139228279,1461140934570,1461140997195,1461145727320,1461163642362,2541,211291,1461163642362,1461146734112,0,1461145727320,
0,216055,1461159950138,1461159950138,0,1461170878362,1461170879320,1461171157445,1461171200570,1461193283470,1461170873154,16666666,1461171212654,1461175937070,1461176059029,1461179650945,1461202064945,19221625,184542,1461198927570,1461202064945,0,1461179650945,
0,216062,1461176616804,1461176616804,0,1461185166529,1461185167945,1461185360904,1461185412279,1461226616802,1461185160070,16666666,1461185724070,1461202201904,1461202334445,1461210745029,1461233445487,1792,204416,1461233445487,1461222872945,0,1461210745029,
0,216070,1461193283470,1461193283470,0,1461207605737,1461207606070,1461207679862,1461207719320,1461259950134,1461207601654,16666666,1461207924695,1461222946237,1461222988487,1461223734029,1461242417862,5909000,383875,1461242417862,1461239434695,0,1461223734029,
0,216077,1461209950136,1461209950136,0,1461226390112,1461226391112,1461228560695,1461228650070,1461276616800,1461226383820,16666666,1461228996487,1461239525737,1461239579695,1461239917320,1461265125529,12523292,201875,1461265125529,1461255045945,0,1461239917320,
0,216085,1461226616802,1461243283468,0,1461250150904,1461250151862,1461250288279,1461250335987,1461293283466,1461250143487,16666666,1461250617404,1461255135945,1461255192029,1461262223279,1461317445779,10769292,195125,1461317445779,1461301553654,0,1461262223279,
0,216094,1461259950134,1461259950134,0,1461263546695,1461263548154,1461263864570,1461263925279,1461343283464,1461263538570,16666666,1461264418445,1461301656446,1461306498821,1461320231987,1461354030612,15919875,2124583,1461354030612,1461349059196,0,1461320231987,
0,216101,1461276616800,1461293283466,0,1461309584154,1461309584779,1461309697696,1461309727196,1461376616796,1461309578612,16666666,1461309940112,1461349120821,1461349358821,1461350243862,1461378057279,19279583,2181333,1461378057279,1461373499737,0,1461350243862,
0,216109,1461309950132,1461343283464,0,1461352622571,1461352623362,1461353066612,1461353110862,1461409950128,1461352617446,16666666,1461353522904,1461373920029,1461373982612,1461375061821,1461390558237,7442333,4632916,1461382946946,1461390558237,0,1461375061821,
0,216117,1461359950130,1461376616796,0,1461389524612,1461389525362,1461389594237,1461389627696,1461426616794,1461389518904,16666666,1461389810779,1461390651404,1461390732821,1461391470904,1461410633404,12008792,1401750,1461410633404,1461406460654,0,1461391470904,
0,216127,1461409950128,1461409950128,0,1461411497029,1461411498862,1461415232862,1461423260321,1461443283460,1461411485821,16666666,1461425064362,1461427132696,1461427175321,1461428947196,1461432634237,5708,787083,1461432557904,1461432634237,0,1461428947196,
0,216134,1461426616794,1461426616794,0,1461437771946,1461437773071,1461437924696,1461437976404,1461459950126,1461437765779,16666666,1461440161571,1461443729904,1461443777529,1461452345654,1461479213196,11591166,222625,1461479213196,1461468953571,0,1461452345654,
0,216142,1461443283460,1461459950126,0,1461469960904,1461469961946,1461472127696,1461472186362,1461509950124,1461469953862,16666666,1461473125071,1461473802612,1461474029071,1461476163487,1461486972029,2958,1581125,1461486929321,1461486972029,0,1461476163487,
0,216150,1461476616792,1461476616792,0,1461482031446,1461482033237,1461482227904,1461482302696,1461526616790,1461482021446,16666666,1461483715571,1461487037362,1461487083779,1461487578779,1461506823362,2125,160625,1461506823362,1461502283196,0,1461487578779,
0,216158,1461493283458,1461493283458,0,1461495882779,1461495884696,1461497802612,1461497863487,1461543283456,1461495871612,16666666,1461497880821,1461502366404,1461502390904,1461502929279,1461523048362,10122458,539833,1461523048362,1461517054112,0,1461502929279,
0,216166,1461509950124,1461509950124,0,1461511623029,1461511624821,1461511982154,1461512412279,1461559950122,1461511611987,16666666,1461513152779,1461517164904,1461517247196,1461518108362,1461575387029,52266167,239708,1461573244737,1461575387029,0,1461518108362,
0,216174,1461526616790,1461526616790,0,1461530944737,1461530946404,1461531405071,1461531479696,1461593283454,1461530933196,16666666,1461570329654,1461575474196,1461575553987,1461580636571,1461584827237,3333,965833,1461584759571,1461584827237,0,1461580636571,
0,216181,1461543283456,1461576616788,0,1461586047654,1461586048904,1461586269196,1461586319279,1461609950120,1461586039237,16666666,1461586630571,1461588452779,1461588508821,1461589550154,1461603045071,2969500,5024167,1461599257196,1461603045071,0,1461589550154,
0,216190,1461593283454,1461593283454,0,1461598920112,1461598921904,1461599219529,1461599293446,1461626616786,1461598908737,16666666,1461599855404,1461603163237,1461603217112,1461606209112,1461628188029,14201959,146834,1461628188029,1461622238446,0,1461606209112,
0,216198,1461609950120,1461609950120,0,1461615406987,1461615408321,1461616325696,1461616392321,1461659950118,1461615401404,16666666,1461617272737,1461622328987,1461622399571,1461623294904,1461632356862,4074541,2210917,1461628200112,1461632356862,0,1461623294904,
0,216206,1461626616786,1461626616786,0,1461630106154,1461630107446,1461630413446,1461630474196,1461676616784,1461630099404,16666666,1461631098529,1461632434904,1461632483279,1461635130904,1461665497862,24062417,641917,1461665497862,1461660731862,0,1461635130904,
0,216214,1461643283452,1461643283452,0,1461651061112,1461651062571,1461651325987,1461651387071,1461693283450,1461651054404,16666666,1461651739946,1461660828029,1461660888571,1461662958404,1461683070821,8775541,957083,1461683070821,1461674877446,0,1461662958404,
0,216222,1461659950118,1461659950118,0,1461667341779,1461667342862,1461667574904,1461667638237,1461709950116,1461667334821,16666666,1461667861279,1461675127279,1461675222029,1461681506696,1461711692529,28446000,138167,1461710556404,1461711692529,0,1461681506696,
0,216230,1461676616784,1461693283450,0,1461707245279,1461707246279,1461708230029,1461708316404,1461743283448,1461707235862,16666666,1461708331154,1461711792862,1461711821237,1461715349487,1461728875529,3259375,221125,1461728875529,1461724603696,0,1461715349487,
0,216238,1461709950116,1461709950116,0,1461718424779,1461718425154,1461718525029,1461718558904,1461759950114,1461718420696,16666666,1461721344112,1461724676571,1461724724446,1461726052904,1461745995112,14459834,405708,1461745995112,1461743462487,0,1461726052904,
0,216246,1461726616782,1461726616782,0,1461741958071,1461741959904,1461742265154,1461742337821,1461776616780,1461741946612,16666666,1461745024654,1461746239737,1461746269112,1461747830862,1461751789404,4334,909834,1461751717779,1461751789404,0,1461747830862,
0,216254,1461743283448,1461743283448,0,1461750762112,1461750762529,1461751116362,1461751190404,1461793283446,1461750758862,16666666,1461751523446,1461751844404,1461751902862,1461753237529,1461767757821,10184667,2827500,1461757479154,1461767757821,0,1461753237529,
0,216262,1461759950114,1461759950114,0,1461764705779,1461764707154,1461764969696,1461765022904,1461809950112,1461764698862,16666666,1461766475446,1461767826071,1461767885821,1461774179862,1461837812196,61438916,144292,1461831915362,1461837812196,0,1461774179862,
0,216270,1461776616780,1461793283446,0,1461794792154,1461794793279,1461835070946,1461835143154,1461859950110,1461794784529,16666666,1461835516612,1461837898487,1461839562654,1461839988446,1461861556654,1959,93958,1461861556654,1461853349987,0,1461839988446,
0,216278,1461843283444,1461843283444,0,1461856585196,1461856586237,1461856692071,1461856739446,1461893283442,1461856579321,16666666,1461857250154,1461857367904,1461857402237,1461857739737,1461880417946,11790875,95958,1461880417946,1461873420154,0,1461857739737,
0,216286,1461859950110,1461859950110,0,1461862273071,1461862274446,1461862402862,1461862462862,1461909950108,1461862266862,16666666,1461862668321,1461873509612,1461873563987,1461883680862,1461896867071,579000,232584,1461896867071,1461885483612,0,1461883680862,
0,216294,1461876616776,1461876616776,0,1461881932779,1461881933571,1461882420862,1461882473696,1461926616774,1461881927696,16666666,1461882486446,1461885559446,1461885603987,1461887161279,1461903981904,4393125,147875,1461903981904,1461902153529,0,1461887161279,
0,216302,1461893283442,1461893283442,0,1461900592529,1461900593321,1461901448654,1461901522446,1461943283440,1461900587112,16666666,1461901870946,1461902193112,1461902233904,1461902638321,1461938784862,34476708,124375,1461928542279,1461938784862,0,1461902638321,
0,216310,1461909950108,1461909950108,0,1461914214362,1461914215779,1461914420154,1461914472321,1461959950106,1461914208571,16666666,1461914770779,1461938885654,1461938955696,1461941691279,1461954263154,2250,321250,1461954263154,1461947709821,0,1461941691279,
0,216318,1461926616774,1461926616774,0,1461942076904,1461942078112,1461943477946,1461943541612,1461976616772,1461942069112,16666666,1461945571529,1461947798696,1461948781571,1461950599487,1461977050946,18859084,449708,1461977050946,1461973290612,0,1461950599487,
0,216326,1461959950106,1461959950106,0,1461971180071,1461971181321,1461971779196,1461972418321,1462009950104,1461971173737,16666666,1461972772112,1461973353987,1461973391237,1461975924571,1461992890113,6632167,168000,1461992890113,1461983751029,0,1461975924571,
0,216334,1461976616772,1461976616772,0,1461983669487,1461983670821,1461983769529,1461983829529,1462026616770,1461983663696,16666666,1461984241821,1461984961696,1461985011529,1461991422154,1462017757613,24764083,220625,1462016400946,1462017757613,0,1461991422154,
0,216342,1461993283438,1461993283438,0,1461995264154,1461995265904,1461995864446,1461995907154,1462043283436,1461995253113,16666666,1462002228529,1462017857529,1462017929113,1462024165613,1462036384113,3500,365708,1462036384113,1462030639529,0,1462024165613,
0,216350,1462009950104,1462026616770,0,1462032594654,1462032596529,1462033122488,1462033627363,1462059950102,1462032582071,16666666,1462033943321,1462034354821,1462034414821,1462035250363,1462055934863,15913209,177042,1462055934863,1462052364904,0,1462035250363,
0,216358,1462043283436,1462043283436,0,1462045010988,1462045012238,1462045289029,1462045420821,1462076616768,1462045004654,16666666,1462045848113,1462052439654,1462052516238,1462053757404,1462077152821,18181541,505500,1462077152821,1462075571654,0,1462053757404,
0,216366,1462059950102,1462059950102,0,1462069445571,1462069446613,1462073785446,1462073845488,1462109950100,1462069438779,16666666,1462073861779,1462075641529,1462075772613,1462076711321,1462083674488,2522750,202250,1462083674488,1462082140279,0,1462076711321,
0,216374,1462076616768,1462076616768,0,1462078768863,1462078769404,1462079138988,1462079186988,1462126616766,1462078764404,16666666,1462079575946,1462082223529,1462082291988,1462082699113,1462104609113,17879833,176458,1462104609113,1462101636446,0,1462082699113,
0,216382,1462093283434,1462093283434,0,1462101567404,1462101568863,1462101786529,1462101842696,1462143283432,1462101561029,16666666,1462102234238,1462102264821,1462102308779,1462103130404,1462139546779,34842167,621083,1462128815488,1462139546779,0,1462103130404,
0,216390,1462109950100,1462109950100,0,1462125135238,1462125136238,1462126097821,1462126145154,1462159950098,1462125129946,16666666,1462127336488,1462139629488,1462139657321,1462141168738,1462145409529,7125,435209,1462145409529,1462143060779,0,1462141168738,
0,216398,1462126616766,1462143283432,0,1462143334654,1462143335238,1462143413404,1462143461446,1462176616764,1462143329029,16666666,1462143807613,1462144427863,1462144460821,1462145399654,1462162271488,2720584,307208,1462162271488,1462149644904,0,1462145399654,
0,216414,1462159950098,1462159950098,0,1462170648488,1462170649654,1462170852821,1462170905321,1462193283430,1462170642488,16666666,1462171545196,1462172915821,1462172936196,1462175550613,1462188509779,1335791,531292,1462188509779,1462178317696,0,1462175550613,
0,216428,1462176616764,1462176616764,0,1462183397071,1462183398404,1462183861029,1462183915029,1462209950096,1462183389821,16666666,1462184363363,1462185926904,1462185993946,1462187298154,1462198789029,9057167,183375,1462198789029,1462197636988,0,1462187298154,
0,216436,1462193283430,1462193283430,0,1462197100613,1462197101613,1462197353613,1462197398988,1462226616762,1462197081196,16666666,1462197650779,1462197660738,1462197697613,1462198218863,1462217175654,15625791,97083,1462217175654,1462214467613,0,1462198218863,
0,216444,1462209950096,1462209950096,0,1462211342946,1462211343821,1462211519029,1462211561071,1462243283428,1462211337696,16666666,1462211725363,1462214538779,1462214582571,1462215892654,1462237389946,15790917,198042,1462237389946,1462233025363,0,1462215892654,
0,216452,1462226616762,1462226616762,0,1462230130529,1462230132363,1462230503404,1462230574071,1462259950094,1462230119946,16666666,1462230593904,1462233095696,1462233141571,1462235900446,1462247407654,8740458,154291,1462247407654,1462246182571,0,1462235900446,
0,216460,1462243283428,1462243283428,0,1462244254321,1462244255488,1462244522321,1462244569404,1462276616760,1462244248279,16666666,1462244835613,1462246223904,1462246259404,1462246802279,1462264301321,15432083,113375,1462264301321,1462262928654,0,1462246802279,
0,216468,1462259950094,1462259950094,0,1462260777154,1462260778363,1462260999196,1462261049404,1462293283426,1462260770654,16666666,1462261339196,1462262993738,1462263037029,1462263528613,1462282270529,16918667,109500,1462282270529,1462281314571,0,1462263528613,
0,216476,1462276616760,1462276616760,0,1462278738279,1462278740196,1462279185946,1462279247029,1462309950092,1462278727363,16666666,1462279529779,1462281372279,1462281410196,1462281684363,1462296602904,13243500,76000,1462296602904,1462295567321,0,1462281684363,
0,216484,1462293283426,1462293283426,0,1462294728738,1462294729863,1462294960863,1462295012654,1462326616758,1462294723154,16666666,1462295323363,1462295613279,1462295651488,1462295924113,1462325342363,23805458,125000,1462325342363,1462320529946,0,1462295924113,
0,216492,1462309950092,1462309950092,0,1462316982904,1462316984279,1462317246279,1462317304446,1462326616758,1462316976113,16666666,1462317632238,1462320631571,1462320681654,1462321304613,1459848394320,52759042,361375,1459848394320,1462378585571,0,1462321304613,
0,216500,1462326616758,1462326616758,0,1462332220113,1462332220988,1462337434696,1462337533571,1462343283424,1462332215154,16666666,1462337918654,1462378678904,1462378901488,1462408871404,1462445608238,2292,184125,1462445608238,1462409816404,0,1462408871404,
0,216508,1462343283424,1462476616752,0,1462554366863,1462554368446,1462555624446,1462555685613,1462476616752,1462490679071,16666666,1462556212238,1462564084196,1462565190571,1462573335988,1462598520321,3375,842125,1462598520321,1462576668821,0,1462573335988,
0,216524,1462609950080,1462609950080,0,1462619558071,1462619559238,1462619832238,1462619881488,1462626616746,1462619552363,16666666,1462620156904,1462630297113,1462630338279,1462631901571,1462685105946,29449791,136458,1462685105946,1462673881363,0,1462631901571,
0,216531,1462626616746,1462626616746,0,1462638943821,1462638944779,1462642768696,1462642849863,1462709950076,1462638938488,16666666,1462642867113,1462673999613,1462674079113,1462674815529,1462777615113,25792375,134542,1462777615113,1462759255655,0,1462674815529,
0,216538,1462643283412,1462676616744,0,1462677800279,1462677801196,1462678326821,1462678373529,1462809950072,1462677792571,16666666,1462682407988,1462759351780,1462759420446,1462759800863,1462827482405,21701375,204875,1462827482405,1462799411071,0,1462759800863,
0,216547,1462759950074,1462776616740,0,1462779903905,1462779904738,1462780073696,1462780114905,1462859950070,1462779898363,16666666,1462780797821,1462799528113,1462799576863,1462803796613,1462995675530,166220250,23321250,1462829376405,1462995675530,0,1462803796613,
0,216554,1462793283406,1462826616738,0,1462829545405,1462829546863,1462845917405,1462845969321,1462876616736,1462829536238,16666666,1462850301863,1462995751196,1462996592738,1463014446113,1463056882113,2417,159584,1463056882113,1463037672696,0,1463014446113,
0,216562,1462893283402,1462993283398,0,1463011442280,1463011443863,1463046784738,1463046837780,1462909950068,1463006862321,16666666,1463047031946,1463049633238,1463049672196,1463054336196,1459980789653,148290583,288125,1459980789653,1463205253696,0,1463054336196,
0,216578,1463059950062,1463109950060,0,1463122500988,1463122502321,1463122704363,1463122754280,1463076616728,1463122494321,16666666,1463122768530,1463205375321,1463205399155,1463206010196,1463258756446,1667,116667,1463258756446,1463213836363,0,1463206010196,
0,216587,1463143283392,1463226616722,0,1463238180405,1463238181446,1463238287446,1463238827821,1463276616720,1463238174071,16666666,1463240491863,1463241119238,1463241156738,1463245721780,1463295119321,36243458,146708,1463290719030,1463295119321,0,1463245721780,
0,216596,1463259950054,1463259950054,0,1463265928738,1463265930280,1463266187155,1463266247530,1463309950052,1463265921863,16666666,1463266860946,1463295200738,1463295563030,1463297865071,1463315760613,15022416,333583,1463315760613,1463315492946,0,1463297865071,
0,216603,1463276616720,1463293283386,0,1463299570946,1463299572405,1463299853905,1463299896321,1463293283386,1463299563030,16666666,1463300509321,1463316715988,1463316854321,1463329219280,1460047438112,3690167,351125,1460047438112,1463335608405,0,1463329219280,
---PROFILEDATA---


View hierarchy:

  dev.polski.grammarmatrix/dev.polski.grammarmatrix.GlassBenchmarkActivity/android.view.ViewRootImpl@af271ea
  7 views, 12.08 kB of render nodes


Total ViewRootImpl   : 1
Total attached Views : 7
Total RenderNode     : 12.08 kB (used) / 36.09 kB (capacity)