Applications Graphics Acceleration Info:
Uptime: 1368871 Realtime: 1368871

** Graphics info for pid 5729 [dev.polski.grammarmatrix] **

Stats since: 1363782635899ns
Total frames rendered: 286
Janky frames: 5 (1.75%)
Janky frames (legacy): 242 (84.62%)
50th percentile: 19ms
90th percentile: 24ms
95th percentile: 26ms
99th percentile: 150ms
Number Missed Vsync: 2
Number High input latency: 562
Number Slow UI thread: 1
Number Slow bitmap uploads: 0
Number Slow issue draw commands: 5
Number Frame deadline missed: 5
Number Frame deadline missed (legacy): 5
HISTOGRAM: 5ms=0 6ms=0 7ms=0 8ms=0 9ms=0 10ms=0 11ms=0 12ms=1 13ms=1 14ms=0 15ms=2 16ms=3 17ms=9 18ms=40 19ms=121 20ms=44 21ms=20 22ms=9 23ms=6 24ms=7 25ms=6 26ms=6 27ms=3 28ms=0 29ms=0 30ms=1 31ms=0 32ms=0 34ms=0 36ms=0 38ms=0 40ms=0 42ms=1 44ms=0 46ms=0 48ms=0 53ms=1 57ms=0 61ms=0 65ms=0 69ms=1 73ms=0 77ms=0 81ms=0 85ms=0 89ms=0 93ms=0 97ms=0 101ms=1 105ms=0 109ms=0 113ms=0 117ms=0 121ms=0 125ms=0 129ms=0 133ms=0 150ms=1 200ms=2 250ms=0 300ms=0 350ms=0 400ms=0 450ms=0 500ms=0 550ms=0 600ms=0 650ms=0 700ms=0 750ms=0 800ms=0 850ms=0 900ms=0 950ms=0 1000ms=0 1050ms=0 1100ms=0 1150ms=0 1200ms=0 1250ms=0 1300ms=0 1350ms=0 1400ms=0 1450ms=0 1500ms=0 1550ms=0 1600ms=0 1650ms=0 1700ms=0 1750ms=0 1800ms=0 1850ms=0 1900ms=0 1950ms=0 2000ms=0 2050ms=0 2100ms=0 2150ms=0 2200ms=0 2250ms=0 2300ms=0 2350ms=0 2400ms=0 2450ms=0 2500ms=0 2550ms=0 2600ms=0 2650ms=0 2700ms=0 2750ms=0 2800ms=0 2850ms=0 2900ms=0 2950ms=0 3000ms=0 3050ms=0 3100ms=0 3150ms=0 3200ms=0 3250ms=0 3300ms=0 3350ms=0 3400ms=0 3450ms=0 3500ms=0 3550ms=0 3600ms=0 3650ms=0 3700ms=0 3750ms=0 3800ms=0 3850ms=0 3900ms=0 3950ms=0 4000ms=0 4050ms=0 4100ms=0 4150ms=0 4200ms=0 4250ms=0 4300ms=0 4350ms=0 4400ms=0 4450ms=0 4500ms=0 4550ms=0 4600ms=0 4650ms=0 4700ms=0 4750ms=0 4800ms=0 4850ms=0 4900ms=0 4950ms=0
50th gpu percentile: 18ms
90th gpu percentile: 21ms
95th gpu percentile: 24ms
99th gpu percentile: 4950ms
GPU HISTOGRAM: 1ms=0 2ms=4 3ms=1 4ms=3 5ms=0 6ms=1 7ms=0 8ms=0 9ms=2 10ms=3 11ms=5 12ms=1 13ms=7 14ms=3 15ms=7 16ms=18 17ms=55 18ms=98 19ms=32 20ms=16 21ms=5 22ms=4 23ms=4 24ms=3 25ms=6 4950ms=8

Pipeline=Skia (OpenGL)
Memory policy:
  Max surface area: 2592000
  Max resource usage: 124.42MB (x48)
  Background retention: 50% (altUiHidden = true)
  GPU Context timeout: 10
Contexts: 1 (stopped = 0)
CPU Caches:
  Glyph Cache: 33.70 KB (1 entry)
  Glyph Count: 11 
Total CPU memory usage:
  34510 bytes, 33.70 KB (0.00 bytes is purgeable)
GPU Caches:
  Other:
    Other: 26.56 KB (1 entry)
    Buffer Object: 36.00 KB (1 entry)
  Scratch:
    Buffer Object: 80.00 KB (2 entries)
    Texture: 2.00 MB (1 entry)
Total GPU memory usage:
  2243136 bytes, 2.14 MB (68.00 KB is purgeable)

GraphicBufferAllocator buffers:
        Handle |        Size |     W (Stride) x H | Layers |   Format |      Usage | Requestor
0xb400007b2c426750 |     unknown | 1080 (   0) x 2400 |      1 |        1 | 0x     b00 | VRI[GlassBenchmarkActivity]#0(BLAST Consumer)0
0xb400007b2c426900 |     unknown | 1080 (   0) x 2400 |      1 |        1 | 0x     b00 | VRI[GlassBenchmarkActivity]#0(BLAST Consumer)0
0xb400007b2c437e50 |     unknown | 1080 (   0) x 2400 |      1 |        1 | 0x     b00 | VRI[GlassBenchmarkActivity]#0(BLAST Consumer)0
Total allocated by GraphicBufferAllocator (estimate): 0.00 KB
GoldfishAllocator::dumpDebugInfo is not implemented
Profile data in ms:

	dev.polski.grammarmatrix/dev.polski.grammarmatrix.GlassBenchmarkActivity/android.view.ViewRootImpl@af271ea (visibility=0)
Window: dev.polski.grammarmatrix/dev.polski.grammarmatrix.GlassBenchmarkActivity
Stats since: 1363782635691ns
Total frames rendered: 286
Janky frames: 5 (1.75%)
Janky frames (legacy): 242 (84.62%)
50th percentile: 19ms
90th percentile: 24ms
95th percentile: 26ms
99th percentile: 150ms
Number Missed Vsync: 2
Number High input latency: 562
Number Slow UI thread: 1
Number Slow bitmap uploads: 0
Number Slow issue draw commands: 5
Number Frame deadline missed: 5
Number Frame deadline missed (legacy): 5
HISTOGRAM: 5ms=0 6ms=0 7ms=0 8ms=0 9ms=0 10ms=0 11ms=0 12ms=1 13ms=1 14ms=0 15ms=2 16ms=3 17ms=9 18ms=40 19ms=121 20ms=44 21ms=20 22ms=9 23ms=6 24ms=7 25ms=6 26ms=6 27ms=3 28ms=0 29ms=0 30ms=1 31ms=0 32ms=0 34ms=0 36ms=0 38ms=0 40ms=0 42ms=1 44ms=0 46ms=0 48ms=0 53ms=1 57ms=0 61ms=0 65ms=0 69ms=1 73ms=0 77ms=0 81ms=0 85ms=0 89ms=0 93ms=0 97ms=0 101ms=1 105ms=0 109ms=0 113ms=0 117ms=0 121ms=0 125ms=0 129ms=0 133ms=0 150ms=1 200ms=2 250ms=0 300ms=0 350ms=0 400ms=0 450ms=0 500ms=0 550ms=0 600ms=0 650ms=0 700ms=0 750ms=0 800ms=0 850ms=0 900ms=0 950ms=0 1000ms=0 1050ms=0 1100ms=0 1150ms=0 1200ms=0 1250ms=0 1300ms=0 1350ms=0 1400ms=0 1450ms=0 1500ms=0 1550ms=0 1600ms=0 1650ms=0 1700ms=0 1750ms=0 1800ms=0 1850ms=0 1900ms=0 1950ms=0 2000ms=0 2050ms=0 2100ms=0 2150ms=0 2200ms=0 2250ms=0 2300ms=0 2350ms=0 2400ms=0 2450ms=0 2500ms=0 2550ms=0 2600ms=0 2650ms=0 2700ms=0 2750ms=0 2800ms=0 2850ms=0 2900ms=0 2950ms=0 3000ms=0 3050ms=0 3100ms=0 3150ms=0 3200ms=0 3250ms=0 3300ms=0 3350ms=0 3400ms=0 3450ms=0 3500ms=0 3550ms=0 3600ms=0 3650ms=0 3700ms=0 3750ms=0 3800ms=0 3850ms=0 3900ms=0 3950ms=0 4000ms=0 4050ms=0 4100ms=0 4150ms=0 4200ms=0 4250ms=0 4300ms=0 4350ms=0 4400ms=0 4450ms=0 4500ms=0 4550ms=0 4600ms=0 4650ms=0 4700ms=0 4750ms=0 4800ms=0 4850ms=0 4900ms=0 4950ms=0
50th gpu percentile: 18ms
90th gpu percentile: 21ms
95th gpu percentile: 24ms
99th gpu percentile: 4950ms
GPU HISTOGRAM: 1ms=0 2ms=4 3ms=1 4ms=3 5ms=0 6ms=1 7ms=0 8ms=0 9ms=2 10ms=3 11ms=5 12ms=1 13ms=7 14ms=3 15ms=7 16ms=18 17ms=55 18ms=98 19ms=32 20ms=16 21ms=5 22ms=4 23ms=4 24ms=3 25ms=6 4950ms=8



---PROFILEDATA---
Flags,FrameTimelineVsyncId,IntendedVsync,Vsync,InputEventId,HandleInputStart,AnimationStart,PerformTraversalsStart,DrawStart,FrameDeadline,FrameInterval,FrameStartTime,SyncQueued,SyncStart,IssueDrawCommandsStart,SwapBuffers,FrameCompleted,DequeueBufferDuration,QueueBufferDuration,GpuCompleted,SwapBuffersCompleted,DisplayPresentTime,CommandSubmissionCompleted,
0,171033,1366876620576,1366876620576,0,1366877546859,1366877547650,1366877827859,1366877875484,1366926620574,1366877541150,16666666,1366878184692,1366879169734,1366879223442,1366879560567,1366897732692,14693042,88958,1366897732692,1366895320817,0,1366879560567,
0,171041,1366893287242,1366893287242,0,1366893948775,1366893949609,1366894154650,1366894200025,1366943287240,1366893943025,16666666,1366894503567,1366895354525,1366895402942,1366895682817,1366912881109,15079167,247292,1366897740067,1366912881109,0,1366895682817,
0,171049,1366909953908,1366909953908,0,1366910938025,1366910938984,1366911466442,1366911509275,1366959953906,1366910932984,16666666,1366911870734,1366912935567,1366912986192,1366913298817,1366930096401,15214542,145833,1366930096401,1366929257692,0,1366913298817,
0,171057,1366926620574,1366926620574,0,1366927526776,1366927527651,1366927770817,1366927814484,1366976620572,1366927521776,16666666,1366928522234,1366929283776,1366929318151,1366929582567,1366946719692,15439958,89333,1366946719692,1366945582734,0,1366929582567,
0,171065,1366943287240,1366943287240,0,1366943989192,1366943990026,1366944566651,1366944613484,1366993287238,1366943983942,16666666,1366944795401,1366945605776,1366945694817,1366945997984,1366963537651,15877708,98667,1366963537651,1366962675067,0,1366945997984,
0,171073,1366959953906,1366959953906,0,1366962215401,1366962216151,1366962455359,1366962509192,1367009953904,1366962209817,16666666,1366962521317,1366962704192,1366962737776,1366963007067,1366979588317,15108583,89625,1366979588317,1366978703234,0,1366963007067,
0,171081,1366976620572,1366976620572,0,1366977411276,1366977412026,1366977611192,1366977655567,1367026620570,1366977405609,16666666,1366977912609,1366978726984,1366978813609,1366979091151,1366996136067,15626125,87000,1366996136067,1366995260734,0,1366979091151,
0,171089,1366993287238,1366993287238,0,1366994160609,1366994161484,1366994477984,1366994520776,1367043287236,1366994155401,16666666,1366994788317,1366995285192,1366995318609,1366995599984,1367013462234,16392667,148083,1367013462234,1367012570526,0,1366995599984,
0,171097,1367009953904,1367009953904,0,1367010734651,1367010735734,1367011045817,1367011084526,1367059953902,1367010729276,16666666,1367011320317,1367012598901,1367012659776,1367012932609,1367030269276,15825959,70208,1367030269276,1367029336317,0,1367012932609,
0,171105,1367026620570,1367026620570,0,1367028254151,1367028255026,1367028432109,1367028479401,1367076620568,1367028248859,16666666,1367028735942,1367029362526,1367029407067,1367029682442,1367046864942,15350333,92917,1367046864942,1367045667026,0,1367029682442,
0,171113,1367043287236,1367043287236,0,1367044427234,1367044428067,1367044653401,1367044710442,1367093287234,1367044421484,16666666,1367045015192,1367045688109,1367045762442,1367046094359,1367063256984,15320708,121292,1367063256984,1367062290067,0,1367046094359,
0,171121,1367059953902,1367059953902,0,1367060763526,1367060764526,1367060986817,1367061033984,1367109953900,1367060757526,16666666,1367061362192,1367062348026,1367062384192,1367062715984,1367080759359,16061625,104167,1367080759359,1367079472484,0,1367062715984,
0,171129,1367076620568,1367076620568,0,1367077712651,1367077713401,1367078194609,1367078238942,1367126620566,1367077707526,16666666,1367078546317,1367079497026,1367079531026,1367079854984,1367097056526,15081208,175708,1367097056526,1367095889901,0,1367079854984,
0,171137,1367093287234,1367093287234,0,1367094869484,1367094870234,1367095076859,1367095117942,1367143287232,1367094864359,16666666,1367095365276,1367095913734,1367095946984,1367096501276,1367113452276,15402291,86542,1367113452276,1367112556651,0,1367096501276,
0,171145,1367109953900,1367109953900,0,1367111202026,1367111203192,1367111421692,1367111466942,1367159953898,1367111196276,16666666,1367111736609,1367112579359,1367112612359,1367112880859,1367130289942,15788250,94042,1367130289942,1367129350276,0,1367112880859,
0,171153,1367126620566,1367126620566,0,1367127861401,1367127862317,1367128499026,1367128542151,1367176620564,1367127856109,16666666,1367128735151,1367129374859,1367129441776,1367129775276,1367146868317,15504458,94500,1367146868317,1367145946276,0,1367129775276,
0,171161,1367143287232,1367143287232,0,1367144547192,1367144548276,1367144742859,1367144787234,1367193287230,1367144541776,16666666,1367144800942,1367145986109,1367146022651,1367146319567,1367164426817,16598917,88125,1367164426817,1367163519526,0,1367146319567,
0,171169,1367159953898,1367159953898,0,1367162468151,1367162469067,1367162642567,1367162684401,1367209953896,1367162462609,16666666,1367162962484,1367163546692,1367163581151,1367163883526,1367180483859,14810500,128125,1367180483859,1367179284067,0,1367163883526,
0,171177,1367176620564,1367176620564,0,1367177685776,1367177686609,1367177858109,1367177899109,1367226620562,1367177680359,16666666,1367178152984,1367179307776,1367179345942,1367179715609,1367197501776,15153458,100500,1367197501776,1367195791067,0,1367179715609,
0,171185,1367193287230,1367193287230,0,1367194290151,1367194291109,1367194480401,1367194523609,1367243287228,1367194284734,16666666,1367194772067,1367195826484,1367195860859,1367196208317,1367212510609,14880792,360916,1367197510151,1367212510609,0,1367196208317,
0,171193,1367209953896,1367209953896,0,1367210958401,1367210958984,1367211135234,1367211174442,1367259953894,1367210953401,16666666,1367211427692,1367212533359,1367212567984,1367212865734,1367232300317,17631000,77875,1367232300317,1367231094109,0,1367212865734,
0,171201,1367226620562,1367226620562,0,1367229652734,1367229653859,1367229904401,1367229959651,1367276620560,1367229646401,16666666,1367230310776,1367231179442,1367231215942,1367231544526,1367248988401,14968750,107959,1367248988401,1367247398651,0,1367231544526,
0,171209,1367243287228,1367243287228,0,1367245981651,1367245982317,1367246152401,1367246194609,1367293287226,1367245976526,16666666,1367246489609,1367247424817,1367247460526,1367247805359,1367264177526,13873542,217541,1367264177526,1367262910609,0,1367247805359,
0,171217,1367259953894,1367259953894,0,1367261062776,1367261063692,1367261250359,1367261302317,1367309953892,1367261056984,16666666,1367261689526,1367262951817,1367263039276,1367263576401,1367279953317,14856000,195458,1367279953317,1367279080734,0,1367263576401,
0,171225,1367276620560,1367276620560,0,1367277607401,1367277608192,1367277775442,1367277817984,1367326620558,1367277601817,16666666,1367278053526,1367279105609,1367279140067,1367279409317,1367296574859,15389750,77958,1367296574859,1367295390651,0,1367279409317,
0,171233,1367293287226,1367293287226,0,1367294062442,1367294063317,1367294230442,1367294272151,1367343287224,1367294057401,16666666,1367294526817,1367295416734,1367295477776,1367295745734,1367313848317,16318000,114083,1367313848317,1367312942234,0,1367295745734,
0,171241,1367309953892,1367309953892,0,1367310664609,1367310665484,1367310825192,1367311056734,1367359953890,1367310659067,16666666,1367311230984,1367312973151,1367313015317,1367313275859,1367330275484,15345167,87792,1367330275484,1367329238984,0,1367313275859,
0,171249,1367326620558,1367326620558,0,1367327391651,1367327392567,1367327579359,1367327622442,1367376620556,1367327386276,16666666,1367327635109,1367329285567,1367329319734,1367329599151,1367346915651,15570709,146417,1367346915651,1367345925567,0,1367329599151,
0,171257,1367343287224,1367343287224,0,1367344477442,1367344478276,1367344719776,1367344762984,1367393287222,1367344471859,16666666,1367345007026,1367345985651,1367346047359,1367346362442,1367364656692,16021166,74208,1367364656692,1367363003442,0,1367346362442,
0,171265,1367359953890,1367359953890,0,1367361286692,1367361287484,1367361469192,1367361514859,1367409953888,1367361281109,16666666,1367361804401,1367363064234,1367363121526,1367363492984,1367379515067,14007167,754041,1367379515067,1367378750942,0,1367363492984,
0,171273,1367376620556,1367376620556,0,1367377339817,1367377340901,1367377521817,1367377572567,1367426620554,1367377334401,16666666,1367378023484,1367378774942,1367378811067,1367379088192,1367396821901,16160208,67291,1367396821901,1367395721401,0,1367379088192,
0,171281,1367393287222,1367393287222,0,1367394457026,1367394457901,1367394909567,1367394960109,1367443287220,1367394451651,16666666,1367395257526,1367395751109,1367395784692,1367396146442,1367413977151,16220333,73542,1367413977151,1367413086984,0,1367396146442,
0,171289,1367409953888,1367409953888,0,1367411091276,1367411091984,1367411302359,1367411353609,1367459953886,1367411085609,16666666,1367411635151,1367413140776,1367413177734,1367413464942,1367430405276,15300542,97125,1367430405276,1367429328567,0,1367413464942,
0,171297,1367426620554,1367426620554,0,1367427803317,1367427804109,1367427964859,1367428066359,1367476620552,1367427797609,16666666,1367428379776,1367429370276,1367429406026,1367429690567,1367447231151,15877792,100792,1367447231151,1367446331984,0,1367429690567,
0,171305,1367443287220,1367443287220,0,1367444984109,1367444985359,1367445188609,1367445234067,1367493287218,1367444977817,16666666,1367445560234,1367446384234,1367446422234,1367446712567,1367464417401,15885083,106958,1367464417401,1367463177984,0,1367446712567,
0,171313,1367459953886,1367459953886,0,1367461082442,1367461083192,1367461269901,1367461309317,1367509953884,1367461077359,16666666,1367461753692,1367463249234,1367463295734,1367463633234,1367479544442,14153000,152959,1367479544442,1367478620651,0,1367463633234,
0,171321,1367476620552,1367476620552,0,1367477393442,1367477394609,1367477718567,1367477766859,1367526620550,1367477386734,16666666,1367478034276,1367478645567,1367478707484,1367478991401,1367496955859,16066375,81666,1367496955859,1367495680317,0,1367478991401,
0,171329,1367493287218,1367493287218,0,1367494233317,1367494234276,1367494923401,1367494966526,1367543287216,1367494227859,16666666,1367495574192,1367495739484,1367495817692,1367496319734,1367513553109,15643792,74334,1367513553109,1367512682067,0,1367496319734,
0,171337,1367509953884,1367509953884,0,1367511072317,1367511073401,1367511255901,1367511305359,1367559953882,1367511066651,16666666,1367511540026,1367512705359,1367512737026,1367513022942,1367530243192,15363125,75417,1367530243192,1367528965651,0,1367513022942,
0,171345,1367526620550,1367526620550,0,1367527548359,1367527549151,1367527730276,1367527774984,1367576620548,1367527542567,16666666,1367528188151,1367529002942,1367529034526,1367529557067,1367555194401,23877416,91208,1367555194401,1367554191942,0,1367529557067,
0,171353,1367543287216,1367543287216,0,1367546225234,1367546227067,1367549706692,1367549797942,1367593287214,1367546211276,16666666,1367550486067,1367554282026,1367554340359,1367554660776,1367562769359,6785125,70375,1367562769359,1367562023776,0,1367554660776,
0,171361,1367559953882,1367559953882,0,1367560882609,1367560883442,1367561116692,1367561164234,1367609953880,1367560876276,16666666,1367561435317,1367562048276,1367562084984,1367562366109,1367586456234,22501166,68833,1367586456234,1367585340567,0,1367562366109,
0,171369,1367576620548,1367576620548,0,1367578577067,1367578578817,1367582074942,1367582187484,1367626620546,1367578565776,16666666,1367582931942,1367585412151,1367585476609,1367585804234,1367596561526,8850333,148792,1367596561526,1367595361859,0,1367585804234,
0,171377,1367593287214,1367593287214,0,1367594061067,1367594061817,1367594446234,1367594490609,1367643287212,1367594055859,16666666,1367594735776,1367595389151,1367595502067,1367595787442,1367614601526,17133667,246625,1367614601526,1367613748151,0,1367595787442,
0,171385,1367609953880,1367609953880,0,1367611348859,1367611350692,1367612683817,1367612730442,1367659953878,1367611338234,16666666,1367613035859,1367613780568,1367613816651,1367614092109,1367630481234,14652959,80750,1367630481234,1367629304651,0,1367614092109,
0,171393,1367626620546,1367626620546,0,1367627744151,1367627745109,1367627989401,1367628352734,1367676620544,1367627738359,16666666,1367628711901,1367629327776,1367629386943,1367629696193,1367653638568,21933417,92708,1367653638568,1367652478943,0,1367629696193,
0,171401,1367643287212,1367643287212,0,1367646098526,1367646100318,1367646393068,1367646464443,1367693287210,1367646086943,16666666,1367648188984,1367652552443,1367652605193,1367652936526,1367663474901,8941833,141333,1367663474901,1367662634484,0,1367652936526,
0,171409,1367659953878,1367659953878,0,1367661099484,1367661100234,1367661744526,1367661787151,1367709953876,1367661094401,16666666,1367662069151,1367662662776,1367662700901,1367662967401,1367684964651,20146083,77875,1367684964651,1367683669193,0,1367662967401,
0,171417,1367676620544,1367676620544,0,1367678814984,1367678839818,1367679900443,1367682087359,1367726620542,1367678803484,16666666,1367682489901,1367683726318,1367683768484,1367684154359,1367700987943,14570708,86000,1367700987943,1367699586526,0,1367684154359,
0,171425,1367693287210,1367693287210,0,1367694450443,1367694451818,1367695100026,1367695179943,1367743287208,1367694444151,16666666,1367695229193,1367699659526,1367699700734,1367700066234,1367713970818,11892125,98000,1367713970818,1367712951109,0,1367700066234,
0,171433,1367709953876,1367709953876,0,1367710965859,1367710966776,1367711152068,1367711199651,1367759953874,1367710960026,16666666,1367711501234,1367713007401,1367713052651,1367713373651,1367729987359,14972000,84625,1367729987359,1367729011068,0,1367713373651,
0,171441,1367726620542,1367726620542,0,1367727606359,1367727606901,1367727762318,1367727802234,1367776620540,1367727601234,16666666,1367728437234,1367729065026,1367729121276,1367729439109,1367751534484,20518667,143875,1367751534484,1367750562859,0,1367729439109,
0,171449,1367743287208,1367743287208,0,1367745333401,1367745335318,1367745706526,1367745858234,1367793287206,1367745322026,16666666,1367746420984,1367750634776,1367750671068,1367750947901,1367767127776,13929375,94125,1367767127776,1367765512484,0,1367750947901,
0,171457,1367759953874,1367759953874,0,1367760977859,1367760978901,1367761749193,1367761968776,1367809953872,1367760972151,16666666,1367762659443,1367765570443,1367765610276,1367765886276,1367779784484,11624166,150334,1367779784484,1367778800984,0,1367765886276,
0,171465,1367776620540,1367776620540,0,1367777491984,1367777492609,1367777669651,1367777713776,1367826620538,1367777486734,16666666,1367777991318,1367778853943,1367778887984,1367779221943,1367796631234,15821583,94667,1367796631234,1367795669318,0,1367779221943,
0,171473,1367793287206,1367793287206,0,1367794117693,1367794118443,1367794294818,1367794334109,1367843287204,1367794111859,16666666,1367794621193,1367795721859,1367795772943,1367796155193,1367815578818,17445542,78583,1367815578818,1367814126193,0,1367796155193,
0,171481,1367809953872,1367809953872,0,1367813907818,1367813908734,1367814112484,1367814159734,1367859953870,1367813902109,16666666,1367814544109,1367814631526,1367814667651,1367814977151,1367834487193,17728708,83125,1367834487193,1367833397443,0,1367814977151,
0,171489,1367826620538,1367826620538,0,1367829180609,1367829182484,1367829568401,1367829658359,1367876620536,1367829149776,16666666,1367831879943,1367833453026,1367833568734,1367833891318,1367846519401,11096916,111042,1367846519401,1367845658859,0,1367833891318,
0,171497,1367843287204,1367843287204,0,1367844369276,1367844370109,1367844537359,1367844580193,1367893287202,1367844364026,16666666,1367844838693,1367845687276,1367845721776,1367846047234,1367870104026,22255500,78791,1367870104026,1367868855276,0,1367846047234,
0,171505,1367859953870,1367859953870,0,1367862119943,1367862121734,1367862686443,1367862759609,1367909953868,1367862108859,16666666,1367863054026,1367868942734,1367869019901,1367869374734,1367879426943,8391125,142667,1367879426943,1367878544276,0,1367869374734,
0,171513,1367876620536,1367876620536,0,1367877404484,1367877405234,1367877500068,1367877537276,1367926620534,1367877399443,16666666,1367877546984,1367878573318,1367878636859,1367878926359,1367902957568,22271834,64875,1367902957568,1367901799609,0,1367878926359,
0,171521,1367893287202,1367893287202,0,1367900482276,1367900483276,1367901029734,1367901085568,1367943287200,1367900475651,16666666,1367901383401,1367901862276,1367901918359,1367902275734,1367914962651,10750250,154416,1367914962651,1367913788109,0,1367902275734,
0,171529,1367909953868,1367909953868,0,1367912746359,1367912747276,1367913154776,1367913205651,1367959953866,1367912740776,16666666,1367913521818,1367913857443,1367913921943,1367914305151,1367930215109,14205625,172000,1367930215109,1367929221651,0,1367914305151,
0,171537,1367926620534,1367926620534,0,1367927794484,1367927795276,1367927967109,1367928390151,1367976620532,1367927789193,16666666,1367928659526,1367929241234,1367929329818,1367929606568,1367946619526,15495208,114583,1367946619526,1367945798526,0,1367929606568,
0,171545,1367943287200,1367943287200,0,1367945246818,1367945247859,1367945455984,1367945500443,1367993287198,1367945240984,16666666,1367945753193,1367945822984,1367945856318,1367946126901,1367967736026,19988792,79541,1367967736026,1367966664943,0,1367946126901,
0,171553,1367959953866,1367959953866,0,1367962276734,1367962278568,1367962698859,1367962770526,1368009953864,1367962265484,16666666,1367963302609,1367966728734,1367966770151,1367967082818,1367980865943,11680500,88750,1367980865943,1367979479151,0,1367967082818,
0,171561,1367976620532,1367976620532,0,1367977544901,1367977546151,1367977822068,1367977871109,1368026620530,1367977538109,16666666,1367978185234,1367979553693,1367979601109,1367980161859,1367997293068,14900791,119584,1367997293068,1367995817568,0,1367980161859,
0,171569,1367993287198,1367993287198,0,1367994292193,1367994293026,1367994551776,1367994613651,1368043287196,1367994285734,16666666,1367995267859,1367995855193,1367995889693,1367996655984,1368014021484,15298625,113000,1368014021484,1368012644734,0,1367996655984,
0,171577,1368009953864,1368009953864,0,1368011000151,1368011001318,1368011375526,1368011427401,1368059953862,1368010994734,16666666,1368011833109,1368012672151,1368012708401,1368013197318,1368030698734,15265625,108125,1368030698734,1368029489401,0,1368013197318,
0,171585,1368026620530,1368026620530,0,1368027707901,1368027708943,1368027908651,1368027954401,1368076620528,1368027701401,16666666,1368028508609,1368029525359,1368029562734,1368029879693,1368047222234,15435750,102250,1368047222234,1368046204859,0,1368029879693,
0,171593,1368043287196,1368043287196,0,1368044305943,1368044306984,1368044652984,1368044704443,1368093287194,1368044299859,16666666,1368044915401,1368046256734,1368046298276,1368046596818,1368063829318,15545417,92875,1368063829318,1368062813943,0,1368046596818,
0,171601,1368059953862,1368059953862,0,1368061485818,1368061486776,1368061664609,1368061706568,1368109953860,1368061479984,16666666,1368061719901,1368062840526,1368062873734,1368063152526,1368080522651,15278250,81375,1368080522651,1368079271568,0,1368063152526,
0,171609,1368076620528,1368076620528,0,1368077478901,1368077479943,1368077665234,1368077710651,1368126620526,1368077473026,16666666,1368078008484,1368079335651,1368079373568,1368079657984,1368096460151,14964708,139917,1368096460151,1368095544026,0,1368079657984,
0,171617,1368093287194,1368093287194,0,1368094146234,1368094147026,1368094786109,1368094834651,1368143287192,1368094139818,16666666,1368095278859,1368095570068,1368095602859,1368095886984,1368113228276,15695708,67667,1368113228276,1368112230568,0,1368095886984,
0,171625,1368109953860,1368109953860,0,1368110924401,1368110925026,1368111309984,1368111360276,1368159953858,1368110918318,16666666,1368111728234,1368112257693,1368112474984,1368112746443,1368131794693,17451750,84833,1368131794693,1368130728693,0,1368112746443,
0,171633,1368126620526,1368126620526,0,1368129570151,1368129571109,1368129785984,1368129833984,1368176620524,1368129564318,16666666,1368130130109,1368130752943,1368130844401,1368131299151,1368146657026,13915959,89000,1368146657026,1368145800026,0,1368131299151,
0,171641,1368143287192,1368143287192,0,1368144456068,1368144456901,1368144850609,1368144893234,1368193287190,1368144451026,16666666,1368145258401,1368145824026,1368145856901,1368146172776,1368164328318,16324792,82791,1368164328318,1368163027068,0,1368146172776,
0,171649,1368159953858,1368159953858,0,1368161788859,1368161790109,1368162116151,1368162177943,1368209953856,1368161782026,16666666,1368162812651,1368163060151,1368163171818,1368163486734,1368179506193,14351792,102708,1368179506193,1368178725901,0,1368163486734,
0,171657,1368176620524,1368176620524,0,1368177382234,1368177383068,1368177620109,1368177664359,1368226620522,1368177376526,16666666,1368177962401,1368178750193,1368178780151,1368179055526,1368196730693,15934791,72209,1368196730693,1368195494859,0,1368179055526,
0,171665,1368193287190,1368193287190,0,1368194028109,1368194028943,1368194249484,1368194293443,1368243287188,1368194021776,16666666,1368194577109,1368195556818,1368195597943,1368195916859,1368212971359,15179625,160250,1368212971359,1368211980359,0,1368195916859,
0,171673,1368209953856,1368209953856,0,1368210819401,1368210820443,1368211016818,1368211062734,1368259953854,1368210813901,16666666,1368211464609,1368212161193,1368212234984,1368212553484,1368229822443,16011750,81000,1368229822443,1368229026984,0,1368212553484,
0,171681,1368226620522,1368226620522,0,1368227387068,1368227387984,1368227660318,1368227703901,1368276620520,1368227381276,16666666,1368227902443,1368229048734,1368229084734,1368229367818,1368246358734,15656041,71917,1368246358734,1368245523651,0,1368229367818,
0,171689,1368243287188,1368243287188,0,1368244726776,1368244727443,1368245157734,1368245202818,1368293287186,1368244721401,16666666,1368245216484,1368245555984,1368245587443,1368245895484,1368263503776,16328083,95500,1368263503776,1368262735484,0,1368245895484,
0,171697,1368259953854,1368259953854,0,1368261529068,1368261529818,1368261772193,1368261830526,1368309953852,1368261522443,16666666,1368262354568,1368262766318,1368262798276,1368263065693,1368280107484,15642833,76375,1368280107484,1368279195318,0,1368263065693,
0,171705,1368276620520,1368276620520,0,1368277577609,1368277578901,1368277770151,1368277813984,1368326620518,1368277571109,16666666,1368278880026,1368279220901,1368279254734,1368279516609,1368296348526,15092125,155042,1368296348526,1368295254484,0,1368279516609,
0,171713,1368293287186,1368293287186,0,1368294037068,1368294037984,1368294294484,1368294344984,1368343287184,1368294030276,16666666,1368294853401,1368295280318,1368295314693,1368295576276,1368315714568,17865750,119250,1368315714568,1368314310860,0,1368295576276,
0,171721,1368309953852,1368309953852,0,1368313251693,1368313252485,1368313456901,1368313529610,1368359953850,1368313245485,16666666,1368313811901,1368314391526,1368314430651,1368314765110,1368329800735,13135667,170208,1368329800735,1368328902068,0,1368314765110,
0,171729,1368326620518,1368326620518,0,1368327488401,1368327489193,1368327691360,1368327732360,1368376620516,1368327483193,16666666,1368327979276,1368328922485,1368328962985,1368329252318,1368346411443,15790958,84417,1368346411443,1368345636943,0,1368329252318,
0,171737,1368343287184,1368343287184,0,1368344175818,1368344176651,1368344391026,1368344442693,1368393287182,1368344169735,16666666,1368344772443,1368345681901,1368345714901,1368345961568,1368364085235,16389167,72250,1368364085235,1368362901526,0,1368345961568,
0,171745,1368359953850,1368359953850,0,1368361703901,1368361704735,1368361888526,1368361933901,1368409953848,1368361698568,16666666,1368362544318,1368362927360,1368362962610,1368363293901,1368380677860,15321666,139042,1368380677860,1368379452568,0,1368363293901,
0,171753,1368376620516,1368376620516,0,1368377711693,1368377712485,1368377911776,1368377957235,1368426620514,1368377706193,16666666,1368378198110,1368379481985,1368379525651,1368379830651,1368396720151,14653542,91500,1368396720151,1368395382360,0,1368379830651,
0,171761,1368393287182,1368393287182,0,1368394137776,1368394138693,1368394456860,1368394502901,1368443287180,1368394132485,16666666,1368394861235,1368395409443,1368395445193,1368395725026,1368414143068,15972000,173459,1368414143068,1368412765860,0,1368395725026,
0,171769,1368409953848,1368409953848,0,1368411175151,1368411176193,1368411511651,1368411561818,1368459953846,1368411168693,16666666,1368411892110,1368412826693,1368412887610,1368413226193,1368430088068,14993708,167166,1368430088068,1368429192318,0,1368413226193,
0,171777,1368426620514,1368426620514,0,1368427724110,1368427725026,1368427901526,1368427942318,1368476620512,1368427718901,16666666,1368427954651,1368429216651,1368429249693,1368429531526,1368448543193,17441084,72750,1368448543193,1368447643776,0,1368429531526,
0,171785,1368443287180,1368443287180,0,1368446225901,1368446226943,1368446419485,1368446459193,1368493287178,1368446220068,16666666,1368446718860,1368447678901,1368447713276,1368447991985,1368463329443,13730875,91375,1368463329443,1368462320026,0,1368447991985,
0,171793,1368459953846,1368459953846,0,1368460815026,1368460815860,1368460997068,1368461040610,1368509953844,1368460809151,16666666,1368461305360,1368462343235,1368462377235,1368462706360,1368481125276,16494958,73625,1368481125276,1368479891026,0,1368462706360,
0,171801,1368476620512,1368476620512,0,1368478028568,1368478029360,1368478195526,1368478234485,1368526620510,1368478023610,16666666,1368478468943,1368479948860,1368479996693,1368480373026,1368497523485,15324083,106833,1368497523485,1368496502485,0,1368480373026,
0,171809,1368493287178,1368493287178,0,1368494619526,1368494620318,1368494800068,1368494839985,1368543287176,1368494614485,16666666,1368495087360,1368496557901,1368496594693,1368496911985,1368515212401,16330458,99625,1368515212401,1368514019276,0,1368496911985,
0,171817,1368509953844,1368509953844,0,1368512780860,1368512782110,1368513055068,1368513115568,1368559953842,1368512774151,16666666,1368513666985,1368514070860,1368514121110,1368514440443,1368532284818,15562542,160458,1368532284818,1368530826485,0,1368514440443,
0,171825,1368526620510,1368526620510,0,1368529282985,1368529283943,1368529806776,1368529853068,1368576620508,1368529277443,16666666,1368530254985,1368530846651,1368530880860,1368531146985,1368550272485,16810709,301917,1368550272485,1368549159026,0,1368531146985,
0,171833,1368543287176,1368543287176,0,1368545877776,1368545878485,1368546070651,1368546453610,1368593287174,1368545872485,16666666,1368547158360,1368549195485,1368549229443,1368549491610,1368566468943,14732625,99084,1368566468943,1368565188235,0,1368549491610,
0,171841,1368559953842,1368559953842,0,1368563417443,1368563418818,1368563636568,1368563689818,1368609953840,1368563411068,16666666,1368564464026,1368565268776,1368565362443,1368565710568,1368581708360,13285334,103916,1368581708360,1368579811610,0,1368565710568,
0,171849,1368576620508,1368576620508,0,1368578224485,1368578225526,1368578516985,1368578572443,1368626620506,1368578218526,16666666,1368578892193,1368579868610,1368579904485,1368580862443,1368598082901,15352083,117125,1368598082901,1368597111860,0,1368580862443,
0,171857,1368593287174,1368593287174,0,1368594060693,1368594061735,1368594313526,1368594369110,1368643287172,1368594054693,16666666,1368594581818,1368597180235,1368597222860,1368597489443,1368615226568,15958708,90792,1368615226568,1368614092110,0,1368597489443,
0,171865,1368609953840,1368609953840,0,1368613016568,1368613017985,1368613703485,1368613752026,1368659953838,1368613009735,16666666,1368613767110,1368614132693,1368614211901,1368614501443,1368630573693,14016083,254541,1368630573693,1368629291610,0,1368614501443,
0,171873,1368626620506,1368626620506,0,1368628332485,1368628333401,1368628739860,1368628810193,1368676620504,1368628327526,16666666,1368629168651,1368629312985,1368629371776,1368629683568,1368648355235,16804375,101666,1368648355235,1368647426818,0,1368629683568,
0,171881,1368643287172,1368643287172,0,1368645323901,1368645324776,1368645528568,1368645574193,1368693287170,1368645318068,16666666,1368645860360,1368647496235,1368647532985,1368647791485,1368664602735,14869625,94709,1368664602735,1368663271985,0,1368647791485,
0,171889,1368659953838,1368659953838,0,1368661901360,1368661902193,1368662086651,1368662128985,1368709953836,1368661895193,16666666,1368662409943,1368663304068,1368663337568,1368663700901,1368681284026,15246041,130958,1368681284026,1368679922651,0,1368663700901,
0,171897,1368676620504,1368676620504,0,1368678339151,1368678340485,1368678591110,1368678643526,1368726620502,1368678332193,16666666,1368678943860,1368679986818,1368680125526,1368680631235,1368700432526,16630958,81167,1368700432526,1368697970068,0,1368680631235,
0,171905,1368693287170,1368693287170,0,1368695435818,1368695436735,1368696797360,1368696844068,1368743287168,1368695429526,16666666,1368697563610,1368697998068,1368698034235,1368699619068,1368715753276,14151416,83541,1368715753276,1368714681443,0,1368699619068,
0,171913,1368709953836,1368709953836,0,1368712167360,1368712168276,1368714204901,1368714247901,1368759953834,1368712161610,16666666,1368714531401,1368714705110,1368714737193,1368715011068,1368730283776,13513834,88958,1368730283776,1368729312318,0,1368715011068,
0,171921,1368726620502,1368726620502,0,1368727804151,1368727804985,1368727989193,1368728608193,1368776620500,1368727798610,16666666,1368728917985,1368729332110,1368729364151,1368729630818,1368748569318,17093875,79416,1368748569318,1368747425651,0,1368729630818,
0,171929,1368743287168,1368743287168,0,1368745336151,1368745337026,1368745733901,1368745777901,1368793287166,1368745330485,16666666,1368746052151,1368747470110,1368747505818,1368747814651,1368764565026,14560125,88084,1368764565026,1368763221026,0,1368747814651,
0,171937,1368759953834,1368759953834,0,1368761793485,1368761794318,1368761975110,1368762017568,1368809953832,1368761788026,16666666,1368762271068,1368763260193,1368763335568,1368763665985,1368782431026,16505750,182458,1368782431026,1368781150651,0,1368763665985,
0,171945,1368776620500,1368776620500,0,1368778024318,1368778025610,1368778333193,1368778392901,1368826620498,1368778016860,16666666,1368778615401,1368781231235,1368781320568,1368781652860,1368797175901,13286292,77708,1368797175901,1368795764276,0,1368781652860,
0,171953,1368793287166,1368793287166,0,1368794319943,1368794321151,1368794757026,1368794821776,1368843287164,1368794313568,16666666,1368794838026,1368795792901,1368795829235,1368796283026,1368813704318,15591417,89834,1368813704318,1368812815026,0,1368796283026,
0,171961,1368809953832,1368809953832,0,1368810719526,1368810720485,1368810896026,1368810936610,1368859953830,1368810714110,16666666,1368811192151,1368812859318,1368812891985,1368813167026,1368831441610,16094167,73750,1368831441610,1368829860568,0,1368813167026,
0,171969,1368826620498,1368826620498,0,1368828062860,1368828063693,1368828230151,1368828271401,1368876620496,1368828057235,16666666,1368828511901,1368829918193,1368829966151,1368830723026,1368847107860,14717583,178834,1368847107860,1368846213401,0,1368830723026,
0,171977,1368843287164,1368843287164,0,1368844938776,1368844939901,1368845128818,1368845194151,1368893287162,1368844931985,16666666,1368845486526,1368846267360,1368846301318,1368846571735,1368864374735,15390542,83875,1368864374735,1368862544943,0,1368846571735,
0,171985,1368859953830,1368859953830,0,1368860888443,1368860889235,1368861115818,1368861160068,1368876620496,1368860882610,16666666,1368861429026,1368862571943,1368862606776,1368863536943,1366880471692,15352792,96584,1366880471692,1368879800276,0,1368863536943,
---PROFILEDATA---


View hierarchy:

  dev.polski.grammarmatrix/dev.polski.grammarmatrix.GlassBenchmarkActivity/android.view.ViewRootImpl@af271ea
  7 views, 12.08 kB of render nodes


Total ViewRootImpl   : 1
Total attached Views : 7
Total RenderNode     : 12.08 kB (used) / 36.09 kB (capacity)