Applications Graphics Acceleration Info:
Uptime: 1354353 Realtime: 1354353

** Graphics info for pid 5729 [dev.polski.grammarmatrix] **

Stats since: 1349267707184ns
Total frames rendered: 305
Janky frames: 0 (0.00%)
Janky frames (legacy): 0 (0.00%)
50th percentile: 17ms
90th percentile: 18ms
95th percentile: 19ms
99th percentile: 20ms
Number Missed Vsync: 0
Number High input latency: 305
Number Slow UI thread: 0
Number Slow bitmap uploads: 0
Number Slow issue draw commands: 0
Number Frame deadline missed: 0
Number Frame deadline missed (legacy): 0
HISTOGRAM: 5ms=20 6ms=0 7ms=0 8ms=1 9ms=0 10ms=2 11ms=0 12ms=0 13ms=0 14ms=0 15ms=0 16ms=45 17ms=185 18ms=30 19ms=17 20ms=3 21ms=1 22ms=1 23ms=0 24ms=0 25ms=0 26ms=0 27ms=0 28ms=0 29ms=0 30ms=0 31ms=0 32ms=0 34ms=0 36ms=0 38ms=0 40ms=0 42ms=0 44ms=0 46ms=0 48ms=0 53ms=0 57ms=0 61ms=0 65ms=0 69ms=0 73ms=0 77ms=0 81ms=0 85ms=0 89ms=0 93ms=0 97ms=0 101ms=0 105ms=0 109ms=0 113ms=0 117ms=0 121ms=0 125ms=0 129ms=0 133ms=0 150ms=0 200ms=0 250ms=0 300ms=0 350ms=0 400ms=0 450ms=0 500ms=0 550ms=0 600ms=0 650ms=0 700ms=0 750ms=0 800ms=0 850ms=0 900ms=0 950ms=0 1000ms=0 1050ms=0 1100ms=0 1150ms=0 1200ms=0 1250ms=0 1300ms=0 1350ms=0 1400ms=0 1450ms=0 1500ms=0 1550ms=0 1600ms=0 1650ms=0 1700ms=0 1750ms=0 1800ms=0 1850ms=0 1900ms=0 1950ms=0 2000ms=0 2050ms=0 2100ms=0 2150ms=0 2200ms=0 2250ms=0 2300ms=0 2350ms=0 2400ms=0 2450ms=0 2500ms=0 2550ms=0 2600ms=0 2650ms=0 2700ms=0 2750ms=0 2800ms=0 2850ms=0 2900ms=0 2950ms=0 3000ms=0 3050ms=0 3100ms=0 3150ms=0 3200ms=0 3250ms=0 3300ms=0 3350ms=0 3400ms=0 3450ms=0 3500ms=0 3550ms=0 3600ms=0 3650ms=0 3700ms=0 3750ms=0 3800ms=0 3850ms=0 3900ms=0 3950ms=0 4000ms=0 4050ms=0 4100ms=0 4150ms=0 4200ms=0 4250ms=0 4300ms=0 4350ms=0 4400ms=0 4450ms=0 4500ms=0 4550ms=0 4600ms=0 4650ms=0 4700ms=0 4750ms=0 4800ms=0 4850ms=0 4900ms=0 4950ms=0
50th gpu percentile: 15ms
90th gpu percentile: 16ms
95th gpu percentile: 17ms
99th gpu percentile: 18ms
GPU HISTOGRAM: 1ms=0 2ms=21 3ms=2 4ms=0 5ms=0 6ms=1 7ms=1 8ms=0 9ms=3 10ms=4 11ms=4 12ms=4 13ms=15 14ms=42 15ms=119 16ms=70 17ms=10 18ms=6 19ms=2 20ms=0 21ms=1 22ms=0 23ms=0 24ms=0 25ms=0 4950ms=0

Pipeline=Skia (OpenGL)
Memory policy:
  Max surface area: 2592000
  Max resource usage: 124.42MB (x48)
  Background retention: 50% (altUiHidden = true)
  GPU Context timeout: 10
Contexts: 1 (stopped = 0)
CPU Caches:
  Glyph Cache: 33.70 KB (1 entry)
  Glyph Count: 11 
Total CPU memory usage:
  34510 bytes, 33.70 KB (0.00 bytes is purgeable)
GPU Caches:
  Other:
    Other: 27.61 KB (1 entry)
    Buffer Object: 36.00 KB (1 entry)
  Scratch:
    Buffer Object: 80.00 KB (2 entries)
    Texture: 2.00 MB (1 entry)
Total GPU memory usage:
  2244208 bytes, 2.14 MB (68.00 KB is purgeable)

GraphicBufferAllocator buffers:
        Handle |        Size |     W (Stride) x H | Layers |   Format |      Usage | Requestor
0xb400007b2c426750 |     unknown | 1080 (   0) x 2400 |      1 |        1 | 0x     b00 | VRI[GlassBenchmarkActivity]#0(BLAST Consumer)0
0xb400007b2c426900 |     unknown | 1080 (   0) x 2400 |      1 |        1 | 0x     b00 | VRI[GlassBenchmarkActivity]#0(BLAST Consumer)0
0xb400007b2c437e50 |     unknown | 1080 (   0) x 2400 |      1 |        1 | 0x     b00 | VRI[GlassBenchmarkActivity]#0(BLAST Consumer)0
Total allocated by GraphicBufferAllocator (estimate): 0.00 KB
GoldfishAllocator::dumpDebugInfo is not implemented
Profile data in ms:

	dev.polski.grammarmatrix/dev.polski.grammarmatrix.GlassBenchmarkActivity/android.view.ViewRootImpl@af271ea (visibility=0)
Window: dev.polski.grammarmatrix/dev.polski.grammarmatrix.GlassBenchmarkActivity
Stats since: 1349267706892ns
Total frames rendered: 305
Janky frames: 0 (0.00%)
Janky frames (legacy): 0 (0.00%)
50th percentile: 17ms
90th percentile: 18ms
95th percentile: 19ms
99th percentile: 20ms
Number Missed Vsync: 0
Number High input latency: 305
Number Slow UI thread: 0
Number Slow bitmap uploads: 0
Number Slow issue draw commands: 0
Number Frame deadline missed: 0
Number Frame deadline missed (legacy): 0
HISTOGRAM: 5ms=20 6ms=0 7ms=0 8ms=1 9ms=0 10ms=2 11ms=0 12ms=0 13ms=0 14ms=0 15ms=0 16ms=45 17ms=185 18ms=30 19ms=17 20ms=3 21ms=1 22ms=1 23ms=0 24ms=0 25ms=0 26ms=0 27ms=0 28ms=0 29ms=0 30ms=0 31ms=0 32ms=0 34ms=0 36ms=0 38ms=0 40ms=0 42ms=0 44ms=0 46ms=0 48ms=0 53ms=0 57ms=0 61ms=0 65ms=0 69ms=0 73ms=0 77ms=0 81ms=0 85ms=0 89ms=0 93ms=0 97ms=0 101ms=0 105ms=0 109ms=0 113ms=0 117ms=0 121ms=0 125ms=0 129ms=0 133ms=0 150ms=0 200ms=0 250ms=0 300ms=0 350ms=0 400ms=0 450ms=0 500ms=0 550ms=0 600ms=0 650ms=0 700ms=0 750ms=0 800ms=0 850ms=0 900ms=0 950ms=0 1000ms=0 1050ms=0 1100ms=0 1150ms=0 1200ms=0 1250ms=0 1300ms=0 1350ms=0 1400ms=0 1450ms=0 1500ms=0 1550ms=0 1600ms=0 1650ms=0 1700ms=0 1750ms=0 1800ms=0 1850ms=0 1900ms=0 1950ms=0 2000ms=0 2050ms=0 2100ms=0 2150ms=0 2200ms=0 2250ms=0 2300ms=0 2350ms=0 2400ms=0 2450ms=0 2500ms=0 2550ms=0 2600ms=0 2650ms=0 2700ms=0 2750ms=0 2800ms=0 2850ms=0 2900ms=0 2950ms=0 3000ms=0 3050ms=0 3100ms=0 3150ms=0 3200ms=0 3250ms=0 3300ms=0 3350ms=0 3400ms=0 3450ms=0 3500ms=0 3550ms=0 3600ms=0 3650ms=0 3700ms=0 3750ms=0 3800ms=0 3850ms=0 3900ms=0 3950ms=0 4000ms=0 4050ms=0 4100ms=0 4150ms=0 4200ms=0 4250ms=0 4300ms=0 4350ms=0 4400ms=0 4450ms=0 4500ms=0 4550ms=0 4600ms=0 4650ms=0 4700ms=0 4750ms=0 4800ms=0 4850ms=0 4900ms=0 4950ms=0
50th gpu percentile: 15ms
90th gpu percentile: 16ms
95th gpu percentile: 17ms
99th gpu percentile: 18ms
GPU HISTOGRAM: 1ms=0 2ms=21 3ms=2 4ms=0 5ms=0 6ms=1 7ms=1 8ms=0 9ms=3 10ms=4 11ms=4 12ms=4 13ms=15 14ms=42 15ms=119 16ms=70 17ms=10 18ms=6 19ms=2 20ms=0 21ms=1 22ms=0 23ms=0 24ms=0 25ms=0 4950ms=0



---PROFILEDATA---
Flags,FrameTimelineVsyncId,IntendedVsync,Vsync,InputEventId,HandleInputStart,AnimationStart,PerformTraversalsStart,DrawStart,FrameDeadline,FrameInterval,FrameStartTime,SyncQueued,SyncStart,IssueDrawCommandsStart,SwapBuffers,FrameCompleted,DequeueBufferDuration,QueueBufferDuration,GpuCompleted,SwapBuffersCompleted,DisplayPresentTime,CommandSubmissionCompleted,
0,164182,1352359954490,1352359954490,0,1352362042644,1352362043685,1352362258227,1352362307810,1352393287822,1352362035602,16666666,1352362670685,1352362919935,1352362973894,1352363378894,1352379647644,2792,74875,1352379647644,1352364529977,0,1352363378894,
0,164190,1352376621156,1352376621156,0,1352379801394,1352379801977,1352380321685,1352380389810,1352409954488,1352379795019,16666666,1352380830560,1352381444935,1352381552769,1352381841477,1352395239435,2209,190583,1352395239435,1352382529227,0,1352381841477,
0,164198,1352393287822,1352393287822,0,1352395901310,1352395902227,1352396301019,1352396342852,1352426621154,1352395896019,16666666,1352397056935,1352397161185,1352397197102,1352397562060,1352411839352,1833,76000,1352411839352,1352398113394,0,1352397562060,
0,164206,1352409954488,1352409954488,0,1352414295352,1352414297269,1352415099102,1352415188852,1352443287820,1352414284060,16666666,1352416777560,1352416978769,1352417081810,1352418013644,1352427736602,3083,226750,1352427736602,1352419078185,0,1352418013644,
0,164214,1352426621154,1352426621154,0,1352427732269,1352427733185,1352427921644,1352428482227,1352459954486,1352427725977,16666666,1352428819227,1352428830394,1352428872727,1352429425477,1352445174560,2041,282583,1352445174560,1352430299727,0,1352429425477,
0,164222,1352443287820,1352443287820,0,1352448368727,1352448370394,1352449268977,1352449343185,1352476621152,1352448358019,16666666,1352450011019,1352450432269,1352450512644,1352451541977,1352461063810,2625,478167,1352461063810,1352453020644,0,1352451541977,
0,164230,1352459954486,1352459954486,0,1352461013394,1352461014185,1352461195435,1352461236102,1352493287818,1352461008435,16666666,1352461652352,1352461786894,1352461822935,1352462360435,1352477439019,2000,117084,1352477439019,1352467581935,0,1352462360435,
0,164238,1352476621152,1352476621152,0,1352477701560,1352477702477,1352478184602,1352478230227,1352509954484,1352477695352,16666666,1352479014435,1352479157310,1352479195977,1352479587227,1352494044227,1750,324875,1352494044227,1352480639310,0,1352479587227,
0,164246,1352493287818,1352493287818,0,1352494585685,1352494587519,1352495193060,1352495271269,1352526621150,1352494574685,16666666,1352497230394,1352498815185,1352498913352,1352499462477,1352510993144,2459,220500,1352510993144,1352500589060,0,1352499462477,
0,164254,1352509954484,1352509954484,0,1352511375477,1352511376519,1352511576894,1352511623227,1352543287816,1352511369477,16666666,1352511823060,1352512180477,1352512206769,1352512547310,1352527540435,1833,324834,1352527540435,1352513633435,0,1352512547310,
0,164262,1352526621150,1352526621150,0,1352528205019,1352528205810,1352528378685,1352528421810,1352559954482,1352528199560,16666666,1352528434852,1352528963852,1352529252935,1352529597269,1352544602977,1666,82458,1352544602977,1352530364269,0,1352529597269,
0,164270,1352543287816,1352543287816,0,1352544514477,1352544515185,1352544757102,1352544803102,1352576621148,1352544509227,16666666,1352545098852,1352545224935,1352545261102,1352545628102,1352560780810,456000,389167,1352560780810,1352547234269,0,1352545628102,
0,164278,1352559954482,1352559954482,0,1352560880310,1352560881394,1352561082019,1352561123935,1352593287814,1352560875185,16666666,1352561406102,1352561428602,1352561569894,1352562089269,1352577534644,1709,300917,1352577534644,1352563394935,0,1352562089269,
0,164286,1352576621148,1352576621148,0,1352577845269,1352577846144,1352578385810,1352578436602,1352609954480,1352577839102,16666666,1352578901810,1352579120394,1352579160935,1352579709477,1352593945477,2750,513125,1352593945477,1352581055644,0,1352579709477,
0,164294,1352593287814,1352593287814,0,1352594215727,1352594216519,1352594565935,1352594610685,1352626621146,1352594210269,16666666,1352594912394,1352594920935,1352595053269,1352595545060,1352610957102,2292,186333,1352610957102,1352596552435,0,1352595545060,
0,164302,1352609954480,1352609954480,0,1352611168560,1352611169435,1352611343644,1352611396894,1352643287812,1352611163352,16666666,1352611686310,1352611745435,1352611802894,1352612631894,1352627528977,1625,208916,1352627528977,1352613479560,0,1352612631894,
0,164310,1352626621146,1352626621146,0,1352627732352,1352627733602,1352627934727,1352627979477,1352659954478,1352627653727,16666666,1352628737894,1352628785685,1352628802852,1352629076810,1352643875477,1666,85875,1352643875477,1352629552935,0,1352629076810,
0,164318,1352643287812,1352643287812,0,1352643858352,1352643859102,1352644773810,1352644832352,1352676621144,1352643853477,16666666,1352645431310,1352645786102,1352646040644,1352646338560,1352660550685,1833,264542,1352660550685,1352647135477,0,1352646338560,
0,164326,1352659954478,1352659954478,0,1352660497394,1352660498102,1352660757102,1352660970435,1352693287810,1352660492102,16666666,1352661403727,1352661794435,1352661891227,1352662599185,1352677584102,1417,79917,1352677584102,1352663223310,0,1352662599185,
0,164334,1352676621144,1352676621144,0,1352678085227,1352678086352,1352678557019,1352678619977,1352709954476,1352678077685,16666666,1352679449519,1352679556810,1352679622519,1352680338102,1352694643144,1958,201625,1352694643144,1352681539727,0,1352680338102,
0,164342,1352693287810,1352693287810,0,1352694893185,1352694894435,1352695181019,1352695240227,1352726621142,1352694886102,16666666,1352695471727,1352695997977,1352696376102,1352696966352,1352710907019,471209,124542,1352710907019,1352698144852,0,1352696966352,
0,164350,1352709954476,1352709954476,0,1352710926852,1352710927685,1352711119894,1352711162310,1352743287808,1352710921435,16666666,1352711175227,1352711466810,1352712397727,1352712752019,1352727649519,1541,120292,1352727649519,1352714232519,0,1352712752019,
0,164358,1352726621142,1352726621142,0,1352727800352,1352727801435,1352729323685,1352729404394,1352759954474,1352727794935,16666666,1352729961894,1352730074560,1352730111394,1352730411019,1352744101227,2042,179083,1352744101227,1352731119269,0,1352730411019,
0,164366,1352743287808,1352743287808,0,1352745554852,1352745555394,1352745720144,1352745762102,1352776621140,1352745548894,16666666,1352746035477,1352746138352,1352746172685,1352746468644,1352761280810,2023167,181667,1352761280810,1352749297144,0,1352746468644,
0,164374,1352759954474,1352759954474,0,1352761576144,1352761577019,1352761766602,1352761813977,1352793287806,1352761570977,16666666,1352762187060,1352762287102,1352762359310,1352762994394,1352764180435,3709,501458,1352764122394,1352764180435,0,1352762994394,
0,164382,1352776621140,1352776621140,0,1352777667310,1352777668060,1352777828685,1352777867769,1352809954472,1352777662477,16666666,1352778145852,1352778305560,1352778509144,1352778844144,1352793722435,666125,219334,1352793722435,1352780517894,0,1352778844144,
0,164390,1352793287806,1352793287806,0,1352795407560,1352795408519,1352795602477,1352795644644,1352826621138,1352795401477,16666666,1352795920227,1352796091810,1352796161644,1352796527852,1352810871060,2125,174958,1352810871060,1352797468727,0,1352796527852,
0,164398,1352809954472,1352809954472,0,1352810959394,1352810960269,1352811211394,1352811249185,1352843287804,1352810954560,16666666,1352811511769,1352811863685,1352811945852,1352812782977,1352827658435,2459,124375,1352827658435,1352814023977,0,1352812782977,
0,164406,1352826621138,1352826621138,0,1352827353185,1352827353935,1352827534727,1352827575019,1352859954470,1352827348269,16666666,1352828431185,1352828688060,1352828876519,1352829362144,1352843912060,1958,172000,1352843912060,1352830277852,0,1352829362144,
0,164414,1352843287804,1352843287804,0,1352844719394,1352844720060,1352844898644,1352844942560,1352876621136,1352844714269,16666666,1352845310144,1352845400310,1352845457935,1352845876519,1352860645935,3458,362500,1352860645935,1352846757852,0,1352845876519,
0,164422,1352859954470,1352859954470,0,1352861415060,1352861415727,1352861684394,1352861728769,1352893287802,1352861410519,16666666,1352863095560,1352863213644,1352863335352,1352863750602,1352877382227,2625,106833,1352877382227,1352864894894,0,1352863750602,
0,164430,1352876621136,1352876621136,0,1352878532727,1352878534060,1352879411519,1352879451852,1352909954468,1352878524644,16666666,1352879937727,1352880323894,1352880430602,1352880717477,1352893847560,1583,104708,1352893847560,1352881517519,0,1352880717477,
0,164438,1352893287802,1352893287802,0,1352894297394,1352894298352,1352894487935,1352894529977,1352926621134,1352894292227,16666666,1352894846894,1352894973810,1352895186769,1352895529852,1352910567685,1583,146000,1352910567685,1352896134810,0,1352895529852,
0,164446,1352909954468,1352909954468,0,1352910652060,1352910652977,1352910846102,1352910887602,1352943287800,1352910646519,16666666,1352911185102,1352911390060,1352911426852,1352912156269,1352927475727,165541,412792,1352927475727,1352913260102,0,1352912156269,
0,164454,1352926621134,1352926621134,0,1352927918310,1352927919685,1352928568519,1352928632602,1352959954466,1352927911560,16666666,1352929218352,1352929300644,1352929356977,1352929968352,1352944135019,2125,167708,1352944135019,1352930889269,0,1352929968352,
0,164462,1352943287800,1352943287800,0,1352944522852,1352944523602,1352944711102,1352944755477,1352976621132,1352944517769,16666666,1352945032436,1352945195144,1352945233311,1352945602852,1352961151102,1625,74750,1352961151102,1352946161019,0,1352945602852,
0,164470,1352959954466,1352959954466,0,1352961667436,1352961668394,1352961899019,1352961945811,1352993287798,1352961661727,16666666,1352962238352,1352962313436,1352962397227,1352962697686,1352977237061,1917,76667,1352977237061,1352963475477,0,1352962697686,
0,164478,1352976621132,1352976621132,0,1352977591477,1352977592394,1352977779769,1352977826936,1353009954464,1352977586394,16666666,1352978224727,1352978410936,1352978489561,1352978825686,1352994092936,1500,73583,1352994092936,1352979570227,0,1352978825686,
0,164486,1352993287798,1352993287798,0,1352994452894,1352994454186,1352994685061,1352994731894,1353026621130,1352994447061,16666666,1352995054269,1352995454019,1352995491102,1352995766352,1353011278852,1708,79459,1353011278852,1352996416394,0,1352995766352,
0,164494,1353009954464,1353009954464,0,1353011296852,1353011297769,1353011611727,1353011654936,1353043287796,1353011291352,16666666,1353012685352,1353012994852,1353013030061,1353013377477,1353027483311,1708,88416,1353027483311,1353014233644,0,1353013377477,
0,164502,1353026621130,1353026621130,0,1353027940769,1353027942019,1353028560019,1353028609102,1353059954462,1353027933769,16666666,1353029020144,1353029171186,1353029233769,1353029515061,1353044702561,1875,86083,1353044702561,1353030065061,0,1353029515061,
0,164510,1353043287796,1353043287796,0,1353044954644,1353044955519,1353045160436,1353045209894,1353076621128,1353044948977,16666666,1353045520561,1353045541394,1353045576394,1353045990519,1353061258519,530208,180750,1353061258519,1353047275936,0,1353045990519,
0,164518,1353059954462,1353059954462,0,1353062725602,1353062726436,1353062939144,1353063320061,1353093287794,1353062720144,16666666,1353063710602,1353063865394,1353063907686,1353064614061,1353077994602,1708,106709,1353077994602,1353065513561,0,1353064614061,
0,164526,1353076621128,1353076621128,0,1353078608061,1353078609019,1353078801436,1353078846894,1353109954460,1353078602852,16666666,1353078859227,1353079086977,1353079143769,1353079692186,1353093961186,1584,86792,1353093961186,1353080456977,0,1353079692186,
0,164534,1353093287794,1353093287794,0,1353094208061,1353094208811,1353094411727,1353094457561,1353126621126,1353094202311,16666666,1353094780186,1353095016602,1353095062269,1353095709352,1353111879894,2041,76083,1353111879894,1353096502477,0,1353095709352,
0,164542,1353109954460,1353109954460,0,1353112243186,1353112244144,1353112432727,1353112477644,1353143287792,1353112237352,16666666,1353112844352,1353112854644,1353112923019,1353113445936,1353127086019,339541,178083,1353127086019,1353114464102,0,1353113445936,
0,164550,1353126621126,1353126621126,0,1353127460644,1353127461727,1353127665519,1353127708727,1353159954458,1353127454894,16666666,1353127991102,1353128311227,1353128351061,1353128654894,1353143960019,1542,152834,1353143960019,1353129717477,0,1353128654894,
0,164558,1353143287792,1353143287792,0,1353143799977,1353143800811,1353143983269,1353144192311,1353176621124,1353143794977,16666666,1353144472186,1353144604436,1353144643519,1353144986686,1353160441644,816708,205750,1353160441644,1353146491311,0,1353144986686,
0,164566,1353159954458,1353159954458,0,1353160576061,1353160577061,1353160785019,1353160829894,1353193287790,1353160570769,16666666,1353161132269,1353161236019,1353161405519,1353161746436,1353177400852,1458,157834,1353177400852,1353162627019,0,1353161746436,
0,164574,1353176621124,1353176621124,0,1353177531019,1353177532311,1353177741477,1353177791144,1353209954456,1353177525019,16666666,1353178150769,1353178348186,1353178393936,1353179058061,1353194331727,238958,286083,1353194331727,1353180564602,0,1353179058061,
0,164582,1353193287790,1353193287790,0,1353193974561,1353193975352,1353194156227,1353194197519,1353226621122,1353193969269,16666666,1353194522227,1353194661644,1353194744936,1353195046894,1353210674519,1788791,463125,1353210674519,1353198165186,0,1353195046894,
0,164590,1353209954456,1353209954456,0,1353210611894,1353210612727,1353210803852,1353210848644,1353243287788,1353210606769,16666666,1353211146644,1353211291186,1353211350144,1353212322311,1353214069186,329250,357042,1353213670394,1353214069186,0,1353212322311,
0,164598,1353226621122,1353226621122,0,1353227201019,1353227201852,1353227371852,1353227412394,1353259954454,1353227196227,16666666,1353227699311,1353227811394,1353227906894,1353229048686,1353243847102,586834,193375,1353243847102,1353230470977,0,1353229048686,
0,164606,1353243287788,1353243287788,0,1353244139394,1353244140477,1353244371727,1353244422936,1353276621120,1353244133519,16666666,1353244662727,1353244890227,1353244933644,1353245397519,1353260632102,257292,323375,1353260632102,1353246471561,0,1353245397519,
0,164614,1353259954454,1353259954454,0,1353260711977,1353260713311,1353260930644,1353260978061,1353293287786,1353260705977,16666666,1353260990602,1353261243686,1353261297519,1353261991477,1353263819477,3209,901250,1353263769561,1353263819477,0,1353261991477,
0,164622,1353276621120,1353276621120,0,1353277344894,1353277346061,1353277559477,1353277605019,1353309954452,1353277338519,16666666,1353277894227,1353278016477,1353278052977,1353278423144,1353293645561,1750,163666,1353293645561,1353279238811,0,1353278423144,
0,164630,1353293287786,1353293287786,0,1353294026686,1353294027561,1353294413394,1353294456936,1353326621118,1353294020644,16666666,1353294805269,1353295115977,1353295221561,1353295589102,1353310342936,2208,275834,1353310342936,1353296304811,0,1353295589102,
0,164638,1353309954452,1353309954452,0,1353310497811,1353310498769,1353310687144,1353310731394,1353343287784,1353310492686,16666666,1353311022311,1353311166186,1353311216061,1353311540561,1353312686227,2125,386500,1353312658477,1353312686227,0,1353311540561,
0,164646,1353326621118,1353326621118,0,1353327334311,1353327335561,1353327653561,1353327700936,1353359954450,1353327328102,16666666,1353328471102,1353328642061,1353328660894,1353329176352,1353343809769,1917,179000,1353343809769,1353329886894,0,1353329176352,
0,164654,1353343287784,1353343287784,0,1353344087269,1353344088102,1353344433477,1353344501852,1353376621116,1353344081727,16666666,1353344817436,1353345083602,1353345133311,1353345611352,1353360584936,2250,258667,1353360584936,1353346619394,0,1353345611352,
0,164662,1353359954450,1353359954450,0,1353360860644,1353360861561,1353361052686,1353361095519,1353393287782,1353360854644,16666666,1353361418561,1353361608644,1353361644852,1353362446894,1353377355394,1500,114750,1353377355394,1353363062561,0,1353362446894,
0,164670,1353376621116,1353376621116,0,1353377730686,1353377731644,1353377997894,1353378040102,1353409954448,1353377724436,16666666,1353378505477,1353378624852,1353378661436,1353379098644,1353393947311,264333,310542,1353393947311,1353380355102,0,1353379098644,
0,164678,1353393287782,1353393287782,0,1353394379852,1353394380894,1353394890394,1353394957811,1353426621114,1353394373561,16666666,1353395607644,1353395711311,1353395774477,1353396652894,1353410561102,2667,301458,1353410561102,1353397726519,0,1353396652894,
0,164686,1353409954448,1353409954448,0,1353410962144,1353410962977,1353411141102,1353411180019,1353443287780,1353410957269,16666666,1353411458644,1353411735477,1353411789436,1353412617311,1353428442477,1542,111834,1353428442477,1353413355227,0,1353412617311,
0,164694,1353426621114,1353426621114,0,1353427260727,1353427261352,1353427430436,1353427470436,1353459954446,1353427255977,16666666,1353427621894,1353427712686,1353427749144,1353428413227,1353443846977,1520750,392916,1353443846977,1353431133811,0,1353428413227,
0,164702,1353443287780,1353443287780,0,1353444456686,1353444457519,1353444815019,1353444876269,1353476621112,1353444449977,16666666,1353444892311,1353445176394,1353445222561,1353445641561,1353460666477,1917,165208,1353460666477,1353446527936,0,1353445641561,
0,164710,1353459954446,1353459954446,0,1353460916936,1353460918019,1353461152602,1353461202186,1353493287778,1353460910977,16666666,1353461495852,1353461637686,1353461675436,1353462121477,1353477193311,626250,213250,1353477193311,1353463652394,0,1353462121477,
0,164718,1353476621112,1353476621112,0,1353477613519,1353477614519,1353477808477,1353477857269,1353509954444,1353477607727,16666666,1353478402852,1353478521936,1353478733936,1353479599269,1353493639769,1500,122584,1353493639769,1353480584019,0,1353479599269,
0,164726,1353493287778,1353493287778,0,1353494039269,1353494040311,1353494359602,1353494402477,1353526621110,1353494033436,16666666,1353494685436,1353494804977,1353494842811,1353495393602,1353511254311,1709,78541,1353511254311,1353496559144,0,1353495393602,
0,164734,1353509954444,1353509954444,0,1353511346269,1353511347644,1353511643144,1353511706686,1353543287776,1353511339311,16666666,1353513719936,1353513839686,1353513879894,1353514218519,1353527198602,1875,145542,1353527198602,1353515121311,0,1353514218519,
0,164742,1353526621110,1353526621110,0,1353527676227,1353527677186,1353527902936,1353527952519,1353559954442,1353527670852,16666666,1353528665602,1353529052727,1353529094311,1353529992894,1353544862061,1709,108458,1353544862061,1353530768352,0,1353529992894,
0,164750,1353543287776,1353543287776,0,1353544250311,1353544250977,1353544451644,1353544493602,1353576621108,1353544245102,16666666,1353544780602,1353546637102,1353546665061,1353547034686,1353564279727,2456709,155250,1353564279727,1353550194727,0,1353547034686,
0,164758,1353559954442,1353559954442,0,1353565567894,1353565568686,1353565775102,1353565823227,1353593287774,1353565562352,16666666,1353566242519,1353566346186,1353566397186,1353566794227,1353577710144,2125,101083,1353577710144,1353567479019,0,1353566794227,
0,164766,1353576621108,1353576621108,0,1353578247269,1353578248352,1353578508894,1353578569186,1353609954440,1353578240144,16666666,1353578995727,1353579009977,1353579060519,1353581000269,1353593934519,2375,159542,1353593934519,1353581806811,0,1353581000269,
0,164774,1353593287774,1353593287774,0,1353594285352,1353594286102,1353594822227,1353594866227,1353626621106,1353594279227,16666666,1353595164102,1353595278227,1353595445769,1353595744061,1353610468561,1750,100584,1353610468561,1353596847352,0,1353595744061,
0,164782,1353609954440,1353609954440,0,1353610740519,1353610741811,1353611002894,1353611050977,1353643287772,1353610734769,16666666,1353611238394,1353611691144,1353611741394,1353612800561,1353628616144,1792,98958,1353628616144,1353613424436,0,1353612800561,
0,164790,1353626621106,1353626621106,0,1353628603144,1353628603936,1353628840727,1353628882477,1353659954438,1353628598186,16666666,1353628895561,1353629423102,1353629460144,1353629949811,1353644148478,1458,78167,1353644148478,1353630640311,0,1353629949811,
0,164798,1353643287772,1353643287772,0,1353645130269,1353645131061,1353645518061,1353645562436,1353676621104,1353645125061,16666666,1353645932144,1353646089728,1353646127269,1353646642061,1353661736894,1833,95708,1353661736894,1353647521853,0,1353646642061,
0,164806,1353659954438,1353659954438,0,1353661746103,1353661746894,1353661974186,1353662023269,1353693287770,1353661740853,16666666,1353662574103,1353662722561,1353662859394,1353663471186,1353677864686,1917,175875,1353677864686,1353664186519,0,1353663471186,
0,164814,1353676621104,1353676621104,0,1353677856311,1353677857186,1353678049019,1353678093228,1353709954436,1353677850478,16666666,1353678372644,1353678808061,1353678846394,1353679660978,1353695756478,1458,79292,1353695756478,1353680572353,0,1353679660978,
0,164822,1353693287770,1353693287770,0,1353695932186,1353695933061,1353696270144,1353696314061,1353726621102,1353695927144,16666666,1353696680853,1353696917728,1353696952019,1353697618228,1353710921769,392917,127667,1353710921769,1353698920061,0,1353697618228,
0,164830,1353709954436,1353709954436,0,1353711334478,1353711335394,1353711505144,1353711547519,1353743287768,1353711329103,16666666,1353711962144,1353712687394,1353712805019,1353713443644,1353729046853,1958,156750,1353729046853,1353714232353,0,1353713443644,
0,164838,1353726621102,1353726621102,0,1353729180936,1353729181936,1353729344519,1353729492728,1353759954434,1353729173144,16666666,1353729882019,1353730584353,1353730613978,1353731169769,1353744159186,1792,102250,1353744159186,1353731869561,0,1353731169769,
0,164846,1353743287768,1353743287768,0,1353744678311,1353744679769,1353744877019,1353744918228,1353776621100,1353744672603,16666666,1353745262186,1353745408394,1353745446811,1353746030936,1353760646769,2125,316834,1353760646769,1353747073228,0,1353746030936,
0,164854,1353759954434,1353759954434,0,1353760993686,1353760994519,1353761194478,1353761238894,1353793287766,1353760987894,16666666,1353761650728,1353761767686,1353761802936,1353762376519,1353777091686,1583,164208,1353777091686,1353763116186,0,1353762376519,
0,164862,1353776621100,1353776621100,0,1353777365769,1353777366561,1353777616936,1353777659436,1353809954432,1353777357686,16666666,1353777968644,1353778061394,1353778132603,1353778753353,1353796201394,2333,256583,1353796201394,1353779766353,0,1353778753353,
0,164870,1353793287766,1353793287766,0,1353796669894,1353796670561,1353796883061,1353796931436,1353826621098,1353796664894,16666666,1353797104561,1353797341269,1353797469311,1353797878269,1353810583144,553042,88625,1353810583144,1353798989186,0,1353797878269,
0,164878,1353809954432,1353809954432,0,1353811187603,1353811188686,1353811368436,1353811411894,1353843287764,1353811181894,16666666,1353811425269,1353811729811,1353811845061,1353812288061,1353829325644,1583,171500,1353829325644,1353812912644,0,1353812288061,
0,164886,1353826621098,1353826621098,0,1353829751394,1353829751978,1353830149478,1353830201853,1353859954430,1353829745561,16666666,1353830561853,1353830864978,1353830901644,1353831329311,1353846634936,2167,218292,1353846634936,1353831982603,0,1353831329311,
0,164894,1353843287764,1353843287764,0,1353847187144,1353847188394,1353847463061,1353847511894,1353876621096,1353847181144,16666666,1353847836978,1353848188519,1353848207728,1353848589228,1353861161478,2500,75875,1353861161478,1353849251603,0,1353848589228,
0,164902,1353859954430,1353859954430,0,1353861629978,1353861631144,1353861840436,1353861886894,1353893287762,1353861624061,16666666,1353862256561,1353862743561,1353862778603,1353863219561,1353877240269,1209,70542,1353877240269,1353864727894,0,1353863219561,
0,164910,1353876621096,1353876621096,0,1353877432853,1353877433686,1353877617186,1353877663644,1353909954428,1353877427144,16666666,1353878665811,1353878931019,1353878994853,1353879735603,1353893711019,2334,218042,1353893711019,1353880653186,0,1353879735603,
0,164918,1353893287762,1353893287762,0,1353894032853,1353894033769,1353894276186,1353894327436,1353926621094,1353894026686,16666666,1353894708019,1353894852853,1353894901853,1353895404644,1353910496478,1792,82000,1353910496478,1353895996186,0,1353895404644,
0,164926,1353909954428,1353909954428,0,1353910901353,1353910902228,1353911132269,1353911180561,1353943287760,1353910895853,16666666,1353911924269,1353912249269,1353912265561,1353912558394,1353927645603,1667,79083,1353927645603,1353913053603,0,1353912558394,
0,164934,1353926621094,1353926621094,0,1353927697478,1353927698311,1353927964936,1353928386728,1353959954426,1353927692144,16666666,1353928735269,1353928765769,1353928866686,1353929451561,1353930630311,2500,358666,1353930600269,1353930630311,0,1353929451561,
0,164942,1353943287760,1353943287760,0,1353944998436,1353944999478,1353945328853,1353945376853,1353976621092,1353944993019,16666666,1353945982936,1353946131353,1353946196353,1353946487894,1353960782728,1750,175541,1353960782728,1353947070103,0,1353946487894,
0,164950,1353959954426,1353959954426,0,1353961384686,1353961385478,1353961614269,1353961659019,1353993287758,1353961379561,16666666,1353961989103,1353962097686,1353962137186,1353962452894,1353977728644,2000,400875,1353977728644,1353963407061,0,1353962452894,
0,164958,1353976621092,1353976621092,0,1353977773936,1353977774978,1353978380353,1353978429311,1354009954424,1353977768103,16666666,1353978599311,1353978890061,1353978958811,1353979868144,1353994564644,1666,201209,1353994564644,1353980903019,0,1353979868144,
0,164966,1353993287758,1353993287758,0,1353995121978,1353995122936,1353995933686,1353995978186,1354026621090,1353995116728,16666666,1353995990561,1353996885811,1353997041519,1353997419019,1354011450144,1542,85459,1354011450144,1353998110311,0,1353997419019,
0,164974,1354009954424,1354009954424,0,1354012312644,1354012313436,1354012487894,1354012622394,1354043287756,1354012307603,16666666,1354013126478,1354013623894,1354013881311,1354014305686,1354027537144,1916,167625,1354027537144,1354015157103,0,1354014305686,
0,164982,1354026621090,1354026621090,0,1354028506686,1354028507686,1354029160269,1354029210811,1354059954422,1354028499936,16666666,1354029506061,1354029610019,1354029642644,1354029916228,1354043661853,1834,179416,1354043661853,1354030927603,0,1354029916228,
0,164990,1354043287756,1354043287756,0,1354044841144,1354044841853,1354045276311,1354045322644,1354076621088,1354044835853,16666666,1354045627811,1354045721769,1354045756186,1354046032478,1354062589769,1666,157916,1354062589769,1354046736353,0,1354046032478,
0,164998,1354059954422,1354059954422,0,1354063546311,1354063547228,1354063940103,1354065547769,1354093287754,1354063539728,16666666,1354065933394,1354066031144,1354066081394,1354066444186,1354077761936,1709,158167,1354077761936,1354067287561,0,1354066444186,
0,165006,1354076621088,1354076621088,0,1354078562353,1354078563478,1354078736894,1354078779103,1354109954420,1354078557144,16666666,1354079360478,1354079386478,1354079447269,1354079823811,1354093813269,2500,262750,1354093813269,1354081413228,0,1354079823811,
0,165014,1354093287754,1354093287754,0,1354095371561,1354095372269,1354095727936,1354095771186,1354126621086,1354095366311,16666666,1354096249061,1354096787228,1354096849978,1354097247936,1354110524894,2500,188666,1354110524894,1354098514353,0,1354097247936,
0,165022,1354109954420,1354109954420,0,1354111294103,1354111294936,1354111479228,1354111521019,1354143287752,1354111288394,16666666,1354111947019,1354112113186,1354112132769,1354112771603,1354114490603,2209,256708,1354114395728,1354114490603,0,1354112771603,
0,165030,1354126621086,1354126621086,0,1354128170978,1354128171769,1354128379186,1354128426436,1354159954418,1354128165228,16666666,1354128849019,1354128973478,1354129008603,1354130291936,1354143809186,2417,422375,1354143809186,1354131483269,0,1354130291936,
0,165038,1354143287752,1354143287752,0,1354145089186,1354145090103,1354145601436,1354145649186,1354176621084,1354145083728,16666666,1354146164311,1354146334144,1354146515853,1354146978853,1354160524728,2083,271291,1354160524728,1354147981769,0,1354146978853,
0,165046,1354159954418,1354159954418,0,1354162077853,1354162079353,1354162327019,1354162408978,1354193287750,1354162070686,16666666,1354162810353,1354162941394,1354163065436,1354164297811,1354178626436,1875,126666,1354178626436,1354164956769,0,1354164297811,
0,165054,1354176621084,1354176621084,0,1354178922894,1354178924186,1354179146186,1354179294519,1354209954416,1354178915519,16666666,1354179311478,1354179647103,1354179850061,1354181772228,1354193981728,2541,238000,1354193981728,1354182929561,0,1354181772228,
0,165062,1354193287750,1354193287750,0,1354194478853,1354194479644,1354194713311,1354194754061,1354226621082,1354194473478,16666666,1354195007978,1354195218686,1354195321603,1354195806103,1354210913894,1958,74542,1354210913894,1354197020061,0,1354195806103,
0,165070,1354209954416,1354209954416,0,1354210965311,1354210966144,1354211144728,1354211194478,1354243287748,1354210959728,16666666,1354211497769,1354211837728,1354211908769,1354212690478,1354227481603,2459,681042,1354227481603,1354214314311,0,1354212690478,
0,165078,1354226621082,1354226621082,0,1354229460936,1354229461853,1354229636853,1354229677978,1354259954414,1354229455269,16666666,1354229955019,1354230051353,1354230085686,1354230760936,1354243790019,1875,221667,1354243790019,1354231790853,0,1354230760936,
0,165086,1354243287748,1354243287748,0,1354244488186,1354244489644,1354244732144,1354244782103,1354276621080,1354244481936,16666666,1354245325186,1354245655603,1354245709436,1354246208561,1354260709936,2417,690209,1354260709936,1354247648353,0,1354246208561,
0,165094,1354259954414,1354259954414,0,1354261217269,1354261218353,1354261428144,1354261476894,1354293287746,1354261211728,16666666,1354262042394,1354262713394,1354262774811,1354263109311,1354277493269,2250,154250,1354277493269,1354264527519,0,1354263109311,
0,165102,1354276621080,1354276621080,0,1354277478603,1354277479728,1354277675519,1354277720186,1354309954412,1354277473061,16666666,1354278154894,1354278626311,1354278718228,1354279108978,1354281433394,2500,1564625,1354281340269,1354281433394,0,1354279108978,
0,165110,1354293287746,1354293287746,0,1354295869769,1354295870478,1354296420019,1354296470811,1354326621078,1354295864186,16666666,1354297159186,1354297395394,1354297431478,1354297810769,1354311109603,1917,107958,1354311109603,1354298600561,0,1354297810769,
0,165118,1354309954412,1354309954412,0,1354311595644,1354311596853,1354312181894,1354312230603,1354343287744,1354311590103,16666666,1354312911144,1354313185519,1354313227644,1354313613811,1354328497978,2375,121750,1354328497978,1354314816394,0,1354313613811,
0,165126,1354326621078,1354326621078,0,1354329169478,1354329170228,1354329430644,1354329474603,1354359954410,1354329164353,16666666,1354330337228,1354330485894,1354330533186,1354331066561,1354344891811,1542,98917,1354344891811,1354331712853,0,1354331066561,
0,165134,1354343287744,1354343287744,0,1354347420895,1354347422020,1354347672686,1354347728478,1354359954410,1354347414478,16666666,1354347926561,1354348490645,1354348683978,1354349045936,1352361542769,2166,191250,1352361542769,1354349976978,0,1354349045936,
---PROFILEDATA---


View hierarchy:

  dev.polski.grammarmatrix/dev.polski.grammarmatrix.GlassBenchmarkActivity/android.view.ViewRootImpl@af271ea
  7 views, 12.08 kB of render nodes


Total ViewRootImpl   : 1
Total attached Views : 7
Total RenderNode     : 12.08 kB (used) / 36.09 kB (capacity)