Applications Graphics Acceleration Info:
Uptime: 1441148 Realtime: 1441148

** Graphics info for pid 5729 [dev.polski.grammarmatrix] **

Stats since: 1436065590850ns
Total frames rendered: 306
Janky frames: 0 (0.00%)
Janky frames (legacy): 252 (82.35%)
50th percentile: 19ms
90th percentile: 21ms
95th percentile: 21ms
99th percentile: 28ms
Number Missed Vsync: 0
Number High input latency: 612
Number Slow UI thread: 0
Number Slow bitmap uploads: 0
Number Slow issue draw commands: 0
Number Frame deadline missed: 0
Number Frame deadline missed (legacy): 0
HISTOGRAM: 5ms=0 6ms=0 7ms=0 8ms=0 9ms=0 10ms=0 11ms=0 12ms=0 13ms=0 14ms=0 15ms=0 16ms=1 17ms=6 18ms=48 19ms=147 20ms=62 21ms=27 22ms=6 23ms=3 24ms=0 25ms=0 26ms=0 27ms=2 28ms=3 29ms=0 30ms=0 31ms=0 32ms=0 34ms=0 36ms=0 38ms=1 40ms=0 42ms=0 44ms=0 46ms=0 48ms=0 53ms=0 57ms=0 61ms=0 65ms=0 69ms=0 73ms=0 77ms=0 81ms=0 85ms=0 89ms=0 93ms=0 97ms=0 101ms=0 105ms=0 109ms=0 113ms=0 117ms=0 121ms=0 125ms=0 129ms=0 133ms=0 150ms=0 200ms=0 250ms=0 300ms=0 350ms=0 400ms=0 450ms=0 500ms=0 550ms=0 600ms=0 650ms=0 700ms=0 750ms=0 800ms=0 850ms=0 900ms=0 950ms=0 1000ms=0 1050ms=0 1100ms=0 1150ms=0 1200ms=0 1250ms=0 1300ms=0 1350ms=0 1400ms=0 1450ms=0 1500ms=0 1550ms=0 1600ms=0 1650ms=0 1700ms=0 1750ms=0 1800ms=0 1850ms=0 1900ms=0 1950ms=0 2000ms=0 2050ms=0 2100ms=0 2150ms=0 2200ms=0 2250ms=0 2300ms=0 2350ms=0 2400ms=0 2450ms=0 2500ms=0 2550ms=0 2600ms=0 2650ms=0 2700ms=0 2750ms=0 2800ms=0 2850ms=0 2900ms=0 2950ms=0 3000ms=0 3050ms=0 3100ms=0 3150ms=0 3200ms=0 3250ms=0 3300ms=0 3350ms=0 3400ms=0 3450ms=0 3500ms=0 3550ms=0 3600ms=0 3650ms=0 3700ms=0 3750ms=0 3800ms=0 3850ms=0 3900ms=0 3950ms=0 4000ms=0 4050ms=0 4100ms=0 4150ms=0 4200ms=0 4250ms=0 4300ms=0 4350ms=0 4400ms=0 4450ms=0 4500ms=0 4550ms=0 4600ms=0 4650ms=0 4700ms=0 4750ms=0 4800ms=0 4850ms=0 4900ms=0 4950ms=0
50th gpu percentile: 18ms
90th gpu percentile: 19ms
95th gpu percentile: 20ms
99th gpu percentile: 23ms
GPU HISTOGRAM: 1ms=0 2ms=5 3ms=0 4ms=0 5ms=0 6ms=0 7ms=0 8ms=0 9ms=0 10ms=0 11ms=0 12ms=1 13ms=1 14ms=1 15ms=4 16ms=21 17ms=66 18ms=134 19ms=48 20ms=14 21ms=5 22ms=2 23ms=1 24ms=2 25ms=0 4950ms=1

Pipeline=Skia (OpenGL)
Memory policy:
  Max surface area: 2592000
  Max resource usage: 124.42MB (x48)
  Background retention: 50% (altUiHidden = true)
  GPU Context timeout: 10
Contexts: 1 (stopped = 0)
CPU Caches:
  Glyph Cache: 33.70 KB (1 entry)
  Glyph Count: 11 
Total CPU memory usage:
  34510 bytes, 33.70 KB (0.00 bytes is purgeable)
GPU Caches:
  Other:
    Other: 26.56 KB (1 entry)
    Buffer Object: 36.00 KB (1 entry)
  Scratch:
    Buffer Object: 80.00 KB (2 entries)
    Texture: 2.00 MB (1 entry)
Total GPU memory usage:
  2243136 bytes, 2.14 MB (68.00 KB is purgeable)

GraphicBufferAllocator buffers:
        Handle |        Size |     W (Stride) x H | Layers |   Format |      Usage | Requestor
0xb400007b2c426750 |     unknown | 1080 (   0) x 2400 |      1 |        1 | 0x     b00 | VRI[GlassBenchmarkActivity]#0(BLAST Consumer)0
0xb400007b2c426900 |     unknown | 1080 (   0) x 2400 |      1 |        1 | 0x     b00 | VRI[GlassBenchmarkActivity]#0(BLAST Consumer)0
0xb400007b2c437e50 |     unknown | 1080 (   0) x 2400 |      1 |        1 | 0x     b00 | VRI[GlassBenchmarkActivity]#0(BLAST Consumer)0
Total allocated by GraphicBufferAllocator (estimate): 0.00 KB
GoldfishAllocator::dumpDebugInfo is not implemented
Profile data in ms:

	dev.polski.grammarmatrix/dev.polski.grammarmatrix.GlassBenchmarkActivity/android.view.ViewRootImpl@af271ea (visibility=0)
Window: dev.polski.grammarmatrix/dev.polski.grammarmatrix.GlassBenchmarkActivity
Stats since: 1436065590267ns
Total frames rendered: 306
Janky frames: 0 (0.00%)
Janky frames (legacy): 252 (82.35%)
50th percentile: 19ms
90th percentile: 21ms
95th percentile: 21ms
99th percentile: 28ms
Number Missed Vsync: 0
Number High input latency: 612
Number Slow UI thread: 0
Number Slow bitmap uploads: 0
Number Slow issue draw commands: 0
Number Frame deadline missed: 0
Number Frame deadline missed (legacy): 0
HISTOGRAM: 5ms=0 6ms=0 7ms=0 8ms=0 9ms=0 10ms=0 11ms=0 12ms=0 13ms=0 14ms=0 15ms=0 16ms=1 17ms=6 18ms=48 19ms=147 20ms=62 21ms=27 22ms=6 23ms=3 24ms=0 25ms=0 26ms=0 27ms=2 28ms=3 29ms=0 30ms=0 31ms=0 32ms=0 34ms=0 36ms=0 38ms=1 40ms=0 42ms=0 44ms=0 46ms=0 48ms=0 53ms=0 57ms=0 61ms=0 65ms=0 69ms=0 73ms=0 77ms=0 81ms=0 85ms=0 89ms=0 93ms=0 97ms=0 101ms=0 105ms=0 109ms=0 113ms=0 117ms=0 121ms=0 125ms=0 129ms=0 133ms=0 150ms=0 200ms=0 250ms=0 300ms=0 350ms=0 400ms=0 450ms=0 500ms=0 550ms=0 600ms=0 650ms=0 700ms=0 750ms=0 800ms=0 850ms=0 900ms=0 950ms=0 1000ms=0 1050ms=0 1100ms=0 1150ms=0 1200ms=0 1250ms=0 1300ms=0 1350ms=0 1400ms=0 1450ms=0 1500ms=0 1550ms=0 1600ms=0 1650ms=0 1700ms=0 1750ms=0 1800ms=0 1850ms=0 1900ms=0 1950ms=0 2000ms=0 2050ms=0 2100ms=0 2150ms=0 2200ms=0 2250ms=0 2300ms=0 2350ms=0 2400ms=0 2450ms=0 2500ms=0 2550ms=0 2600ms=0 2650ms=0 2700ms=0 2750ms=0 2800ms=0 2850ms=0 2900ms=0 2950ms=0 3000ms=0 3050ms=0 3100ms=0 3150ms=0 3200ms=0 3250ms=0 3300ms=0 3350ms=0 3400ms=0 3450ms=0 3500ms=0 3550ms=0 3600ms=0 3650ms=0 3700ms=0 3750ms=0 3800ms=0 3850ms=0 3900ms=0 3950ms=0 4000ms=0 4050ms=0 4100ms=0 4150ms=0 4200ms=0 4250ms=0 4300ms=0 4350ms=0 4400ms=0 4450ms=0 4500ms=0 4550ms=0 4600ms=0 4650ms=0 4700ms=0 4750ms=0 4800ms=0 4850ms=0 4900ms=0 4950ms=0
50th gpu percentile: 18ms
90th gpu percentile: 19ms
95th gpu percentile: 20ms
99th gpu percentile: 23ms
GPU HISTOGRAM: 1ms=0 2ms=5 3ms=0 4ms=0 5ms=0 6ms=0 7ms=0 8ms=0 9ms=0 10ms=0 11ms=0 12ms=1 13ms=1 14ms=1 15ms=4 16ms=21 17ms=66 18ms=134 19ms=48 20ms=14 21ms=5 22ms=2 23ms=1 24ms=2 25ms=0 4950ms=1



---PROFILEDATA---
Flags,FrameTimelineVsyncId,IntendedVsync,Vsync,InputEventId,HandleInputStart,AnimationStart,PerformTraversalsStart,DrawStart,FrameDeadline,FrameInterval,FrameStartTime,SyncQueued,SyncStart,IssueDrawCommandsStart,SwapBuffers,FrameCompleted,DequeueBufferDuration,QueueBufferDuration,GpuCompleted,SwapBuffersCompleted,DisplayPresentTime,CommandSubmissionCompleted,
0,205522,1439159951018,1439159951018,0,1439160997310,1439160997810,1439161104018,1439161141060,1439193284350,1439160992935,16666666,1439161331102,1439162806268,1439162837935,1439163121143,1439180869977,15752000,72833,1439180869977,1439179438310,0,1439163121143,
0,205530,1439176617684,1439176617684,0,1439177481852,1439177482602,1439177838727,1439177913185,1439209951016,1439177476560,16666666,1439178260268,1439179501977,1439179540143,1439179827268,1439195588393,14666084,469000,1439180878518,1439195588393,0,1439179827268,
0,205538,1439193284350,1439193284350,0,1439193813352,1439193814352,1439194098227,1439194143893,1439226617682,1439193808143,16666666,1439194386393,1439195614727,1439195648268,1439195937602,1439214091018,15898208,144375,1439214091018,1439212599685,0,1439195937602,
0,205546,1439209951016,1439209951016,0,1439211442393,1439211443477,1439211698102,1439211742477,1439243284348,1439211436810,16666666,1439212365727,1439212624102,1439212657143,1439213019143,1439230436935,15182875,106125,1439230436935,1439229351227,0,1439213019143,
0,205554,1439226617682,1439226617682,0,1439227610977,1439227611893,1439227800977,1439227845352,1439259951014,1439227605768,16666666,1439228288977,1439229380643,1439229428977,1439229718018,1439247085268,15280958,87041,1439247085268,1439245826060,0,1439229718018,
0,205562,1439243284348,1439243284348,0,1439244265977,1439244266893,1439244579810,1439244630143,1439276617680,1439244260893,16666666,1439244865685,1439245862060,1439245952435,1439246299477,1439265621685,16442834,87167,1439265621685,1439263579102,0,1439246299477,
0,205570,1439259951014,1439259951014,0,1439261881143,1439261882143,1439262348477,1439262399977,1439293284346,1439261875435,16666666,1439262824560,1439263607685,1439263646352,1439264789810,1439281664352,14669375,215875,1439281664352,1439280399018,0,1439264789810,
0,205578,1439276617680,1439276617680,0,1439278255852,1439278257102,1439278718477,1439278785143,1439309951012,1439278248852,16666666,1439278958185,1439280459352,1439280500227,1439280805768,1439297790143,14219167,190125,1439297790143,1439296197602,0,1439280805768,
0,205586,1439293284346,1439293284346,0,1439294092685,1439294094102,1439294389143,1439294432602,1439326617678,1439293901560,16666666,1439294445643,1439296268435,1439296449268,1439296903685,1439314477810,15547125,195500,1439314477810,1439313389768,0,1439296903685,
0,205594,1439309951012,1439309951012,0,1439311280727,1439311281602,1439312572143,1439312617643,1439343284344,1439311275435,16666666,1439312999352,1439313418143,1439313452768,1439313751477,1439331256060,15357875,192834,1439331256060,1439329888768,0,1439313751477,
0,205602,1439326617678,1439326617678,0,1439329075143,1439329075977,1439329295852,1439329383102,1439359951010,1439329069393,16666666,1439329672893,1439329911060,1439329965435,1439330247477,1439346785435,14197167,181250,1439346785435,1439345509352,0,1439330247477,
0,205610,1439343284344,1439343284344,0,1439344484685,1439344485602,1439344818102,1439344866518,1439376617676,1439344479227,16666666,1439345107060,1439345542018,1439345579643,1439345864060,1439363871727,15816625,234042,1439363871727,1439362700352,0,1439345864060,
0,205618,1439359951010,1439359951010,0,1439361860810,1439361862435,1439362065018,1439362109477,1439393284342,1439361851935,16666666,1439362347352,1439362723977,1439362758810,1439363068768,1439380918643,15511334,92375,1439380918643,1439379433185,0,1439363068768,
0,205626,1439376617676,1439376617676,0,1439378421060,1439378421977,1439378640518,1439378688018,1439409951008,1439378414977,16666666,1439378923268,1439379461185,1439379498393,1439379829185,1439397187268,14522708,134791,1439397187268,1439395492727,0,1439379829185,
0,205634,1439393284342,1439393284342,0,1439393902935,1439393904435,1439394113352,1439394164477,1439426617674,1439393896643,16666666,1439394521685,1439395524602,1439395558685,1439396475227,1439413933935,15501500,142042,1439413933935,1439412742268,0,1439396475227,
0,205642,1439409951008,1439409951008,0,1439410785643,1439410786602,1439411420102,1439411494727,1439443284340,1439410780185,16666666,1439411900643,1439412780060,1439412815352,1439413120143,1439430519018,15270875,92208,1439430519018,1439429251393,0,1439413120143,
0,205650,1439426617674,1439426617674,0,1439427528018,1439427528935,1439427685727,1439427733227,1439459951006,1439427522935,16666666,1439428294685,1439429282852,1439429353477,1439429699727,1439446609352,15070333,100000,1439446609352,1439445637727,0,1439429699727,
0,205658,1439443284340,1439443284340,0,1439443949643,1439443950560,1439444193352,1439444237310,1439476617672,1439443943768,16666666,1439444475060,1439445668018,1439445701560,1439446010977,1439463866102,15985709,151833,1439463866102,1439462645435,0,1439446010977,
0,205666,1439459951006,1439459951006,0,1439461023852,1439461024935,1439461262393,1439461304477,1439493284338,1439461018602,16666666,1439461460102,1439462686852,1439462725060,1439463005685,1439480582643,15387375,99084,1439480582643,1439479305477,0,1439463005685,
0,205674,1439476617672,1439476617672,0,1439477673060,1439477674352,1439477920227,1439477982060,1439509951004,1439477666102,16666666,1439477999393,1439479381393,1439479417185,1439479688060,1439497480560,15276625,99750,1439497480560,1439495910018,0,1439479688060,
0,205682,1439493284338,1439493284338,0,1439494072435,1439494073685,1439494248810,1439494300018,1439526617670,1439494066602,16666666,1439494523935,1439495937185,1439495972185,1439496825602,1439513914810,15285834,112084,1439513914810,1439512819602,0,1439496825602,
0,205690,1439509951004,1439509951004,0,1439510787143,1439510788268,1439511097935,1439511142560,1439543284336,1439510781602,16666666,1439511394018,1439512856393,1439512889268,1439513199643,1439531424060,16008750,83583,1439531424060,1439529972727,0,1439513199643,
0,205698,1439526617670,1439526617670,0,1439529029143,1439529029768,1439529239518,1439529305685,1439559951002,1439529023643,16666666,1439529558268,1439529998060,1439530094185,1439530510393,1439546611352,14241917,176584,1439546611352,1439545742518,0,1439530510393,
0,205706,1439543284336,1439543284336,0,1439544789852,1439544791727,1439544996477,1439545071685,1439576617668,1439543999977,16666666,1439545338602,1439545775810,1439545811727,1439546087310,1439564250393,15950416,70833,1439564250393,1439562626768,0,1439546087310,
0,205714,1439559951002,1439559951002,0,1439560851727,1439560852477,1439561044393,1439561117268,1439593284334,1439560845685,16666666,1439561353893,1439562669352,1439562706560,1439562972018,1439580974852,14918750,345709,1439580974852,1439579232810,0,1439562972018,
0,205722,1439576617668,1439576617668,0,1439577443977,1439577444893,1439577825143,1439577868727,1439609951000,1439577438727,16666666,1439578175268,1439579276560,1439579336977,1439579917852,1439597178310,14728833,123417,1439597178310,1439595808602,0,1439579917852,
0,205730,1439593284334,1439593284334,0,1439593923560,1439593924518,1439594162560,1439594204977,1439626617666,1439593917977,16666666,1439594486185,1439595842018,1439595877768,1439596482768,1439614200435,15665458,162042,1439614200435,1439612919810,0,1439596482768,
0,205738,1439609951000,1439609951000,0,1439610866227,1439610867102,1439611357727,1439611454977,1439643284332,1439610860435,16666666,1439611714935,1439612989435,1439613056935,1439613406227,1439632967477,15818334,127584,1439632967477,1439630094810,0,1439613406227,
0,205746,1439626617666,1439626617666,0,1439629691185,1439629692769,1439629971269,1439630025227,1439659950998,1439629681852,16666666,1439630467560,1439630647435,1439630682727,1439631263227,1439647039602,12995250,972167,1439647039602,1439646109477,0,1439631263227,
0,205754,1439643284332,1439643284332,0,1439644239269,1439644240394,1439645481394,1439645532935,1439676617664,1439644232560,16666666,1439645974435,1439646142019,1439646178810,1439646453227,1439665643144,16824333,109292,1439665643144,1439663929977,0,1439646453227,
0,205762,1439659950998,1439659950998,0,1439662638977,1439662641727,1439663019227,1439663074269,1439693284330,1439662631310,16666666,1439663997685,1439664513352,1439664574602,1439664957060,1439681294477,13801542,162708,1439681294477,1439679505644,0,1439664957060,
0,205770,1439676617664,1439676617664,0,1439677568935,1439677570227,1439677780602,1439677834685,1439709950996,1439677562852,16666666,1439678164977,1439679588935,1439679628394,1439680199810,1439697698727,14299792,177125,1439697698727,1439695849560,0,1439680199810,
0,205778,1439693284330,1439693284330,0,1439694300977,1439694301810,1439694681935,1439694737394,1439726617662,1439694295685,16666666,1439695183810,1439695928519,1439695985185,1439696475977,1439713958560,15201250,162958,1439713958560,1439712972560,0,1439696475977,
0,205786,1439709950996,1439709950996,0,1439710889644,1439710890394,1439711304519,1439711357269,1439743284328,1439710884310,16666666,1439711633060,1439713028185,1439713066519,1439713349060,1439730208352,15146583,96083,1439730208352,1439729213935,0,1439713349060,
0,205794,1439726617662,1439726617662,0,1439727701727,1439727702935,1439727886769,1439727930560,1439759950994,1439727694810,16666666,1439728325894,1439729238685,1439729273560,1439729556519,1439747185685,15830041,212875,1439747185685,1439746088810,0,1439729556519,
0,205802,1439743284328,1439743284328,0,1439744646060,1439744646894,1439744828352,1439744871852,1439776617660,1439744639852,16666666,1439745101935,1439746124019,1439746156977,1439746451352,1439767884352,19137042,162291,1439767884352,1439766372019,0,1439746451352,
0,205810,1439759950994,1439759950994,0,1439765035435,1439765036269,1439765195310,1439765238685,1439793284326,1439765030227,16666666,1439765828185,1439766400060,1439766486602,1439766967894,1439782190019,12988792,321917,1439782190019,1439780942560,0,1439766967894,
0,205818,1439776617660,1439776617660,0,1439779493977,1439779494977,1439779666352,1439779707685,1439809950992,1439779488435,16666666,1439779988644,1439780977310,1439781055352,1439781432644,1439796589519,13224375,256750,1439796589519,1439795474144,0,1439781432644,
0,205826,1439793284326,1439793284326,0,1439794208269,1439794209644,1439794478560,1439794620935,1439826617658,1439794114602,16666666,1439794854727,1439795499185,1439795534935,1439795839477,1439814237102,16519583,124666,1439814237102,1439813153519,0,1439795839477,
0,205834,1439809950992,1439809950992,0,1439811748435,1439811749560,1439811992144,1439812389852,1439843284324,1439811741352,16666666,1439812736769,1439813181935,1439813216060,1439813506977,1439833535269,17498417,191709,1439833535269,1439831801310,0,1439813506977,
0,205842,1439826617658,1439826617658,0,1439829330227,1439829331102,1439829505727,1439829551894,1439859950990,1439829324977,16666666,1439829714644,1439831870060,1439831929894,1439832713519,1439848515394,13330916,205542,1439848515394,1439846951019,0,1439832713519,
0,205850,1439843284324,1439843284324,0,1439844984144,1439844985185,1439845242894,1439845304602,1439876617656,1439844977810,16666666,1439845318352,1439847006894,1439847046102,1439847415269,1439866065102,16006583,297917,1439866065102,1439864584102,0,1439847415269,
0,205858,1439859950990,1439859950990,0,1439861597727,1439861598685,1439861794102,1439861848435,1439893284322,1439861591977,16666666,1439862300227,1439864871185,1439864914227,1439865226935,1439880764852,13005417,193042,1439880764852,1439879119060,0,1439865226935,
0,205866,1439876617656,1439876617656,0,1439877558727,1439877559935,1439878307102,1439878367185,1439909950988,1439877553352,16666666,1439878604060,1439879143185,1439879178185,1439879883019,1439897508144,15022500,191125,1439897508144,1439895837519,0,1439879883019,
0,205874,1439893284322,1439893284322,0,1439894487852,1439894488894,1439894697685,1439894741727,1439926617654,1439894482019,16666666,1439895156060,1439895868852,1439895909602,1439896704560,1439913881352,15260666,190791,1439913881352,1439912837394,0,1439896704560,
0,205882,1439909950988,1439909950988,0,1439911316352,1439911317102,1439911471269,1439911511852,1439943284320,1439911310935,16666666,1439911739352,1439912866269,1439912899227,1439913178352,1439930588352,15738167,169417,1439930588352,1439929664977,0,1439913178352,
0,205890,1439926617654,1439926617654,0,1439927918685,1439927919602,1439928664310,1439928719935,1439959950986,1439927912935,16666666,1439929468935,1439929690227,1439929726477,1439929995102,1439947803977,15473125,81917,1439947803977,1439946104602,0,1439929995102,
0,205898,1439943284320,1439943284320,0,1439944886852,1439944887644,1439945175227,1439945232519,1439976617652,1439944880560,16666666,1439945863227,1439946129727,1439946237102,1439946658935,1439963304352,14475333,137584,1439963304352,1439962367394,0,1439946658935,
0,205906,1439959950986,1439959950986,0,1439961417310,1439961418102,1439961580810,1439961621894,1439993284318,1439961412019,16666666,1439961947560,1439962394477,1439962443477,1439962704227,1439980232060,15499625,95333,1439980232060,1439978870352,0,1439962704227,
0,205914,1439976617652,1439976617652,0,1439977430060,1439977431394,1439977596477,1439977642727,1440009950984,1439977423977,16666666,1439977892269,1439978905435,1439978968852,1439979335185,1439996344560,15137250,302959,1439996344560,1439995427519,0,1439979335185,
0,205922,1439993284318,1439993284318,0,1439994216519,1439994217352,1439994421102,1439994464602,1440026617650,1439994210935,16666666,1439994693435,1439995455894,1439995491477,1439995755894,1440013436977,16170958,95917,1440013436977,1440012608644,0,1439995755894,
0,205930,1440009950984,1440009950984,0,1440010966769,1440010967477,1440011121102,1440011164185,1440043284316,1440010961519,16666666,1440011318560,1440012642727,1440012678977,1440012951394,1440029715519,15449250,75375,1440029715519,1440028929644,0,1440012951394,
0,205938,1440026617650,1440026617650,0,1440027716269,1440027717227,1440027874644,1440027930602,1440059950982,1440027710352,16666666,1440027943769,1440028952769,1440028986352,1440029269727,1440046757227,16236125,100167,1440046757227,1440045997060,0,1440029269727,
0,205946,1440043284316,1440043284316,0,1440044812560,1440044813352,1440044967560,1440045009269,1440076617648,1440044807102,16666666,1440045227060,1440046022727,1440046054435,1440046328227,1440063252602,15618958,67833,1440063252602,1440062418519,0,1440046328227,
0,205954,1440059950982,1440059950982,0,1440061427144,1440061428269,1440061784602,1440061839852,1440093284314,1440061420602,16666666,1440062079727,1440062441435,1440062474269,1440062752685,1440079533644,15404958,109000,1440079533644,1440078752394,0,1440062752685,
0,205962,1440076617648,1440076617648,0,1440077512560,1440077513227,1440077674769,1440077714935,1440109950980,1440077507227,16666666,1440077947727,1440078777644,1440078809894,1440079080352,1440096278352,15725916,65708,1440096278352,1440095342227,0,1440079080352,
0,205970,1440093284314,1440093284314,0,1440094043935,1440094044727,1440094194810,1440094236060,1440126617646,1440094038769,16666666,1440094486935,1440095361310,1440095394144,1440095670644,1440113366019,16225542,198875,1440113366019,1440112554269,0,1440095670644,
0,205978,1440109950980,1440109950980,0,1440111138477,1440111139352,1440111297769,1440111338269,1440143284312,1440111132810,16666666,1440111566102,1440112579602,1440112596894,1440112898810,1440130087227,15755292,69958,1440130087227,1440129176019,0,1440112898810,
0,205986,1440126617646,1440126617646,0,1440127935477,1440127936644,1440128619935,1440128666060,1440159950978,1440127929310,16666666,1440128978727,1440129198352,1440129265894,1440129560394,1440146093852,15129083,95666,1440146093852,1440145330935,0,1440129560394,
0,205994,1440143284312,1440143284312,0,1440144463935,1440144464727,1440144628769,1440144673102,1440176617644,1440144457977,16666666,1440144955810,1440145358352,1440145390394,1440145661685,1440163258810,16307708,68625,1440163258810,1440162445060,0,1440145661685,
0,206002,1440159950978,1440159950978,0,1440161250019,1440161250977,1440161409810,1440161453310,1440193284310,1440161244269,16666666,1440161675935,1440162469144,1440162502352,1440162781935,1440179658144,15391375,94959,1440179658144,1440178729935,0,1440162781935,
0,206010,1440176617644,1440176617644,0,1440177578894,1440177579685,1440177750310,1440177803144,1440209950976,1440177573102,16666666,1440178033435,1440178799352,1440178864685,1440179189019,1440196755060,15592208,66709,1440196755060,1440195303019,0,1440179189019,
0,206018,1440193284310,1440193284310,0,1440194208560,1440194209644,1440194377352,1440194420935,1440226617642,1440194202435,16666666,1440194577727,1440195331685,1440195381060,1440195698685,1440213417394,15558541,205166,1440213417394,1440212363519,0,1440195698685,
0,206026,1440209950976,1440209950976,0,1440211111685,1440211112477,1440211297227,1440211342519,1440243284308,1440211104769,16666666,1440211359477,1440212398227,1440212433810,1440212718977,1440229529144,15272833,75125,1440229529144,1440228762102,0,1440212718977,
0,206034,1440226617642,1440226617642,0,1440227468644,1440227469644,1440227631144,1440227671394,1440259950974,1440227463019,16666666,1440227898227,1440228785810,1440228819352,1440229104144,1440247881269,16930167,65375,1440247881269,1440246624602,0,1440229104144,
0,206042,1440243284308,1440243284308,0,1440245297435,1440245298310,1440245482644,1440245527269,1440276617640,1440245291894,16666666,1440245757769,1440246706102,1440246756935,1440247147185,1440263256810,14387875,102916,1440263256810,1440262345769,0,1440247147185,
0,206050,1440259950974,1440259950974,0,1440261135019,1440261136144,1440261493394,1440261552394,1440293284306,1440261127769,16666666,1440261793060,1440262370060,1440262405727,1440262717185,1440279765102,15600667,78416,1440279765102,1440278903019,0,1440262717185,
0,206058,1440276617640,1440276617640,0,1440277628644,1440277629602,1440277791977,1440277842352,1440309950972,1440277623227,16666666,1440278096560,1440278935394,1440278981644,1440279285810,1440298223477,17198625,73708,1440298223477,1440297042644,0,1440279285810,
0,206066,1440293284306,1440293284306,0,1440293996477,1440293997477,1440294264185,1440294734977,1440326617638,1440293990019,16666666,1440295108519,1440297127394,1440297187727,1440297521810,1440314112977,14473875,142833,1440314112977,1440312748269,0,1440297521810,
0,206074,1440309950972,1440309950972,0,1440311076727,1440311077560,1440311242394,1440311283810,1440343284304,1440311071310,16666666,1440311556019,1440312783310,1440312823685,1440313121727,1440330099852,14832834,108542,1440330099852,1440328991061,0,1440313121727,
0,206082,1440326617638,1440326617638,0,1440327404769,1440327405644,1440327577102,1440327624311,1440359950970,1440327399311,16666666,1440327895769,1440329016686,1440329051811,1440329352019,1440346924811,15974500,102875,1440346924811,1440346117769,0,1440329352019,
0,206090,1440343284304,1440343284304,0,1440344727311,1440344728519,1440344900811,1440344944102,1440376617636,1440344721811,16666666,1440345385019,1440346142686,1440346175269,1440346457311,1440364535477,15902375,79333,1440364535477,1440362869269,0,1440346457311,
0,206098,1440359950970,1440359950970,0,1440361769602,1440361770561,1440361934686,1440361976894,1440393284302,1440361764436,16666666,1440362242352,1440362893936,1440362990144,1440363330894,1440381933352,16023375,149458,1440381933352,1440380689436,0,1440363330894,
0,206106,1440376617636,1440376617636,0,1440377846727,1440377847644,1440378011602,1440378052644,1440409950968,1440377841102,16666666,1440378202352,1440380781602,1440380845769,1440381208102,1440397291644,13706625,177708,1440397291644,1440395750894,0,1440381208102,
0,206114,1440393284302,1440393284302,0,1440394176227,1440394177144,1440394502311,1440394565602,1440426617634,1440394170102,16666666,1440394581061,1440395806436,1440395852852,1440396609811,1440413790644,15238167,132458,1440413790644,1440412675561,0,1440396609811,
0,206122,1440409950968,1440409950968,0,1440410909977,1440410910852,1440411121894,1440411190061,1440443284300,1440410903894,16666666,1440411440769,1440412749602,1440412815727,1440413175352,1440430239436,15556625,153792,1440430239436,1440429424519,0,1440413175352,
0,206130,1440426617634,1440426617634,0,1440428295061,1440428295894,1440428785477,1440428828686,1440459950966,1440428289769,16666666,1440429228311,1440429444644,1440429478519,1440429740602,1440446417227,15157458,74042,1440446417227,1440445446102,0,1440429740602,
0,206138,1440443284300,1440443284300,0,1440444574227,1440444575019,1440445125977,1440445196602,1440476617632,1440444568852,16666666,1440445441186,1440445467977,1440445557436,1440445831061,1440462816019,15488458,78666,1440462816019,1440461961519,0,1440445831061,
0,206146,1440459950966,1440459950966,0,1440460840561,1440460841519,1440461001186,1440461042561,1440493284298,1440460835061,16666666,1440461260644,1440461983936,1440462018102,1440462307936,1440479479269,15819208,78083,1440479479269,1440478677644,0,1440462307936,
0,206154,1440476617632,1440476617632,0,1440477549811,1440477550561,1440477720686,1440477773186,1440509950964,1440477544269,16666666,1440478197977,1440478701269,1440478734936,1440479002061,1440496540644,16014083,72167,1440496540644,1440495534269,0,1440479002061,
0,206162,1440493284298,1440493284298,0,1440494280769,1440494283352,1440494520102,1440494580019,1440526617630,1440494070269,16666666,1440495254936,1440495558061,1440495592477,1440495868769,1440513720894,16020833,178250,1440513720894,1440512625727,0,1440495868769,
0,206170,1440509950964,1440509950964,0,1440510961769,1440510962686,1440511158061,1440511205977,1440543284296,1440510955769,16666666,1440511531727,1440512671227,1440512708227,1440512995144,1440530157852,15340041,114584,1440530157852,1440529137769,0,1440512995144,
0,206178,1440526617630,1440526617630,0,1440527514602,1440527515561,1440527711602,1440527752019,1440559950962,1440527509227,16666666,1440527974894,1440529166977,1440529256769,1440529539352,1440547651186,16384750,94375,1440547651186,1440546589852,0,1440529539352,
0,206186,1440543284296,1440543284296,0,1440544718852,1440544719811,1440544950477,1440544997811,1440576617628,1440544712644,16666666,1440545286394,1440546654977,1440546712769,1440547026811,1440565737769,16762209,84375,1440565737769,1440564479727,0,1440547026811,
0,206194,1440559950962,1440559950962,0,1440561955186,1440561955936,1440562236769,1440562282811,1440593284294,1440561949102,16666666,1440562488811,1440564559936,1440564611602,1440564925811,1440580400561,13095750,129000,1440580400561,1440578885811,0,1440564925811,
0,206202,1440576617628,1440576617628,0,1440577417352,1440577418269,1440577617602,1440577664186,1440609950960,1440577410936,16666666,1440577677811,1440578931311,1440578967186,1440579298061,1440596355977,14969000,481959,1440596355977,1440595455311,0,1440579298061,
0,206210,1440593284294,1440593284294,0,1440594153769,1440594154936,1440594475602,1440594526811,1440626617626,1440594147811,16666666,1440594791477,1440595483144,1440595545769,1440595828227,1440616310519,18153125,132083,1440616310519,1440614559977,0,1440595828227,
0,206218,1440609950960,1440609950960,0,1440610817811,1440610818727,1440611008477,1440611059727,1440643284292,1440610812102,16666666,1440611326977,1440614624727,1440614661602,1440615054102,1440630525477,13210000,64333,1440630525477,1440629626852,0,1440615054102,
0,206226,1440626617626,1440626617626,0,1440627490102,1440627491144,1440627652269,1440628424436,1440659950958,1440627484436,16666666,1440628699936,1440629659019,1440629698061,1440629983269,1440647890936,16140208,81542,1440647890936,1440646722936,0,1440629983269,
0,206234,1440643284292,1440643284292,0,1440645144477,1440645145352,1440645336436,1440645383269,1440676617624,1440645139311,16666666,1440645630977,1440646778644,1440646818477,1440647111394,1440663217269,14246000,121708,1440663217269,1440662191977,0,1440647111394,
0,206242,1440659950958,1440659950958,0,1440661346352,1440661347311,1440661508352,1440661582644,1440693284290,1440661341144,16666666,1440661805686,1440662210519,1440662276019,1440662563311,1440681745477,17513917,73583,1440681745477,1440680783561,0,1440662563311,
0,206250,1440676617624,1440676617624,0,1440677859436,1440677860186,1440677974727,1440678010852,1440709950956,1440677854352,16666666,1440678291686,1440680842769,1440680877811,1440681148561,1440696455852,13491916,78916,1440696455852,1440695285436,0,1440681148561,
0,206258,1440693284290,1440693284290,0,1440694150311,1440694151436,1440694382311,1440694426061,1440726617622,1440694144852,16666666,1440694708477,1440695309227,1440695344894,1440695631561,1440713868477,16203333,153167,1440713868477,1440712705894,0,1440695631561,
0,206266,1440709950956,1440709950956,0,1440711252352,1440711253186,1440711416977,1440711461852,1440743284288,1440711246727,16666666,1440711692311,1440712734061,1440712775644,1440713144852,1440730243936,15359333,81250,1440730243936,1440729273894,0,1440713144852,
0,206274,1440726617622,1440726617622,0,1440728325061,1440728326311,1440728495727,1440728537769,1440759950954,1440728319686,16666666,1440728770727,1440729296602,1440729330102,1440729622602,1440747787102,16346167,79833,1440747787102,1440746631936,0,1440729622602,
0,206282,1440743284288,1440743284288,0,1440745763977,1440745764727,1440745926852,1440745967644,1440776617620,1440745758686,16666666,1440746252686,1440746657519,1440746728061,1440747036811,1440764147977,15293417,86584,1440764147977,1440763125186,0,1440747036811,
0,206290,1440759950954,1440759950954,0,1440761902227,1440761903061,1440762065936,1440762107144,1440793284286,1440761896519,16666666,1440762118394,1440763150894,1440763185769,1440763514102,1440779815019,14593583,163458,1440779815019,1440778850311,0,1440763514102,
0,206298,1440776617620,1440776617620,0,1440777772769,1440777773811,1440777995061,1440778039852,1440809950952,1440777766936,16666666,1440778276269,1440778883102,1440778917061,1440779298519,1440796756519,15705875,87000,1440796756519,1440795571269,0,1440779298519,
0,206306,1440793284286,1440793284286,0,1440794698644,1440794699477,1440794853269,1440795081102,1440826617618,1440794693477,16666666,1440795346019,1440795594019,1440795630852,1440795960144,1440813089186,15449375,118584,1440813089186,1440812252352,0,1440795960144,
0,206314,1440809950952,1440809950952,0,1440811313727,1440811314436,1440811461811,1440811505727,1440843284284,1440811308352,16666666,1440811901894,1440812273269,1440812305852,1440812613061,1440830082144,16077458,82916,1440830082144,1440829210894,0,1440812613061,
0,206322,1440826617618,1440826617618,0,1440827765811,1440827766561,1440827928852,1440827970561,1440859950950,1440827759894,16666666,1440828311811,1440829232811,1440829315102,1440829601186,1440846714894,15755834,103375,1440846714894,1440845894477,0,1440829601186,
0,206330,1440843284284,1440843284284,0,1440844575186,1440844576102,1440844729186,1440844769144,1440876617616,1440844569644,16666666,1440844989811,1440845921852,1440845984144,1440846249936,1440863698894,16064709,67667,1440863698894,1440862824727,0,1440846249936,
0,206338,1440859950950,1440859950950,0,1440861453311,1440861454144,1440861663769,1440861703811,1440893284282,1440861448061,16666666,1440861976519,1440862852727,1440862890477,1440863160977,1440880251811,15507333,81958,1440880251811,1440879291686,0,1440863160977,
0,206346,1440876617616,1440876617616,0,1440877382727,1440877383727,1440877682561,1440877727394,1440909950948,1440877376769,16666666,1440878021686,1440879336436,1440879389561,1440879665894,1440896293602,15111584,113333,1440896293602,1440895408686,0,1440879665894,
0,206354,1440893284282,1440893284282,0,1440894172019,1440894172769,1440894324477,1440894374519,1440926617614,1440894167352,16666666,1440894603769,1440895430436,1440895464727,1440895746644,1440912964894,15661625,106333,1440912964894,1440911998019,0,1440895746644,
0,206362,1440909950948,1440909950948,0,1440910893602,1440910894394,1440911060144,1440911103102,1440943284280,1440910887894,16666666,1440911332186,1440912149561,1440912185477,1440912484061,1440930519352,16563166,77375,1440930519352,1440929622186,0,1440912484061,
0,206370,1440926617614,1440926617614,0,1440927835894,1440927837061,1440928506477,1440928557727,1440959950946,1440927828644,16666666,1440929194894,1440929652894,1440929690311,1440929947477,1440947091644,15612292,83041,1440947091644,1440946178769,0,1440929947477,
0,206378,1440943284280,1440943284280,0,1440944189644,1440944190602,1440944929561,1440944974227,1440976617612,1440944183977,16666666,1440944987352,1440946212852,1440946247269,1440946548644,1440963974394,15803792,84334,1440963974394,1440962943602,0,1440946548644,
0,206386,1440959950946,1440959950946,0,1440961583019,1440961583769,1440961803519,1440961846936,1440993284278,1440961577977,16666666,1440962071811,1440962972686,1440963010686,1440963310727,1440979935394,14947958,88250,1440979935394,1440978977144,0,1440963310727,
0,206394,1440976617612,1440976617612,0,1440977868311,1440977869061,1440978034144,1440978074727,1441009950944,1440977862686,16666666,1440978351977,1440979030977,1440979072352,1440979382894,1440997738144,16850334,145708,1440997738144,1440996842019,0,1440979382894,
0,206402,1440993284278,1440993284278,0,1440995243394,1440995244144,1440995380602,1440995414894,1441026617610,1440995238102,16666666,1440995646602,1440996871894,1440996908769,1440997184102,1441013402102,14857208,109125,1441013402102,1441012641769,0,1440997184102,
0,206410,1441009950944,1441009950944,0,1441010646852,1441010647644,1441010950602,1441010990019,1441043284276,1441010641686,16666666,1441011200644,1441012666144,1441012701102,1441012968352,1441030359394,15755959,87541,1441030359394,1441029202311,0,1441012968352,
0,206418,1441026617610,1441026617610,0,1441027461478,1441027462228,1441027908686,1441027952769,1441059950942,1441027456228,16666666,1441028245936,1441029224394,1441029257519,1441029530061,1441046539728,15128792,199583,1441046539728,1441045538436,0,1441029530061,
0,206426,1441043284276,1441043284276,0,1441044279478,1441044280353,1441044741561,1441044787019,1441076617608,1441044274228,16666666,1441045064311,1441045564061,1441045600728,1441045996811,1441063378186,15574834,158334,1441063378186,1441062161436,0,1441045996811,
0,206434,1441059950942,1441059950942,0,1441060916728,1441060917478,1441061108019,1441061164269,1441093284274,1441060911436,16666666,1441061466144,1441062199769,1441062284353,1441062756853,1441081957394,16170666,203500,1441081957394,1441079645978,0,1441062756853,
0,206442,1441076617608,1441076617608,0,1441077646811,1441077648061,1441077847894,1441077897728,1441109950940,1441077641144,16666666,1441078187061,1441079744061,1441079823811,1441080882144,1441096782728,13484959,288875,1441096782728,1441095586394,0,1441080882144,
0,206450,1441093284274,1441093284274,0,1441094088519,1441094089394,1441094260353,1441094301894,1441126617606,1441094083103,16666666,1441094532144,1441095611436,1441095646394,1441095948353,1441113680811,15612125,237875,1441113680811,1441112447311,0,1441095948353,
0,206458,1441109950940,1441109950940,0,1441110791561,1441110792436,1441110958144,1441110998311,1441143284272,1441110785936,16666666,1441111146603,1441112474228,1441112551894,1441112926811,1441130753644,15744833,170458,1441130753644,1441129469603,0,1441112926811,
0,206466,1441126617606,1441126617606,0,1441127762478,1441127763269,1441128292894,1441128337269,1441159950938,1441127756894,16666666,1441128350144,1441129499228,1441129601561,1441129894186,1441147736478,15453333,214750,1441147736478,1441146278603,0,1441129894186,
0,206474,1441143284272,1441143284272,0,1441145675769,1441145676811,1441145920519,1441146008311,1441159950938,1441145668103,16666666,1441146402353,1441146628144,1441146664311,1441147044894,1439163587018,14864458,76791,1439163587018,1441162650311,0,1441147044894,
---PROFILEDATA---


View hierarchy:

  dev.polski.grammarmatrix/dev.polski.grammarmatrix.GlassBenchmarkActivity/android.view.ViewRootImpl@af271ea
  7 views, 12.08 kB of render nodes


Total ViewRootImpl   : 1
Total attached Views : 7
Total RenderNode     : 12.08 kB (used) / 36.09 kB (capacity)