Applications Graphics Acceleration Info:
Uptime: 1426806 Realtime: 1426806

** Graphics info for pid 5729 [dev.polski.grammarmatrix] **

Stats since: 1421712618343ns
Total frames rendered: 303
Janky frames: 2 (0.66%)
Janky frames (legacy): 64 (21.12%)
50th percentile: 17ms
90th percentile: 21ms
95th percentile: 23ms
99th percentile: 40ms
Number Missed Vsync: 0
Number High input latency: 369
Number Slow UI thread: 0
Number Slow bitmap uploads: 0
Number Slow issue draw commands: 2
Number Frame deadline missed: 2
Number Frame deadline missed (legacy): 3
HISTOGRAM: 5ms=13 6ms=0 7ms=0 8ms=0 9ms=0 10ms=0 11ms=0 12ms=0 13ms=1 14ms=1 15ms=2 16ms=56 17ms=142 18ms=22 19ms=17 20ms=18 21ms=7 22ms=6 23ms=5 24ms=3 25ms=2 26ms=0 27ms=2 28ms=1 29ms=0 30ms=0 31ms=1 32ms=0 34ms=0 36ms=0 38ms=0 40ms=1 42ms=0 44ms=1 46ms=0 48ms=0 53ms=2 57ms=0 61ms=0 65ms=0 69ms=0 73ms=0 77ms=0 81ms=0 85ms=0 89ms=0 93ms=0 97ms=0 101ms=0 105ms=0 109ms=0 113ms=0 117ms=0 121ms=0 125ms=0 129ms=0 133ms=0 150ms=0 200ms=0 250ms=0 300ms=0 350ms=0 400ms=0 450ms=0 500ms=0 550ms=0 600ms=0 650ms=0 700ms=0 750ms=0 800ms=0 850ms=0 900ms=0 950ms=0 1000ms=0 1050ms=0 1100ms=0 1150ms=0 1200ms=0 1250ms=0 1300ms=0 1350ms=0 1400ms=0 1450ms=0 1500ms=0 1550ms=0 1600ms=0 1650ms=0 1700ms=0 1750ms=0 1800ms=0 1850ms=0 1900ms=0 1950ms=0 2000ms=0 2050ms=0 2100ms=0 2150ms=0 2200ms=0 2250ms=0 2300ms=0 2350ms=0 2400ms=0 2450ms=0 2500ms=0 2550ms=0 2600ms=0 2650ms=0 2700ms=0 2750ms=0 2800ms=0 2850ms=0 2900ms=0 2950ms=0 3000ms=0 3050ms=0 3100ms=0 3150ms=0 3200ms=0 3250ms=0 3300ms=0 3350ms=0 3400ms=0 3450ms=0 3500ms=0 3550ms=0 3600ms=0 3650ms=0 3700ms=0 3750ms=0 3800ms=0 3850ms=0 3900ms=0 3950ms=0 4000ms=0 4050ms=0 4100ms=0 4150ms=0 4200ms=0 4250ms=0 4300ms=0 4350ms=0 4400ms=0 4450ms=0 4500ms=0 4550ms=0 4600ms=0 4650ms=0 4700ms=0 4750ms=0 4800ms=0 4850ms=0 4900ms=0 4950ms=0
50th gpu percentile: 15ms
90th gpu percentile: 18ms
95th gpu percentile: 19ms
99th gpu percentile: 24ms
GPU HISTOGRAM: 1ms=2 2ms=13 3ms=2 4ms=1 5ms=1 6ms=2 7ms=0 8ms=1 9ms=0 10ms=1 11ms=2 12ms=6 13ms=6 14ms=35 15ms=118 16ms=47 17ms=23 18ms=17 19ms=14 20ms=2 21ms=3 22ms=2 23ms=0 24ms=2 25ms=0 4950ms=3

Pipeline=Skia (OpenGL)
Memory policy:
  Max surface area: 2592000
  Max resource usage: 124.42MB (x48)
  Background retention: 50% (altUiHidden = true)
  GPU Context timeout: 10
Contexts: 1 (stopped = 0)
CPU Caches:
  Glyph Cache: 33.70 KB (1 entry)
  Glyph Count: 11 
Total CPU memory usage:
  34510 bytes, 33.70 KB (0.00 bytes is purgeable)
GPU Caches:
  Other:
    Other: 25.17 KB (1 entry)
    Buffer Object: 36.00 KB (1 entry)
  Scratch:
    Buffer Object: 80.00 KB (2 entries)
    Texture: 2.00 MB (1 entry)
Total GPU memory usage:
  2241712 bytes, 2.14 MB (68.00 KB is purgeable)

GraphicBufferAllocator buffers:
        Handle |        Size |     W (Stride) x H | Layers |   Format |      Usage | Requestor
0xb400007b2c426750 |     unknown | 1080 (   0) x 2400 |      1 |        1 | 0x     b00 | VRI[GlassBenchmarkActivity]#0(BLAST Consumer)0
0xb400007b2c426900 |     unknown | 1080 (   0) x 2400 |      1 |        1 | 0x     b00 | VRI[GlassBenchmarkActivity]#0(BLAST Consumer)0
0xb400007b2c437e50 |     unknown | 1080 (   0) x 2400 |      1 |        1 | 0x     b00 | VRI[GlassBenchmarkActivity]#0(BLAST Consumer)0
Total allocated by GraphicBufferAllocator (estimate): 0.00 KB
GoldfishAllocator::dumpDebugInfo is not implemented
Profile data in ms:

	dev.polski.grammarmatrix/dev.polski.grammarmatrix.GlassBenchmarkActivity/android.view.ViewRootImpl@af271ea (visibility=0)
Window: dev.polski.grammarmatrix/dev.polski.grammarmatrix.GlassBenchmarkActivity
Stats since: 1421712617802ns
Total frames rendered: 303
Janky frames: 2 (0.66%)
Janky frames (legacy): 64 (21.12%)
50th percentile: 17ms
90th percentile: 21ms
95th percentile: 23ms
99th percentile: 40ms
Number Missed Vsync: 0
Number High input latency: 369
Number Slow UI thread: 0
Number Slow bitmap uploads: 0
Number Slow issue draw commands: 2
Number Frame deadline missed: 2
Number Frame deadline missed (legacy): 3
HISTOGRAM: 5ms=13 6ms=0 7ms=0 8ms=0 9ms=0 10ms=0 11ms=0 12ms=0 13ms=1 14ms=1 15ms=2 16ms=56 17ms=142 18ms=22 19ms=17 20ms=18 21ms=7 22ms=6 23ms=5 24ms=3 25ms=2 26ms=0 27ms=2 28ms=1 29ms=0 30ms=0 31ms=1 32ms=0 34ms=0 36ms=0 38ms=0 40ms=1 42ms=0 44ms=1 46ms=0 48ms=0 53ms=2 57ms=0 61ms=0 65ms=0 69ms=0 73ms=0 77ms=0 81ms=0 85ms=0 89ms=0 93ms=0 97ms=0 101ms=0 105ms=0 109ms=0 113ms=0 117ms=0 121ms=0 125ms=0 129ms=0 133ms=0 150ms=0 200ms=0 250ms=0 300ms=0 350ms=0 400ms=0 450ms=0 500ms=0 550ms=0 600ms=0 650ms=0 700ms=0 750ms=0 800ms=0 850ms=0 900ms=0 950ms=0 1000ms=0 1050ms=0 1100ms=0 1150ms=0 1200ms=0 1250ms=0 1300ms=0 1350ms=0 1400ms=0 1450ms=0 1500ms=0 1550ms=0 1600ms=0 1650ms=0 1700ms=0 1750ms=0 1800ms=0 1850ms=0 1900ms=0 1950ms=0 2000ms=0 2050ms=0 2100ms=0 2150ms=0 2200ms=0 2250ms=0 2300ms=0 2350ms=0 2400ms=0 2450ms=0 2500ms=0 2550ms=0 2600ms=0 2650ms=0 2700ms=0 2750ms=0 2800ms=0 2850ms=0 2900ms=0 2950ms=0 3000ms=0 3050ms=0 3100ms=0 3150ms=0 3200ms=0 3250ms=0 3300ms=0 3350ms=0 3400ms=0 3450ms=0 3500ms=0 3550ms=0 3600ms=0 3650ms=0 3700ms=0 3750ms=0 3800ms=0 3850ms=0 3900ms=0 3950ms=0 4000ms=0 4050ms=0 4100ms=0 4150ms=0 4200ms=0 4250ms=0 4300ms=0 4350ms=0 4400ms=0 4450ms=0 4500ms=0 4550ms=0 4600ms=0 4650ms=0 4700ms=0 4750ms=0 4800ms=0 4850ms=0 4900ms=0 4950ms=0
50th gpu percentile: 15ms
90th gpu percentile: 18ms
95th gpu percentile: 19ms
99th gpu percentile: 24ms
GPU HISTOGRAM: 1ms=2 2ms=13 3ms=2 4ms=1 5ms=1 6ms=2 7ms=0 8ms=1 9ms=0 10ms=1 11ms=2 12ms=6 13ms=6 14ms=35 15ms=118 16ms=47 17ms=23 18ms=17 19ms=14 20ms=2 21ms=3 22ms=2 23ms=0 24ms=2 25ms=0 4950ms=3



---PROFILEDATA---
Flags,FrameTimelineVsyncId,IntendedVsync,Vsync,InputEventId,HandleInputStart,AnimationStart,PerformTraversalsStart,DrawStart,FrameDeadline,FrameInterval,FrameStartTime,SyncQueued,SyncStart,IssueDrawCommandsStart,SwapBuffers,FrameCompleted,DequeueBufferDuration,QueueBufferDuration,GpuCompleted,SwapBuffersCompleted,DisplayPresentTime,CommandSubmissionCompleted,
0,198603,1424776618260,1424776618260,0,1424777302345,1424777303470,1424777473220,1424777512595,1424809951592,1424777295970,16666666,1424777653053,1424777824095,1424778167053,1424779176261,1424794165928,1500,77792,1424794165928,1424779669803,0,1424779176261,
0,198611,1424793284926,1424793284926,0,1424794518178,1424794519970,1424794892928,1424795048386,1424826618258,1424794507386,16666666,1424795068886,1424795336470,1424795443678,1424797679761,1424810945178,781583,340667,1424810945178,1424800271345,0,1424797679761,
0,198619,1424809951592,1424809951592,0,1424813744095,1424813745845,1424814030136,1424814102261,1424843284924,1424813733678,16666666,1424814789011,1424815229053,1424815273220,1424815581220,1424827452595,2333,497083,1424827452595,1424816854803,0,1424815581220,
0,198627,1424826618258,1424826618258,0,1424829042511,1424829044261,1424829568886,1424829838595,1424859951590,1424829031886,16666666,1424831033761,1424831154761,1424831190261,1424831755720,1424843710053,1750,135334,1424843710053,1424832625595,0,1424831755720,
0,198635,1424843284924,1424843284924,0,1424843935678,1424843936595,1424844349803,1424844402053,1424876618256,1424843930136,16666666,1424844694178,1424844803761,1424844990303,1424845646303,1424861498720,1375,76625,1424861498720,1424846125428,0,1424845646303,
0,198643,1424859951590,1424859951590,0,1424862284886,1424862388678,1424864826553,1424864923845,1424893284922,1424862273595,16666666,1424865913178,1424866244720,1424866470136,1424867033345,1424877690386,1416,124250,1424877690386,1424867980595,0,1424867033345,
0,198651,1424876618256,1424876618256,0,1424884980970,1424884982053,1424885218136,1424885278053,1424909951588,1424884973886,16666666,1424885683636,1424885779803,1424885831720,1424886309386,1424893694220,2500,181042,1424893694220,1424887227303,0,1424886309386,
0,198659,1424893284922,1424893284922,0,1424894040678,1424894041928,1424894301470,1424894375261,1424926618254,1424894034345,16666666,1424895162220,1424895470470,1424895523261,1424895920511,1424910503470,2291,278541,1424910503470,1424896879178,0,1424895920511,
0,198667,1424909951588,1424909951588,0,1424911099053,1424911100095,1424911341636,1424911400261,1424943284920,1424911093053,16666666,1424912472928,1424912581720,1424912617720,1424913153720,1424927031845,1250,206208,1424927031845,1424914014386,0,1424913153720,
0,198675,1424926618254,1424926618254,0,1424927550886,1424927551636,1424927859636,1424927913303,1424959951586,1424927544386,16666666,1424928832511,1424928874178,1424928941095,1424929262803,1424943796637,1625,262083,1424943796637,1424929987136,0,1424929262803,
0,198683,1424943284920,1424943284920,0,1424944257262,1424944258095,1424944522387,1424945344887,1424976618252,1424944251970,16666666,1424945729178,1424945951178,1424946040637,1424946455553,1424960495303,1834,119208,1424960495303,1424947278512,0,1424946455553,
0,198691,1424959951586,1424959951586,0,1424961059053,1424961060470,1424961326387,1424961383512,1424993284918,1424961051762,16666666,1424961601762,1424961867345,1424962270095,1424962668095,1424977226803,1791,148500,1424977226803,1424963440970,0,1424962668095,
0,198699,1424976618252,1424976618252,0,1424977895970,1424977897428,1424978193220,1424978257845,1425009951584,1424977888970,16666666,1424978276303,1424978515637,1424978558678,1424978881553,1424993694095,2458,169875,1424993694095,1424979828387,0,1424978881553,
0,198707,1424993284918,1424993284918,0,1424994111637,1424994112678,1424994421387,1424994480595,1425026618250,1424994104928,16666666,1424995177012,1424995279553,1424995316012,1424995730012,1425010534303,1708,320125,1425010534303,1424996704345,0,1424995730012,
0,198715,1425009951584,1425009951584,0,1425011057137,1425011057970,1425011221012,1425011262262,1425043284916,1425011052095,16666666,1425011514470,1425012205595,1425012612678,1425013171928,1425027457137,1708,77875,1425027457137,1425014198553,0,1425013171928,
0,198723,1425026618250,1425026618250,0,1425028973470,1425028974220,1425029255303,1425029302637,1425059951582,1425028968137,16666666,1425029549387,1425029645262,1425029678720,1425030106970,1425031816762,1542,1153875,1425031791845,1425031816762,0,1425030106970,
0,198731,1425043284916,1425043284916,0,1425053493470,1425053494303,1425053817303,1425053926470,1425076618248,1425053488137,16666666,1425054245095,1425054350512,1425054385262,1425054966345,1425057982845,1709,210417,1425057896220,1425057982845,0,1425054966345,
0,198739,1425059951582,1425059951582,0,1425060916345,1425060916845,1425061066262,1425061109595,1425093284914,1425060912095,16666666,1425061433262,1425061828637,1425061890303,1425062381095,1425077129345,2709,286584,1425077129345,1425063458303,0,1425062381095,
0,198747,1425076618248,1425076618248,0,1425077650970,1425077652137,1425077849137,1425077894887,1425109951580,1425077644762,16666666,1425078205137,1425078732095,1425078791762,1425079861470,1425081065970,2541,259333,1425081022803,1425081065970,0,1425079861470,
0,198755,1425093284914,1425093284914,0,1425094344470,1425094345553,1425094592095,1425094645137,1425126618246,1425094338178,16666666,1425095586053,1425095689887,1425095722720,1425096680595,1425110777387,1333,155625,1425110777387,1425097413345,0,1425096680595,
0,198763,1425109951580,1425109951580,0,1425110914387,1425110915345,1425111258303,1425111305553,1425143284912,1425110908887,16666666,1425111887637,1425112301053,1425112324595,1425113023720,1425127351137,1750,88583,1425127351137,1425113854678,0,1425113023720,
0,198771,1425126618246,1425126618246,0,1425127404553,1425127405512,1425127823720,1425127893053,1425159951578,1425127399220,16666666,1425128560803,1425128572428,1425128635928,1425128970803,1425143738387,1750,173583,1425143738387,1425129965387,0,1425128970803,
0,198779,1425143284912,1425143284912,0,1425144404137,1425144405095,1425144588762,1425144631262,1425176618244,1425144398012,16666666,1425144799762,1425145120053,1425145180345,1425145685470,1425160750220,1083,78542,1425160750220,1425146568887,0,1425145685470,
0,198787,1425159951578,1425159951578,0,1425161517053,1425161518053,1425161743428,1425161790262,1425193284910,1425161511387,16666666,1425161802762,1425161982887,1425162107303,1425162797887,1425177376220,2166,159125,1425177376220,1425163725928,0,1425162797887,
0,198795,1425176618244,1425176618244,0,1425177861095,1425177861887,1425178051887,1425178096845,1425209951576,1425177855345,16666666,1425178900220,1425179453470,1425179492095,1425179801762,1425193789303,1666,224750,1425193789303,1425180893220,0,1425179801762,
0,198803,1425193284910,1425193284910,0,1425194514887,1425194515887,1425194694970,1425194738178,1425226618242,1425194509637,16666666,1425195068928,1425195322345,1425195361428,1425196088637,1425210628303,2083,201125,1425210628303,1425196926595,0,1425196088637,
0,198811,1425209951576,1425209951576,0,1425210873845,1425210874803,1425211349220,1425211415303,1425243284908,1425210866220,16666666,1425212302553,1425212412095,1425212476970,1425212784678,1425227455303,1959,95584,1425227455303,1425213434553,0,1425212784678,
0,198819,1425226618242,1425226618242,0,1425227908595,1425227909470,1425228143970,1425228192637,1425259951574,1425227902678,16666666,1425228593762,1425228612553,1425228804970,1425229151345,1425245156637,2125,240917,1425245156637,1425230015178,0,1425229151345,
0,198827,1425243284908,1425243284908,0,1425245534553,1425245536095,1425246063595,1425246130637,1425276618240,1425245527095,16666666,1425246542303,1425246647470,1425246760178,1425247248970,1425260716553,3708,311292,1425260716553,1425248326678,0,1425247248970,
0,198835,1425259951574,1425259951574,0,1425260996887,1425260997637,1425261494970,1425261543012,1425293284906,1425260991262,16666666,1425262055928,1425262265678,1425262300262,1425262762887,1425277875178,2375,422417,1425277875178,1425263858387,0,1425262762887,
0,198843,1425276618240,1425276618240,0,1425278003887,1425278004720,1425279149220,1425279446262,1425309951572,1425277997762,16666666,1425279904803,1425280740928,1425280788928,1425281174178,1425294977137,2667,333125,1425294977137,1425282502887,0,1425281174178,
0,198851,1425293284906,1425293284906,0,1425295274262,1425295275387,1425295575595,1425295654845,1425326618238,1425295268720,16666666,1425296656887,1425296926970,1425296964512,1425297682595,1425310783845,1625,260166,1425310783845,1425298554137,0,1425297682595,
0,198859,1425309951572,1425309951572,0,1425311305345,1425311307012,1425311554220,1425311619137,1425343284904,1425311298345,16666666,1425312394595,1425312711303,1425312837887,1425313262387,1425327652303,1500,95292,1425327652303,1425314093345,0,1425313262387,
0,198867,1425326618238,1425326618238,0,1425328196970,1425328198053,1425330157512,1425330233803,1425359951570,1425328191387,16666666,1425330956928,1425331108303,1425331158428,1425331494303,1425344554470,2000,249958,1425344554470,1425332541303,0,1425331494303,
0,198875,1425343284904,1425343284904,0,1425345198553,1425345199678,1425345590262,1425345646137,1425376618236,1425345192178,16666666,1425346445095,1425346483512,1425346578845,1425346989637,1425361101012,1667,217042,1425361101012,1425347844637,0,1425346989637,
0,198883,1425359951570,1425359951570,0,1425361540887,1425361541887,1425361865470,1425361946137,1425393284902,1425361535137,16666666,1425362347470,1425362377095,1425362476012,1425363013428,1425378418095,1500,345875,1425378418095,1425363995512,0,1425363013428,
0,198891,1425376618236,1425376618236,0,1425379909012,1425379909928,1425380524595,1425380568387,1425409951568,1425379903678,16666666,1425380902637,1425381238053,1425381257553,1425381791970,1425393763345,2208,293500,1425393763345,1425382696178,0,1425381791970,
0,198899,1425393284902,1425393284902,0,1425394034387,1425394035178,1425394220720,1425394264595,1425426618234,1425394029053,16666666,1425394569845,1425394604387,1425394641345,1425395063428,1425410815928,609875,196625,1425410815928,1425396405928,0,1425395063428,
0,198907,1425409951568,1425409951568,0,1425411196345,1425411197387,1425411401095,1425411450512,1425443284900,1425411190220,16666666,1425413393262,1425413790512,1425413852303,1425414235928,1425427576345,2042,247792,1425427576345,1425415125095,0,1425414235928,
0,198915,1425426618234,1425426618234,0,1425427991803,1425427992720,1425428457345,1425428503178,1425459951566,1425427986012,16666666,1425429262720,1425429417720,1425429574220,1425430013845,1425447179637,2000,401167,1425447179637,1425431170178,0,1425430013845,
0,198923,1425443284900,1425443284900,0,1425447691220,1425447692012,1425447868887,1425447911595,1425476618232,1425447685553,16666666,1425448881428,1425449100303,1425449183887,1425449471095,1425461001845,1625,129000,1425461001845,1425450038595,0,1425449471095,
0,198931,1425459951566,1425459951566,0,1425461292428,1425461293262,1425461714303,1425461792637,1425493284898,1425461286928,16666666,1425462571470,1425462768803,1425462806053,1425463083595,1425478471928,1667,397916,1425478471928,1425464303262,0,1425463083595,
0,198939,1425476618232,1425476618232,0,1425479448512,1425479449845,1425479666845,1425479725053,1425509951564,1425479441178,16666666,1425481391637,1425481511428,1425481548512,1425481913428,1425494082970,1083,116666,1425494082970,1425482962803,0,1425481913428,
0,198947,1425493284898,1425493284898,0,1425494532053,1425494532845,1425494736762,1425494898637,1425526618230,1425494526887,16666666,1425495917387,1425496746345,1425496825720,1425497187095,1425510664637,1708,203917,1425510664637,1425498090178,0,1425497187095,
0,198955,1425509951564,1425509951564,0,1425511072428,1425511073720,1425511341970,1425511405387,1425543284896,1425511064970,16666666,1425511615512,1425511843512,1425511901595,1425512646512,1425529248345,1500,93625,1425529248345,1425513669220,0,1425512646512,
0,198963,1425526618230,1425526618230,0,1425530450053,1425530450845,1425530677470,1425530723803,1425559951562,1425530444720,16666666,1425530739970,1425530953928,1425531458512,1425531927595,1425545193137,1333,112291,1425545193137,1425533668762,0,1425531927595,
0,198971,1425543284896,1425543284896,0,1425545253095,1425545253803,1425545719678,1425545768637,1425576618228,1425545247178,16666666,1425546167720,1425550642928,1425550686220,1425551415220,1425561297637,924834,174083,1425561297637,1425553777887,0,1425551415220,
0,198979,1425559951562,1425559951562,0,1425561780303,1425561781845,1425562210970,1425562276053,1425593284894,1425561755178,16666666,1425563111387,1425563670720,1425563708595,1425564963887,1425578351678,2041,301792,1425578351678,1425566007470,0,1425564963887,
0,198987,1425576618228,1425576618228,0,1425577952512,1425577953887,1425578213137,1425578271678,1425609951560,1425577945720,16666666,1425578788887,1425580615678,1425580680137,1425582935345,1425597035553,2183750,3238125,1425594792053,1425597035553,0,1425582935345,
0,198994,1425593284894,1425593284894,0,1425595845595,1425595846720,1425597139470,1425597201512,1425626618226,1425595839970,16666666,1425597560303,1425597690595,1425597742762,1425598598678,1425622057970,18687541,676542,1425622057970,1425619541512,0,1425598598678,
0,199002,1425609951560,1425609951560,0,1425612817345,1425612818303,1425613808220,1425613861595,1425643284892,1425612811012,16666666,1425614109762,1425619627387,1425619691803,1425620333720,1425640926220,8892417,176041,1425640926220,1425631176887,0,1425620333720,
0,199010,1425626618226,1425626618226,0,1425628560178,1425628561553,1425628808845,1425628870595,1425659951558,1425628553470,16666666,1425629560720,1425631265720,1425631322053,1425634598262,1425647905054,5929458,128500,1425647905054,1425646971762,0,1425634598262,
0,199018,1425643284892,1425643284892,0,1425644706095,1425644707220,1425645215387,1425645465095,1425676618224,1425644698720,16666666,1425645950679,1425647004762,1425647050637,1425647338220,1425667418429,18188083,111041,1425667418429,1425666144137,0,1425647338220,
0,199026,1425659951558,1425659951558,0,1425663965054,1425663965970,1425664891512,1425664952470,1425693284890,1425663959429,16666666,1425665295095,1425666217637,1425666252845,1425666785345,1425683360012,14044583,125500,1425683360012,1425681577887,0,1425666785345,
0,199034,1425676618224,1425676618224,0,1425678469845,1425678470720,1425678631679,1425678671429,1425709951556,1425678464262,16666666,1425678908304,1425681655179,1425681886762,1425682505262,1425731976679,21208542,131959,1425731976679,1425704708595,0,1425682505262,
0,199042,1425693284890,1425693284890,0,1425701058512,1425701059595,1425701695512,1425701778304,1425759951554,1425701052929,16666666,1425702751804,1425704756804,1425704795470,1425712381554,1425748534012,9691083,93833,1425748534012,1425744899345,0,1425712381554,
0,199050,1425709951556,1425726618222,0,1425728357595,1425728358720,1425731409512,1425731556012,1425776618220,1425728349554,16666666,1425731573054,1425744994637,1425745037012,1425748992554,1425768938970,16608875,132167,1425765081762,1425768938970,0,1425748992554,
0,199057,1425726618222,1425743284888,0,1425754039345,1425754040304,1425756562345,1425756604012,1425793284886,1425754029970,16666666,1425758310554,1425769016887,1425769071637,1425770482054,1425777756929,3917,1186875,1425776299929,1425777756929,0,1425770482054,
0,199066,1425776618220,1425776618220,0,1425781198054,1425781199179,1425782288262,1425782458179,1425809951552,1425781191595,16666666,1425783373179,1425783392887,1425783459054,1425785635970,1425799529804,12384917,479959,1425787090304,1425799529804,0,1425785635970,
0,199074,1425793284886,1425793284886,0,1425797591137,1425797591929,1425797768304,1425797810720,1425826618218,1425797585804,16666666,1425798425762,1425799554512,1425799590262,1425799896887,1425819867554,14202625,118750,1425819867554,1425817032220,0,1425799896887,
0,199082,1425809951552,1425809951552,0,1425812355762,1425812356554,1425812817470,1425812867095,1425843284884,1425812350095,16666666,1425813502470,1425817350137,1425817400262,1425818101679,1425833368137,12749500,959083,1425819960429,1425833368137,0,1425818101679,
0,199090,1425826618218,1425826618218,0,1425830231637,1425830232595,1425830499970,1425830571470,1425859951550,1425830226012,16666666,1425832899012,1425833449012,1425833586137,1425834199679,1425850332095,12651208,436667,1425850332095,1425848353679,0,1425834199679,
0,199098,1425843284884,1425843284884,0,1425846822012,1425846822929,1425847027179,1425847081887,1425876618216,1425846816304,16666666,1425847684137,1425848383720,1425848427262,1425848887929,1425867602304,13835250,249125,1425867602304,1425864448679,0,1425848887929,
0,199106,1425859951550,1425859951550,0,1425861584845,1425861585845,1425862353220,1425862402595,1425893284882,1425861578929,16666666,1425864702970,1425864796220,1425864835470,1425865199887,1425884759054,17074333,592166,1425867626137,1425884759054,0,1425865199887,
0,199114,1425876618216,1425876618216,0,1425878496637,1425878497637,1425878759595,1425879013095,1425909951548,1425878490845,16666666,1425879205929,1425884883304,1425885192220,1425885637304,1425897800470,7362292,2870209,1425890332054,1425897800470,0,1425885637304,
0,199122,1425893284882,1425893284882,0,1425896925929,1425896926804,1425897130720,1425897187262,1425926618214,1425896919970,16666666,1425897202387,1425897825054,1425897891345,1425899288595,1425915580137,12404625,225083,1425915580137,1425913084845,0,1425899288595,
0,199130,1425909951548,1425909951548,0,1425911079054,1425911080054,1425911482637,1425911542095,1425943284880,1425911071220,16666666,1425912645387,1425913114595,1425913152512,1425913878762,1425931453679,14124792,554000,1425931453679,1425929803929,0,1425913878762,
0,199138,1425926618214,1425926618214,0,1425927644220,1425927645595,1425928468137,1425928549720,1425959951546,1425927632762,16666666,1425929029220,1425929845762,1425929889512,1425930452720,1425952297054,17258542,366000,1425952297054,1425948957220,0,1425930452720,
0,199146,1425943284880,1425943284880,0,1425945184262,1425945185095,1425945597262,1425945742304,1425976618212,1425945178554,16666666,1425946510387,1425949237054,1425949393637,1425950846512,1425977909970,21784250,189708,1425977909970,1425975169012,0,1425950846512,
0,199154,1425959951546,1425959951546,0,1425965604095,1425965605304,1425967937720,1425967982679,1426009951544,1425965598012,16666666,1425969252887,1425975291512,1425975549095,1425979261012,1425984346762,1559459,226250,1425984346762,1425982302762,0,1425979261012,
0,199162,1425976618212,1425976618212,0,1425978209345,1425978210429,1425978598845,1425978681220,1426026618210,1425978203262,16666666,1425981199845,1425982401470,1425982530054,1425983243470,1426001664220,15438250,163084,1426001664220,1425999870554,0,1425983243470,
0,199170,1425993284878,1425993284878,0,1425995633304,1425995636179,1425996197220,1425996261054,1426043284876,1425995624929,16666666,1425997290179,1425999913387,1425999960054,1426000569179,1426018973804,15248042,132875,1426018973804,1426016991345,0,1426000569179,
0,199178,1426009951544,1426009951544,0,1426013323679,1426013325220,1426014395345,1426014485095,1426059951542,1426013314970,16666666,1426015816887,1426017140887,1426017219179,1426017680762,1426035520679,11147666,175083,1426035520679,1426030472762,0,1426017680762,
0,199186,1426026618210,1426026618210,0,1426027858345,1426027859220,1426028291595,1426028457762,1426076618208,1426027852387,16666666,1426028986387,1426030567804,1426030691762,1426033972262,1426050249887,12827916,527250,1426050249887,1426048457804,0,1426033972262,
0,199194,1426043284876,1426043284876,0,1426045946554,1426045947720,1426046181804,1426046262845,1426093284874,1426045939345,16666666,1426046694054,1426048606470,1426048646220,1426049249720,1426065887179,13854959,126250,1426065887179,1426064176512,0,1426049249720,
0,199202,1426059951542,1426059951542,0,1426063177679,1426063178637,1426063540637,1426063609345,1426109951540,1426063172345,16666666,1426063871137,1426064195345,1426064463970,1426065131679,1426081246137,13806666,112917,1426081246137,1426079809554,0,1426065131679,
0,199210,1426076618208,1426076618208,0,1426078317220,1426078318012,1426078494179,1426078543179,1426126618206,1426078311970,16666666,1426078555637,1426079843179,1426079904887,1426080559345,1426096623387,14245000,85125,1426096623387,1426095538054,0,1426080559345,
0,199218,1426093284874,1426093284874,0,1426094154429,1426094155220,1426094357262,1426094402595,1426143284872,1426094148929,16666666,1426094665929,1426095562720,1426095617887,1426095896262,1426113352595,15785417,151000,1426113352595,1426112502554,0,1426095896262,
0,199226,1426109951540,1426109951540,0,1426110885095,1426110886512,1426111144304,1426111191512,1426159951538,1426110874179,16666666,1426111461304,1426112536012,1426112570887,1426112853095,1426130405804,15952709,79208,1426130405804,1426129362054,0,1426112853095,
0,199234,1426126618206,1426126618206,0,1426127565554,1426127566429,1426127814137,1426127886679,1426176618204,1426127558512,16666666,1426128665304,1426129394970,1426129443470,1426129779554,1426146785387,15290375,112417,1426146785387,1426145758554,0,1426129779554,
0,199242,1426143284872,1426143284872,0,1426144245095,1426144246054,1426144463345,1426144513470,1426193284870,1426144239679,16666666,1426144813220,1426145874095,1426145912637,1426146194679,1426163434679,15485417,101000,1426163434679,1426162321637,0,1426146194679,
0,199250,1426159951538,1426159951538,0,1426161133970,1426161134845,1426161332429,1426161381054,1426209951536,1426161128637,16666666,1426161709095,1426162348554,1426162393470,1426162798387,1426180314137,15494208,123416,1426180314137,1426178991345,0,1426162798387,
0,199258,1426176618204,1426176618204,0,1426177518554,1426177519470,1426177876554,1426177921012,1426226618202,1426177513220,16666666,1426178391304,1426179019054,1426179056387,1426179450012,1426196772595,15242333,364542,1426196772595,1426195634304,0,1426179450012,
0,199266,1426193284870,1426193284870,0,1426193977929,1426193978929,1426194215845,1426194257929,1426243284868,1426193970970,16666666,1426194644095,1426195665929,1426195775929,1426196293054,1426215094887,17305000,81083,1426215094887,1426214231970,0,1426196293054,
0,199274,1426209951536,1426209951536,0,1426212125345,1426212126095,1426212303137,1426212348887,1426259951534,1426212119720,16666666,1426212593304,1426214268054,1426214302762,1426214595804,1426230085179,14108291,78375,1426230085179,1426229247762,0,1426214595804,
0,199282,1426226618202,1426226618202,0,1426227872012,1426227872804,1426228456970,1426228501345,1426276618200,1426227866054,16666666,1426228737595,1426229268137,1426229305387,1426229584554,1426249663179,17773291,89625,1426249663179,1426247910887,0,1426229584554,
0,199290,1426243284868,1426243284868,0,1426245871304,1426245872595,1426246113512,1426246163179,1426293284866,1426245864929,16666666,1426246334179,1426247956220,1426248338429,1426248996054,1426264106054,13037625,145833,1426264106054,1426262789387,0,1426248996054,
0,199298,1426259951534,1426259951534,0,1426260973179,1426260974387,1426261233887,1426261278012,1426309951532,1426260966804,16666666,1426261290554,1426262840345,1426262895762,1426263218137,1426279983929,14843791,168417,1426279983929,1426279000929,0,1426263218137,
0,199306,1426276618200,1426276618200,0,1426277558887,1426277559637,1426277730679,1426277774720,1426326618198,1426277553637,16666666,1426278061054,1426279033220,1426279066637,1426279333137,1426298145762,16654125,93708,1426298145762,1426296699845,0,1426279333137,
0,199314,1426293284866,1426293284866,0,1426295397095,1426295398262,1426295625095,1426295667304,1426343284864,1426295391554,16666666,1426295909929,1426296758429,1426296821179,1426297442804,1426313932637,14701708,124083,1426313932637,1426312912012,0,1426297442804,
0,199322,1426309951532,1426309951532,0,1426311034929,1426311035887,1426311195970,1426311237429,1426359951530,1426311029762,16666666,1426311464554,1426312962012,1426313056470,1426313324012,1426330373929,15455000,88791,1426330373929,1426329437970,0,1426313324012,
0,199330,1426326618198,1426326618198,0,1426327879054,1426327879804,1426328510179,1426328578012,1426376618196,1426327872512,16666666,1426328813762,1426329461262,1426329494595,1426329811387,1426347986679,16117083,94667,1426347986679,1426346602429,0,1426329811387,
0,199338,1426343284864,1426343284864,0,1426344652804,1426344653596,1426344825762,1426344869304,1426393284862,1426344646971,16666666,1426345126137,1426346640471,1426346677596,1426347059846,1426365422637,16321334,117791,1426365422637,1426364492012,0,1426347059846,
0,199346,1426359951530,1426359951530,0,1426362666929,1426362667804,1426362874304,1426362918012,1426409951528,1426362661762,16666666,1426363919596,1426364518721,1426364552304,1426364820846,1426381855471,15024042,88083,1426381855471,1426380504512,0,1426364820846,
0,199354,1426376618196,1426376618196,0,1426378510429,1426378511262,1426379001304,1426379050887,1426426618194,1426378504262,16666666,1426379719846,1426380535179,1426380615554,1426381001637,1426397571471,14073917,163500,1426397571471,1426395989887,0,1426381001637,
0,199362,1426393284862,1426393284862,0,1426394051971,1426394052929,1426394217679,1426394261179,1426443284860,1426394046887,16666666,1426394493096,1426396217221,1426396303346,1426396974471,1426413838137,15229542,78416,1426413838137,1426412848054,0,1426396974471,
0,199370,1426409951528,1426409951528,0,1426410937804,1426410938721,1426411451804,1426411500304,1426459951526,1426410932429,16666666,1426411771429,1426412877387,1426412952596,1426413228846,1426431499054,16707667,81083,1426431499054,1426430594471,0,1426413228846,
0,199378,1426426618194,1426426618194,0,1426428672137,1426428672846,1426428842137,1426428881554,1426476618192,1426428667137,16666666,1426429257887,1426430623012,1426430670429,1426430936971,1426448502762,15792625,80542,1426448502762,1426447339929,0,1426430936971,
0,199386,1426443284860,1426443284860,0,1426446670179,1426446671054,1426446932429,1426446975846,1426493284858,1426446664804,16666666,1426446988262,1426447369054,1426447409554,1426447689929,1426470935721,16467958,81875,1426470935721,1426465033054,0,1426447689929,
0,199394,1426459951526,1426459951526,0,1426464248721,1426464249679,1426464614846,1426464695179,1426509951524,1426464243304,16666666,1426465157179,1426465481971,1426465589596,1426466490471,1426487687137,11907000,362542,1426487687137,1426483345971,0,1426466490471,
0,199402,1426476618192,1426476618192,0,1426480306929,1426480308054,1426480530596,1426480582096,1426526618190,1426480300596,16666666,1426480882929,1426483425721,1426483483721,1426483887096,1426498049762,10099125,1361125,1426487708929,1426498049762,0,1426483887096,
0,199410,1426493284858,1426493284858,0,1426495321221,1426495322012,1426495753929,1426495825929,1426543284856,1426495315721,16666666,1426497018721,1426498081596,1426498119512,1426498446054,1426516910012,15600250,209500,1426516910012,1426514774554,0,1426498446054,
0,199418,1426509951524,1426509951524,0,1426513625096,1426513625929,1426513825012,1426513872096,1426559951522,1426513619971,16666666,1426514191137,1426514796429,1426514835137,1426515329762,1426531331721,12614959,143875,1426531331721,1426529587012,0,1426515329762,
0,199433,1426526618190,1426526618190,0,1426527605179,1426527605971,1426527774471,1426527813762,1426576618188,1426527599804,16666666,1426528217679,1426529643346,1426529689929,1426530407429,1426549931096,17281250,136292,1426549931096,1426548768221,0,1426530407429,
0,199441,1426543284856,1426543284856,0,1426546706846,1426546707637,1426546956596,1426547001012,1426593284854,1426546701471,16666666,1426547301929,1426548841929,1426548869971,1426549225429,1426565300137,14246459,207417,1426565300137,1426564355679,0,1426549225429,
0,199449,1426559951522,1426559951522,0,1426562590221,1426562591012,1426562784304,1426562828471,1426609951520,1426562584429,16666666,1426563186679,1426564392137,1426564427804,1426564725179,1426583312846,16916250,88083,1426583312846,1426582362929,0,1426564725179,
0,199457,1426576618188,1426576618188,0,1426580529012,1426580530054,1426580736971,1426580778929,1426626618186,1426580522721,16666666,1426581073096,1426582410096,1426582444679,1426582761512,1426599618221,15196959,83583,1426599618221,1426598561262,0,1426582761512,
0,199465,1426593284854,1426593284854,0,1426597085846,1426597086679,1426597261179,1426597304096,1426643284852,1426597079762,16666666,1426597596929,1426598595471,1426598632846,1426598943471,1426614190387,13193333,127166,1426614190387,1426612860387,0,1426598943471,
0,199473,1426609951520,1426609951520,0,1426611136512,1426611137304,1426611343929,1426611442304,1426659951518,1426611130721,16666666,1426611683471,1426612913929,1426612952512,1426613262346,1426630950429,15648041,124167,1426630950429,1426629903512,0,1426613262346,
0,199481,1426626618186,1426626618186,0,1426628366721,1426628367887,1426628559387,1426628602804,1426676618184,1426628360929,16666666,1426628616137,1426629958804,1426630001012,1426630324554,1426647964679,15644000,119875,1426647964679,1426646665429,0,1426630324554,
0,199489,1426643284852,1426643284852,0,1426644550012,1426644550804,1426645012721,1426645060679,1426693284850,1426644544346,16666666,1426645303179,1426646709512,1426646744596,1426647192971,1426663572512,14416541,93375,1426663572512,1426662437762,0,1426647192971,
0,199497,1426659951518,1426659951518,0,1426660849137,1426660850429,1426661047387,1426661093596,1426709951516,1426660843471,16666666,1426661468012,1426662478762,1426662539679,1426662869596,1426680596887,15619834,91041,1426680596887,1426679239554,0,1426662869596,
0,199505,1426676618184,1426676618184,0,1426677536596,1426677537554,1426677767804,1426677867137,1426726618182,1426677530971,16666666,1426678671221,1426679266971,1426679300804,1426679574721,1426698328137,16265292,188541,1426698328137,1426696921346,0,1426679574721,
0,199513,1426693284850,1426693284850,0,1426694853804,1426694854887,1426695096012,1426695155596,1426743284848,1426694847387,16666666,1426695482387,1426696992137,1426697293137,1426697596471,1426714490179,14989209,114458,1426714490179,1426713380096,0,1426697596471,
0,199521,1426709951516,1426709951516,0,1426711459262,1426711460304,1426711692637,1426711751846,1426759951514,1426711452054,16666666,1426712235346,1426713449762,1426713495471,1426713839512,1426731793304,15855583,154208,1426731793304,1426730452721,0,1426713839512,
0,199529,1426726618182,1426726618182,0,1426728438012,1426728438804,1426728610096,1426728652346,1426776618180,1426728432637,16666666,1426728936262,1426730518846,1426730576596,1426731018387,1426748764346,15679000,203791,1426748764346,1426747538429,0,1426731018387,
0,199537,1426743284848,1426743284848,0,1426745159596,1426745160679,1426745369262,1426745418887,1426793284846,1426745154304,16666666,1426745789179,1426747612137,1426747652971,1426747943929,1426766009512,16194083,103708,1426766009512,1426765009471,0,1426747943929,
0,199545,1426759951514,1426759951514,0,1426763033762,1426763035221,1426763278804,1426763340054,1426809951512,1426763027387,16666666,1426763789846,1426765058596,1426765100429,1426765408679,1426782362221,15191917,99958,1426782362221,1426781283387,0,1426765408679,
0,199553,1426776618180,1426776618180,0,1426778301346,1426778302096,1426778542971,1426778583637,1426826618178,1426778295971,16666666,1426778815346,1426781363471,1426781404929,1426781691679,1426797649971,13331750,105250,1426797649971,1426795756637,0,1426781691679,
0,199561,1426793284846,1426793284846,0,1426794143929,1426794144679,1426794375804,1426794428846,1426809951512,1426794137262,16666666,1426794625554,1426795872304,1426795925346,1426796610971,1424777190178,15184083,145208,1424777190178,1426812898179,0,1426796610971,
---PROFILEDATA---


View hierarchy:

  dev.polski.grammarmatrix/dev.polski.grammarmatrix.GlassBenchmarkActivity/android.view.ViewRootImpl@af271ea
  7 views, 12.08 kB of render nodes


Total ViewRootImpl   : 1
Total attached Views : 7
Total RenderNode     : 12.08 kB (used) / 36.09 kB (capacity)