Applications Graphics Acceleration Info:
Uptime: 1487655 Realtime: 1487655

** Graphics info for pid 5729 [dev.polski.grammarmatrix] **

Stats since: 1482564527289ns
Total frames rendered: 302
Janky frames: 3 (0.99%)
Janky frames (legacy): 249 (82.45%)
50th percentile: 19ms
90th percentile: 22ms
95th percentile: 26ms
99th percentile: 57ms
Number Missed Vsync: 1
Number High input latency: 596
Number Slow UI thread: 2
Number Slow bitmap uploads: 0
Number Slow issue draw commands: 3
Number Frame deadline missed: 3
Number Frame deadline missed (legacy): 5
HISTOGRAM: 5ms=0 6ms=0 7ms=0 8ms=0 9ms=0 10ms=0 11ms=0 12ms=1 13ms=1 14ms=0 15ms=1 16ms=1 17ms=6 18ms=37 19ms=120 20ms=79 21ms=16 22ms=16 23ms=4 24ms=2 25ms=1 26ms=6 27ms=1 28ms=0 29ms=0 30ms=0 31ms=0 32ms=1 34ms=2 36ms=0 38ms=0 40ms=0 42ms=1 44ms=1 46ms=0 48ms=1 53ms=0 57ms=3 61ms=0 65ms=1 69ms=0 73ms=0 77ms=0 81ms=0 85ms=0 89ms=0 93ms=0 97ms=0 101ms=0 105ms=0 109ms=0 113ms=0 117ms=0 121ms=0 125ms=0 129ms=0 133ms=0 150ms=0 200ms=0 250ms=0 300ms=0 350ms=0 400ms=0 450ms=0 500ms=0 550ms=0 600ms=0 650ms=0 700ms=0 750ms=0 800ms=0 850ms=0 900ms=0 950ms=0 1000ms=0 1050ms=0 1100ms=0 1150ms=0 1200ms=0 1250ms=0 1300ms=0 1350ms=0 1400ms=0 1450ms=0 1500ms=0 1550ms=0 1600ms=0 1650ms=0 1700ms=0 1750ms=0 1800ms=0 1850ms=0 1900ms=0 1950ms=0 2000ms=0 2050ms=0 2100ms=0 2150ms=0 2200ms=0 2250ms=0 2300ms=0 2350ms=0 2400ms=0 2450ms=0 2500ms=0 2550ms=0 2600ms=0 2650ms=0 2700ms=0 2750ms=0 2800ms=0 2850ms=0 2900ms=0 2950ms=0 3000ms=0 3050ms=0 3100ms=0 3150ms=0 3200ms=0 3250ms=0 3300ms=0 3350ms=0 3400ms=0 3450ms=0 3500ms=0 3550ms=0 3600ms=0 3650ms=0 3700ms=0 3750ms=0 3800ms=0 3850ms=0 3900ms=0 3950ms=0 4000ms=0 4050ms=0 4100ms=0 4150ms=0 4200ms=0 4250ms=0 4300ms=0 4350ms=0 4400ms=0 4450ms=0 4500ms=0 4550ms=0 4600ms=0 4650ms=0 4700ms=0 4750ms=0 4800ms=0 4850ms=0 4900ms=0 4950ms=0
50th gpu percentile: 18ms
90th gpu percentile: 19ms
95th gpu percentile: 21ms
99th gpu percentile: 4950ms
GPU HISTOGRAM: 1ms=0 2ms=8 3ms=2 4ms=0 5ms=0 6ms=0 7ms=0 8ms=2 9ms=0 10ms=0 11ms=2 12ms=1 13ms=2 14ms=1 15ms=8 16ms=8 17ms=61 18ms=134 19ms=44 20ms=13 21ms=4 22ms=2 23ms=1 24ms=0 25ms=5 4950ms=4

Pipeline=Skia (OpenGL)
Memory policy:
  Max surface area: 2592000
  Max resource usage: 124.42MB (x48)
  Background retention: 50% (altUiHidden = true)
  GPU Context timeout: 10
Contexts: 1 (stopped = 0)
CPU Caches:
  Glyph Cache: 33.70 KB (1 entry)
  Glyph Count: 11 
Total CPU memory usage:
  34510 bytes, 33.70 KB (0.00 bytes is purgeable)
GPU Caches:
  Other:
    Other: 26.56 KB (1 entry)
    Buffer Object: 36.00 KB (1 entry)
  Scratch:
    Buffer Object: 80.00 KB (2 entries)
    Texture: 2.00 MB (1 entry)
Total GPU memory usage:
  2243136 bytes, 2.14 MB (68.00 KB is purgeable)

GraphicBufferAllocator buffers:
        Handle |        Size |     W (Stride) x H | Layers |   Format |      Usage | Requestor
0xb400007b2c426750 |     unknown | 1080 (   0) x 2400 |      1 |        1 | 0x     b00 | VRI[GlassBenchmarkActivity]#0(BLAST Consumer)0
0xb400007b2c426900 |     unknown | 1080 (   0) x 2400 |      1 |        1 | 0x     b00 | VRI[GlassBenchmarkActivity]#0(BLAST Consumer)0
0xb400007b2c437e50 |     unknown | 1080 (   0) x 2400 |      1 |        1 | 0x     b00 | VRI[GlassBenchmarkActivity]#0(BLAST Consumer)0
Total allocated by GraphicBufferAllocator (estimate): 0.00 KB
GoldfishAllocator::dumpDebugInfo is not implemented
Profile data in ms:

	dev.polski.grammarmatrix/dev.polski.grammarmatrix.GlassBenchmarkActivity/android.view.ViewRootImpl@af271ea (visibility=0)
Window: dev.polski.grammarmatrix/dev.polski.grammarmatrix.GlassBenchmarkActivity
Stats since: 1482564526956ns
Total frames rendered: 302
Janky frames: 3 (0.99%)
Janky frames (legacy): 249 (82.45%)
50th percentile: 19ms
90th percentile: 22ms
95th percentile: 26ms
99th percentile: 57ms
Number Missed Vsync: 1
Number High input latency: 596
Number Slow UI thread: 2
Number Slow bitmap uploads: 0
Number Slow issue draw commands: 3
Number Frame deadline missed: 3
Number Frame deadline missed (legacy): 5
HISTOGRAM: 5ms=0 6ms=0 7ms=0 8ms=0 9ms=0 10ms=0 11ms=0 12ms=1 13ms=1 14ms=0 15ms=1 16ms=1 17ms=6 18ms=37 19ms=120 20ms=79 21ms=16 22ms=16 23ms=4 24ms=2 25ms=1 26ms=6 27ms=1 28ms=0 29ms=0 30ms=0 31ms=0 32ms=1 34ms=2 36ms=0 38ms=0 40ms=0 42ms=1 44ms=1 46ms=0 48ms=1 53ms=0 57ms=3 61ms=0 65ms=1 69ms=0 73ms=0 77ms=0 81ms=0 85ms=0 89ms=0 93ms=0 97ms=0 101ms=0 105ms=0 109ms=0 113ms=0 117ms=0 121ms=0 125ms=0 129ms=0 133ms=0 150ms=0 200ms=0 250ms=0 300ms=0 350ms=0 400ms=0 450ms=0 500ms=0 550ms=0 600ms=0 650ms=0 700ms=0 750ms=0 800ms=0 850ms=0 900ms=0 950ms=0 1000ms=0 1050ms=0 1100ms=0 1150ms=0 1200ms=0 1250ms=0 1300ms=0 1350ms=0 1400ms=0 1450ms=0 1500ms=0 1550ms=0 1600ms=0 1650ms=0 1700ms=0 1750ms=0 1800ms=0 1850ms=0 1900ms=0 1950ms=0 2000ms=0 2050ms=0 2100ms=0 2150ms=0 2200ms=0 2250ms=0 2300ms=0 2350ms=0 2400ms=0 2450ms=0 2500ms=0 2550ms=0 2600ms=0 2650ms=0 2700ms=0 2750ms=0 2800ms=0 2850ms=0 2900ms=0 2950ms=0 3000ms=0 3050ms=0 3100ms=0 3150ms=0 3200ms=0 3250ms=0 3300ms=0 3350ms=0 3400ms=0 3450ms=0 3500ms=0 3550ms=0 3600ms=0 3650ms=0 3700ms=0 3750ms=0 3800ms=0 3850ms=0 3900ms=0 3950ms=0 4000ms=0 4050ms=0 4100ms=0 4150ms=0 4200ms=0 4250ms=0 4300ms=0 4350ms=0 4400ms=0 4450ms=0 4500ms=0 4550ms=0 4600ms=0 4650ms=0 4700ms=0 4750ms=0 4800ms=0 4850ms=0 4900ms=0 4950ms=0
50th gpu percentile: 18ms
90th gpu percentile: 19ms
95th gpu percentile: 21ms
99th gpu percentile: 4950ms
GPU HISTOGRAM: 1ms=0 2ms=8 3ms=2 4ms=0 5ms=0 6ms=0 7ms=0 8ms=2 9ms=0 10ms=0 11ms=2 12ms=1 13ms=2 14ms=1 15ms=8 16ms=8 17ms=61 18ms=134 19ms=44 20ms=13 21ms=4 22ms=2 23ms=1 24ms=0 25ms=5 4950ms=4



---PROFILEDATA---
Flags,FrameTimelineVsyncId,IntendedVsync,Vsync,InputEventId,HandleInputStart,AnimationStart,PerformTraversalsStart,DrawStart,FrameDeadline,FrameInterval,FrameStartTime,SyncQueued,SyncStart,IssueDrawCommandsStart,SwapBuffers,FrameCompleted,DequeueBufferDuration,QueueBufferDuration,GpuCompleted,SwapBuffersCompleted,DisplayPresentTime,CommandSubmissionCompleted,
0,222179,1485593282494,1485593282494,0,1485594135624,1485594136415,1485594693374,1485594755624,1485643282492,1485594130040,16666666,1485595309999,1485595440290,1485595480915,1485595770249,1485614094165,15780417,366583,1485614094165,1485612906124,0,1485595770249,
0,222187,1485609949160,1485609949160,0,1485610966540,1485610967540,1485611235874,1485611282999,1485659949158,1485610960874,16666666,1485611575999,1485612968624,1485613015749,1485613386124,1485630445957,15223917,96417,1485630445957,1485629364832,0,1485613386124,
0,222195,1485626615826,1485626615826,0,1485627882999,1485627883999,1485628575124,1485628616999,1485676615824,1485627877624,16666666,1485628884915,1485629389207,1485629423707,1485629690915,1485648112582,15953125,81334,1485648112582,1485646443707,0,1485629690915,
0,222203,1485643282492,1485643282492,0,1485644375499,1485644376332,1485644549374,1485644587374,1485693282490,1485644370707,16666666,1485644856165,1485646478707,1485646518290,1485646931582,1485662668540,14443375,521791,1485648121540,1485662668540,0,1485646931582,
0,222211,1485659949158,1485659949158,0,1485661431999,1485661432665,1485661626290,1485661666957,1485709949156,1485661425499,16666666,1485661893457,1485662692915,1485662730624,1485663021207,1485680601624,15667750,89666,1485680601624,1485679520040,0,1485663021207,
0,222219,1485676615824,1485676615824,0,1485677672249,1485677673249,1485677888457,1485677940957,1485726615822,1485677665874,16666666,1485678163415,1485679643082,1485679689999,1485679980165,1485698235540,15937667,76291,1485698235540,1485696598749,0,1485679980165,
0,222227,1485693282490,1485693282490,0,1485694217790,1485694218582,1485694380457,1485694416915,1485743282488,1485694212624,16666666,1485694427874,1485696687249,1485696730832,1485697207624,1485730478624,24924833,98167,1485730478624,1485723213207,0,1485697207624,
0,222235,1485709949156,1485709949156,0,1485716705874,1485716707707,1485719216415,1485719326749,1485759949154,1485716695249,16666666,1485719821124,1485723279874,1485723319582,1485723651082,1485735771499,1382625,763541,1485735771499,1485732787874,0,1485723651082,
0,222243,1485726615822,1485726615822,0,1485730971040,1485730972415,1485733193540,1485733285165,1485776615820,1485730963957,16666666,1485733704457,1485733811915,1485733851124,1485734123915,1485750734082,11700292,107666,1485750734082,1485747532290,0,1485734123915,
0,222251,1485743282488,1485743282488,0,1485745042749,1485745043749,1485745896707,1485745948874,1485793282486,1485745037165,16666666,1485749142749,1485749354290,1485749415332,1485749846874,1485767010541,12712251,196209,1485767010541,1485763517999,0,1485749846874,
0,222259,1485759949154,1485759949154,0,1485761777082,1485761777957,1485762182957,1485762247832,1485809949152,1485761771707,16666666,1485762609166,1485763592499,1485763647041,1485765338666,1485783013624,13516500,252833,1485783013624,1485780610957,0,1485765338666,
0,222267,1485776615820,1485776615820,0,1485778119624,1485778120457,1485778326749,1485778554624,1485826615818,1485778113582,16666666,1485779278582,1485780675749,1485780703291,1485781491832,1485800807291,14650083,196250,1485800807291,1485797792041,0,1485781491832,
0,222275,1485793282486,1485793282486,0,1485794379416,1485794380291,1485794628541,1485794692624,1485843282484,1485794373874,16666666,1485797033749,1485797851082,1485797934957,1485798744624,1485814721916,13802458,913917,1485800819749,1485814721916,0,1485798744624,
0,222283,1485809949152,1485809949152,0,1485813351707,1485813353916,1485813757499,1485814003499,1485859949150,1485813334249,16666666,1485814682541,1485814768207,1485815006374,1485815564666,1485830600124,7660875,450500,1485822819999,1485830600124,0,1485815564666,
0,222291,1485826615818,1485826615818,0,1485830623541,1485830624582,1485831070957,1485831181207,1485876615816,1485830617124,16666666,1485831824957,1485831956291,1485832073332,1485832799707,1485851827874,14828583,539042,1485851827874,1485849577166,0,1485832799707,
0,222299,1485843282484,1485843282484,0,1485847015957,1485847017124,1485848341082,1485848883957,1485893282482,1485847009499,16666666,1485849488041,1485849619832,1485849674166,1485850081374,1485865256166,13304625,469875,1485851856082,1485865256166,0,1485850081374,
0,222307,1485859949150,1485859949150,0,1485862384582,1485862386082,1485863388166,1485863632541,1485909949148,1485862355457,16666666,1485864394207,1485865325957,1485865408124,1485865830624,1485883739999,14438083,241292,1485883739999,1485881385582,0,1485865830624,
0,222315,1485876615816,1485876615816,0,1485878842249,1485878843666,1485879242124,1485879311957,1485926615814,1485878813666,16666666,1485879330624,1485881475791,1485881536541,1485881978791,1485899301707,13878917,397000,1485899301707,1485897743374,0,1485881978791,
0,222323,1485893282482,1485893282482,0,1485895871207,1485895873041,1485896277916,1485896340832,1485943282480,1485895831749,16666666,1485896718207,1485897801124,1485897846707,1485898188916,1485917311832,13982208,289708,1485917311832,1485913376832,0,1485898188916,
0,222331,1485909949148,1485909949148,0,1485911406499,1485911407707,1485911959916,1485912232457,1485959949146,1485911399291,16666666,1485912604874,1485913404124,1485913445416,1485916233999,1485931110332,12431000,124792,1485931110332,1485929975832,0,1485916233999,
0,222339,1485926615814,1485926615814,0,1485928453832,1485928454582,1485928620832,1485928681041,1485976615812,1485928448624,16666666,1485928912707,1485930021791,1485930068874,1485930396874,1485986569166,45278958,143083,1485986569166,1485976488374,0,1485930396874,
0,222347,1485943282480,1485959949146,0,1485972737499,1485972739624,1485973581832,1485973636999,1486009949144,1485972726332,16666666,1485975627416,1485976525124,1485976571541,1485977866291,1485994304499,2739084,786709,1485994304499,1485989808666,0,1485977866291,
0,222355,1485976615812,1485976615812,0,1485990765874,1485990766791,1485990856041,1485990907332,1486026615810,1485990761332,16666666,1485991842749,1485992099499,1485992227874,1485993147207,1486001077624,785000,330625,1486001077624,1485999084957,0,1485993147207,
0,222363,1485993282478,1485993282478,0,1485996744291,1485996744957,1485997199249,1485997277582,1486043282476,1485996739124,16666666,1485997795707,1485999143832,1485999201957,1485999567874,1486015357957,12093208,472583,1486015357957,1486013269082,0,1485999567874,
0,222371,1486009949144,1486009949144,0,1486011018374,1486011019541,1486011284624,1486011374957,1486059949142,1486011011374,16666666,1486011838166,1486013372374,1486013543749,1486014043999,1486030492041,13844958,305916,1486030492041,1486029262166,0,1486014043999,
0,222379,1486026615810,1486026615810,0,1486027519124,1486027519916,1486027705957,1486027754332,1486076615808,1486027512791,16666666,1486028163791,1486029314541,1486029352666,1486029691832,1486047158082,15565125,166750,1486047158082,1486046110124,0,1486029691832,
0,222387,1486043282476,1486043282476,0,1486044844332,1486044845207,1486045077499,1486045121916,1486093282474,1486044834749,16666666,1486045283041,1486046139041,1486046251041,1486046565207,1486064622832,15387708,152250,1486064622832,1486062655582,0,1486046565207,
0,222395,1486059949142,1486059949142,0,1486061069082,1486061070707,1486061271666,1486061322499,1486109949140,1486061062791,16666666,1486061335207,1486062748332,1486062840582,1486063442832,1486081159749,14793000,178666,1486081159749,1486079476874,0,1486063442832,
0,222403,1486076615808,1486076615808,0,1486077449291,1486077450249,1486077682541,1486077723124,1486126615806,1486077443332,16666666,1486078091374,1486079527791,1486079572541,1486080243666,1486097104082,14440667,229292,1486097104082,1486095672499,0,1486080243666,
0,222411,1486093282474,1486093282474,0,1486094206291,1486094207166,1486094394999,1486094441291,1486143282472,1486094201041,16666666,1486094706707,1486095712124,1486095750874,1486096284624,1486113528666,15317458,168417,1486113528666,1486112570457,0,1486096284624,
0,222419,1486109949140,1486109949140,0,1486111195207,1486111196541,1486111433457,1486111676082,1486159949138,1486111188749,16666666,1486111958166,1486112607249,1486112647666,1486112957916,1486130691207,16239625,100875,1486130691207,1486129814416,0,1486112957916,
0,222427,1486126615806,1486126615806,0,1486128193082,1486128193999,1486128364874,1486128405707,1486176615804,1486128187666,16666666,1486128668666,1486129848624,1486129884666,1486130148332,1486146605124,14958375,76375,1486146605124,1486145697166,0,1486130148332,
0,222435,1486143282472,1486143282472,0,1486144472916,1486144473707,1486144641249,1486144777082,1486193282470,1486144466666,16666666,1486145249124,1486145723749,1486145759457,1486146027999,1486163401791,15721291,92417,1486163401791,1486162384124,0,1486146027999,
0,222443,1486159949138,1486159949138,0,1486160902582,1486160903666,1486161154082,1486161202166,1486209949136,1486160896832,16666666,1486161529999,1486162447457,1486162490166,1486162795999,1486179959082,15464875,157667,1486179959082,1486178918916,0,1486162795999,
0,222451,1486176615804,1486176615804,0,1486177456874,1486177457749,1486177600416,1486177651124,1486226615802,1486177451416,16666666,1486178186291,1486178949166,1486179038541,1486179348332,1486196672749,15222083,80542,1486196672749,1486195541832,0,1486179348332,
0,222459,1486193282470,1486193282470,0,1486194225332,1486194226249,1486194410749,1486194457707,1486243282468,1486194219374,16666666,1486194709791,1486195570582,1486195605124,1486196135332,1486214080124,16083625,83959,1486214080124,1486212822457,0,1486196135332,
0,222467,1486209949136,1486209949136,0,1486211044457,1486211045291,1486211250291,1486211293957,1486259949134,1486211039166,16666666,1486211545374,1486212888041,1486212938916,1486213277749,1486232526832,16975042,160334,1486232526832,1486231278124,0,1486213277749,
0,222475,1486226615802,1486226615802,0,1486227949916,1486227950791,1486229371666,1486229443332,1486276615800,1486227944249,16666666,1486230906749,1486231346582,1486231417082,1486231783541,1486249351666,15554958,107958,1486249351666,1486248132499,0,1486231783541,
0,222483,1486243282468,1486243282468,0,1486246942749,1486246943791,1486247142374,1486247185916,1486293282466,1486246937041,16666666,1486247431291,1486248163957,1486248415749,1486248745582,1486264242124,13496209,154959,1486264242124,1486262900082,0,1486248745582,
0,222491,1486259949134,1486259949134,0,1486261657541,1486261658624,1486261840249,1486261884832,1486309949132,1486261652332,16666666,1486262183207,1486262923999,1486262959707,1486263410999,1486281760999,16610583,302709,1486281760999,1486280903707,0,1486263410999,
0,222499,1486276615800,1486276615800,0,1486278832582,1486278833457,1486279105249,1486279147416,1486326615798,1486278827416,16666666,1486279384374,1486280935916,1486281022374,1486281279624,1486297431791,14747292,83042,1486297431791,1486296556249,0,1486281279624,
0,222507,1486293282466,1486293282466,0,1486294703166,1486294704041,1486294865291,1486294907499,1486343282464,1486294697916,16666666,1486295159499,1486296586207,1486296622124,1486296879749,1486314031499,15507416,84625,1486314031499,1486312989499,0,1486296879749,
0,222515,1486309949132,1486309949132,0,1486311239832,1486311241041,1486311503041,1486311556082,1486359949130,1486311233249,16666666,1486311840249,1486313037582,1486313075374,1486313449957,1486331890916,16546416,132917,1486331890916,1486330643332,0,1486313449957,
0,222523,1486326615798,1486326615798,0,1486329466791,1486329467749,1486329648249,1486329691416,1486376615796,1486329461666,16666666,1486329928124,1486330708499,1486330794374,1486331153499,1486347808374,14408500,94708,1486347808374,1486346382291,0,1486331153499,
0,222531,1486343282464,1486343282464,0,1486344753707,1486344754541,1486344856416,1486344890624,1486393282462,1486344749166,16666666,1486345114582,1486346463999,1486346514874,1486346860832,1486364694082,15407834,90625,1486364694082,1486363347541,0,1486346860832,
0,222539,1486359949130,1486359949130,0,1486362292291,1486362293082,1486362618374,1486362686291,1486409949128,1486362287457,16666666,1486363064124,1486363395582,1486363441249,1486363757249,1486380616082,14622542,148500,1486380616082,1486379430249,0,1486363757249,
0,222547,1486376615796,1486376615796,0,1486377698332,1486377698832,1486377792041,1486377836207,1486426615794,1486377694332,16666666,1486378039416,1486379503416,1486379549999,1486379881457,1486397839916,15623500,129834,1486397839916,1486396360291,0,1486379881457,
0,222555,1486393282462,1486393282462,0,1486394117749,1486394118249,1486394515124,1486394583541,1486443282460,1486394113624,16666666,1486394897124,1486396440666,1486396495707,1486397058374,1486413872499,14915041,144500,1486413872499,1486412821916,0,1486397058374,
0,222563,1486409949128,1486409949128,0,1486411188332,1486411188707,1486411286166,1486411322082,1486459949126,1486411185041,16666666,1486411437582,1486412908624,1486412962624,1486413295874,1486431177749,15856250,141625,1486431177749,1486429789207,0,1486413295874,
0,222571,1486426615794,1486426615794,0,1486428221291,1486428222332,1486428428999,1486428480374,1486476615792,1486428214999,16666666,1486428493499,1486429856457,1486429898791,1486430310582,1486447291749,15056542,186958,1486447291749,1486446301416,0,1486430310582,
0,222579,1486443282460,1486443282460,0,1486445563499,1486445564541,1486445951457,1486446008832,1486493282458,1486445557916,16666666,1486446256124,1486446346207,1486446390291,1486446800999,1486463931499,15732042,82625,1486463931499,1486463073874,0,1486446800999,
0,222587,1486459949126,1486459949126,0,1486461668166,1486461669166,1486461970291,1486462021291,1486509949124,1486461661541,16666666,1486462259083,1486463107083,1486463143833,1486463407416,1486481097583,15445250,85958,1486481097583,1486479432374,0,1486463407416,
0,222595,1486476615792,1486476615792,0,1486479405541,1486479406416,1486479556166,1486479596416,1486526615790,1486479399916,16666666,1486479836999,1486479922416,1486479955416,1486480550874,1486496827833,14245583,90667,1486496827833,1486495432041,0,1486480550874,
0,222603,1486493282458,1486493282458,0,1486494358083,1486494358958,1486494559624,1486494607374,1486543282456,1486494351874,16666666,1486494932208,1486495483166,1486495534041,1486495918333,1486513937999,15920417,233000,1486513937999,1486512811749,0,1486495918333,
0,222611,1486509949124,1486509949124,0,1486511227333,1486511227958,1486511364583,1486511403124,1486559949122,1486511222749,16666666,1486511613874,1486512874458,1486512916124,1486513216583,1486537916333,21837583,131375,1486537916333,1486535835208,0,1486513216583,
0,222626,1486526615790,1486526615790,0,1486534683624,1486534685124,1486534988958,1486535058374,1486576615788,1486534673666,16666666,1486535504166,1486535879624,1486535920458,1486536652166,1486553196374,11408583,236750,1486553196374,1486549429291,0,1486536652166,
0,222634,1486543282456,1486543282456,0,1486550275708,1486550276458,1486551014708,1486551081999,1486593282454,1486550263958,16666666,1486551938666,1486552029958,1486552049958,1486552366208,1486565321416,10349417,220750,1486565321416,1486563647958,0,1486552366208,
0,222642,1486559949122,1486559949122,0,1486561925666,1486561926416,1486562194916,1486562275999,1486609949120,1486561920583,16666666,1486562519416,1486563710916,1486563754499,1486564478333,1486580460583,13726917,213667,1486580460583,1486579117666,0,1486564478333,
0,222650,1486576615788,1486576615788,0,1486577751499,1486577752916,1486578008416,1486578065916,1486626615786,1486577744249,16666666,1486578784541,1486579167874,1486579269708,1486579620249,1486598801999,16710000,120292,1486598801999,1486597224041,0,1486579620249,
0,222658,1486593282454,1486593282454,0,1486595281666,1486595282249,1486595385083,1486595420541,1486643282452,1486595277333,16666666,1486595535666,1486597248083,1486597287499,1486597568416,1486614358374,13939833,348625,1486614358374,1486612811749,0,1486597568416,
0,222666,1486609949120,1486609949120,0,1486610808374,1486610809083,1486611043333,1486611081624,1486659949118,1486610803041,16666666,1486611094291,1486612887541,1486612937499,1486613423749,1486630800291,15145458,186375,1486630800291,1486629572791,0,1486613423749,
0,222674,1486626615786,1486626615786,0,1486627792624,1486627793624,1486628144624,1486628203583,1486676615784,1486627787291,16666666,1486628522333,1486629638874,1486629683499,1486630069541,1486647132041,15325333,159083,1486647132041,1486646225249,0,1486630069541,
0,222682,1486643282452,1486643282452,0,1486644746666,1486644747333,1486644855958,1486644886374,1486693282450,1486644742333,16666666,1486645086624,1486646252833,1486646295874,1486646606999,1486664596083,16242875,89958,1486664596083,1486663444249,0,1486646606999,
0,222690,1486659949118,1486659949118,0,1486660885833,1486660886666,1486660997999,1486661035124,1486709949116,1486660880999,16666666,1486661213708,1486663512916,1486663598166,1486663918791,1486682043499,15828583,160041,1486682043499,1486680620166,0,1486663918791,
0,222698,1486676615784,1486676615784,0,1486677323708,1486677324541,1486677471499,1486677509791,1486726615782,1486677318833,16666666,1486677713791,1486680705791,1486680755374,1486681107458,1486697383749,13869125,192292,1486697383749,1486695975249,0,1486681107458,
0,222706,1486693282450,1486693282450,0,1486693917041,1486693917458,1486694037124,1486694067916,1486743282448,1486693912916,16666666,1486694222874,1486696214499,1486696241208,1486696592333,1486714057874,15511250,204959,1486714057874,1486712962666,0,1486696592333,
0,222714,1486709949116,1486709949116,0,1486710629791,1486710630916,1486710871416,1486710933083,1486759949114,1486710622999,16666666,1486711382416,1486713001916,1486713064291,1486713427249,1486730813166,15274042,80791,1486730813166,1486729393749,0,1486713427249,
0,222722,1486726615782,1486726615782,0,1486727793874,1486727795249,1486728235874,1486728280249,1486776615780,1486727787124,16666666,1486728518333,1486729470624,1486729521374,1486729850916,1486747537458,15396834,160292,1486747537458,1486746292874,0,1486729850916,
0,222730,1486743282448,1486743282448,0,1486744806916,1486744808416,1486745066208,1486745122874,1486793282446,1486744799416,16666666,1486745439874,1486746388083,1486746443749,1486746780624,1486764734458,15879333,176125,1486764734458,1486763469958,0,1486746780624,
0,222738,1486759949114,1486759949114,0,1486761767416,1486761768833,1486762290291,1486762408416,1486809949112,1486761762166,16666666,1486763132791,1486763499583,1486763540166,1486763917291,1486782940583,16382000,93375,1486782940583,1486781254166,0,1486763917291,
0,222746,1486776615780,1486776615780,0,1486779207041,1486779207666,1486779529333,1486779563124,1486826615778,1486779201249,16666666,1486779689958,1486781328166,1486781374249,1486781718166,1486797051708,12830000,172000,1486797051708,1486795870833,0,1486781718166,
0,222754,1486793282446,1486793282446,0,1486794115583,1486794115791,1486794246833,1486794264999,1486843282444,1486794112624,16666666,1486794270499,1486795895916,1486795999916,1486796465999,1486813592458,15272625,108666,1486813592458,1486812454749,0,1486796465999,
0,222762,1486809949112,1486809949112,0,1486810893291,1486810894249,1486811048374,1486811085666,1486859949110,1486810887874,16666666,1486811308916,1486812520958,1486812560833,1486812854874,1486830785583,15940167,158916,1486830785583,1486829594166,0,1486812854874,
0,222770,1486826615778,1486826615778,0,1486827705333,1486827706416,1486827968041,1486828326749,1486876615776,1486827698916,16666666,1486828625124,1486829658583,1486829704166,1486830054374,1486848269208,16172917,140791,1486848269208,1486847093083,0,1486830054374,
0,222778,1486843282444,1486843282444,0,1486844674208,1486844674749,1486844816583,1486844848374,1486893282442,1486844669791,16666666,1486844994749,1486847166249,1486847208166,1486847512541,1486862695291,13556084,274459,1486862695291,1486861877041,0,1486847512541,
0,222786,1486859949110,1486859949110,0,1486860733541,1486860734124,1486860871208,1486860906916,1486909949108,1486860729041,16666666,1486861101874,1486861901333,1486861938541,1486862212291,1486879895833,16158917,130041,1486879895833,1486878905916,0,1486862212291,
0,222794,1486876615776,1486876615776,0,1486877974041,1486877974916,1486878241499,1486878296541,1486926615774,1486877969166,16666666,1486878548874,1486878934458,1486878970874,1486879266291,1486896321541,15263458,97834,1486896321541,1486895227666,0,1486879266291,
0,222802,1486893282442,1486893282442,0,1486894157499,1486894158416,1486894356291,1486894401833,1486943282440,1486894152083,16666666,1486894746458,1486895276708,1486895312916,1486895585874,1486913749624,16405792,353208,1486913749624,1486912778708,0,1486895585874,
0,222810,1486909949108,1486909949108,0,1486911096458,1486911097249,1486911284749,1486911329458,1486959949106,1486911090833,16666666,1486911641958,1486912835666,1486912870958,1486913162666,1486930121333,15455041,136583,1486930121333,1486929292874,0,1486913162666,
0,222818,1486926615774,1486926615774,0,1486927660291,1486927661208,1486927906749,1486927950249,1486976615772,1486927655333,16666666,1486928513958,1486929324666,1486929361791,1486929636041,1486946628749,15613333,81084,1486946628749,1486945781624,0,1486929636041,
0,222826,1486943282440,1486943282440,0,1486943959916,1486943960833,1486944635791,1486944691958,1486993282438,1486943954833,16666666,1486944923249,1486945810166,1486945845999,1486946110874,1486963581999,15827750,76792,1486963581999,1486962503999,0,1486946110874,
0,222834,1486959949106,1486959949106,0,1486960970499,1486960971749,1486961295208,1486961358916,1487009949104,1486960964708,16666666,1486961550208,1486962544958,1486962590749,1486962947624,1486979541208,14969541,103083,1486979541208,1486978614249,0,1486962947624,
0,222842,1486976615772,1486976615772,0,1486977388916,1486977390124,1486977594833,1486977638583,1487026615770,1486977382916,16666666,1486977653166,1486978656791,1486978693958,1486978978249,1486996405749,15568541,85375,1486996405749,1486995166874,0,1486978978249,
0,222850,1486993282438,1486993282438,0,1486993965791,1486993966541,1486994141333,1486994186083,1487043282436,1486993960374,16666666,1486994426541,1486995207749,1486995246249,1486995538083,1487012980583,15530041,244416,1487012980583,1487011997749,0,1486995538083,
0,222858,1487009949104,1487009949104,0,1487010901374,1487010902541,1487011085291,1487011128666,1487059949102,1487010895833,16666666,1487011363374,1487012218374,1487012257083,1487012527249,1487029952958,15978334,70042,1487029952958,1487029017791,0,1487012527249,
0,222866,1487026615770,1487026615770,0,1487027604249,1487027605166,1487027802624,1487027849624,1487076615768,1487027598499,16666666,1487028839874,1487029046541,1487029085333,1487029359208,1487046549041,15606583,138458,1487046549041,1487045615833,0,1487029359208,
0,222874,1487043282436,1487043282436,0,1487044241791,1487044242749,1487044414958,1487044457208,1487093282434,1487044236041,16666666,1487044681541,1487045644791,1487045678666,1487045964749,1487063281333,15768917,80458,1487063281333,1487062377499,0,1487045964749,
0,222882,1487059949102,1487059949102,0,1487060945124,1487060946083,1487061127208,1487061170374,1487109949100,1487060939916,16666666,1487061420374,1487062409374,1487062446499,1487062712374,1487079627624,15392709,101125,1487079627624,1487078723624,0,1487062712374,
0,222890,1487076615768,1487076615768,0,1487077327416,1487077328333,1487077504416,1487077550333,1487126615766,1487077321999,16666666,1487077860124,1487078758791,1487078792708,1487079062958,1487096469291,15766250,89834,1487096469291,1487095442999,0,1487079062958,
0,222898,1487093282434,1487093282434,0,1487094229791,1487094230833,1487094431124,1487094477166,1487143282432,1487094224249,16666666,1487094806291,1487095491874,1487095528166,1487095796999,1487112997458,15445500,103166,1487112997458,1487111986208,0,1487095796999,
0,222906,1487109949100,1487109949100,0,1487110784916,1487110785999,1487110955333,1487110995958,1487159949098,1487110779916,16666666,1487111232374,1487112063083,1487112096791,1487112370416,1487130635833,16417333,143208,1487130635833,1487129465916,0,1487112370416,
0,222914,1487126615766,1487126615766,0,1487127648666,1487127649333,1487127846958,1487127893874,1487176615764,1487127643416,16666666,1487128440166,1487129522749,1487129561624,1487129859041,1487146658708,14921208,105792,1487146658708,1487145608458,0,1487129859041,
0,222922,1487143282432,1487143282432,0,1487144332833,1487144333916,1487144714499,1487144783541,1487193282430,1487144327416,16666666,1487144996666,1487145639958,1487145678749,1487145951124,1487164331458,15906292,112250,1487164331458,1487162630583,0,1487145951124,
0,222930,1487159949098,1487159949098,0,1487161134500,1487161135791,1487161381666,1487161443250,1487209949096,1487161127125,16666666,1487161458833,1487162706375,1487162800583,1487163373375,1487219042916,54633291,116292,1487205363625,1487219042916,0,1487163373375,
0,222939,1487176615764,1487193282430,0,1487207359500,1487207360791,1487207633125,1487207692083,1487226615762,1487207350791,16666666,1487208164000,1487219130000,1487219173875,1487231160958,1487255411833,12542,296292,1487255411833,1487238638708,0,1487231160958,
0,222946,1487209949096,1487209949096,0,1487223970458,1487223971333,1487224217083,1487224266583,1487276615760,1487223963166,16666666,1487224519083,1487238735583,1487238804333,1487252331458,1487280552541,19095917,200292,1487280552541,1487274804750,0,1487252331458,
0,222953,1487226615762,1487243282428,0,1487247065541,1487247067041,1487247300708,1487247359416,1487309949092,1487247056958,16666666,1487247679666,1487274888666,1487274946458,1487278028541,1487295891875,15256334,400959,1487294203125,1487295891875,0,1487278028541,
0,222961,1487259949094,1487276615760,0,1487279391916,1487279392708,1487279665416,1487279732125,1487326615758,1487279384041,16666666,1487282244916,1487295973833,1487296112708,1487297138500,1487308477625,1712167,339875,1487308477625,1487305689000,0,1487297138500,
0,222969,1487276615760,1487293282426,0,1487296580625,1487296581333,1487303711083,1487303784875,1487343282424,1487296572750,16666666,1487305301833,1487305760750,1487305821708,1487306363125,1487321080333,9559500,526166,1487321080333,1487318130208,0,1487306363125,
0,222978,1487309949092,1487309949092,0,1487317317500,1487317318708,1487317682583,1487317740083,1487359949090,1487317309416,16666666,1487318122625,1487318214166,1487318386166,1487319372625,1487343934375,17568166,294125,1487343934375,1487338763041,0,1487319372625,
0,222986,1487326615758,1487326615758,0,1487328475666,1487328477583,1487328864791,1487328944000,1487376615756,1487328464666,16666666,1487329374375,1487338854291,1487338920250,1487341300083,1487349971000,5943166,798917,1487343944083,1487349971000,0,1487341300083,
0,222994,1487343282424,1487343282424,0,1487346184333,1487346185416,1487346537791,1487346595208,1487393282422,1487346178083,16666666,1487346612250,1487350052416,1487350116250,1487350516958,1487373162208,17208459,297250,1487373162208,1487371013833,0,1487350516958,
0,223002,1487359949090,1487359949090,0,1487363370166,1487363371916,1487363988916,1487364606333,1487409949088,1487363359375,16666666,1487364984833,1487371108916,1487371175708,1487371793625,1487388546125,13442750,129250,1487388546125,1487386677041,0,1487371793625,
0,223010,1487376615756,1487376615756,0,1487378116750,1487378118750,1487378419916,1487378494958,1487426615754,1487378105541,16666666,1487379847416,1487386761916,1487386812625,1487387612708,1487405687208,13543291,232917,1487405687208,1487402165041,0,1487387612708,
0,223018,1487393282422,1487393282422,0,1487394392666,1487394394583,1487394732958,1487394808750,1487443282420,1487394381500,16666666,1487395391708,1487402256333,1487402345250,1487403918375,1487418594208,11083917,185667,1487418594208,1487416862583,0,1487403918375,
0,223026,1487409949088,1487409949088,0,1487414917750,1487414919625,1487415302583,1487415378833,1487459949086,1487414906208,16666666,1487415863875,1487416930833,1487416993041,1487417464041,1487438752416,14884334,168166,1487438752416,1487433754166,0,1487417464041,
0,223034,1487426615754,1487426615754,0,1487430721083,1487430722458,1487430944375,1487430998041,1487476615752,1487430714250,16666666,1487431305208,1487433835875,1487433892208,1487435765791,1487455202708,12474083,141916,1487455202708,1487451321041,0,1487435765791,
0,223042,1487443282420,1487443282420,0,1487444742833,1487444743958,1487444972333,1487445026125,1487493282418,1487444736875,16666666,1487445384833,1487451416416,1487451487958,1487453794916,1487471996458,12440750,269750,1487471996458,1487467730291,0,1487453794916,
0,223050,1487459949086,1487459949086,0,1487467269250,1487467270375,1487467460291,1487467509666,1487509949084,1487467262916,16666666,1487467836000,1487468407875,1487468440291,1487470839541,1487481414291,7517625,150833,1487481414291,1487479685083,0,1487470839541,
0,223058,1487476615752,1487476615752,0,1487477755500,1487477756500,1487478189416,1487478250791,1487526615750,1487477748791,16666666,1487478534416,1487479757708,1487479811875,1487480441875,1487496449666,14121792,192833,1487496449666,1487495609041,0,1487480441875,
0,223066,1487493282418,1487493282418,0,1487494279666,1487494280916,1487494503958,1487494555958,1487543282416,1487494273125,16666666,1487494846208,1487495659958,1487495697416,1487495967000,1487513537375,15973667,83000,1487513537375,1487512485208,0,1487495967000,
0,223074,1487509949084,1487509949084,0,1487510759375,1487510760166,1487510928750,1487510968583,1487559949082,1487510754166,16666666,1487511121083,1487512543958,1487512595541,1487512906166,1487530595916,15658625,137959,1487530595916,1487529266333,0,1487512906166,
0,223082,1487526615750,1487526615750,0,1487527445666,1487527446416,1487527634833,1487527677750,1487576615748,1487527440250,16666666,1487527690625,1487529352291,1487529397666,1487529748750,1487547084500,15245250,165500,1487547084500,1487545910000,0,1487529748750,
0,223090,1487543282416,1487543282416,0,1487544355666,1487544356833,1487544589083,1487544638166,1487593282414,1487544349916,16666666,1487544911291,1487545979666,1487546029583,1487546372000,1487562840916,14792666,150583,1487562840916,1487562030666,0,1487546372000,
0,223098,1487559949082,1487559949082,0,1487560897166,1487560898000,1487561145375,1487561190208,1487609949080,1487560891500,16666666,1487561464625,1487562054916,1487562088375,1487562351250,1487580427750,15885083,76041,1487580427750,1487578802833,0,1487562351250,
0,223106,1487576615748,1487576615748,0,1487577921458,1487577922416,1487578098291,1487578146750,1487626615746,1487577916000,16666666,1487578508000,1487578840708,1487578887333,1487579474208,1487598026000,15895750,176875,1487598026000,1487596503083,0,1487579474208,
0,223114,1487593282414,1487593282414,0,1487593883458,1487593884291,1487594353791,1487594399583,1487643282412,1487593878166,16666666,1487594636750,1487596584916,1487596678666,1487597042541,1487613927291,14437500,156834,1487613927291,1487612589250,0,1487597042541,
0,223122,1487609949080,1487609949080,0,1487610899791,1487610900958,1487611219833,1487611274416,1487659949078,1487610893000,16666666,1487611522333,1487612645791,1487612690916,1487613004041,1487630802875,15315250,177917,1487630802875,1487629313875,0,1487613004041,
0,223130,1487626615746,1487626615746,0,1487627535625,1487627536583,1487627872375,1487627933000,1487676615744,1487627530166,16666666,1487628575458,1487629384166,1487629432291,1487629983750,1487648327458,15424292,163375,1487648327458,1487646723541,0,1487629983750,
0,223138,1487643282412,1487643282412,0,1487644230000,1487644230916,1487644592333,1487644644958,1487659949078,1487644223333,16666666,1487644984333,1487646756125,1487646842083,1487647170708,1485597047457,14241959,81125,1485597047457,1487662634291,0,1487647170708,
---PROFILEDATA---


View hierarchy:

  dev.polski.grammarmatrix/dev.polski.grammarmatrix.GlassBenchmarkActivity/android.view.ViewRootImpl@af271ea
  7 views, 12.08 kB of render nodes


Total ViewRootImpl   : 1
Total attached Views : 7
Total RenderNode     : 12.08 kB (used) / 36.09 kB (capacity)