Applications Graphics Acceleration Info:
Uptime: 1501923 Realtime: 1501923

** Graphics info for pid 5729 [dev.polski.grammarmatrix] **

Stats since: 1496844604462ns
Total frames rendered: 260
Janky frames: 26 (10.00%)
Janky frames (legacy): 240 (92.31%)
50th percentile: 23ms
90th percentile: 46ms
95th percentile: 81ms
99th percentile: 129ms
Number Missed Vsync: 12
Number High input latency: 466
Number Slow UI thread: 17
Number Slow bitmap uploads: 1
Number Slow issue draw commands: 26
Number Frame deadline missed: 26
Number Frame deadline missed (legacy): 28
HISTOGRAM: 5ms=3 6ms=1 7ms=0 8ms=0 9ms=0 10ms=0 11ms=0 12ms=0 13ms=0 14ms=0 15ms=2 16ms=6 17ms=4 18ms=2 19ms=10 20ms=21 21ms=34 22ms=34 23ms=38 24ms=14 25ms=12 26ms=17 27ms=9 28ms=1 29ms=3 30ms=1 31ms=3 32ms=6 34ms=1 36ms=3 38ms=1 40ms=2 42ms=2 44ms=2 46ms=4 48ms=1 53ms=1 57ms=5 61ms=1 65ms=1 69ms=2 73ms=0 77ms=0 81ms=3 85ms=0 89ms=3 93ms=0 97ms=1 101ms=1 105ms=0 109ms=0 113ms=1 117ms=0 121ms=1 125ms=0 129ms=1 133ms=0 150ms=2 200ms=0 250ms=0 300ms=0 350ms=0 400ms=0 450ms=0 500ms=0 550ms=0 600ms=0 650ms=0 700ms=0 750ms=0 800ms=0 850ms=0 900ms=0 950ms=0 1000ms=0 1050ms=0 1100ms=0 1150ms=0 1200ms=0 1250ms=0 1300ms=0 1350ms=0 1400ms=0 1450ms=0 1500ms=0 1550ms=0 1600ms=0 1650ms=0 1700ms=0 1750ms=0 1800ms=0 1850ms=0 1900ms=0 1950ms=0 2000ms=0 2050ms=0 2100ms=0 2150ms=0 2200ms=0 2250ms=0 2300ms=0 2350ms=0 2400ms=0 2450ms=0 2500ms=0 2550ms=0 2600ms=0 2650ms=0 2700ms=0 2750ms=0 2800ms=0 2850ms=0 2900ms=0 2950ms=0 3000ms=0 3050ms=0 3100ms=0 3150ms=0 3200ms=0 3250ms=0 3300ms=0 3350ms=0 3400ms=0 3450ms=0 3500ms=0 3550ms=0 3600ms=0 3650ms=0 3700ms=0 3750ms=0 3800ms=0 3850ms=0 3900ms=0 3950ms=0 4000ms=0 4050ms=0 4100ms=0 4150ms=0 4200ms=0 4250ms=0 4300ms=0 4350ms=0 4400ms=0 4450ms=0 4500ms=0 4550ms=0 4600ms=0 4650ms=0 4700ms=0 4750ms=0 4800ms=0 4850ms=0 4900ms=0 4950ms=0
50th gpu percentile: 18ms
90th gpu percentile: 4950ms
95th gpu percentile: 4950ms
99th gpu percentile: 4950ms
GPU HISTOGRAM: 1ms=1 2ms=5 3ms=2 4ms=0 5ms=1 6ms=0 7ms=1 8ms=1 9ms=0 10ms=2 11ms=1 12ms=2 13ms=6 14ms=2 15ms=12 16ms=13 17ms=41 18ms=78 19ms=30 20ms=13 21ms=9 22ms=6 23ms=4 24ms=2 25ms=2 4950ms=26

Pipeline=Skia (OpenGL)
Memory policy:
  Max surface area: 2592000
  Max resource usage: 124.42MB (x48)
  Background retention: 50% (altUiHidden = true)
  GPU Context timeout: 10
Contexts: 1 (stopped = 0)
CPU Caches:
  Glyph Cache: 33.70 KB (1 entry)
  Glyph Count: 11 
Total CPU memory usage:
  34510 bytes, 33.70 KB (0.00 bytes is purgeable)
GPU Caches:
  Other:
    Other: 27.16 KB (1 entry)
    Buffer Object: 36.00 KB (1 entry)
  Scratch:
    Buffer Object: 80.00 KB (2 entries)
    Texture: 2.00 MB (1 entry)
Total GPU memory usage:
  2243744 bytes, 2.14 MB (68.00 KB is purgeable)

GraphicBufferAllocator buffers:
        Handle |        Size |     W (Stride) x H | Layers |   Format |      Usage | Requestor
0xb400007b2c426750 |     unknown | 1080 (   0) x 2400 |      1 |        1 | 0x     b00 | VRI[GlassBenchmarkActivity]#0(BLAST Consumer)0
0xb400007b2c426900 |     unknown | 1080 (   0) x 2400 |      1 |        1 | 0x     b00 | VRI[GlassBenchmarkActivity]#0(BLAST Consumer)0
0xb400007b2c437e50 |     unknown | 1080 (   0) x 2400 |      1 |        1 | 0x     b00 | VRI[GlassBenchmarkActivity]#0(BLAST Consumer)0
Total allocated by GraphicBufferAllocator (estimate): 0.00 KB
GoldfishAllocator::dumpDebugInfo is not implemented
Profile data in ms:

	dev.polski.grammarmatrix/dev.polski.grammarmatrix.GlassBenchmarkActivity/android.view.ViewRootImpl@af271ea (visibility=0)
Window: dev.polski.grammarmatrix/dev.polski.grammarmatrix.GlassBenchmarkActivity
Stats since: 1496844604087ns
Total frames rendered: 260
Janky frames: 26 (10.00%)
Janky frames (legacy): 240 (92.31%)
50th percentile: 23ms
90th percentile: 46ms
95th percentile: 81ms
99th percentile: 129ms
Number Missed Vsync: 12
Number High input latency: 466
Number Slow UI thread: 17
Number Slow bitmap uploads: 1
Number Slow issue draw commands: 26
Number Frame deadline missed: 26
Number Frame deadline missed (legacy): 28
HISTOGRAM: 5ms=3 6ms=1 7ms=0 8ms=0 9ms=0 10ms=0 11ms=0 12ms=0 13ms=0 14ms=0 15ms=2 16ms=6 17ms=4 18ms=2 19ms=10 20ms=21 21ms=34 22ms=34 23ms=38 24ms=14 25ms=12 26ms=17 27ms=9 28ms=1 29ms=3 30ms=1 31ms=3 32ms=6 34ms=1 36ms=3 38ms=1 40ms=2 42ms=2 44ms=2 46ms=4 48ms=1 53ms=1 57ms=5 61ms=1 65ms=1 69ms=2 73ms=0 77ms=0 81ms=3 85ms=0 89ms=3 93ms=0 97ms=1 101ms=1 105ms=0 109ms=0 113ms=1 117ms=0 121ms=1 125ms=0 129ms=1 133ms=0 150ms=2 200ms=0 250ms=0 300ms=0 350ms=0 400ms=0 450ms=0 500ms=0 550ms=0 600ms=0 650ms=0 700ms=0 750ms=0 800ms=0 850ms=0 900ms=0 950ms=0 1000ms=0 1050ms=0 1100ms=0 1150ms=0 1200ms=0 1250ms=0 1300ms=0 1350ms=0 1400ms=0 1450ms=0 1500ms=0 1550ms=0 1600ms=0 1650ms=0 1700ms=0 1750ms=0 1800ms=0 1850ms=0 1900ms=0 1950ms=0 2000ms=0 2050ms=0 2100ms=0 2150ms=0 2200ms=0 2250ms=0 2300ms=0 2350ms=0 2400ms=0 2450ms=0 2500ms=0 2550ms=0 2600ms=0 2650ms=0 2700ms=0 2750ms=0 2800ms=0 2850ms=0 2900ms=0 2950ms=0 3000ms=0 3050ms=0 3100ms=0 3150ms=0 3200ms=0 3250ms=0 3300ms=0 3350ms=0 3400ms=0 3450ms=0 3500ms=0 3550ms=0 3600ms=0 3650ms=0 3700ms=0 3750ms=0 3800ms=0 3850ms=0 3900ms=0 3950ms=0 4000ms=0 4050ms=0 4100ms=0 4150ms=0 4200ms=0 4250ms=0 4300ms=0 4350ms=0 4400ms=0 4450ms=0 4500ms=0 4550ms=0 4600ms=0 4650ms=0 4700ms=0 4750ms=0 4800ms=0 4850ms=0 4900ms=0 4950ms=0
50th gpu percentile: 18ms
90th gpu percentile: 4950ms
95th gpu percentile: 4950ms
99th gpu percentile: 4950ms
GPU HISTOGRAM: 1ms=1 2ms=5 3ms=2 4ms=0 5ms=1 6ms=0 7ms=1 8ms=1 9ms=0 10ms=2 11ms=1 12ms=2 13ms=6 14ms=2 15ms=12 16ms=13 17ms=41 18ms=78 19ms=30 20ms=13 21ms=9 22ms=6 23ms=4 24ms=2 25ms=2 4950ms=26



---PROFILEDATA---
Flags,FrameTimelineVsyncId,IntendedVsync,Vsync,InputEventId,HandleInputStart,AnimationStart,PerformTraversalsStart,DrawStart,FrameDeadline,FrameInterval,FrameStartTime,SyncQueued,SyncStart,IssueDrawCommandsStart,SwapBuffers,FrameCompleted,DequeueBufferDuration,QueueBufferDuration,GpuCompleted,SwapBuffersCompleted,DisplayPresentTime,CommandSubmissionCompleted,
0,228721,1499909948588,1499909948588,0,1499914111797,1499914112214,1499914195381,1499914231839,1499959948586,1499914108464,16666666,1499914332339,1499930734547,1499930813256,1499931187672,1499948209422,14356333,505333,1499948209422,1499946850422,0,1499931187672,
0,228729,1499926615254,1499926615254,0,1499932258214,1499932258797,1499932396756,1499932432631,1499976615252,1499932253964,16666666,1499932442214,1499946917881,1499946955464,1499947337339,1499965275964,15712792,260792,1499965275964,1499963972256,0,1499947337339,
0,228737,1499943281920,1499943281920,0,1499947456756,1499947457172,1499947530714,1499947563756,1499993281918,1499947453256,16666666,1499947735506,1499964183547,1499964220256,1499964500256,1499980893589,14218041,259375,1499980893589,1499979551006,0,1499964500256,
0,228745,1499959948586,1499959948586,0,1499964749756,1499964750047,1499964902381,1499964940881,1500009948584,1499964746047,16666666,1499965156422,1499979617464,1499979656339,1499979935089,1499997467464,14823167,167833,1499997467464,1499995799547,0,1499979935089,
0,228753,1499976615252,1499976615252,0,1499980478797,1499980479172,1499980600881,1499980643589,1500026615250,1499980475256,16666666,1499980846631,1499995889881,1499995946131,1499996477881,1500013991714,14980667,210041,1500013991714,1500012508881,0,1499996477881,
0,228761,1499993281918,1499993281918,0,1499996619214,1499996619631,1499996717047,1499996752631,1500043281916,1499996615506,16666666,1499996938047,1500012580881,1500012617339,1500013175339,1500030482089,15176583,90084,1500030482089,1500029245839,0,1500013175339,
0,228769,1500009948584,1500009948584,0,1500013165589,1500013165922,1500013269297,1500013322381,1500059948582,1500013162131,16666666,1500013528756,1500029336756,1500029395964,1500029731422,1500048520256,16383875,164708,1500048520256,1500046938464,0,1500029731422,
0,228777,1500026615250,1500026615250,0,1500031519672,1500031520297,1500031591047,1500031616672,1500076615248,1500031515714,16666666,1500031785756,1500047020964,1500047088297,1500047430589,1500065205672,15211625,449916,1500065205672,1500063805922,0,1500047430589,
0,228785,1500043281916,1500043281916,0,1500047576506,1500047576756,1500047647297,1500047685214,1500093281914,1500047573131,16666666,1500047890006,1500063886964,1500063938756,1500064627547,1500080600672,14163083,114042,1500080600672,1500079436881,0,1500064627547,
0,228793,1500059948582,1500059948582,0,1500064605964,1500064606422,1500064845131,1500064886422,1500109948580,1500064602339,16666666,1500065087464,1500079504964,1500079558131,1500079883797,1500096914964,14865667,131792,1500096914964,1500095520964,0,1500079883797,
0,228801,1500076615248,1500076615248,0,1500080826589,1500080827089,1500080908256,1500080944297,1500126615246,1500080822547,16666666,1500081125339,1500095587089,1500095623881,1500095962089,1500114656756,16600042,155583,1500114656756,1500113664631,0,1500095962089,
0,228809,1500093281914,1500093281914,0,1500097640922,1500097641214,1500097706422,1500097740881,1500143281912,1500097637339,16666666,1500097829131,1500113733172,1500113777797,1500114049297,1500130862547,14778334,91917,1500130862547,1500129483089,0,1500114049297,
0,228817,1500109948580,1500109948580,0,1500114637881,1500114638381,1500114749131,1500114785339,1500159948578,1500114631589,16666666,1500114795172,1500129550631,1500129691006,1500130052589,1500147038547,15021458,74833,1500147038547,1500145934047,0,1500130052589,
0,228825,1500126615246,1500126615246,0,1500130196381,1500130196631,1500130269714,1500130302714,1500176615244,1500130193297,16666666,1500130548006,1500146005631,1500146046714,1500146367339,1500165285547,16572000,137500,1500165285547,1500163658131,0,1500146367339,
0,228833,1500143281912,1500143281912,0,1500146536922,1500146537172,1500146604631,1500146638381,1500193281910,1500146533797,16666666,1500146893381,1500163727256,1500163764756,1500164758089,1500181071339,14216958,83500,1500181071339,1500179556256,0,1500164758089,
0,228841,1500159948578,1500159948578,0,1500164341964,1500164342339,1500164408922,1500164443797,1500209948576,1500164323006,16666666,1500164621256,1500179620047,1500179658047,1500180095464,1500198727672,15367791,83167,1500198727672,1500196491839,0,1500180095464,
0,228849,1500176615244,1500176615244,0,1500180352797,1500180353089,1500180527297,1500180562172,1500226615242,1500180349297,16666666,1500180770714,1500196560797,1500196675339,1500197053172,1500214261422,14402375,499042,1500214261422,1500213187131,0,1500197053172,
0,228857,1500193281910,1500193281910,0,1500197432214,1500197432506,1500197575839,1500197610714,1500243281908,1500197428631,16666666,1500198160881,1500213258256,1500213297714,1500213596339,1500230785047,15187209,87917,1500230785047,1500229501422,0,1500213596339,
0,228865,1500209948576,1500209948576,0,1500215226047,1500215226672,1500215295839,1500215320589,1500259948574,1500215222131,16666666,1500215483047,1500229572131,1500229608589,1500229915214,1500246986297,15186375,90250,1500246986297,1500246027131,0,1500229915214,
0,228873,1500226615242,1500226615242,0,1500230377256,1500230377589,1500230449839,1500230485214,1500276615240,1500230373506,16666666,1500230711339,1500246094589,1500246135339,1500246413131,1500263948131,15819334,86917,1500263948131,1500262863047,0,1500246413131,
0,228881,1500243281908,1500243281908,0,1500246576839,1500246577131,1500246648256,1500246687089,1500293281906,1500246573464,16666666,1500246941256,1500262939381,1500262977381,1500263287256,1500280346297,14902667,74417,1500280346297,1500278898214,0,1500263287256,
0,228889,1500259948574,1500259948574,0,1500263497922,1500263498256,1500263573214,1500263608589,1500309948572,1500263494589,16666666,1500263798922,1500278966881,1500279062089,1500279416047,1500297532297,15103500,121375,1500297532297,1500295874006,0,1500279416047,
0,228897,1500276615240,1500276615240,0,1500280581256,1500280581839,1500280644964,1500280680047,1500326615238,1500280576922,16666666,1500280770464,1500295953131,1500296338214,1500296751631,1500314278547,15614458,90041,1500314278547,1500313194589,0,1500296751631,
0,228905,1500293281906,1500293281906,0,1500297154297,1500297154631,1500297261464,1500297296672,1500343281904,1500297150589,16666666,1500297305839,1500313257047,1500313299339,1500313585422,1500333129089,17158917,80500,1500333129089,1500331509297,0,1500313585422,
0,228913,1500309948572,1500309948572,0,1500313766172,1500313766422,1500314047797,1500314085381,1500359948570,1500313762714,16666666,1500314305297,1500331601297,1500331663922,1500332105839,1500348653297,13706666,95125,1500348653297,1500346887131,0,1500332105839,
0,228921,1500326615238,1500326615238,0,1500332487839,1500332488214,1500332695881,1500332734922,1500376615236,1500332483839,16666666,1500332932172,1500346952589,1500346991506,1500347309547,1500365911422,16031291,145416,1500365911422,1500364739214,0,1500347309547,
0,228929,1500343281904,1500343281904,0,1500347463006,1500347463256,1500347528047,1500347564089,1500393281902,1500347459339,16666666,1500347747922,1500364807881,1500364846631,1500365257756,1500381778047,14318125,81291,1500381778047,1500380367297,0,1500365257756,
0,228937,1500359948570,1500359948570,0,1500365291047,1500365291339,1500365485506,1500365524464,1500409948568,1500365288047,16666666,1500365728714,1500380533297,1500380570214,1500380969589,1500397398922,14075709,129166,1500397398922,1500396132714,0,1500380969589,
0,228945,1500376615236,1500376615236,0,1500381099672,1500381099922,1500381173922,1500381207506,1500426615234,1500381096464,16666666,1500381596922,1500396232297,1500396289547,1500396670506,1500414377964,15749209,189125,1500414377964,1500413209214,0,1500396670506,
0,228953,1500393281902,1500393281902,0,1500398539047,1500398539589,1500398612589,1500398636297,1500443281900,1500398535214,16666666,1500398800756,1500413269339,1500413307089,1500413575714,1500431065881,15403875,76042,1500431065881,1500429832131,0,1500413575714,
0,228961,1500409948568,1500409948568,0,1500413773047,1500413773339,1500413841589,1500413876797,1500459948566,1500413769839,16666666,1500414056256,1500429905964,1500429945589,1500430229214,1500448590131,16092459,98375,1500448590131,1500447229423,0,1500430229214,
0,228969,1500426615234,1500426615234,0,1500430460506,1500430460797,1500430555672,1500430597381,1500476615232,1500430456881,16666666,1500430801339,1500447318506,1500447366339,1500447736548,1500465235964,14976875,160541,1500465235964,1500463630798,0,1500447736548,
0,228977,1500443281900,1500443281900,0,1500448837339,1500448837756,1500448972464,1500449011131,1500493281898,1500448833548,16666666,1500449209923,1500463780839,1500463841464,1500464265089,1500484542631,17375583,164333,1500484542631,1500482663631,0,1500464265089,
0,228985,1500459948566,1500459948566,0,1500466083173,1500466083673,1500466165714,1500466200881,1500509948564,1500466078631,16666666,1500466297548,1500482745214,1500482790423,1500483081089,1500500217089,14116416,609125,1500500217089,1500498755006,0,1500483081089,
0,228993,1500476615232,1500476615232,0,1500483691756,1500483692048,1500483775256,1500483807798,1500526615230,1500483688131,16666666,1500483815631,1500498845548,1500498913548,1500499262298,1500522967339,21202084,170416,1500522967339,1500521507881,0,1500499262298,
0,229001,1500493281898,1500493281898,0,1500499514631,1500499514923,1500499624256,1500499660048,1500543281896,1500499511214,16666666,1500499842631,1500521595923,1500521662673,1500522123131,1500534420923,8064042,155583,1500534420923,1500531089048,0,1500522123131,
0,229009,1500509948564,1500509948564,0,1500523700964,1500523701464,1500523812339,1500523850756,1500559948562,1500523696923,16666666,1500524218006,1500531155048,1500531192631,1500531782756,1500547090714,12601000,247333,1500534430464,1500547090714,0,1500531782756,
0,229017,1500526615230,1500526615230,0,1500533334214,1500533334631,1500533628339,1500533664548,1500576615228,1500533330131,16666666,1500534067381,1500547173756,1500547227506,1500547541839,1500564203631,14218167,198125,1500564203631,1500562866839,0,1500547541839,
0,229025,1500543281896,1500543281896,0,1500547748548,1500547748798,1500547835089,1500547868589,1500593281894,1500547745214,16666666,1500548601881,1500562937756,1500562976964,1500563392298,1500581610756,16167084,260833,1500581610756,1500580429881,0,1500563392298,
0,229033,1500559948562,1500559948562,0,1500563820506,1500563820798,1500563902756,1500563944506,1500609948560,1500563817089,16666666,1500564432673,1500580494756,1500580535506,1500580817381,1500596840298,13855333,133459,1500596840298,1500595520756,0,1500580817381,
0,229041,1500576615228,1500576615228,0,1500582796714,1500582797214,1500583004089,1500583035714,1500626615226,1500582792423,16666666,1500583226756,1500595596923,1500595637548,1500596184548,1500615034089,16738375,79583,1500615034089,1500613624173,0,1500596184548,
0,229049,1500593281894,1500593281894,0,1500596365631,1500596365923,1500596414923,1500596448298,1500643281892,1500596362006,16666666,1500596628589,1500613690589,1500613730964,1500614163673,1500631014048,14871666,77041,1500631014048,1500629972839,0,1500614163673,
0,229057,1500609948560,1500609948560,0,1500614243423,1500614243673,1500614488506,1500614529339,1500659948558,1500614239964,16666666,1500614719173,1500630058006,1500630116839,1500630451173,1500648656173,16205792,78583,1500648656173,1500647266506,0,1500630451173,
0,229065,1500626615226,1500626615226,0,1500630621339,1500630621589,1500630702714,1500630739923,1500676615224,1500630618089,16666666,1500630939381,1500647329089,1500647370756,1500647785506,1500664346964,14318041,81500,1500664346964,1500663095839,0,1500647785506,
0,229073,1500643281892,1500643281892,0,1500648278048,1500648278464,1500648746048,1500648782381,1500693281890,1500648274464,16666666,1500649033214,1500663178964,1500663235089,1500663592548,1500680818131,14976042,146417,1500680818131,1500679400589,0,1500663592548,
0,229081,1500659948558,1500659948558,0,1500665069298,1500665069714,1500665137131,1500665171339,1500709948556,1500665065423,16666666,1500665354923,1500679487964,1500679546506,1500679923673,1500697715964,15529166,149583,1500697715964,1500696400506,0,1500679923673,
0,229089,1500676615224,1500676615224,0,1500680380464,1500680380798,1500680432631,1500680466298,1500726615222,1500680376923,16666666,1500680648423,1500696466673,1500696504673,1500696807506,1500715154089,16048083,154292,1500715154089,1500713845256,0,1500696807506,
0,229097,1500693281890,1500693281890,0,1500697160714,1500697161089,1500697236964,1500697272464,1500743281888,1500697157089,16666666,1500697471423,1500713936881,1500714002256,1500714363506,1500731824339,15515875,90125,1500731824339,1500730718214,0,1500714363506,
0,229105,1500709948556,1500709948556,0,1500714506464,1500714506756,1500714620173,1500714658173,1500759948554,1500714503298,16666666,1500714842173,1500730792506,1500730830006,1500731147339,1500747978839,14911416,93875,1500747978839,1500746811464,0,1500731147339,
0,229113,1500726615222,1500726615222,0,1500731287256,1500731287506,1500731355839,1500731394964,1500776615220,1500731283631,16666666,1500731605131,1500746890298,1500746946381,1500747260964,1500764566381,15130084,144292,1500764566381,1500763185798,0,1500747260964,
0,229121,1500743281888,1500743281888,0,1500747526131,1500747526506,1500747675756,1500747719881,1500793281886,1500747522131,16666666,1500748347839,1500763260881,1500763300506,1500763594464,1500780214548,14248583,147083,1500780214548,1500779112048,0,1500763594464,
0,229129,1500759948554,1500759948554,0,1500765048173,1500765048673,1500765121923,1500765146506,1500809948552,1500765044506,16666666,1500765303756,1500779189089,1500779237589,1500779558131,1500796584839,15036041,125250,1500796584839,1500795301923,0,1500779558131,
0,229137,1500776615220,1500776615220,0,1500779717673,1500779718048,1500779991131,1500780152964,1500826615218,1500779714256,16666666,1500780363464,1500795375506,1500795414798,1500795681131,1500813285589,15538917,152000,1500813285589,1500812192423,0,1500795681131,
0,229145,1500793281886,1500793281886,0,1500795917589,1500795917839,1500796126923,1500796168089,1500843281884,1500795914048,16666666,1500796419214,1500812265089,1500812355464,1500812665214,1500829910339,15413167,87417,1500829910339,1500828749506,0,1500812665214,
0,229153,1500809948552,1500809948552,0,1500812840256,1500812840548,1500812917964,1500812956506,1500859948550,1500812836756,16666666,1500813153089,1500828820173,1500828863881,1500829192631,1500850017131,19191917,84875,1500850017131,1500849147506,0,1500829192631,
0,229161,1500826615218,1500826615218,0,1500829733173,1500829733506,1500829806298,1500829842506,1500876615216,1500829729506,16666666,1500829943548,1500849210173,1500849250214,1500849542923,1500862747089,11822959,78208,1500862747089,1500861892464,0,1500849542923,
0,229169,1500843281884,1500843281884,0,1500850111798,1500850112381,1500850188714,1500850222589,1500893281882,1500850107714,16666666,1500850230131,1500861947298,1500861991756,1500862255381,1500879875798,15855167,64959,1500879875798,1500878648839,0,1500862255381,
0,229177,1500859948550,1500859948550,0,1500862396923,1500862397173,1500862457714,1500862481839,1500909948548,1500862394131,16666666,1500862644881,1500878714881,1500878754006,1500879313881,1500896329048,15284833,119250,1500896329048,1500895269131,0,1500879313881,
0,229185,1500876615216,1500876615216,0,1500879379048,1500879379298,1500879446589,1500879482173,1500926615214,1500879375756,16666666,1500879669839,1500895342131,1500895379756,1500895649589,1500913430298,15859334,137042,1500913430298,1500912289548,0,1500895649589,
0,229193,1500893281882,1500893281882,0,1500895873048,1500895873339,1500895942839,1500895978506,1500943281880,1500895869881,16666666,1500896587381,1500912362756,1500912452798,1500912742839,1500930031548,15669833,150625,1500930031548,1500929153548,0,1500912742839,
0,229201,1500909948548,1500909948548,0,1500912983714,1500912984214,1500913219464,1500913260631,1500959948546,1500912979839,16666666,1500913480298,1500929218923,1500929256423,1500929548506,1500947290923,16147709,81750,1500947290923,1500946224464,0,1500929548506,
0,229209,1500926615214,1500926615214,0,1500929758548,1500929758839,1500929868423,1500929907214,1500976615212,1500929754798,16666666,1500930167756,1500946288548,1500946325048,1500946600048,1500963527339,14997792,79709,1500963527339,1500962381464,0,1500946600048,
0,229217,1500943281880,1500943281880,0,1500947869298,1500947869964,1500947942214,1500947973798,1500993281878,1500947865173,16666666,1500948495756,1500962508506,1500962592589,1500962913714,1500980606256,15404875,88209,1500980606256,1500979024339,0,1500962913714,
0,229225,1500959948546,1500959948546,0,1500963157631,1500963157923,1500963240089,1500963275923,1501009948544,1500963153673,16666666,1500963481048,1500979095298,1500979150381,1500979718631,1500997432756,15056667,94500,1500997432756,1500995721131,0,1500979718631,
0,229233,1500976615212,1500976615212,0,1500979898214,1500979898589,1500979972464,1500980392131,1501026615210,1500979894631,16666666,1500980652381,1500995802048,1500995842589,1500996640589,1501013779256,15174750,115750,1501013779256,1501012685131,0,1500996640589,
0,229241,1500993281878,1500993281878,0,1500996690006,1500996690381,1500996824714,1500996876089,1501043281876,1500996685756,16666666,1500997079298,1501012750131,1501012788798,1501013063548,1501030648923,15395583,145792,1501030648923,1501029304298,0,1501013063548,
0,229249,1501009948544,1501009948544,0,1501013616714,1501013617048,1501013704339,1501013745506,1501059948542,1501013612589,16666666,1501013849673,1501029364048,1501029410339,1501029837256,1501047232714,15427542,90375,1501047232714,1501046120173,0,1501029837256,
0,229257,1501026615210,1501026615210,0,1501030853048,1501030853506,1501030955048,1501030987964,1501076615208,1501030848923,16666666,1501030997881,1501046188089,1501046247298,1501046546173,1501062946173,14644208,74542,1501062946173,1501061967839,0,1501046546173,
0,229265,1501043281876,1501043281876,0,1501046728173,1501046728464,1501046806839,1501046839423,1501093281874,1501046724714,16666666,1501047021381,1501062043756,1501062079506,1501062371256,1501079504381,15551292,88667,1501079504381,1501078543673,0,1501062371256,
0,229273,1501059948542,1501059948542,0,1501062524464,1501062524923,1501062591798,1501062629006,1501109948540,1501062521298,16666666,1501062812673,1501078606964,1501078643464,1501078906548,1501096402464,15666833,79000,1501096402464,1501095217923,0,1501078906548,
0,229281,1501076615208,1501076615208,0,1501079103006,1501079103256,1501079175298,1501079214631,1501126615206,1501079099589,16666666,1501079420131,1501095283548,1501095318756,1501095590839,1501113422298,15887958,59250,1501113422298,1501112362798,0,1501095590839,
0,229289,1501093281874,1501093281874,0,1501095795673,1501095796214,1501095868339,1501095904714,1501143281872,1501095791964,16666666,1501096436048,1501112424714,1501112462839,1501112735423,1501129638839,15365709,90292,1501129638839,1501128834631,0,1501112735423,
0,229297,1501109948540,1501109948540,0,1501112881298,1501112881631,1501112971589,1501113011881,1501159948538,1501112877423,16666666,1501113211089,1501128896464,1501128931006,1501129209464,1501146150965,15580375,72375,1501146150965,1501145265006,0,1501129209464,
0,229305,1501126615206,1501126615206,0,1501130424631,1501130425256,1501130488964,1501130513756,1501176615204,1501130420881,16666666,1501130671881,1501145321048,1501145359173,1501145637548,1501162950215,15793209,72334,1501162950215,1501162009048,0,1501145637548,
0,229313,1501143281872,1501143281872,0,1501145797673,1501145797923,1501145891215,1501145923465,1501193281870,1501145794548,16666666,1501146092756,1501162081923,1501162118590,1501162394548,1501180425590,15921083,93250,1501180425590,1501178928965,0,1501162394548,
0,229321,1501159948538,1501159948538,0,1501162582590,1501162582840,1501162665673,1501162703298,1501209948536,1501162579381,16666666,1501163068381,1501178993506,1501179043048,1501179414673,1501196478631,14795750,467500,1501196478631,1501195274756,0,1501179414673,
0,229329,1501176615204,1501176615204,0,1501179602256,1501179602590,1501179703673,1501179755715,1501226615202,1501179597715,16666666,1501179997006,1501195345673,1501195386173,1501195757590,1501213519381,15445541,139459,1501213519381,1501212184298,0,1501195757590,
0,229337,1501193281870,1501193281870,0,1501197001631,1501197002423,1501197169173,1501197222048,1501243281868,1501196995298,16666666,1501197376798,1501212266881,1501212326340,1501212917381,1501230527256,15627583,83959,1501230527256,1501229317256,0,1501212917381,
0,229345,1501209948536,1501209948536,0,1501213705715,1501213706340,1501213770631,1501213802256,1501259948534,1501213702215,16666666,1501213810215,1501229400798,1501229443340,1501229760756,1501246413548,14946708,97000,1501246413548,1501245521756,0,1501229760756,
0,229353,1501226615202,1501226615202,0,1501230019965,1501230020298,1501230102548,1501230138131,1501276615200,1501230015548,16666666,1501230336215,1501245585590,1501245624881,1501245893090,1501263195715,15751833,80291,1501263195715,1501262216298,0,1501245893090,
0,229361,1501243281868,1501243281868,0,1501246060381,1501246060673,1501246137090,1501246172840,1501293281866,1501246057340,16666666,1501246360090,1501262283506,1501262318548,1501262591298,1501279972423,15746167,83583,1501279972423,1501279146590,0,1501262591298,
0,229369,1501259948534,1501259948534,0,1501262756756,1501262757048,1501262866173,1501262905215,1501309948532,1501262753715,16666666,1501263111715,1501279217590,1501279255048,1501279535006,1501296484965,15400583,71833,1501296484965,1501295454923,0,1501279535006,
0,229377,1501276615200,1501276615200,0,1501279693173,1501279693465,1501279757798,1501279792090,1501326615198,1501279689631,16666666,1501279989631,1501295539673,1501295609923,1501295947965,1501313883340,16402584,77000,1501313883340,1501312976756,0,1501295947965,
0,229385,1501293281866,1501293281866,0,1501297106090,1501297106631,1501297244881,1501297291631,1501343281864,1501297099590,16666666,1501297544090,1501313043965,1501313081965,1501313353173,1501330058090,15110875,96375,1501330058090,1501329046006,0,1501313353173,
0,229393,1501309948532,1501309948532,0,1501314676715,1501314677423,1501314763131,1501314790840,1501359948530,1501314671923,16666666,1501314981173,1501329109881,1501329149215,1501329427548,1501346853465,15649459,81542,1501346853465,1501345831673,0,1501329427548,
0,229401,1501326615198,1501326615198,0,1501329641548,1501329641840,1501329711798,1501329746631,1501376615196,1501329638173,16666666,1501329933631,1501345912798,1501345962381,1501346326298,1501363270465,15213500,81833,1501363270465,1501362114256,0,1501346326298,
0,229409,1501343281864,1501343281864,0,1501346488840,1501346489173,1501346571381,1501346607215,1501393281862,1501346485340,16666666,1501346799881,1501362185881,1501362223298,1501362505673,1501379799506,15546625,82167,1501379799506,1501378863965,0,1501362505673,
0,229417,1501359948530,1501359948530,0,1501362727340,1501362727631,1501362887215,1501362921631,1501409948528,1501362723798,16666666,1501363098506,1501378930298,1501378967923,1501379306798,1501396534173,15511958,107709,1501396534173,1501395413631,0,1501379306798,
0,229425,1501376615196,1501376615196,0,1501380302881,1501380303340,1501380384048,1501380419423,1501426615194,1501380297965,16666666,1501380531173,1501395505090,1501395545381,1501395830423,1501413079631,15215875,93334,1501413079631,1501411823298,0,1501395830423,
0,229433,1501393281862,1501393281862,0,1501397032923,1501397033715,1501397205673,1501397254298,1501443281860,1501397027215,16666666,1501397268215,1501411888590,1501411923881,1501412562756,1501429905131,15851167,88959,1501429905131,1501428980715,0,1501412562756,
0,229441,1501409948528,1501409948528,0,1501412578756,1501412579090,1501412651673,1501412685215,1501459948526,1501412575465,16666666,1501412891090,1501429056923,1501429097381,1501429367381,1501451983590,21011625,92000,1501451983590,1501450965965,0,1501429367381,
0,229449,1501426615194,1501426615194,0,1501429586756,1501429587215,1501429685798,1501429724840,1501476615192,1501429583340,16666666,1501429971840,1501451031340,1501451088215,1501451433840,1501463584715,10574541,84375,1501463584715,1501462637465,0,1501451433840,
0,229457,1501443281860,1501443281860,0,1501451546381,1501451546590,1501451843631,1501451909173,1501493281858,1501451542631,16666666,1501452389048,1501462702381,1501462737131,1501462998673,1501480418923,15816792,219250,1501480418923,1501479459006,0,1501462998673,
0,229465,1501459948526,1501459948526,0,1501463361798,1501463362131,1501463520798,1501463754298,1501509948524,1501463356631,16666666,1501463961048,1501479520131,1501479556798,1501479831423,1501501039340,18404917,105167,1501501039340,1501498905548,0,1501479831423,
0,229473,1501476615192,1501476615192,0,1501480064673,1501480064923,1501480288881,1501480335965,1501526615190,1501480061423,16666666,1501480778756,1501499018590,1501499194006,1501499952881,1501517321548,14803958,157875,1501517321548,1501515940340,0,1501499952881,
0,229481,1501493281858,1501493281858,0,1501502014298,1501502015090,1501502124631,1501502155673,1501543281856,1501502007673,16666666,1501502383631,1501516123715,1501516377215,1501516749548,1501529732006,11375250,112875,1501529732006,1501528745548,0,1501516749548,
0,229489,1501509948524,1501509948524,0,1501516983881,1501516984215,1501517205673,1501517255923,1501559948522,1501516979673,16666666,1501517541840,1501528822465,1501528861173,1501529176840,1501549259590,18173584,100875,1501549259590,1501547957840,0,1501529176840,
0,229497,1501526615190,1501526615190,0,1501529389840,1501529390173,1501529464756,1501529502881,1501576615188,1501529386423,16666666,1501529729798,1501548279590,1501548317548,1501548606131,1501568300923,16966459,68375,1501568300923,1501566353131,0,1501548606131,
0,229505,1501543281856,1501543281856,0,1501548779756,1501548780090,1501549020173,1501549058590,1501593281854,1501548776340,16666666,1501549245548,1501566462631,1501566534465,1501567416715,1501579840215,10516292,403417,1501579840215,1501578871090,0,1501567416715,
0,229513,1501559948522,1501559948522,0,1501567922131,1501567922631,1501568421548,1501568464173,1501609948520,1501567917423,16666666,1501568586215,1501578934090,1501578976006,1501579331131,1501604519173,22858959,90625,1501604519173,1501602776673,0,1501579331131,
0,229521,1501576615188,1501576615188,0,1501580223131,1501580223590,1501580295256,1501580328423,1501626615186,1501580219131,16666666,1501580337881,1501602861423,1501602918340,1501603401465,1501614522215,9089542,80875,1501614522215,1501613673798,0,1501603401465,
0,229529,1501593281854,1501593281854,0,1501603609006,1501603609381,1501603886631,1501603926298,1501643281852,1501603604465,16666666,1501604344923,1501613742965,1501613781881,1501614063881,1501629733631,14191750,68250,1501629733631,1501628761298,0,1501614063881,
0,229537,1501609948520,1501609948520,0,1501614221173,1501614221465,1501614339756,1501614376423,1501659948518,1501614218048,16666666,1501614561423,1501628833756,1501628869881,1501629155465,1501667431048,37611959,186708,1501666731798,1501667431048,0,1501629155465,
0,229545,1501626615186,1501626615186,0,1501629313965,1501629314256,1501629611673,1501629881590,1501693281850,1501629310465,16666666,1501630074381,1501667506006,1501667603673,1501668349215,1501670058840,750,55958,1501670058840,1501668957006,0,1501668349215,
0,229553,1501643281852,1501659948518,0,1501668540423,1501668540673,1501668785631,1501668839048,1501709948516,1501668536548,16666666,1501669260548,1501669409840,1501669442798,1501669668506,1501679450798,8537625,68125,1501679450798,1501678637340,0,1501669668506,
0,229562,1501676615184,1501676615184,0,1501677314548,1501677315548,1501677570465,1501677612923,1501726615182,1501677309465,16666666,1501677903631,1501678660090,1501678695298,1501678972048,1501698101173,17818208,77500,1501698101173,1501697313506,0,1501678972048,
0,229570,1501693281850,1501693281850,0,1501695869631,1501695870340,1501696267298,1501696316298,1501743281848,1501695863548,16666666,1501696753173,1501697341340,1501697376048,1501697646965,1501713061631,14077042,83500,1501713061631,1501712219631,0,1501697646965,
0,229578,1501709948516,1501709948516,0,1501710775048,1501710775798,1501710953256,1501710997756,1501759948514,1501710769298,16666666,1501711250673,1501712241006,1501712277048,1501712601506,1501731734423,17694583,77959,1501731734423,1501730798673,0,1501712601506,
0,229586,1501726615182,1501726615182,0,1501729219131,1501729219965,1501729480548,1501729541506,1501776615180,1501729211756,16666666,1501729892298,1501730854298,1501730890506,1501731188673,1501746637090,14070125,81500,1501746637090,1501745877923,0,1501731188673,
0,229594,1501743281848,1501743281848,0,1501744708256,1501744709340,1501744872965,1501744915048,1501793281846,1501744702465,16666666,1501745079006,1501745900173,1501745936506,1501746199756,1501763264923,15665583,56125,1501763264923,1501762347590,0,1501746199756,
0,229602,1501759948514,1501759948514,0,1501760681090,1501760682048,1501761084423,1501761131090,1501809948512,1501760675465,16666666,1501761145131,1501762395756,1501762431048,1501762759506,1501779431090,15252125,94333,1501779431090,1501778638590,0,1501762759506,
0,229610,1501776615180,1501776615180,0,1501777233048,1501777234131,1501777475840,1501777518965,1501826615178,1501777227881,16666666,1501777760215,1501778664715,1501778698340,1501778964923,1501796795923,15730042,77375,1501796795923,1501795252798,0,1501778964923,
0,229618,1501793281846,1501793281846,0,1501794121465,1501794122381,1501794342131,1501794386965,1501843281844,1501794115673,16666666,1501794658173,1501795304256,1501795339006,1501795609465,1501813667840,16822292,277250,1501796804465,1501813667840,0,1501795609465,
0,229626,1501809948512,1501809948512,0,1501812171631,1501812172381,1501812340590,1501812383131,1501859948510,1501812165965,16666666,1501812632965,1501813695840,1501813730090,1501814039590,1501829892631,14543583,78959,1501829892631,1501829144298,0,1501814039590,
0,229634,1501826615178,1501826615178,0,1501827927590,1501827928298,1501828251048,1501828293715,1501876615176,1501827921881,16666666,1501828564215,1501829167423,1501829200006,1501829469256,1501846670382,15928042,70834,1501846670382,1501845875840,0,1501829469256,
0,229642,1501843281844,1501843281844,0,1501844665632,1501844666548,1501844819673,1501845302757,1501893281842,1501844660548,16666666,1501845819382,1501845899382,1501845937090,1501846200048,1501863655382,15936959,71625,1501863655382,1501862651465,0,1501846200048,
0,229650,1501859948510,1501859948510,0,1501861642923,1501861643882,1501861861757,1501861914590,1501909948508,1501861636965,16666666,1501862519757,1501862681465,1501862712465,1501862989048,1501879788465,14993792,85583,1501879788465,1501878746215,0,1501862989048,
0,229658,1501876615176,1501876615176,0,1501877263007,1501877263882,1501877502048,1501877554090,1501926615174,1501877257757,16666666,1501877836590,1501878774340,1501878808798,1501879153298,1501899273382,18641917,85583,1501899273382,1501898484507,0,1501879153298,
0,229666,1501893281842,1501893281842,0,1501897569757,1501897570590,1501897725590,1501897765507,1501943281840,1501897564632,16666666,1501897985298,1501898510673,1501898545965,1501898814923,1501913647215,13214625,78875,1501913647215,1501912536173,0,1501898814923,
0,229674,1501909948508,1501909948508,0,1501910925215,1501910925840,1501911089507,1501911133465,1501926615174,1501910919882,16666666,1501911371757,1501912561882,1501912598965,1501912933340,1499932439297,15228500,114042,1499932439297,1501928952007,0,1501912933340,
---PROFILEDATA---


View hierarchy:

  dev.polski.grammarmatrix/dev.polski.grammarmatrix.GlassBenchmarkActivity/android.view.ViewRootImpl@af271ea
  7 views, 12.08 kB of render nodes


Total ViewRootImpl   : 1
Total attached Views : 7
Total RenderNode     : 12.08 kB (used) / 36.09 kB (capacity)