Applications Graphics Acceleration Info:
Uptime: 1390905 Realtime: 1390905

** Graphics info for pid 5729 [dev.polski.grammarmatrix] **

Stats since: 1385796961993ns
Total frames rendered: 305
Janky frames: 3 (0.98%)
Janky frames (legacy): 267 (87.54%)
50th percentile: 20ms
90th percentile: 22ms
95th percentile: 24ms
99th percentile: 34ms
Number Missed Vsync: 0
Number High input latency: 604
Number Slow UI thread: 0
Number Slow bitmap uploads: 0
Number Slow issue draw commands: 3
Number Frame deadline missed: 3
Number Frame deadline missed (legacy): 3
HISTOGRAM: 5ms=0 6ms=0 7ms=0 8ms=0 9ms=0 10ms=0 11ms=0 12ms=1 13ms=0 14ms=0 15ms=0 16ms=2 17ms=1 18ms=45 19ms=98 20ms=93 21ms=24 22ms=18 23ms=5 24ms=4 25ms=2 26ms=4 27ms=1 28ms=0 29ms=0 30ms=1 31ms=2 32ms=0 34ms=1 36ms=0 38ms=2 40ms=0 42ms=0 44ms=0 46ms=1 48ms=0 53ms=0 57ms=0 61ms=0 65ms=0 69ms=0 73ms=0 77ms=0 81ms=0 85ms=0 89ms=0 93ms=0 97ms=0 101ms=0 105ms=0 109ms=0 113ms=0 117ms=0 121ms=0 125ms=0 129ms=0 133ms=0 150ms=0 200ms=0 250ms=0 300ms=0 350ms=0 400ms=0 450ms=0 500ms=0 550ms=0 600ms=0 650ms=0 700ms=0 750ms=0 800ms=0 850ms=0 900ms=0 950ms=0 1000ms=0 1050ms=0 1100ms=0 1150ms=0 1200ms=0 1250ms=0 1300ms=0 1350ms=0 1400ms=0 1450ms=0 1500ms=0 1550ms=0 1600ms=0 1650ms=0 1700ms=0 1750ms=0 1800ms=0 1850ms=0 1900ms=0 1950ms=0 2000ms=0 2050ms=0 2100ms=0 2150ms=0 2200ms=0 2250ms=0 2300ms=0 2350ms=0 2400ms=0 2450ms=0 2500ms=0 2550ms=0 2600ms=0 2650ms=0 2700ms=0 2750ms=0 2800ms=0 2850ms=0 2900ms=0 2950ms=0 3000ms=0 3050ms=0 3100ms=0 3150ms=0 3200ms=0 3250ms=0 3300ms=0 3350ms=0 3400ms=0 3450ms=0 3500ms=0 3550ms=0 3600ms=0 3650ms=0 3700ms=0 3750ms=0 3800ms=0 3850ms=0 3900ms=0 3950ms=0 4000ms=0 4050ms=0 4100ms=0 4150ms=0 4200ms=0 4250ms=0 4300ms=0 4350ms=0 4400ms=0 4450ms=0 4500ms=0 4550ms=0 4600ms=0 4650ms=0 4700ms=0 4750ms=0 4800ms=0 4850ms=0 4900ms=0 4950ms=0
50th gpu percentile: 18ms
90th gpu percentile: 19ms
95th gpu percentile: 21ms
99th gpu percentile: 4950ms
GPU HISTOGRAM: 1ms=0 2ms=6 3ms=1 4ms=0 5ms=0 6ms=0 7ms=1 8ms=1 9ms=0 10ms=0 11ms=0 12ms=2 13ms=0 14ms=2 15ms=10 16ms=14 17ms=65 18ms=110 19ms=65 20ms=10 21ms=7 22ms=2 23ms=3 24ms=1 25ms=1 4950ms=4

Pipeline=Skia (OpenGL)
Memory policy:
  Max surface area: 2592000
  Max resource usage: 124.42MB (x48)
  Background retention: 50% (altUiHidden = true)
  GPU Context timeout: 10
Contexts: 1 (stopped = 0)
CPU Caches:
  Glyph Cache: 33.70 KB (1 entry)
  Glyph Count: 11 
Total CPU memory usage:
  34510 bytes, 33.70 KB (0.00 bytes is purgeable)
GPU Caches:
  Other:
    Other: 25.17 KB (1 entry)
    Buffer Object: 36.00 KB (1 entry)
  Scratch:
    Buffer Object: 80.00 KB (2 entries)
    Texture: 2.00 MB (1 entry)
Total GPU memory usage:
  2241712 bytes, 2.14 MB (68.00 KB is purgeable)

GraphicBufferAllocator buffers:
        Handle |        Size |     W (Stride) x H | Layers |   Format |      Usage | Requestor
0xb400007b2c426750 |     unknown | 1080 (   0) x 2400 |      1 |        1 | 0x     b00 | VRI[GlassBenchmarkActivity]#0(BLAST Consumer)0
0xb400007b2c426900 |     unknown | 1080 (   0) x 2400 |      1 |        1 | 0x     b00 | VRI[GlassBenchmarkActivity]#0(BLAST Consumer)0
0xb400007b2c437e50 |     unknown | 1080 (   0) x 2400 |      1 |        1 | 0x     b00 | VRI[GlassBenchmarkActivity]#0(BLAST Consumer)0
Total allocated by GraphicBufferAllocator (estimate): 0.00 KB
GoldfishAllocator::dumpDebugInfo is not implemented
Profile data in ms:

	dev.polski.grammarmatrix/dev.polski.grammarmatrix.GlassBenchmarkActivity/android.view.ViewRootImpl@af271ea (visibility=0)
Window: dev.polski.grammarmatrix/dev.polski.grammarmatrix.GlassBenchmarkActivity
Stats since: 1385796961118ns
Total frames rendered: 305
Janky frames: 3 (0.98%)
Janky frames (legacy): 267 (87.54%)
50th percentile: 20ms
90th percentile: 22ms
95th percentile: 24ms
99th percentile: 34ms
Number Missed Vsync: 0
Number High input latency: 604
Number Slow UI thread: 0
Number Slow bitmap uploads: 0
Number Slow issue draw commands: 3
Number Frame deadline missed: 3
Number Frame deadline missed (legacy): 3
HISTOGRAM: 5ms=0 6ms=0 7ms=0 8ms=0 9ms=0 10ms=0 11ms=0 12ms=1 13ms=0 14ms=0 15ms=0 16ms=2 17ms=1 18ms=45 19ms=98 20ms=93 21ms=24 22ms=18 23ms=5 24ms=4 25ms=2 26ms=4 27ms=1 28ms=0 29ms=0 30ms=1 31ms=2 32ms=0 34ms=1 36ms=0 38ms=2 40ms=0 42ms=0 44ms=0 46ms=1 48ms=0 53ms=0 57ms=0 61ms=0 65ms=0 69ms=0 73ms=0 77ms=0 81ms=0 85ms=0 89ms=0 93ms=0 97ms=0 101ms=0 105ms=0 109ms=0 113ms=0 117ms=0 121ms=0 125ms=0 129ms=0 133ms=0 150ms=0 200ms=0 250ms=0 300ms=0 350ms=0 400ms=0 450ms=0 500ms=0 550ms=0 600ms=0 650ms=0 700ms=0 750ms=0 800ms=0 850ms=0 900ms=0 950ms=0 1000ms=0 1050ms=0 1100ms=0 1150ms=0 1200ms=0 1250ms=0 1300ms=0 1350ms=0 1400ms=0 1450ms=0 1500ms=0 1550ms=0 1600ms=0 1650ms=0 1700ms=0 1750ms=0 1800ms=0 1850ms=0 1900ms=0 1950ms=0 2000ms=0 2050ms=0 2100ms=0 2150ms=0 2200ms=0 2250ms=0 2300ms=0 2350ms=0 2400ms=0 2450ms=0 2500ms=0 2550ms=0 2600ms=0 2650ms=0 2700ms=0 2750ms=0 2800ms=0 2850ms=0 2900ms=0 2950ms=0 3000ms=0 3050ms=0 3100ms=0 3150ms=0 3200ms=0 3250ms=0 3300ms=0 3350ms=0 3400ms=0 3450ms=0 3500ms=0 3550ms=0 3600ms=0 3650ms=0 3700ms=0 3750ms=0 3800ms=0 3850ms=0 3900ms=0 3950ms=0 4000ms=0 4050ms=0 4100ms=0 4150ms=0 4200ms=0 4250ms=0 4300ms=0 4350ms=0 4400ms=0 4450ms=0 4500ms=0 4550ms=0 4600ms=0 4650ms=0 4700ms=0 4750ms=0 4800ms=0 4850ms=0 4900ms=0 4950ms=0
50th gpu percentile: 18ms
90th gpu percentile: 19ms
95th gpu percentile: 21ms
99th gpu percentile: 4950ms
GPU HISTOGRAM: 1ms=0 2ms=6 3ms=1 4ms=0 5ms=0 6ms=0 7ms=1 8ms=1 9ms=0 10ms=0 11ms=0 12ms=2 13ms=0 14ms=2 15ms=10 16ms=14 17ms=65 18ms=110 19ms=65 20ms=10 21ms=7 22ms=2 23ms=3 24ms=1 25ms=1 4950ms=4



---PROFILEDATA---
Flags,FrameTimelineVsyncId,IntendedVsync,Vsync,InputEventId,HandleInputStart,AnimationStart,PerformTraversalsStart,DrawStart,FrameDeadline,FrameInterval,FrameStartTime,SyncQueued,SyncStart,IssueDrawCommandsStart,SwapBuffers,FrameCompleted,DequeueBufferDuration,QueueBufferDuration,GpuCompleted,SwapBuffersCompleted,DisplayPresentTime,CommandSubmissionCompleted,
0,181358,1388893286362,1388893286362,0,1388894088828,1388894089619,1388894908536,1388894985703,1388926619694,1388894083411,16666666,1388895003286,1388895495744,1388895528911,1388895778078,1388914079828,16472042,154625,1388914079828,1388912948119,0,1388895778078,
0,181366,1388909953028,1388909953028,0,1388911886703,1388911887911,1388912264328,1388912308619,1388943286360,1388911880578,16666666,1388912785536,1388913005078,1388913062494,1388913470661,1388930912244,15670125,69500,1388930912244,1388929801119,0,1388913470661,
0,181374,1388926619694,1388926619694,0,1388928170703,1388928171911,1388928388869,1388928442744,1388959953026,1388928165078,16666666,1388928709828,1388929834536,1388929868119,1388930217286,1388947597911,15475916,94833,1388947597911,1388946454328,0,1388930217286,
0,181382,1388943286360,1388943286360,0,1388945076869,1388945077953,1388945320911,1388945373661,1388976619692,1388945070619,16666666,1388945804161,1388946511661,1388946559203,1388946917744,1388965892119,16610750,176084,1388965892119,1388964447619,0,1388946917744,
0,181390,1388959953026,1388959953026,0,1388962940911,1388962941911,1388963178203,1388963236244,1388993286358,1388962934994,16666666,1388963558869,1388964510911,1388964811828,1388965152453,1388979980994,12992417,115916,1388979980994,1388978985703,0,1388965152453,
0,181398,1388976619692,1388976619692,0,1388977778869,1388977779661,1388977991078,1388978039744,1389009953024,1388977772536,16666666,1388978305994,1388979034911,1388979070328,1388979345244,1388996366286,15235292,85458,1388996366286,1388995328828,0,1388979345244,
0,181406,1388993286358,1388993286358,0,1388994367744,1388994369036,1388994627244,1388994687078,1389026619690,1388994360119,16666666,1388995283119,1388995386203,1388995425161,1388995705619,1389014040494,16463625,138292,1389014040494,1389012907244,0,1388995705619,
0,181414,1389009953024,1389009953024,0,1389011071661,1389011072744,1389011336494,1389011401953,1389043286356,1389011064661,16666666,1389011786161,1389012982286,1389013040703,1389013444078,1389030552536,15088084,176917,1389030552536,1389029178703,0,1389013444078,
0,181422,1389026619690,1389026619690,0,1389027586578,1389027587661,1389027863953,1389027911036,1389059953022,1389027580911,16666666,1389028452661,1389029205828,1389029246619,1389029597786,1389048536911,16819667,197917,1389048536911,1389047425994,0,1389029597786,
0,181430,1389043286356,1389043286356,0,1389045795578,1389045796703,1389046072786,1389046130744,1389076619688,1389045788869,16666666,1389046439869,1389047488411,1389047528786,1389047851369,1389063038536,13538667,128250,1389063038536,1389062130411,0,1389047851369,
0,181438,1389059953022,1389059953022,0,1389061022286,1389061023369,1389061209411,1389061254286,1389093286354,1389061016411,16666666,1389061460411,1389062164453,1389062204453,1389062481786,1389080320786,16003583,93125,1389080320786,1389079098453,0,1389062481786,
0,181446,1389076619688,1389076619688,0,1389077614119,1389077615119,1389077801078,1389077849078,1389109953020,1389077608036,16666666,1389077863786,1389079133203,1389079185328,1389079473411,1389097250203,15266583,140209,1389097250203,1389095744369,0,1389079473411,
0,181454,1389093286354,1389093286354,0,1389094837036,1389094837828,1389095020161,1389095062244,1389126619686,1389094831661,16666666,1389095289494,1389095800203,1389095845411,1389096625203,1389113619661,15161417,179333,1389113619661,1389112525619,0,1389096625203,
0,181462,1389109953020,1389109953020,0,1389110780578,1389110781453,1389110969078,1389111010744,1389143286352,1389110775286,16666666,1389111308411,1389112548953,1389112591369,1389113016369,1389130259453,15679917,74833,1389130259453,1389129349203,0,1389113016369,
0,181470,1389126619686,1389126619686,0,1389127521828,1389127522661,1389127727078,1389127778994,1389159953018,1389127516161,16666666,1389128388244,1389129398953,1389129434494,1389129705244,1389146293286,15157917,71875,1389146293286,1389145471619,0,1389129705244,
0,181478,1389143286352,1389143286352,0,1389144734119,1389144735203,1389144923119,1389144963744,1389176619684,1389144729119,16666666,1389145203953,1389145497244,1389145533744,1389145805453,1389163617869,16168375,87333,1389163617869,1389162512328,0,1389145805453,
0,181486,1389159953018,1389159953018,0,1389160987453,1389160988369,1389161207036,1389161249036,1389193286350,1389160981786,16666666,1389161485244,1389162559119,1389162595661,1389162867619,1389180256161,15134875,91916,1389180256161,1389178843161,0,1389162867619,
0,181494,1389176619684,1389176619684,0,1389177377453,1389177378411,1389177551953,1389177590911,1389209953016,1389177372203,16666666,1389177883953,1389178865244,1389178898703,1389179266703,1389197886036,16151959,148042,1389197886036,1389196573161,0,1389179266703,
0,181502,1389193286350,1389193286350,0,1389194188911,1389194189994,1389194392494,1389194437494,1389226619682,1389194182453,16666666,1389194758786,1389196639703,1389196696453,1389197082703,1389213885369,14832667,159166,1389213885369,1389212824744,0,1389197082703,
0,181510,1389209953016,1389209953016,0,1389210762494,1389210763203,1389210998494,1389211039036,1389243286348,1389210757453,16666666,1389211259161,1389212847578,1389212881953,1389213177453,1389229721036,15004542,64500,1389229721036,1389228935994,0,1389213177453,
0,181518,1389226619682,1389226619682,0,1389227516411,1389227516953,1389227719536,1389227767786,1389259953014,1389227510411,16666666,1389228342244,1389228979453,1389229014328,1389229306661,1389246830744,15867292,67292,1389246830744,1389245652536,0,1389229306661,
0,181526,1389243286348,1389243286348,0,1389244400286,1389244401119,1389244604203,1389244653828,1389276619680,1389244394744,16666666,1389244836703,1389245705578,1389245778369,1389246052328,1389263605286,15889625,154042,1389263605286,1389262804369,0,1389246052328,
0,181534,1389259953014,1389259953014,0,1389261373161,1389261374119,1389261724786,1389261768119,1389293286346,1389261367661,16666666,1389261781578,1389262837411,1389262874161,1389263149578,1389279680369,15207250,73000,1389279680369,1389278860203,0,1389263149578,
0,181542,1389276619680,1389276619680,0,1389277477953,1389277479494,1389277949786,1389277998244,1389309953012,1389277463453,16666666,1389278219994,1389278886661,1389278921744,1389279194619,1389296492328,15751709,77000,1389296492328,1389295529036,0,1389279194619,
0,181550,1389293286346,1389293286346,0,1389294184495,1389294185411,1389294366953,1389294408995,1389326619678,1389294179036,16666666,1389294639453,1389295557453,1389295594161,1389295941245,1389313338953,15299792,100291,1389313338953,1389311887995,0,1389295941245,
0,181558,1389309953012,1389309953012,0,1389310692661,1389310693578,1389310872453,1389310914578,1389343286344,1389310687245,16666666,1389311147661,1389311913411,1389312140203,1389312770870,1389329662578,15429542,90125,1389329662578,1389328819078,0,1389312770870,
0,181566,1389326619678,1389326619678,0,1389327540995,1389327541786,1389327735161,1389327779036,1389359953010,1389327535620,16666666,1389328253620,1389328846578,1389328885870,1389329212245,1389346908745,16000292,73000,1389346908745,1389345761703,0,1389329212245,
0,181574,1389343286344,1389343286344,0,1389344399453,1389344400328,1389344881828,1389344930120,1389376619676,1389344394161,16666666,1389345200203,1389345786161,1389345868203,1389346259453,1389363070495,15353291,189875,1389363070495,1389362314286,0,1389346259453,
0,181582,1389359953010,1389359953010,0,1389361071370,1389361072328,1389361406953,1389361456745,1389393286342,1389361066120,16666666,1389361775495,1389362342203,1389362373661,1389362625495,1389381479078,16888333,90042,1389381479078,1389380275453,0,1389362625495,
0,181590,1389376619676,1389376619676,0,1389377945578,1389377946453,1389378168786,1389378216703,1389409953008,1389377939328,16666666,1389378561495,1389380342495,1389380440578,1389380758328,1389397308411,14390375,120459,1389397308411,1389395922495,0,1389380758328,
0,181598,1389393286342,1389393286342,0,1389394280495,1389394281286,1389394462453,1389394505495,1389426619674,1389394275370,16666666,1389394748203,1389395954495,1389395987661,1389396663536,1389413746411,15067666,121041,1389413746411,1389412534620,0,1389396663536,
0,181606,1389409953008,1389409953008,0,1389410999661,1389411000828,1389411229870,1389411288536,1389443286340,1389410993703,16666666,1389411538953,1389412604411,1389412667703,1389413035995,1389449480203,34196542,167667,1389449480203,1389447999661,0,1389413035995,
0,181614,1389426619674,1389443286340,0,1389446427870,1389446428786,1389447063245,1389447110745,1389476619672,1389446421286,16666666,1389447737370,1389448165120,1389448211620,1389448683786,1389465195786,13410791,176250,1389465195786,1389463525120,0,1389448683786,
0,181622,1389459953006,1389459953006,0,1389461619286,1389461620120,1389462140995,1389462187828,1389493286338,1389461613995,16666666,1389462440703,1389463594536,1389463658786,1389464281203,1389480814245,13993375,158500,1389480814245,1389479246036,0,1389464281203,
0,181630,1389476619672,1389476619672,0,1389477942370,1389477943620,1389478309495,1389478367786,1389509953004,1389477935870,16666666,1389478676620,1389479281328,1389479317703,1389479607911,1389497170203,16302625,271875,1389480826245,1389497170203,0,1389479607911,
0,181638,1389493286338,1389493286338,0,1389494760036,1389494761370,1389495106203,1389495151078,1389526619670,1389494753995,16666666,1389495378995,1389497194786,1389497232995,1389497498161,1389515899786,16678375,65875,1389515899786,1389514869953,0,1389497498161,
0,181646,1389509953004,1389509953004,0,1389511075828,1389511077036,1389511352161,1389511412828,1389543286336,1389511069036,16666666,1389511739578,1389514946120,1389514986995,1389515323745,1389532348245,13682083,82750,1389532348245,1389529625745,0,1389515323745,
0,181654,1389526619670,1389526619670,0,1389527820953,1389527821870,1389528556078,1389528622828,1389559953002,1389527815620,16666666,1389528961995,1389529649870,1389529686120,1389529961286,1389547753911,14095625,94792,1389547753911,1389546576328,0,1389529961286,
0,181662,1389543286336,1389543286336,0,1389544978745,1389544979828,1389545310203,1389545354953,1389576619668,1389544973620,16666666,1389545636245,1389546605453,1389546638870,1389546930870,1389564256328,14792542,107625,1389564256328,1389562596161,0,1389546930870,
0,181670,1389559953002,1389559953002,0,1389561602995,1389561603911,1389561848370,1389561902578,1389593286334,1389561596995,16666666,1389562288328,1389562643203,1389562682828,1389563165411,1389580857453,14910417,299625,1389580857453,1389579603078,0,1389563165411,
0,181678,1389576619668,1389576619668,0,1389577574203,1389577575078,1389578258370,1389578305495,1389609953000,1389577568745,16666666,1389578568328,1389579665703,1389579726745,1389580195453,1389598686078,16737000,95125,1389598686078,1389597674120,0,1389580195453,
0,181686,1389593286334,1389593286334,0,1389595303245,1389595304078,1389595722036,1389595772036,1389626619666,1389595298161,16666666,1389596194870,1389597703786,1389597745161,1389598029036,1389614924661,14854958,115417,1389614924661,1389613609370,0,1389598029036,
0,181694,1389609953000,1389609953000,0,1389610830078,1389610830953,1389611117203,1389611159870,1389643286332,1389610824870,16666666,1389611318953,1389613677703,1389613745120,1389614073620,1389631231911,15313917,157625,1389631231911,1389630330036,0,1389614073620,
0,181702,1389626619666,1389626619666,0,1389628537203,1389628538161,1389628737411,1389628783661,1389659952998,1389628531245,16666666,1389628796370,1389630395536,1389630437370,1389630720703,1389648358036,15303667,84167,1389648358036,1389646600203,0,1389630720703,
0,181710,1389643286332,1389643286332,0,1389644463953,1389644464745,1389644686995,1389644736578,1389676619664,1389644457995,16666666,1389645062661,1389646653203,1389646707703,1389647089328,1389665160620,15188333,133667,1389665160620,1389663618911,0,1389647089328,
0,181718,1389659952998,1389659952998,0,1389661845203,1389661846245,1389662070328,1389662115620,1389693286330,1389661839495,16666666,1389662447578,1389663688161,1389663753078,1389664390078,1389681225370,14295292,160084,1389681225370,1389679562245,0,1389664390078,
0,181726,1389676619664,1389676619664,0,1389677857453,1389677858745,1389678079911,1389678129245,1389709952996,1389677851245,16666666,1389678416911,1389679634536,1389679672870,1389680401870,1389698118870,15549000,94583,1389698118870,1389696842036,0,1389680401870,
0,181734,1389693286330,1389693286330,0,1389694269078,1389694269828,1389694461911,1389694514620,1389726619662,1389694262911,16666666,1389695025495,1389696918578,1389696980036,1389697304078,1389715518661,16253917,130458,1389715518661,1389714467911,0,1389697304078,
0,181742,1389709952996,1389709952996,0,1389712492453,1389712493536,1389712736703,1389712788411,1389743286328,1389712485953,16666666,1389713077203,1389714542745,1389714596161,1389714912745,1389732838786,15122292,110917,1389732838786,1389730796203,0,1389714912745,
0,181750,1389726619662,1389726619662,0,1389728309995,1389728311120,1389728598370,1389728659411,1389759952994,1389728303161,16666666,1389729246411,1389730864745,1389730907620,1389731287911,1389750503245,15099041,155500,1389750503245,1389748097370,0,1389731287911,
0,181758,1389743286328,1389743286328,0,1389745627536,1389745628745,1389746288370,1389746335286,1389776619660,1389745621453,16666666,1389746693078,1389748174495,1389748202953,1389749022620,1389766830536,15090292,362708,1389766830536,1389765653536,0,1389749022620,
0,181766,1389759952994,1389759952994,0,1389764844495,1389764845453,1389765414828,1389765476370,1389793286326,1389764839078,16666666,1389765783745,1389765892078,1389765946870,1389766265120,1389786871828,17819125,86583,1389786871828,1389784730536,0,1389766265120,
0,181774,1389776619660,1389776619660,0,1389780847370,1389780848370,1389782314911,1389782377495,1389809952992,1389780842161,16666666,1389782630161,1389784802370,1389784869953,1389785311995,1389799587036,10571167,196125,1389799587036,1389797538203,0,1389785311995,
0,181782,1389793286326,1389793286326,0,1389794719286,1389794720411,1389795007120,1389795069828,1389826619658,1389794712411,16666666,1389795295203,1389797603495,1389797630995,1389798295078,1389816339661,15509875,317041,1389816339661,1389815150953,0,1389798295078,
0,181790,1389809952992,1389809952992,0,1389812752411,1389812753161,1389812933953,1389812975453,1389843286324,1389812746870,16666666,1389812988203,1389815198828,1389815233286,1389815704370,1389833036495,15341250,69375,1389833036495,1389831740120,0,1389815704370,
0,181798,1389826619658,1389826619658,0,1389827824286,1389827825453,1389828288203,1389828362620,1389859952990,1389827816536,16666666,1389828766870,1389831809245,1389831857703,1389832219370,1389847737370,13448084,132375,1389847737370,1389846556495,0,1389832219370,
0,181806,1389843286324,1389843286324,0,1389844509745,1389844510703,1389844725536,1389844775120,1389876619656,1389844503995,16666666,1389845052411,1389846633911,1389846688661,1389847092661,1389865691161,16465417,172291,1389865691161,1389864277411,0,1389847092661,
0,181814,1389859952990,1389859952990,0,1389862383578,1389862384661,1389863161953,1389863220870,1389893286322,1389862377578,16666666,1389863582161,1389864334578,1389864409786,1389864952578,1389882612495,15178542,86750,1389882612495,1389880939745,0,1389864952578,
0,181822,1389876619656,1389876619656,0,1389877714495,1389877715620,1389878042786,1389878103328,1389909952988,1389877706953,16666666,1389878446411,1389881022536,1389881074911,1389881390703,1389897704953,13199125,233333,1389897704953,1389895883036,0,1389881390703,
0,181830,1389893286322,1389893286322,0,1389894130995,1389894132078,1389894308495,1389894354411,1389926619654,1389894125536,16666666,1389894594745,1389895916370,1389895952953,1389896764328,1389914425286,15279833,212375,1389914425286,1389913086161,0,1389896764328,
0,181838,1389909952988,1389909952988,0,1389911505953,1389911507495,1389911735828,1389911781953,1389943286320,1389911499578,16666666,1389912296995,1389913162828,1389913220786,1389913647161,1389931029578,15206959,182750,1389931029578,1389929707411,0,1389913647161,
0,181846,1389926619654,1389926619654,0,1389927737286,1389927738286,1389927910411,1389927955745,1389959952986,1389927731911,16666666,1389928609203,1389929764286,1389929815245,1389930163953,1389948334911,15172125,161292,1389948334911,1389946251120,0,1389930163953,
0,181854,1389943286320,1389943286320,0,1389944452411,1389944453286,1389944702745,1389944744953,1389976619652,1389944446786,16666666,1389945037536,1389946736953,1389946813036,1389947222911,1389969879578,17078834,91458,1389969879578,1389965488786,0,1389947222911,
0,181862,1389959952986,1389959952986,0,1389963974328,1389963975411,1389964335536,1389964379620,1389993286318,1389963968120,16666666,1389964928620,1389965548328,1389965605036,1389968795328,1389980748745,9512750,166542,1389980748745,1389979461286,0,1389968795328,
0,181870,1389976619652,1389976619652,0,1389977548786,1389977549620,1389977868745,1389977917620,1390009952984,1389977543370,16666666,1389978080620,1389979522786,1389979578620,1389979876578,1389997575328,15374834,176917,1389997575328,1389996222328,0,1389979876578,
0,181878,1389993286318,1389993286318,0,1389994300370,1389994301578,1389994507120,1389994553328,1390026619650,1389994294495,16666666,1389994567078,1389996402078,1389996448828,1389996814203,1390014445787,15795000,117334,1390014445787,1390013427370,0,1389996814203,
0,181886,1390009952984,1390009952984,0,1390011699245,1390011700037,1390011863995,1390011902620,1390043286316,1390011693828,16666666,1390012400120,1390013463120,1390013499662,1390013769953,1390030373453,14798875,87708,1390030373453,1390029297245,0,1390013769953,
0,181894,1390026619650,1390026619650,0,1390027609120,1390027609870,1390027820787,1390027869787,1390059952982,1390027603412,16666666,1390028436828,1390029324203,1390029362745,1390029675578,1390047424537,16008875,148792,1390047424537,1390046457412,0,1390029675578,
0,181902,1390043286316,1390043286316,0,1390044653037,1390044653953,1390044971953,1390045018412,1390076619648,1390044647578,16666666,1390045344037,1390046524495,1390046575287,1390046911162,1390063810370,15229291,85084,1390063810370,1390062763578,0,1390046911162,
0,181910,1390059952982,1390059952982,0,1390060891828,1390060892662,1390061061495,1390061103620,1390093286314,1390060886745,16666666,1390061386162,1390062796203,1390062833537,1390063097120,1390081932870,16420458,135041,1390081932870,1390080305578,0,1390063097120,
0,181918,1390076619648,1390076619648,0,1390078106620,1390078107245,1390078277620,1390078318995,1390109952980,1390078100953,16666666,1390078548287,1390080365037,1390080463495,1390081275745,1390099064662,15793792,142333,1390099064662,1390097814203,0,1390081275745,
0,181926,1390093286314,1390093286314,0,1390096769412,1390096770370,1390096950203,1390096994370,1390126619646,1390096763287,16666666,1390097274328,1390097876037,1390097941412,1390098305370,1390114290870,14007625,148959,1390114290870,1390113150620,0,1390098305370,
0,181934,1390109952980,1390109952980,0,1390111220037,1390111220828,1390111393287,1390111434037,1390143286312,1390111214370,16666666,1390111723662,1390113215912,1390113280453,1390113603537,1390130701162,15248500,175625,1390130701162,1390129611203,0,1390113603537,
0,181942,1390126619646,1390126619646,0,1390128195120,1390128196453,1390128445828,1390128497078,1390159952978,1390128186120,16666666,1390128765495,1390129668912,1390129725537,1390130060995,1390146524120,14999625,154084,1390146524120,1390145763203,0,1390130060995,
0,181950,1390143286312,1390143286312,0,1390144253995,1390144254787,1390144409578,1390144451662,1390176619644,1390144248620,16666666,1390144693662,1390145790745,1390145825870,1390146099995,1390164643495,16599666,70083,1390164643495,1390163192120,0,1390146099995,
0,181958,1390159952978,1390159952978,0,1390162218870,1390162219662,1390162453912,1390162492495,1390193286310,1390162213745,16666666,1390162639328,1390163243078,1390163301537,1390163645537,1390179937620,14245000,113834,1390179937620,1390178938078,0,1390163645537,
0,181966,1390176619644,1390176619644,0,1390177797495,1390177798162,1390177985578,1390178031995,1390209952976,1390177791953,16666666,1390178045328,1390178992787,1390179030162,1390179309412,1390196795662,15726583,81667,1390196795662,1390195737287,0,1390179309412,
0,181974,1390193286310,1390193286310,0,1390194659495,1390194660495,1390194836828,1390194876662,1390226619642,1390194654245,16666666,1390195100703,1390195757953,1390195810370,1390196301578,1390214508537,16307416,70666,1390214508537,1390213173328,0,1390196301578,
0,181982,1390209952976,1390209952976,0,1390210983203,1390210984453,1390211224953,1390211286245,1390243286308,1390210976120,16666666,1390211644620,1390213259453,1390213313870,1390213665828,1390230728328,14929250,184000,1390230728328,1390229513537,0,1390213665828,
0,181990,1390226619642,1390226619642,0,1390227814578,1390227816037,1390228572370,1390228651495,1390259952974,1390227807495,16666666,1390229007037,1390229568537,1390229627412,1390230033912,1390248811370,16272208,177250,1390248811370,1390247067912,0,1390230033912,
0,181998,1390243286308,1390243286308,0,1390246322995,1390246323870,1390246750745,1390246812828,1390276619640,1390246317662,16666666,1390247167620,1390247327537,1390247365828,1390247667912,1390263657912,13686167,155541,1390263657912,1390262569495,0,1390247667912,
0,182006,1390259952974,1390259952974,0,1390260858162,1390260859203,1390261085787,1390261135287,1390293286306,1390260852745,16666666,1390261397203,1390262631453,1390262682203,1390262971078,1390281580620,16637959,95917,1390281580620,1390280347453,0,1390262971078,
0,182014,1390276619640,1390276619640,0,1390278392495,1390278393245,1390278581370,1390278621120,1390309952972,1390278388203,16666666,1390278875870,1390280372870,1390280512870,1390280838078,1390297185995,14176583,177791,1390297185995,1390295882828,0,1390280838078,
0,182022,1390293286306,1390293286306,0,1390294494203,1390294495662,1390294752870,1390294809537,1390326619638,1390294487537,16666666,1390295506787,1390295936245,1390295992203,1390296603037,1390314465162,16197959,156500,1390314465162,1390313437412,0,1390296603037,
0,182030,1390309952972,1390309952972,0,1390310906453,1390310907287,1390311087537,1390311321412,1390343286304,1390310901537,16666666,1390311537912,1390313457328,1390313489620,1390313775120,1390330154912,14596375,62792,1390330154912,1390329156412,0,1390313775120,
0,182038,1390326619638,1390326619638,0,1390327665828,1390327666912,1390327896412,1390327938703,1390359952970,1390327660037,16666666,1390328387120,1390329207203,1390329253162,1390329566870,1390348566495,16785042,138958,1390348566495,1390347074620,0,1390329566870,
0,182046,1390343286304,1390343286304,0,1390345009745,1390345010245,1390345097412,1390345131370,1390376619636,1390345005745,16666666,1390345251037,1390347150078,1390347231995,1390347629953,1390364425162,14415834,173166,1390364425162,1390363055412,0,1390347629953,
0,182054,1390359952970,1390359952970,0,1390361528495,1390361529370,1390361774412,1390361821078,1390393286302,1390361522370,16666666,1390361836328,1390363104745,1390363152703,1390363456870,1390380556537,14800959,577541,1390380556537,1390379389453,0,1390363456870,
0,182062,1390376619636,1390376619636,0,1390377634953,1390377636078,1390377848328,1390377899037,1390409952968,1390377628787,16666666,1390378196245,1390379450078,1390379494287,1390379766912,1390396510495,14699250,105125,1390396510495,1390395308495,0,1390379766912,
0,182070,1390393286302,1390393286302,0,1390393978162,1390393979203,1390394386537,1390394444620,1390426619634,1390393971870,16666666,1390394762328,1390395371745,1390395415078,1390395753828,1390414056745,16165209,151166,1390414056745,1390412759870,0,1390395753828,
0,182078,1390409952968,1390409952968,0,1390411010412,1390411011578,1390411260287,1390411485078,1390443286300,1390411003620,16666666,1390411863912,1390412841162,1390412897162,1390413237787,1390430460703,15308917,181291,1390430460703,1390429428162,0,1390413237787,
0,182086,1390426619634,1390426619634,0,1390428711037,1390428712120,1390428920703,1390428968995,1390459952966,1390428705578,16666666,1390429234495,1390429461828,1390429503870,1390429857162,1390447857162,16169000,143375,1390447857162,1390446764537,0,1390429857162,
0,182094,1390443286300,1390443286300,0,1390445375453,1390445376578,1390445652162,1390445713203,1390476619632,1390445368537,16666666,1390446111370,1390446820662,1390446864453,1390447170912,1390463813328,14738084,120500,1390463813328,1390462670787,0,1390447170912,
0,182102,1390459952966,1390459952966,0,1390461098120,1390461098953,1390461277995,1390461320620,1390493286298,1390461092912,16666666,1390461622787,1390462733078,1390462791578,1390463164828,1390480220370,15225292,161500,1390480220370,1390479159162,0,1390463164828,
0,182110,1390476619632,1390476619632,0,1390477701037,1390477702120,1390478244828,1390478305370,1390509952964,1390477695703,16666666,1390478668662,1390479209412,1390479245620,1390479527370,1390498297912,16771375,85042,1390498297912,1390497068537,0,1390479527370,
0,182118,1390493286298,1390493286298,0,1390494843203,1390494844120,1390495077037,1390495125995,1390526619630,1390494837537,16666666,1390495363453,1390497126370,1390497175495,1390497631953,1390513825412,14376208,167958,1390513825412,1390512756578,0,1390497631953,
0,182126,1390509952964,1390509952964,0,1390511302203,1390511303162,1390511476162,1390511518912,1390543286296,1390511296703,16666666,1390511760037,1390512823620,1390512881620,1390513246620,1390531075120,15887875,156875,1390531075120,1390529787120,0,1390513246620,
0,182134,1390526619630,1390526619630,0,1390527986495,1390527987203,1390528219828,1390528263037,1390559952962,1390527981453,16666666,1390528427120,1390529851662,1390529911120,1390530276120,1390548804870,15986750,164041,1390548804870,1390547125537,0,1390530276120,
0,182142,1390543286296,1390543286296,0,1390544764078,1390544764662,1390544910870,1390544954162,1390576619628,1390544759370,16666666,1390544967120,1390547164620,1390547267162,1390547690495,1390564858078,13921500,157083,1390564858078,1390562838995,0,1390547690495,
0,182150,1390559952962,1390559952962,0,1390561510620,1390561511787,1390561699870,1390561748537,1390593286294,1390561504578,16666666,1390562025078,1390563142078,1390563213745,1390563610703,1390579253287,14266625,235167,1390564871245,1390579253287,0,1390563610703,
0,182158,1390576619628,1390576619628,0,1390577451870,1390577452620,1390577610370,1390577649870,1390609952960,1390577446662,16666666,1390577874578,1390579316620,1390579365578,1390579681037,1390596764412,15171958,61500,1390596764412,1390595552495,0,1390579681037,
0,182166,1390593286294,1390593286294,0,1390594126037,1390594127078,1390594329078,1390594388745,1390626619626,1390594119912,16666666,1390594662328,1390595590203,1390595658453,1390595944662,1390613717203,16016208,153167,1390613717203,1390612864828,0,1390595944662,
0,182174,1390609952960,1390609952960,0,1390611129370,1390611130120,1390611300037,1390611342495,1390643286292,1390611124203,16666666,1390611580578,1390612890745,1390612925912,1390613203370,1390629740495,15189708,71667,1390629740495,1390628951620,0,1390613203370,
0,182182,1390626619626,1390626619626,0,1390628091287,1390628092245,1390628298870,1390628345578,1390659952958,1390628085703,16666666,1390628584537,1390628970620,1390629006495,1390629279370,1390647359828,16497959,70208,1390647359828,1390646327162,0,1390629279370,
0,182190,1390643286292,1390643286292,0,1390644929245,1390644930162,1390645100495,1390645143203,1390676619624,1390644923620,16666666,1390645447037,1390646360537,1390646394412,1390646672162,1390663709953,15328917,91333,1390663709953,1390662734620,0,1390646672162,
0,182198,1390659952958,1390659952958,0,1390661301287,1390661302162,1390661466203,1390661507495,1390693286290,1390661295745,16666666,1390661789620,1390662756495,1390662789037,1390663063412,1390680492412,15651834,80917,1390680492412,1390679415328,0,1390663063412,
0,182206,1390676619624,1390676619624,0,1390677665078,1390677666162,1390678107953,1390678159620,1390709952956,1390677658953,16666666,1390678434245,1390679449828,1390679484787,1390679762162,1390696500745,14930167,82792,1390696500745,1390695539537,0,1390679762162,
0,182214,1390693286290,1390693286290,0,1390694464329,1390694464870,1390694709287,1390694750954,1390726619622,1390694459079,16666666,1390695001204,1390695558745,1390695592329,1390695877329,1390713425037,15891250,111333,1390713425037,1390712450829,0,1390695877329,
0,182222,1390709952956,1390709952956,0,1390711100954,1390711101912,1390711260204,1390711301954,1390743286288,1390711095579,16666666,1390711453787,1390712499204,1390712537745,1390712800829,1390730478704,15856875,115291,1390730478704,1390729384037,0,1390712800829,
0,182230,1390726619622,1390726619622,0,1390727693537,1390727694370,1390727870120,1390728193579,1390759952954,1390727687912,16666666,1390728207120,1390729431079,1390729468704,1390729777995,1390748617912,16052958,82042,1390748617912,1390746580537,0,1390729777995,
0,182238,1390743286288,1390743286288,0,1390745247537,1390745248870,1390745564162,1390745643329,1390776619620,1390745240912,16666666,1390746014454,1390746616037,1390746654329,1390747797370,1390765992704,16244250,101042,1390765992704,1390765011245,0,1390747797370,
0,182246,1390759952954,1390759952954,0,1390761215454,1390761216787,1390762989662,1390763055245,1390793286286,1390761208995,16666666,1390763310204,1390765049329,1390765084912,1390765398037,1390781378412,14167166,82667,1390781378412,1390780231620,0,1390765398037,
0,182254,1390776619620,1390776619620,0,1390778037495,1390778038329,1390778840162,1390778889037,1390809952952,1390778032329,16666666,1390779136537,1390780283620,1390780337454,1390780719537,1390798317912,15695625,107625,1390798317912,1390797157287,0,1390780719537,
0,182262,1390793286286,1390793286286,0,1390794346954,1390794348162,1390794755287,1390794825037,1390826619618,1390794340370,16666666,1390796142912,1390797212995,1390797259579,1390797696870,1390816589079,16213000,94042,1390816589079,1390814581245,0,1390797696870,
0,182270,1390809952952,1390809952952,0,1390813423329,1390813424120,1390813582870,1390813624162,1390843286284,1390813417079,16666666,1390814051370,1390814813079,1390814853495,1390815447370,1390831416454,13684959,107625,1390831416454,1390830325162,0,1390815447370,
0,182278,1390826619618,1390826619618,0,1390828702120,1390828702954,1390829315162,1390829359495,1390859952950,1390828696537,16666666,1390829647620,1390830346204,1390830380537,1390830671412,1390848713370,15680833,89000,1390848713370,1390847175620,0,1390830671412,
0,182286,1390843286284,1390843286284,0,1390844814120,1390844815662,1390845140370,1390845202370,1390876619616,1390844807745,16666666,1390845760120,1390847252870,1390847292579,1390847579454,1390866780745,16597542,122791,1390866780745,1390865365662,0,1390847579454,
0,182294,1390859952950,1390859952950,0,1390862390454,1390862391245,1390862567829,1390862607829,1390893286282,1390862385120,16666666,1390863563162,1390865416495,1390865458162,1390865921829,1390885248120,16613084,107333,1390885248120,1390883454620,0,1390865921829,
0,182302,1390876619616,1390876619616,0,1390879055537,1390879057162,1390880591454,1390880648954,1390909952948,1390879048745,16666666,1390880936579,1390883530495,1390883557995,1390884594287,1390910560954,19179042,119167,1390910560954,1390904521912,0,1390884594287,
0,182310,1390893286282,1390893286282,0,1390897360287,1390897361079,1390904086870,1390904139370,1390909952948,1390897354912,16666666,1390904424620,1390904566995,1390906208120,1390907421620,1388896369328,5114500,112875,1388896369328,1390915731579,0,1390907421620,
---PROFILEDATA---


View hierarchy:

  dev.polski.grammarmatrix/dev.polski.grammarmatrix.GlassBenchmarkActivity/android.view.ViewRootImpl@af271ea
  7 views, 12.08 kB of render nodes


Total ViewRootImpl   : 1
Total attached Views : 7
Total RenderNode     : 12.08 kB (used) / 36.09 kB (capacity)