Applications Graphics Acceleration Info:
Uptime: 1383707 Realtime: 1383707

** Graphics info for pid 5729 [dev.polski.grammarmatrix] **

Stats since: 1378621656864ns
Total frames rendered: 299
Janky frames: 3 (1.00%)
Janky frames (legacy): 200 (66.89%)
50th percentile: 19ms
90th percentile: 22ms
95th percentile: 24ms
99th percentile: 46ms
Number Missed Vsync: 0
Number High input latency: 524
Number Slow UI thread: 1
Number Slow bitmap uploads: 0
Number Slow issue draw commands: 3
Number Frame deadline missed: 3
Number Frame deadline missed (legacy): 3
HISTOGRAM: 5ms=2 6ms=0 7ms=1 8ms=0 9ms=0 10ms=0 11ms=0 12ms=0 13ms=1 14ms=1 15ms=2 16ms=25 17ms=36 18ms=41 19ms=70 20ms=53 21ms=30 22ms=18 23ms=2 24ms=3 25ms=4 26ms=2 27ms=1 28ms=1 29ms=0 30ms=0 31ms=1 32ms=1 34ms=0 36ms=0 38ms=1 40ms=0 42ms=0 44ms=0 46ms=1 48ms=0 53ms=0 57ms=1 61ms=0 65ms=0 69ms=0 73ms=0 77ms=0 81ms=0 85ms=0 89ms=0 93ms=0 97ms=0 101ms=0 105ms=0 109ms=0 113ms=1 117ms=0 121ms=0 125ms=0 129ms=0 133ms=0 150ms=0 200ms=0 250ms=0 300ms=0 350ms=0 400ms=0 450ms=0 500ms=0 550ms=0 600ms=0 650ms=0 700ms=0 750ms=0 800ms=0 850ms=0 900ms=0 950ms=0 1000ms=0 1050ms=0 1100ms=0 1150ms=0 1200ms=0 1250ms=0 1300ms=0 1350ms=0 1400ms=0 1450ms=0 1500ms=0 1550ms=0 1600ms=0 1650ms=0 1700ms=0 1750ms=0 1800ms=0 1850ms=0 1900ms=0 1950ms=0 2000ms=0 2050ms=0 2100ms=0 2150ms=0 2200ms=0 2250ms=0 2300ms=0 2350ms=0 2400ms=0 2450ms=0 2500ms=0 2550ms=0 2600ms=0 2650ms=0 2700ms=0 2750ms=0 2800ms=0 2850ms=0 2900ms=0 2950ms=0 3000ms=0 3050ms=0 3100ms=0 3150ms=0 3200ms=0 3250ms=0 3300ms=0 3350ms=0 3400ms=0 3450ms=0 3500ms=0 3550ms=0 3600ms=0 3650ms=0 3700ms=0 3750ms=0 3800ms=0 3850ms=0 3900ms=0 3950ms=0 4000ms=0 4050ms=0 4100ms=0 4150ms=0 4200ms=0 4250ms=0 4300ms=0 4350ms=0 4400ms=0 4450ms=0 4500ms=0 4550ms=0 4600ms=0 4650ms=0 4700ms=0 4750ms=0 4800ms=0 4850ms=0 4900ms=0 4950ms=0
50th gpu percentile: 17ms
90th gpu percentile: 20ms
95th gpu percentile: 21ms
99th gpu percentile: 4950ms
GPU HISTOGRAM: 1ms=1 2ms=10 3ms=3 4ms=0 5ms=0 6ms=0 7ms=1 8ms=0 9ms=0 10ms=4 11ms=2 12ms=4 13ms=6 14ms=14 15ms=34 16ms=23 17ms=53 18ms=73 19ms=31 20ms=19 21ms=8 22ms=0 23ms=3 24ms=3 25ms=1 4950ms=6

Pipeline=Skia (OpenGL)
Memory policy:
  Max surface area: 2592000
  Max resource usage: 124.42MB (x48)
  Background retention: 50% (altUiHidden = true)
  GPU Context timeout: 10
Contexts: 1 (stopped = 0)
CPU Caches:
  Glyph Cache: 33.70 KB (1 entry)
  Glyph Count: 11 
Total CPU memory usage:
  34510 bytes, 33.70 KB (0.00 bytes is purgeable)
GPU Caches:
  Other:
    Other: 27.16 KB (1 entry)
    Buffer Object: 36.00 KB (1 entry)
  Scratch:
    Buffer Object: 80.00 KB (2 entries)
    Texture: 2.00 MB (1 entry)
Total GPU memory usage:
  2243744 bytes, 2.14 MB (68.00 KB is purgeable)

GraphicBufferAllocator buffers:
        Handle |        Size |     W (Stride) x H | Layers |   Format |      Usage | Requestor
0xb400007b2c426750 |     unknown | 1080 (   0) x 2400 |      1 |        1 | 0x     b00 | VRI[GlassBenchmarkActivity]#0(BLAST Consumer)0
0xb400007b2c426900 |     unknown | 1080 (   0) x 2400 |      1 |        1 | 0x     b00 | VRI[GlassBenchmarkActivity]#0(BLAST Consumer)0
0xb400007b2c437e50 |     unknown | 1080 (   0) x 2400 |      1 |        1 | 0x     b00 | VRI[GlassBenchmarkActivity]#0(BLAST Consumer)0
Total allocated by GraphicBufferAllocator (estimate): 0.00 KB
GoldfishAllocator::dumpDebugInfo is not implemented
Profile data in ms:

	dev.polski.grammarmatrix/dev.polski.grammarmatrix.GlassBenchmarkActivity/android.view.ViewRootImpl@af271ea (visibility=0)
Window: dev.polski.grammarmatrix/dev.polski.grammarmatrix.GlassBenchmarkActivity
Stats since: 1378621656823ns
Total frames rendered: 299
Janky frames: 3 (1.00%)
Janky frames (legacy): 200 (66.89%)
50th percentile: 19ms
90th percentile: 22ms
95th percentile: 24ms
99th percentile: 46ms
Number Missed Vsync: 0
Number High input latency: 524
Number Slow UI thread: 1
Number Slow bitmap uploads: 0
Number Slow issue draw commands: 3
Number Frame deadline missed: 3
Number Frame deadline missed (legacy): 3
HISTOGRAM: 5ms=2 6ms=0 7ms=1 8ms=0 9ms=0 10ms=0 11ms=0 12ms=0 13ms=1 14ms=1 15ms=2 16ms=25 17ms=36 18ms=41 19ms=70 20ms=53 21ms=30 22ms=18 23ms=2 24ms=3 25ms=4 26ms=2 27ms=1 28ms=1 29ms=0 30ms=0 31ms=1 32ms=1 34ms=0 36ms=0 38ms=1 40ms=0 42ms=0 44ms=0 46ms=1 48ms=0 53ms=0 57ms=1 61ms=0 65ms=0 69ms=0 73ms=0 77ms=0 81ms=0 85ms=0 89ms=0 93ms=0 97ms=0 101ms=0 105ms=0 109ms=0 113ms=1 117ms=0 121ms=0 125ms=0 129ms=0 133ms=0 150ms=0 200ms=0 250ms=0 300ms=0 350ms=0 400ms=0 450ms=0 500ms=0 550ms=0 600ms=0 650ms=0 700ms=0 750ms=0 800ms=0 850ms=0 900ms=0 950ms=0 1000ms=0 1050ms=0 1100ms=0 1150ms=0 1200ms=0 1250ms=0 1300ms=0 1350ms=0 1400ms=0 1450ms=0 1500ms=0 1550ms=0 1600ms=0 1650ms=0 1700ms=0 1750ms=0 1800ms=0 1850ms=0 1900ms=0 1950ms=0 2000ms=0 2050ms=0 2100ms=0 2150ms=0 2200ms=0 2250ms=0 2300ms=0 2350ms=0 2400ms=0 2450ms=0 2500ms=0 2550ms=0 2600ms=0 2650ms=0 2700ms=0 2750ms=0 2800ms=0 2850ms=0 2900ms=0 2950ms=0 3000ms=0 3050ms=0 3100ms=0 3150ms=0 3200ms=0 3250ms=0 3300ms=0 3350ms=0 3400ms=0 3450ms=0 3500ms=0 3550ms=0 3600ms=0 3650ms=0 3700ms=0 3750ms=0 3800ms=0 3850ms=0 3900ms=0 3950ms=0 4000ms=0 4050ms=0 4100ms=0 4150ms=0 4200ms=0 4250ms=0 4300ms=0 4350ms=0 4400ms=0 4450ms=0 4500ms=0 4550ms=0 4600ms=0 4650ms=0 4700ms=0 4750ms=0 4800ms=0 4850ms=0 4900ms=0 4950ms=0
50th gpu percentile: 17ms
90th gpu percentile: 20ms
95th gpu percentile: 21ms
99th gpu percentile: 4950ms
GPU HISTOGRAM: 1ms=1 2ms=10 3ms=3 4ms=0 5ms=0 6ms=0 7ms=1 8ms=0 9ms=0 10ms=4 11ms=2 12ms=4 13ms=6 14ms=14 15ms=34 16ms=23 17ms=53 18ms=73 19ms=31 20ms=19 21ms=8 22ms=0 23ms=3 24ms=3 25ms=1 4950ms=6



---PROFILEDATA---
Flags,FrameTimelineVsyncId,IntendedVsync,Vsync,InputEventId,HandleInputStart,AnimationStart,PerformTraversalsStart,DrawStart,FrameDeadline,FrameInterval,FrameStartTime,SyncQueued,SyncStart,IssueDrawCommandsStart,SwapBuffers,FrameCompleted,DequeueBufferDuration,QueueBufferDuration,GpuCompleted,SwapBuffersCompleted,DisplayPresentTime,CommandSubmissionCompleted,
0,177921,1381709953316,1381709953316,0,1381711137241,1381711138449,1381711472866,1381711544741,1381759953314,1381711130949,16666666,1381712469658,1381712724324,1381712787408,1381713127449,1381730033658,15034083,155292,1381730033658,1381729090991,0,1381713127449,
0,177929,1381726619982,1381726619982,0,1381727532116,1381727533158,1381727926408,1381727968824,1381776619980,1381727526866,16666666,1381727981824,1381729127866,1381729161783,1381729447574,1381748207449,16979458,83458,1381748207449,1381747078616,0,1381729447574,
0,177937,1381743286648,1381743286648,0,1381744921574,1381744922366,1381745423491,1381745469699,1381793286646,1381744916283,16666666,1381745764449,1381747148199,1381747200574,1381747554158,1381763550949,14267125,113625,1381763550949,1381762527866,0,1381747554158,
0,177945,1381759953314,1381759953314,0,1381760918199,1381760919366,1381761298366,1381761344199,1381809953312,1381760911866,16666666,1381761622991,1381762563241,1381762598574,1381762918074,1381779531991,15018708,108333,1381779531991,1381778688074,0,1381762918074,
0,177953,1381776619980,1381776619980,0,1381777519908,1381777520949,1381777731116,1381777778533,1381826619978,1381777514199,16666666,1381778251908,1381778728699,1381778764574,1381779033783,1381798144199,17371166,78792,1381798144199,1381796974033,0,1381779033783,
0,177961,1381793286646,1381793286646,0,1381795414116,1381795415074,1381795612783,1381795654241,1381843286644,1381795408616,16666666,1381796424824,1381797003574,1381797038408,1381797461991,1381814330616,14468000,110958,1381814330616,1381812713658,0,1381797461991,
0,177969,1381809953312,1381809953312,0,1381811059533,1381811060741,1381811361741,1381811417741,1381859953310,1381811052783,16666666,1381811668116,1381812796283,1381812860283,1381813186908,1381830113366,14679208,233791,1381830113366,1381829067074,0,1381813186908,
0,177977,1381826619978,1381826619978,0,1381827523741,1381827524616,1381827901741,1381827949991,1381876619976,1381827518699,16666666,1381828464533,1381829095658,1381829133408,1381829427908,1381846882116,15768208,101208,1381846882116,1381845933366,0,1381829427908,
0,177985,1381843286644,1381843286644,0,1381844344783,1381844345908,1381845017491,1381845063283,1381893286642,1381844339491,16666666,1381845613158,1381845961533,1381845996658,1381846312908,1381863327783,15532875,103500,1381863327783,1381862513991,0,1381846312908,
0,177993,1381859953310,1381859953310,0,1381860936866,1381860937658,1381861210241,1381861252866,1381909953308,1381860931866,16666666,1381861495283,1381862544241,1381862580199,1381862858616,1381879947074,15645792,72792,1381879947074,1381879021449,0,1381862858616,
0,178001,1381876619976,1381876619976,0,1381877363616,1381877364699,1381877540491,1381877580699,1381926619974,1381877358366,16666666,1381877803949,1381879050449,1381879085783,1381879361158,1381896390283,15250459,84625,1381896390283,1381895254824,0,1381879361158,
0,178009,1381893286642,1381893286642,0,1381894038116,1381894038908,1381894217616,1381894257199,1381943286640,1381894032991,16666666,1381894413449,1381895279658,1381895323533,1381895602574,1381913900699,16152625,79167,1381913900699,1381912599449,0,1381895602574,
0,178017,1381909953308,1381909953308,0,1381910825783,1381910826574,1381911221408,1381911272491,1381959953306,1381910820408,16666666,1381911287199,1381912650991,1381912749408,1381913190533,1381930658366,15439375,169375,1381930658366,1381929398616,0,1381913190533,
0,178025,1381926619974,1381926619974,0,1381928294116,1381928295533,1381928481074,1381928525158,1381976619972,1381927998866,16666666,1381928867491,1381929426616,1381929458408,1381929730533,1381947941866,15408583,138375,1381947941866,1381946144824,0,1381929730533,
0,178033,1381943286640,1381943286640,0,1381944556699,1381944557866,1381944806366,1381944855991,1381993286638,1381944550991,16666666,1381945157033,1381946178199,1381946230741,1381946724241,1381965370699,15041250,157334,1381965370699,1381963467949,0,1381946724241,
0,178041,1381959953306,1381959953306,0,1381961603283,1381961604324,1381962074241,1381962125824,1382009953304,1381961597449,16666666,1381962849199,1381963511074,1381963563824,1381963958449,1381981992908,13385625,585834,1381981992908,1381978873699,0,1381963958449,
0,178049,1381976619972,1381976619972,0,1381977375283,1381977376533,1381977654908,1381977715908,1382026619970,1381977367783,16666666,1381978060949,1381978939324,1381978980074,1381979447866,1381999357324,16162542,103542,1381999357324,1381998206616,0,1381979447866,
0,178057,1381993286638,1381993286638,0,1381995895199,1381995896074,1381996507658,1381996795033,1382043286636,1381995889283,16666666,1381997415991,1381998239616,1381998274866,1381998629449,1382015003616,14310416,145000,1382015003616,1382013781033,0,1381998629449,
0,178065,1382009953304,1382009953304,0,1382011135199,1382011136116,1382011353574,1382011404866,1382059953302,1382011129366,16666666,1382011762324,1382013851699,1382013909074,1382014216699,1382031043699,14716625,149334,1382031043699,1382029787366,0,1382014216699,
0,178073,1382026619970,1382026619970,0,1382028137033,1382028137824,1382028311616,1382028352574,1382076619968,1382028131991,16666666,1382028738491,1382029868116,1382029917199,1382030246991,1382050050283,17792750,200541,1382050050283,1382048919074,0,1382030246991,
0,178081,1382043286636,1382043286636,0,1382045171283,1382045172866,1382045418658,1382045479658,1382093286634,1382045164158,16666666,1382045801283,1382048983783,1382049031949,1382049316283,1382066376408,15076292,97666,1382066376408,1382065240741,0,1382049316283,
0,178089,1382059953302,1382059953302,0,1382062674324,1382062675158,1382062866991,1382062910574,1382109953300,1382062668991,16666666,1382063254158,1382065301449,1382065346991,1382065672949,1382081084324,12893833,119292,1382081084324,1382079329408,0,1382065672949,
0,178097,1382076619968,1382076619968,0,1382077505283,1382077506408,1382077814574,1382077876533,1382126619966,1382077499158,16666666,1382078049116,1382079371616,1382079418699,1382079740533,1382098073491,15137541,611250,1382098073491,1382096286324,0,1382079740533,
0,178105,1382093286634,1382093286634,0,1382094785283,1382094786116,1382095847491,1382095894616,1382143286632,1382094779741,16666666,1382095908699,1382096353908,1382096375908,1382097266158,1382115930033,16348125,127250,1382115930033,1382114490033,0,1382097266158,
0,178113,1382109953300,1382109953300,0,1382111268991,1382111270366,1382111465116,1382111507991,1382159953298,1382111166366,16666666,1382111737866,1382114556366,1382114599658,1382115053658,1382133039991,15596250,96666,1382133039991,1382131600241,0,1382115053658,
0,178121,1382126619966,1382126619966,0,1382130209616,1382130210699,1382130404824,1382130449908,1382176619964,1382130204033,16666666,1382131234116,1382131663866,1382131721366,1382132238949,1382148186991,13446958,117875,1382148186991,1382146581491,0,1382132238949,
0,178129,1382143286632,1382143286632,0,1382144906074,1382144907033,1382145083533,1382145132449,1382193286630,1382144899783,16666666,1382145401699,1382146621824,1382146671158,1382146998366,1382165874449,16434625,287875,1382165874449,1382164707241,0,1382146998366,
0,178137,1382159953298,1382159953298,0,1382161888616,1382161889908,1382162215616,1382162306824,1382209953296,1382161881866,16666666,1382162568283,1382164861824,1382164901491,1382165199866,1382188874699,21635291,103542,1382188874699,1382187577283,0,1382165199866,
0,178145,1382176619964,1382176619964,0,1382182765616,1382182766949,1382182935699,1382182978991,1382226619962,1382182760366,16666666,1382183429533,1382187643324,1382187682824,1382187951158,1382197511866,7071875,155916,1382197511866,1382196268908,0,1382187951158,
0,178153,1382193286630,1382193286630,0,1382194107408,1382194107949,1382194172074,1382194206408,1382243286628,1382194103366,16666666,1382194490074,1382196296033,1382196386283,1382196835366,1382214727616,15610833,190250,1382214727616,1382213200741,0,1382196835366,
0,178161,1382209953296,1382209953296,0,1382211590241,1382211591408,1382212843783,1382212893033,1382259953294,1382211583199,16666666,1382213283199,1382213389116,1382213431616,1382213782616,1382231912074,15126875,137375,1382231912074,1382229935658,0,1382213782616,
0,178169,1382226619962,1382226619962,0,1382228587366,1382228588616,1382228801866,1382228845408,1382276619960,1382228543408,16666666,1382229233491,1382230001324,1382230057741,1382230550491,1382247008616,13664667,261541,1382247008616,1382245630366,0,1382230550491,
0,178177,1382243286628,1382243286628,0,1382244186158,1382244187033,1382244515658,1382244563741,1382293286626,1382244181199,16666666,1382244837533,1382245657074,1382245694158,1382246290199,1382263426783,15146459,114083,1382263426783,1382262209783,0,1382246290199,
0,178185,1382259953294,1382259953294,0,1382261264074,1382261264949,1382261911449,1382261954824,1382309953292,1382261258824,16666666,1382262400324,1382262511408,1382262545991,1382262822991,1382279820449,15465709,94250,1382279820449,1382278973783,0,1382262822991,
0,178193,1382276619960,1382276619960,0,1382277471741,1382277472533,1382277629991,1382277671283,1382326619958,1382277466699,16666666,1382277904574,1382279007158,1382279043616,1382279347033,1382297681241,16470209,74000,1382297681241,1382296471741,0,1382279347033,
0,178201,1382293286626,1382293286626,0,1382294345950,1382294346783,1382294591491,1382294633700,1382343286624,1382294340283,16666666,1382294899241,1382296524033,1382296566616,1382296877075,1382313885991,14944833,184459,1382313885991,1382312678991,0,1382296877075,
0,178209,1382309953292,1382309953292,0,1382311209741,1382311211200,1382311471658,1382311529741,1382359953290,1382311203033,16666666,1382312185991,1382312710366,1382312747616,1382313039866,1382330820283,15678167,100500,1382330820283,1382329612325,0,1382313039866,
0,178217,1382326619958,1382326619958,0,1382328097366,1382328098283,1382328258116,1382328302825,1382376619956,1382328091866,16666666,1382328549741,1382329648575,1382329712075,1382330023158,1382346855325,15166208,113667,1382346855325,1382346035283,0,1382330023158,
0,178225,1382343286624,1382343286624,0,1382344378158,1382344378991,1382344559825,1382344603408,1382393286622,1382344372783,16666666,1382344851533,1382346056950,1382346093991,1382346367325,1382364371950,16138125,97000,1382364371950,1382363041991,0,1382346367325,
0,178233,1382359953290,1382359953290,0,1382361667783,1382361668700,1382361892825,1382361935408,1382409953288,1382361661741,16666666,1382362190158,1382363067950,1382363103450,1382363440200,1382380334450,14512625,111750,1382380334450,1382378948200,0,1382363440200,
0,178241,1382376619956,1382376619956,0,1382377958366,1382377959450,1382378171408,1382378211700,1382426619954,1382377952825,16666666,1382378530491,1382379003200,1382379050783,1382379385366,1382396807575,15026750,192875,1382396807575,1382395416825,0,1382379385366,
0,178249,1382393286622,1382393286622,0,1382394270075,1382394271033,1382394445366,1382394486533,1382443286620,1382394264783,16666666,1382394864491,1382395448325,1382395481450,1382395745325,1382412383658,15523833,255833,1382396815866,1382412383658,0,1382395745325,
0,178257,1382409953288,1382409953288,0,1382411084533,1382411085575,1382411259491,1382411301200,1382459953286,1382411079491,16666666,1382411542450,1382412408991,1382412530408,1382412858825,1382430196741,15722875,110625,1382430196741,1382429364825,0,1382412858825,
0,178265,1382426619954,1382426619954,0,1382428208741,1382428209866,1382428371991,1382428415575,1382476619952,1382428202950,16666666,1382428678783,1382429389658,1382429422158,1382429692783,1382446733366,15380334,76000,1382446733366,1382445620658,0,1382429692783,
0,178273,1382443286620,1382443286620,0,1382444348533,1382444349700,1382444536200,1382444581616,1382493286618,1382444342950,16666666,1382444743741,1382445647783,1382445708116,1382446039616,1382463953241,16269625,85750,1382463953241,1382463050241,0,1382446039616,
0,178281,1382459953286,1382459953286,0,1382462460366,1382462461450,1382462668908,1382462711116,1382509953284,1382462455116,16666666,1382462724200,1382463079658,1382463113075,1382463387158,1382480665700,15510292,80750,1382480665700,1382479509991,0,1382463387158,
0,178289,1382476619952,1382476619952,0,1382477740491,1382477741533,1382477977533,1382478020783,1382526619950,1382477732825,16666666,1382478248908,1382479544116,1382479586616,1382479970325,1382496253241,14511875,109250,1382496253241,1382495226033,0,1382479970325,
0,178297,1382493286618,1382493286618,0,1382494354200,1382494355158,1382494570950,1382494620991,1382543286616,1382494348200,16666666,1382494897491,1382495384700,1382495431575,1382495694658,1382514979950,17513958,144041,1382514979950,1382513823908,0,1382495694658,
0,178305,1382509953284,1382509953284,0,1382511663783,1382511675825,1382511884616,1382511926450,1382559953282,1382511658325,16666666,1382513046491,1382513857741,1382513894158,1382514251366,1382532124158,15424375,117083,1382532124158,1382530458450,0,1382514251366,
0,178313,1382526619950,1382526619950,0,1382529549616,1382529550575,1382529995283,1382530039450,1382576619948,1382529544116,16666666,1382530275616,1382530483366,1382530516950,1382531052158,1382547473116,13997583,66208,1382547473116,1382546404116,0,1382531052158,
0,178321,1382543286616,1382543286616,0,1382545930700,1382545931616,1382546139658,1382546184950,1382593286614,1382545925783,16666666,1382546438450,1382546464116,1382546518075,1382546880991,1382564162616,15379041,102583,1382564162616,1382562923408,0,1382546880991,
0,178329,1382559953282,1382559953282,0,1382562066241,1382562067075,1382562244866,1382562288491,1382609953280,1382562060866,16666666,1382562798741,1382562981575,1382563035283,1382563363116,1382580284616,15000500,228750,1382580284616,1382579222033,0,1382563363116,
0,178337,1382576619948,1382576619948,0,1382577383658,1382577384783,1382577721575,1382577779658,1382626619946,1382577377200,16666666,1382578169116,1382579275741,1382579311366,1382579614950,1382596683783,15249584,107208,1382596683783,1382595581658,0,1382579614950,
0,178345,1382593286614,1382593286614,0,1382594097033,1382594097866,1382594286991,1382594331033,1382643286612,1382594091366,16666666,1382594571950,1382595613783,1382595666616,1382595967533,1382614682866,16593958,102708,1382614682866,1382613351533,0,1382595967533,
0,178353,1382609953280,1382609953280,0,1382610874866,1382610875658,1382611128200,1382611193325,1382659953278,1382610869908,16666666,1382611530491,1382613426325,1382613489575,1382613855450,1382630560200,14606250,108625,1382630560200,1382629406950,0,1382613855450,
0,178361,1382626619946,1382626619946,0,1382628082991,1382628083950,1382628256866,1382628302533,1382676619944,1382628075075,16666666,1382628497783,1382629432700,1382629469491,1382629743658,1382646440200,14957875,127000,1382646440200,1382645621533,0,1382629743658,
0,178369,1382643286612,1382643286612,0,1382644499575,1382644500741,1382644693533,1382644738533,1382693286610,1382644494408,16666666,1382644750825,1382645666158,1382645699700,1382645976158,1382663183366,15799458,80500,1382663183366,1382662287741,0,1382645976158,
0,178377,1382659953278,1382659953278,0,1382660773825,1382660774575,1382661004075,1382661047200,1382709953276,1382660768408,16666666,1382661288450,1382662325908,1382662359866,1382662650908,1382681037783,16162000,87709,1382681037783,1382679416325,0,1382662650908,
0,178385,1382676619944,1382676619944,0,1382678217825,1382678218616,1382678397491,1382678441908,1382726619942,1382678212575,16666666,1382678677325,1382679440033,1382679480241,1382680274616,1382699609158,16585583,102083,1382699609158,1382697674533,0,1382680274616,
0,178393,1382693286610,1382693286610,0,1382695191241,1382695192491,1382695445366,1382695515033,1382743286608,1382695185033,16666666,1382695835283,1382698065450,1382698107533,1382698701616,1382713887866,13181209,204916,1382713887866,1382712846491,0,1382698701616,
0,178401,1382709953276,1382709953276,0,1382711946825,1382711947741,1382712571241,1382712613658,1382759953274,1382711941700,16666666,1382712853075,1382712868700,1382712989116,1382713289325,1382730412241,15275458,84375,1382730412241,1382729210991,0,1382713289325,
0,178409,1382726619942,1382726619942,0,1382727997241,1382727998200,1382728300033,1382728342658,1382776619940,1382727991908,16666666,1382728627116,1382729240658,1382729275283,1382729567658,1382747115366,15593084,122500,1382747115366,1382746060616,0,1382729567658,
0,178417,1382743286608,1382743286608,0,1382744599533,1382744600658,1382744846658,1382744901450,1382793286606,1382744593450,16666666,1382745291158,1382746111491,1382746148491,1382746444116,1382763080908,15034625,105250,1382763080908,1382762196450,0,1382746444116,
0,178425,1382759953274,1382759953274,0,1382760910616,1382760911491,1382761130741,1382761177241,1382809953272,1382760905533,16666666,1382761468616,1382762222700,1382762255825,1382762521283,1382779942033,15740000,71042,1382779942033,1382778864700,0,1382762521283,
0,178433,1382776619940,1382776619940,0,1382778147491,1382778148408,1382778325366,1382778366450,1382826619938,1382778142283,16666666,1382778595200,1382778884616,1382778926741,1382779302241,1382796716075,15423209,140333,1382796716075,1382795417950,0,1382779302241,
0,178441,1382793286606,1382793286606,0,1382794108575,1382794109866,1382794400950,1382794445866,1382843286604,1382794103075,16666666,1382794687033,1382795449700,1382795483908,1382795753908,1382812842325,16073250,156875,1382796725533,1382812842325,0,1382795753908,
0,178449,1382809953272,1382809953272,0,1382810939700,1382810940825,1382811201408,1382811266158,1382859953270,1382810933075,16666666,1382811498491,1382812900116,1382812944200,1382813243825,1382830557991,15235292,104833,1382830557991,1382829370616,0,1382813243825,
0,178457,1382826619938,1382826619938,0,1382827678075,1382827678908,1382827845533,1382827886658,1382876619936,1382827673075,16666666,1382827899408,1382829442950,1382829502991,1382829861408,1382846461950,15090875,150875,1382846461950,1382845702283,0,1382829861408,
0,178465,1382843286604,1382843286604,0,1382844223158,1382844224533,1382844397866,1382844441283,1382893286602,1382844217783,16666666,1382844678491,1382845725658,1382845760158,1382846020491,1382863262866,15909625,72125,1382863262866,1382862413866,0,1382846020491,
0,178473,1382859953270,1382859953270,0,1382860944033,1382860945075,1382861605575,1382861653450,1382909953268,1382860938450,16666666,1382861924991,1382862463533,1382862496241,1382862765783,1382879848450,15733750,76792,1382879848450,1382879068116,0,1382862765783,
0,178481,1382876619936,1382876619936,0,1382877436658,1382877437491,1382877605075,1382877647450,1382926619934,1382877431450,16666666,1382877892325,1382879092616,1382879125658,1382879394658,1382896524866,15670083,77000,1382896524866,1382895562491,0,1382879394658,
0,178489,1382893286602,1382893286602,0,1382894206783,1382894207575,1382894365700,1382894407491,1382943286600,1382894201325,16666666,1382894614200,1382895589408,1382895621991,1382895886866,1382913547033,15565666,92458,1382913547033,1382912294533,0,1382895886866,
0,178497,1382909953268,1382909953268,0,1382910623866,1382910624825,1382910854658,1382910910033,1382959953266,1382910617283,16666666,1382911212700,1382912383991,1382912447033,1382912821075,1382930399533,15791458,151459,1382930399533,1382929425825,0,1382912821075,
0,178505,1382926619934,1382926619934,0,1382928295658,1382928296741,1382928690908,1382928738908,1382976619932,1382928289825,16666666,1382929237450,1382929455658,1382929487491,1382929762783,1382947160116,15779625,105167,1382947160116,1382946228741,0,1382929762783,
0,178513,1382943286600,1382943286600,0,1382944582991,1382944584408,1382944805533,1382944860408,1382993286598,1382944577325,16666666,1382945245991,1382946279116,1382946314783,1382946645991,1382963095033,14981667,96750,1382963095033,1382962245741,0,1382946645991,
0,178521,1382959953266,1382959953266,0,1382960938866,1382960939825,1382961129783,1382961177700,1383009953264,1382960933408,16666666,1382961432658,1382962298741,1382962334075,1382962625991,1382980338575,15883792,87292,1382980338575,1382979027908,0,1382962625991,
0,178529,1382976619932,1382976619932,0,1382977440366,1382977441241,1382977764241,1382977809658,1383026619930,1382977435200,16666666,1382978043950,1382979048241,1382979122741,1382979419616,1382996598242,14918958,81958,1382996598242,1382995306367,0,1382979419616,
0,178537,1382993286598,1382993286598,0,1382994149575,1382994150450,1382994453158,1382994494242,1383043286596,1382994144408,16666666,1382994649325,1382995331575,1382995371742,1382995810950,1383014146575,16294792,289666,1383014146575,1383012953617,0,1382995810950,
0,178545,1383009953264,1383009953264,0,1383011111325,1383011112700,1383011476908,1383011588783,1383059953262,1383011105783,16666666,1383011605700,1383012991450,1383013033158,1383013353325,1383030260075,14874917,154792,1383030260075,1383029077367,0,1383013353325,
0,178553,1383026619930,1383026619930,0,1383027610408,1383027611117,1383027798367,1383027839492,1383076619928,1383027604783,16666666,1383028367742,1383029105117,1383029229450,1383029623325,1383046784283,15461375,131958,1383046784283,1383045792283,0,1383029623325,
0,178561,1383043286596,1383043286596,0,1383044365825,1383044367033,1383044677617,1383044728492,1383093286594,1383044359242,16666666,1383044981575,1383045847242,1383045912367,1383046233992,1383063014658,15312750,92542,1383063014658,1383062171158,0,1383046233992,
0,178569,1383059953262,1383059953262,0,1383060727117,1383060727867,1383061276867,1383061325158,1383109953260,1383060721367,16666666,1383061582992,1383062202742,1383062238200,1383062515533,1383080704492,16151875,74666,1383080704492,1383079257742,0,1383062515533,
0,178577,1383076619928,1383076619928,0,1383078325658,1383078326742,1383078536075,1383078872283,1383126619926,1383078320367,16666666,1383079121075,1383079279200,1383079313533,1383079585700,1383095372700,14615500,273875,1383080712367,1383095372700,0,1383079585700,
0,178585,1383093286594,1383093286594,0,1383093873700,1383093874492,1383094146450,1383094191867,1383143286592,1383093868283,16666666,1383094454158,1383095444408,1383095481533,1383095774742,1383113462450,15970583,210833,1383113462450,1383112580033,0,1383095774742,
0,178593,1383109953260,1383109953260,0,1383110930367,1383110931450,1383111466450,1383111513033,1383159953258,1383110924450,16666666,1383111833075,1383112607117,1383112640408,1383112978742,1383130948742,16401458,84625,1383130948742,1383129922908,0,1383112978742,
0,178601,1383126619926,1383126619926,0,1383128794908,1383128795825,1383129083617,1383129123242,1383176619924,1383128789950,16666666,1383129613033,1383129976575,1383130022200,1383130361950,1383150689158,18708750,125792,1383150689158,1383149725492,0,1383130361950,
0,178609,1383143286592,1383143286592,0,1383146676742,1383146678533,1383149382242,1383149431200,1383193286590,1383146666033,16666666,1383149661492,1383149775533,1383149820908,1383150137325,1383169716367,17714042,77458,1383169716367,1383168558700,0,1383150137325,
0,178617,1383159953258,1383159953258,0,1383163303575,1383163305575,1383164536158,1383164659783,1383209953256,1383163265658,16666666,1383165157867,1383168668158,1383168708950,1383168993408,1383180326033,9198250,110417,1383180326033,1383178966992,0,1383168993408,
0,178625,1383176619924,1383176619924,0,1383177869700,1383177871117,1383178086992,1383178154992,1383226619922,1383177863742,16666666,1383178569742,1383179013158,1383179087158,1383179430742,1383197448075,15378125,108375,1383197448075,1383195805408,0,1383179430742,
0,178633,1383193286590,1383193286590,0,1383195247075,1383195248367,1383195659325,1383195707242,1383243286588,1383195240992,16666666,1383195719200,1383195837908,1383195890325,1383196660408,1383213828783,15291667,125625,1383213828783,1383212821242,0,1383196660408,
0,178641,1383209953256,1383209953256,0,1383211066575,1383211067450,1383211284117,1383211332075,1383259953254,1383211061158,16666666,1383211577200,1383212886075,1383212947325,1383213285617,1383233742158,18757208,145916,1383233742158,1383232639950,0,1383213285617,
0,178649,1383226619922,1383226619922,0,1383228804992,1383228806908,1383229349033,1383229454492,1383276619920,1383228793283,16666666,1383230575825,1383232695367,1383232796325,1383233062658,1383246900783,11866541,160541,1383246900783,1383245657283,0,1383233062658,
0,178657,1383243286588,1383243286588,0,1383244599242,1383244600533,1383244829325,1383244875200,1383293286586,1383244592950,16666666,1383245299450,1383245679033,1383245832658,1383246104533,1383263006783,15159416,195791,1383263006783,1383262140867,0,1383246104533,
0,178665,1383259953254,1383259953254,0,1383261098742,1383261099617,1383261272408,1383261312033,1383309953252,1383261093117,16666666,1383261646283,1383262166825,1383262199158,1383262466158,1383285555242,21571541,155917,1383285555242,1383284745283,0,1383262466158,
0,178673,1383276619920,1383276619920,0,1383283541783,1383283542700,1383283735783,1383283778700,1383326619918,1383283535950,16666666,1383284171700,1383284767825,1383284805283,1383285071825,1383297393575,9957208,74667,1383297393575,1383295589200,0,1383285071825,
0,178681,1383293286586,1383293286586,0,1383295320992,1383295321783,1383295482117,1383295525908,1383343286584,1383295315575,16666666,1383295890158,1383295981242,1383296157283,1383296659700,1383313805367,15284917,148334,1383313805367,1383312730700,0,1383296659700,
0,178689,1383309953252,1383309953252,0,1383311343950,1383311344700,1383311519742,1383311562158,1383359953250,1383311338617,16666666,1383311863117,1383312756117,1383312791492,1383313059242,1383330727700,15542667,108583,1383330727700,1383329405450,0,1383313059242,
0,178697,1383326619918,1383326619918,0,1383327841783,1383327842575,1383328110825,1383328157200,1383376619916,1383327836367,16666666,1383328400408,1383329441700,1383329480408,1383329761617,1383348833575,16725042,221708,1383348833575,1383347527367,0,1383329761617,
0,178705,1383343286584,1383343286584,0,1383345455367,1383345456117,1383345612742,1383345655950,1383393286582,1383345449992,16666666,1383345889367,1383347592367,1383347647158,1383348274117,1383364577700,14368458,152750,1383364577700,1383363274908,0,1383348274117,
0,178713,1383359953250,1383359953250,0,1383362320367,1383362321242,1383362612033,1383362657950,1383409953248,1383362314658,16666666,1383362819825,1383363341783,1383363404908,1383363774617,1383380159367,14550792,102125,1383380159367,1383379183700,0,1383363774617,
0,178721,1383376619916,1383376619916,0,1383377812075,1383377813117,1383378524367,1383378573158,1383426619914,1383377806908,16666666,1383378589617,1383379213450,1383379279742,1383379564408,1383397058200,15638334,185542,1383397058200,1383395843033,0,1383379564408,
0,178729,1383393286582,1383393286582,0,1383394357033,1383394357825,1383394521617,1383394561992,1383443286580,1383394351783,16666666,1383394784450,1383395869117,1383395900533,1383396268658,1383414651533,16457458,142375,1383414651533,1383413572617,0,1383396268658,
0,178737,1383409953248,1383409953248,0,1383412936700,1383412937492,1383413104658,1383413163492,1383459953246,1383412931575,16666666,1383413407575,1383413593325,1383413632158,1383414004033,1383430043242,14428958,113458,1383430043242,1383429183408,0,1383414004033,
0,178745,1383426619914,1383426619914,0,1383427893283,1383427894242,1383428326450,1383428393533,1383476619912,1383427888242,16666666,1383428671742,1383429210867,1383429247367,1383429515117,1383447666992,16511375,109250,1383447666992,1383446658992,0,1383429515117,
0,178753,1383443286580,1383443286580,0,1383445069200,1383445070033,1383445238533,1383445279867,1383493286578,1383445063783,16666666,1383445510867,1383446695700,1383446731408,1383447047700,1383463106658,14597667,104459,1383463106658,1383462313367,0,1383447047700,
0,178761,1383459953246,1383459953246,0,1383461093200,1383461094200,1383461337408,1383461383325,1383509953244,1383461087325,16666666,1383461616325,1383462342908,1383462374825,1383462630742,1383480449575,15766709,79125,1383480449575,1383478917742,0,1383462630742,
0,178769,1383476619912,1383476619912,0,1383477750242,1383477751242,1383478002533,1383478045408,1383526619910,1383477744783,16666666,1383478359450,1383478943367,1383478977075,1383479240658,1383497707242,16314416,105583,1383497707242,1383496819033,0,1383479240658,
0,178777,1383493286578,1383493286578,0,1383495137325,1383495138117,1383495321867,1383495363492,1383543286576,1383495132283,16666666,1383495643075,1383496854242,1383496888033,1383497171283,1383519408408,20612791,88708,1383519408408,1383518369908,0,1383497171283,
0,178785,1383509953244,1383509953244,0,1383514766908,1383514768700,1383515175825,1383515368867,1383559953242,1383514751700,16666666,1383515848367,1383518424117,1383518461867,1383518739200,1383532270533,10080834,148792,1383532270533,1383529538492,0,1383518739200,
0,178793,1383526619910,1383526619910,0,1383527860117,1383527861117,1383528579700,1383528629200,1383576619908,1383527854408,16666666,1383529236867,1383529569325,1383529611742,1383529914658,1383551986658,18368792,341959,1383551986658,1383550698658,0,1383529914658,
0,178801,1383543286576,1383543286576,0,1383550185283,1383550186533,1383550460408,1383550519950,1383593286574,1383550178533,16666666,1383550742950,1383550985658,1383551031492,1383551332783,1383563907450,10781083,95000,1383563907450,1383562814992,0,1383551332783,
0,178809,1383559953242,1383559953242,0,1383561399200,1383561400075,1383561567492,1383561607158,1383609953240,1383561393158,16666666,1383561619242,1383562844117,1383562878742,1383563261158,1383583502783,18423333,81125,1383583502783,1383582374242,0,1383563261158,
0,178817,1383576619908,1383576619908,0,1383579828992,1383579831533,1383580904575,1383580986450,1383626619906,1383578789075,16666666,1383581464950,1383582420492,1383582456033,1383582738742,1383599881700,15113416,70584,1383599881700,1383598664825,0,1383582738742,
0,178825,1383593286574,1383593286574,0,1383596773492,1383596775408,1383597198533,1383597272117,1383643286572,1383596762492,16666666,1383597739367,1383598720242,1383598760575,1383599309117,1383616474533,14958917,82583,1383616474533,1383614885658,0,1383599309117,
0,178833,1383609953240,1383609953240,0,1383612514867,1383612515700,1383612681575,1383612721700,1383659953238,1383612509575,16666666,1383612949575,1383614911742,1383615063033,1383615354033,1383631297908,13016208,168125,1383631297908,1383629542658,0,1383615354033,
0,178841,1383626619906,1383626619906,0,1383628175533,1383628176408,1383628389700,1383628435283,1383676619904,1383628169742,16666666,1383628726783,1383629582783,1383629617367,1383630566950,1383646986700,14452958,177792,1383646986700,1383645937825,0,1383630566950,
0,178849,1383643286572,1383643286572,0,1383644889033,1383644890242,1383645133825,1383645202533,1383693286570,1383644882700,16666666,1383645531700,1383645986450,1383646062950,1383646351075,1383664942158,16010000,161166,1383664942158,1383663047200,0,1383646351075,
0,178857,1383659953238,1383659953238,0,1383661586200,1383661587450,1383661868325,1383661932783,1383709953236,1383661579408,16666666,1383662341283,1383663108158,1383663145075,1383663554867,1383681303242,14891208,106708,1383681303242,1383679889658,0,1383663554867,
0,178865,1383676619904,1383676619904,0,1383677943408,1383677944242,1383678115783,1383678158658,1383726619902,1383677937908,16666666,1383678507575,1383679919408,1383679954908,1383680530283,1383700779575,17779625,114916,1383700779575,1383699160034,0,1383680530283,
0,178873,1383693286570,1383693286570,0,1383696353617,1383696354742,1383697246950,1383697321700,1383709953236,1383696348242,16666666,1383697691659,1383699237742,1383699298575,1383699775742,1381713975283,12626792,272083,1381713975283,1383713465784,0,1383699775742,
---PROFILEDATA---


View hierarchy:

  dev.polski.grammarmatrix/dev.polski.grammarmatrix.GlassBenchmarkActivity/android.view.ViewRootImpl@af271ea
  7 views, 12.08 kB of render nodes


Total ViewRootImpl   : 1
Total attached Views : 7
Total RenderNode     : 12.08 kB (used) / 36.09 kB (capacity)