Applications Graphics Acceleration Info:
Uptime: 1509051 Realtime: 1509051

** Graphics info for pid 5729 [dev.polski.grammarmatrix] **

Stats since: 1503978344133ns
Total frames rendered: 305
Janky frames: 0 (0.00%)
Janky frames (legacy): 0 (0.00%)
50th percentile: 17ms
90th percentile: 17ms
95th percentile: 18ms
99th percentile: 19ms
Number Missed Vsync: 0
Number High input latency: 610
Number Slow UI thread: 0
Number Slow bitmap uploads: 0
Number Slow issue draw commands: 0
Number Frame deadline missed: 0
Number Frame deadline missed (legacy): 0
HISTOGRAM: 5ms=27 6ms=1 7ms=3 8ms=0 9ms=0 10ms=0 11ms=0 12ms=0 13ms=0 14ms=1 15ms=0 16ms=80 17ms=170 18ms=18 19ms=2 20ms=3 21ms=0 22ms=0 23ms=0 24ms=0 25ms=0 26ms=0 27ms=0 28ms=0 29ms=0 30ms=0 31ms=0 32ms=0 34ms=0 36ms=0 38ms=0 40ms=0 42ms=0 44ms=0 46ms=0 48ms=0 53ms=0 57ms=0 61ms=0 65ms=0 69ms=0 73ms=0 77ms=0 81ms=0 85ms=0 89ms=0 93ms=0 97ms=0 101ms=0 105ms=0 109ms=0 113ms=0 117ms=0 121ms=0 125ms=0 129ms=0 133ms=0 150ms=0 200ms=0 250ms=0 300ms=0 350ms=0 400ms=0 450ms=0 500ms=0 550ms=0 600ms=0 650ms=0 700ms=0 750ms=0 800ms=0 850ms=0 900ms=0 950ms=0 1000ms=0 1050ms=0 1100ms=0 1150ms=0 1200ms=0 1250ms=0 1300ms=0 1350ms=0 1400ms=0 1450ms=0 1500ms=0 1550ms=0 1600ms=0 1650ms=0 1700ms=0 1750ms=0 1800ms=0 1850ms=0 1900ms=0 1950ms=0 2000ms=0 2050ms=0 2100ms=0 2150ms=0 2200ms=0 2250ms=0 2300ms=0 2350ms=0 2400ms=0 2450ms=0 2500ms=0 2550ms=0 2600ms=0 2650ms=0 2700ms=0 2750ms=0 2800ms=0 2850ms=0 2900ms=0 2950ms=0 3000ms=0 3050ms=0 3100ms=0 3150ms=0 3200ms=0 3250ms=0 3300ms=0 3350ms=0 3400ms=0 3450ms=0 3500ms=0 3550ms=0 3600ms=0 3650ms=0 3700ms=0 3750ms=0 3800ms=0 3850ms=0 3900ms=0 3950ms=0 4000ms=0 4050ms=0 4100ms=0 4150ms=0 4200ms=0 4250ms=0 4300ms=0 4350ms=0 4400ms=0 4450ms=0 4500ms=0 4550ms=0 4600ms=0 4650ms=0 4700ms=0 4750ms=0 4800ms=0 4850ms=0 4900ms=0 4950ms=0
50th gpu percentile: 15ms
90th gpu percentile: 16ms
95th gpu percentile: 16ms
99th gpu percentile: 18ms
GPU HISTOGRAM: 1ms=4 2ms=24 3ms=3 4ms=0 5ms=0 6ms=0 7ms=0 8ms=0 9ms=1 10ms=1 11ms=4 12ms=14 13ms=6 14ms=23 15ms=143 16ms=76 17ms=2 18ms=2 19ms=2 20ms=0 21ms=0 22ms=0 23ms=0 24ms=0 25ms=0 4950ms=0

Pipeline=Skia (OpenGL)
Memory policy:
  Max surface area: 2592000
  Max resource usage: 124.42MB (x48)
  Background retention: 50% (altUiHidden = true)
  GPU Context timeout: 10
Contexts: 1 (stopped = 0)
CPU Caches:
  Glyph Cache: 33.70 KB (1 entry)
  Glyph Count: 11 
Total CPU memory usage:
  34510 bytes, 33.70 KB (0.00 bytes is purgeable)
GPU Caches:
  Other:
    Other: 27.16 KB (1 entry)
    Buffer Object: 36.00 KB (1 entry)
  Scratch:
    Buffer Object: 80.00 KB (2 entries)
    Texture: 2.00 MB (1 entry)
Total GPU memory usage:
  2243744 bytes, 2.14 MB (68.00 KB is purgeable)

GraphicBufferAllocator buffers:
        Handle |        Size |     W (Stride) x H | Layers |   Format |      Usage | Requestor
0xb400007b2c426750 |     unknown | 1080 (   0) x 2400 |      1 |        1 | 0x     b00 | VRI[GlassBenchmarkActivity]#0(BLAST Consumer)0
0xb400007b2c426900 |     unknown | 1080 (   0) x 2400 |      1 |        1 | 0x     b00 | VRI[GlassBenchmarkActivity]#0(BLAST Consumer)0
0xb400007b2c437e50 |     unknown | 1080 (   0) x 2400 |      1 |        1 | 0x     b00 | VRI[GlassBenchmarkActivity]#0(BLAST Consumer)0
Total allocated by GraphicBufferAllocator (estimate): 0.00 KB
GoldfishAllocator::dumpDebugInfo is not implemented
Profile data in ms:

	dev.polski.grammarmatrix/dev.polski.grammarmatrix.GlassBenchmarkActivity/android.view.ViewRootImpl@af271ea (visibility=0)
Window: dev.polski.grammarmatrix/dev.polski.grammarmatrix.GlassBenchmarkActivity
Stats since: 1503978343049ns
Total frames rendered: 305
Janky frames: 0 (0.00%)
Janky frames (legacy): 0 (0.00%)
50th percentile: 17ms
90th percentile: 17ms
95th percentile: 18ms
99th percentile: 19ms
Number Missed Vsync: 0
Number High input latency: 610
Number Slow UI thread: 0
Number Slow bitmap uploads: 0
Number Slow issue draw commands: 0
Number Frame deadline missed: 0
Number Frame deadline missed (legacy): 0
HISTOGRAM: 5ms=27 6ms=1 7ms=3 8ms=0 9ms=0 10ms=0 11ms=0 12ms=0 13ms=0 14ms=1 15ms=0 16ms=80 17ms=170 18ms=18 19ms=2 20ms=3 21ms=0 22ms=0 23ms=0 24ms=0 25ms=0 26ms=0 27ms=0 28ms=0 29ms=0 30ms=0 31ms=0 32ms=0 34ms=0 36ms=0 38ms=0 40ms=0 42ms=0 44ms=0 46ms=0 48ms=0 53ms=0 57ms=0 61ms=0 65ms=0 69ms=0 73ms=0 77ms=0 81ms=0 85ms=0 89ms=0 93ms=0 97ms=0 101ms=0 105ms=0 109ms=0 113ms=0 117ms=0 121ms=0 125ms=0 129ms=0 133ms=0 150ms=0 200ms=0 250ms=0 300ms=0 350ms=0 400ms=0 450ms=0 500ms=0 550ms=0 600ms=0 650ms=0 700ms=0 750ms=0 800ms=0 850ms=0 900ms=0 950ms=0 1000ms=0 1050ms=0 1100ms=0 1150ms=0 1200ms=0 1250ms=0 1300ms=0 1350ms=0 1400ms=0 1450ms=0 1500ms=0 1550ms=0 1600ms=0 1650ms=0 1700ms=0 1750ms=0 1800ms=0 1850ms=0 1900ms=0 1950ms=0 2000ms=0 2050ms=0 2100ms=0 2150ms=0 2200ms=0 2250ms=0 2300ms=0 2350ms=0 2400ms=0 2450ms=0 2500ms=0 2550ms=0 2600ms=0 2650ms=0 2700ms=0 2750ms=0 2800ms=0 2850ms=0 2900ms=0 2950ms=0 3000ms=0 3050ms=0 3100ms=0 3150ms=0 3200ms=0 3250ms=0 3300ms=0 3350ms=0 3400ms=0 3450ms=0 3500ms=0 3550ms=0 3600ms=0 3650ms=0 3700ms=0 3750ms=0 3800ms=0 3850ms=0 3900ms=0 3950ms=0 4000ms=0 4050ms=0 4100ms=0 4150ms=0 4200ms=0 4250ms=0 4300ms=0 4350ms=0 4400ms=0 4450ms=0 4500ms=0 4550ms=0 4600ms=0 4650ms=0 4700ms=0 4750ms=0 4800ms=0 4850ms=0 4900ms=0 4950ms=0
50th gpu percentile: 15ms
90th gpu percentile: 16ms
95th gpu percentile: 16ms
99th gpu percentile: 18ms
GPU HISTOGRAM: 1ms=4 2ms=24 3ms=3 4ms=0 5ms=0 6ms=0 7ms=0 8ms=0 9ms=1 10ms=1 11ms=4 12ms=14 13ms=6 14ms=23 15ms=143 16ms=76 17ms=2 18ms=2 19ms=2 20ms=0 21ms=0 22ms=0 23ms=0 24ms=0 25ms=0 4950ms=0



---PROFILEDATA---
Flags,FrameTimelineVsyncId,IntendedVsync,Vsync,InputEventId,HandleInputStart,AnimationStart,PerformTraversalsStart,DrawStart,FrameDeadline,FrameInterval,FrameStartTime,SyncQueued,SyncStart,IssueDrawCommandsStart,SwapBuffers,FrameCompleted,DequeueBufferDuration,QueueBufferDuration,GpuCompleted,SwapBuffersCompleted,DisplayPresentTime,CommandSubmissionCompleted,
0,232167,1507059948302,1507059948302,0,1507060759134,1507060759842,1507060856551,1507061036384,1507093281634,1507060754426,16666666,1507061053717,1507061174676,1507061222092,1507061836676,1507063443592,152667,532500,1507063128176,1507063443592,0,1507061836676,
0,232175,1507076614968,1507076614968,0,1507078411551,1507078412134,1507078534301,1507078561967,1507109948300,1507078407759,16666666,1507078782967,1507078896676,1507078977759,1507079371051,1507093587176,4125,684750,1507093587176,1507080872092,0,1507079371051,
0,232183,1507093281634,1507093281634,0,1507094129259,1507094130051,1507094357717,1507094420009,1507126614966,1507094123842,16666666,1507094663426,1507094813676,1507094849842,1507095167301,1507111043884,2250,369625,1507111043884,1507096646592,0,1507095167301,
0,232191,1507109948300,1507109948300,0,1507111320301,1507111321176,1507111503634,1507111543259,1507143281632,1507111315092,16666666,1507111867051,1507111918634,1507112273884,1507112598551,1507114126092,296209,487333,1507113776259,1507114126092,0,1507112598551,
0,232199,1507126614966,1507126614966,0,1507127429467,1507127430092,1507127594384,1507127632342,1507159948298,1507127424759,16666666,1507127863384,1507127986009,1507128105759,1507128937051,1507144262592,2958,613958,1507144262592,1507130161967,0,1507128937051,
0,232207,1507143281632,1507143281632,0,1507143933384,1507143933759,1507144347092,1507144372926,1507176614964,1507143929676,16666666,1507144536342,1507144726509,1507145203301,1507145869842,1507147317384,2083,458125,1507147280634,1507147317384,0,1507145869842,
0,232215,1507159948298,1507159948298,0,1507160967801,1507160969051,1507161222259,1507161265301,1507193281630,1507160961384,16666666,1507161540551,1507161789217,1507161876384,1507162332342,1507177159634,4083,253834,1507177159634,1507163219926,0,1507162332342,
0,232223,1507176614964,1507176614964,0,1507177456217,1507177457092,1507177628092,1507177670092,1507209948296,1507177451092,16666666,1507177978467,1507178387384,1507178424176,1507178832592,1507195166259,2875,276667,1507195166259,1507179635884,0,1507178832592,
0,232231,1507193281630,1507193281630,0,1507195596551,1507195597384,1507195807342,1507195852717,1507226614962,1507195591426,16666666,1507196276384,1507196501301,1507196539092,1507197180884,1507210758967,1875,76667,1507210758967,1507197736842,0,1507197180884,
0,232239,1507209948296,1507209948296,0,1507210992092,1507210992801,1507211188134,1507211267926,1507243281628,1507210986426,16666666,1507211667176,1507211798634,1507211891467,1507212712717,1507227529509,3459,127250,1507227529509,1507213383634,0,1507212712717,
0,232247,1507226614962,1507226614962,0,1507227687717,1507227688551,1507227859551,1507227915384,1507259948294,1507227682259,16666666,1507228704801,1507228940509,1507229029342,1507229417467,1507244698134,1917,94250,1507244698134,1507229970009,0,1507229417467,
0,232255,1507243281628,1507243281628,0,1507244691467,1507244692259,1507244857217,1507244900884,1507276614960,1507244686051,16666666,1507244913384,1507245053176,1507245093051,1507245406634,1507261326509,579583,370708,1507261326509,1507246801176,0,1507245406634,
0,232263,1507259948294,1507259948294,0,1507261352926,1507261353842,1507261703592,1507261748759,1507293281626,1507261347592,16666666,1507262040592,1507262162717,1507262198676,1507262721009,1507277230467,467083,75167,1507277230467,1507263778051,0,1507262721009,
0,232271,1507276614960,1507276614960,0,1507277508551,1507277509426,1507277771759,1507277818884,1507309948292,1507277502842,16666666,1507278103551,1507278150842,1507278225676,1507278806801,1507293869634,1583,171041,1507293869634,1507279618301,0,1507278806801,
0,232279,1507293281626,1507293281626,0,1507294372509,1507294373592,1507294626551,1507294672884,1507326614958,1507294366217,16666666,1507295018301,1507295400717,1507295450176,1507295912342,1507310833342,1708,77542,1507310833342,1507296715926,0,1507295912342,
0,232287,1507309948292,1507309948292,0,1507311313509,1507311314259,1507311484884,1507311531676,1507343281624,1507311307551,16666666,1507311877926,1507312205301,1507312259384,1507312923801,1507327726384,2208,322084,1507327726384,1507313818384,0,1507312923801,
0,232295,1507326614958,1507326614958,0,1507328460009,1507328460634,1507328667176,1507328717759,1507359948290,1507328453842,16666666,1507329158092,1507329338509,1507329384301,1507329765884,1507344527676,2083,85500,1507344527676,1507330615509,0,1507329765884,
0,232303,1507343281624,1507343281624,0,1507344634176,1507344635259,1507345000509,1507345043634,1507376614956,1507344628092,16666666,1507345346009,1507345522051,1507345557384,1507346014217,1507361357634,1791,204333,1507361357634,1507346933009,0,1507346014217,
0,232311,1507359948290,1507359948290,0,1507361447217,1507361448217,1507361767092,1507361836426,1507393281622,1507361441384,16666666,1507362206884,1507362462926,1507362514634,1507363157676,1507377057592,1666,79000,1507377057592,1507363727426,0,1507363157676,
0,232319,1507376614956,1507376614956,0,1507377504009,1507377505051,1507377697217,1507377739384,1507409948288,1507377498717,16666666,1507378048426,1507378270717,1507378359717,1507378777676,1507393734801,2083,139667,1507393734801,1507379384759,0,1507378777676,
0,232327,1507393281622,1507393281622,0,1507394293842,1507394295009,1507394471259,1507394515551,1507426614954,1507394288384,16666666,1507394785634,1507394801884,1507394966509,1507395642801,1507410445217,1292,93375,1507410445217,1507396494259,0,1507395642801,
0,232335,1507409948288,1507409948288,0,1507411450134,1507411450967,1507411924551,1507411967676,1507443281620,1507411444259,16666666,1507412250342,1507412428009,1507412494592,1507412773301,1507427389634,3625,233750,1507427389634,1507413564009,0,1507412773301,
0,232343,1507426614954,1507426614954,0,1507427502968,1507427503801,1507427737926,1507427779926,1507459948286,1507427497676,16666666,1507427792551,1507428529343,1507428756926,1507429291134,1507443800968,2209,164583,1507443800968,1507430103759,0,1507429291134,
0,232351,1507443281620,1507443281620,0,1507444299051,1507444300093,1507444477134,1507444521634,1507476614952,1507444293093,16666666,1507444831343,1507444932593,1507444988468,1507445521801,1507460648301,1917,132458,1507460648301,1507446108134,0,1507445521801,
0,232359,1507459948286,1507459948286,0,1507460776009,1507460776676,1507460920551,1507460963009,1507493281618,1507460770426,16666666,1507461219718,1507461283968,1507461337093,1507461796134,1507463311343,384875,388875,1507462882676,1507463311343,0,1507461796134,
0,232367,1507476614952,1507476614952,0,1507477259843,1507477260884,1507477444759,1507477519926,1507509948284,1507477253968,16666666,1507477968134,1507478153468,1507478224426,1507478929218,1507493776218,1875,257041,1507493776218,1507479707676,0,1507478929218,
0,232375,1507493281618,1507493281618,0,1507493969593,1507493970509,1507494180843,1507494221551,1507526614950,1507493964093,16666666,1507494558009,1507494681343,1507494725051,1507495207759,1507496472593,4583,671959,1507496341718,1507496472593,0,1507495207759,
0,232383,1507509948284,1507509948284,0,1507512248884,1507512250009,1507512503884,1507512544593,1507543281616,1507512243551,16666666,1507512854718,1507512899843,1507512938093,1507513283801,1507527531384,1583,100125,1507527531384,1507513981593,0,1507513283801,
0,232391,1507526614950,1507526614950,0,1507527555468,1507527556509,1507527864509,1507527909759,1507559948282,1507527550218,16666666,1507528513468,1507528937926,1507528954884,1507529432926,1507545247384,2041,236750,1507545247384,1507530178926,0,1507529432926,
0,232399,1507543281616,1507543281616,0,1507545796718,1507545797676,1507545978634,1507546032759,1507576614948,1507545790718,16666666,1507546364509,1507546690801,1507546779968,1507547382593,1507560585593,2083,140250,1507560585593,1507547965384,0,1507547382593,
0,232407,1507559948282,1507559948282,0,1507560906759,1507560907676,1507561097634,1507561141468,1507593281614,1507560901051,16666666,1507561444259,1507561565509,1507561624968,1507562386218,1507576950426,1875,193334,1507576950426,1507563421718,0,1507562386218,
0,232415,1507576614948,1507576614948,0,1507577296801,1507577297551,1507577485301,1507577529343,1507609948280,1507577291551,16666666,1507577843259,1507578068718,1507578184384,1507578839093,1507593609259,1792,137542,1507593609259,1507579559384,0,1507578839093,
0,232423,1507593281614,1507593281614,0,1507594257801,1507594258634,1507594849343,1507594894093,1507626614946,1507594252509,16666666,1507595342468,1507595582468,1507595621259,1507595913176,1507610475134,2042,138959,1507610475134,1507596718926,0,1507595913176,
0,232431,1507609948280,1507609948280,0,1507610968426,1507610969218,1507611197551,1507611242093,1507643281612,1507610962884,16666666,1507611514968,1507611669259,1507611710093,1507612256426,1507627038884,1542,194000,1507627038884,1507613127218,0,1507612256426,
0,232439,1507626614946,1507626614946,0,1507627441259,1507627442134,1507627626759,1507627669218,1507659948278,1507627436093,16666666,1507628067926,1507628665051,1507629222343,1507629576259,1507643639926,1792,83375,1507643639926,1507630106009,0,1507629576259,
0,232447,1507643281612,1507643281612,0,1507644623926,1507644624843,1507644800301,1507644841926,1507676614944,1507644618468,16666666,1507645086134,1507645141801,1507645240343,1507645576884,1507660574218,1625,95833,1507660574218,1507646092759,0,1507645576884,
0,232455,1507659948278,1507659948278,0,1507660753509,1507660754593,1507660939843,1507660992759,1507693281610,1507660747551,16666666,1507661433884,1507661853176,1507661887759,1507662447176,1507677439884,1792,84125,1507677439884,1507662951884,0,1507662447176,
0,232463,1507676614944,1507676614944,0,1507677455468,1507677456218,1507677746843,1507677790176,1507709948276,1507677450634,16666666,1507678301759,1507678449551,1507678487718,1507679155176,1507693579218,1625,148667,1507693579218,1507679764051,0,1507679155176,
0,232471,1507693281610,1507693281610,0,1507693874218,1507693874926,1507694116259,1507694158718,1507726614942,1507693868926,16666666,1507694403718,1507694625468,1507694773343,1507695068093,1507710506093,1875,76291,1507710506093,1507695548968,0,1507695068093,
0,232479,1507709948276,1507709948276,0,1507710655551,1507710656509,1507710874926,1507710915884,1507743281608,1507710650759,16666666,1507711198801,1507711329926,1507711384301,1507712169468,1507727066801,1792,395125,1507727066801,1507713109509,0,1507712169468,
0,232487,1507726614942,1507726614942,0,1507727382551,1507727383551,1507727596509,1507727639634,1507759948274,1507727376968,16666666,1507727915343,1507727938051,1507727974009,1507728682093,1507729804176,1625,370291,1507729703884,1507729804176,0,1507728682093,
0,232495,1507743281608,1507743281608,0,1507743960551,1507743961343,1507744296593,1507744340009,1507776614940,1507743955009,16666666,1507744671259,1507745029676,1507745190676,1507745662426,1507760590593,1625,262500,1507760590593,1507746373926,0,1507745662426,
0,232503,1507759948274,1507759948274,0,1507761222926,1507761223759,1507761400218,1507761444718,1507793281606,1507761216884,16666666,1507761837968,1507761970051,1507762200009,1507762650926,1507777197676,1625,75417,1507777197676,1507763196218,0,1507762650926,
0,232511,1507776614940,1507776614940,0,1507777408176,1507777408968,1507777699093,1507777742634,1507809948272,1507777401093,16666666,1507777913468,1507778091051,1507778129759,1507778710134,1507793703009,2000,145291,1507793703009,1507779405051,0,1507778710134,
0,232519,1507793281606,1507793281606,0,1507794061259,1507794062259,1507794259926,1507794308551,1507826614938,1507794055551,16666666,1507794321218,1507794621801,1507794711634,1507795754676,1507810557009,1583,77333,1507810557009,1507796531051,0,1507795754676,
0,232527,1507809948272,1507809948272,0,1507810769218,1507810770093,1507810997509,1507811038384,1507843281604,1507810763468,16666666,1507811477426,1507811718593,1507811758801,1507812646301,1507827100134,1875,141125,1507827100134,1507813282343,0,1507812646301,
0,232535,1507826614938,1507826614938,0,1507827592259,1507827593093,1507827783843,1507827828134,1507859948270,1507827587176,16666666,1507828816343,1507829060051,1507829120051,1507829395676,1507843701551,2042,174500,1507843701551,1507830036343,0,1507829395676,
0,232543,1507843281604,1507843281604,0,1507844283301,1507844284176,1507844455676,1507844496176,1507876614936,1507844277509,16666666,1507844753593,1507844772926,1507844811718,1507845142134,1507860464509,2208,241792,1507860464509,1507845972926,0,1507845142134,
0,232551,1507859948270,1507859948270,0,1507860607551,1507860608884,1507860758343,1507860800301,1507893281602,1507860602468,16666666,1507861239843,1507861415676,1507861475384,1507861953968,1507877103468,2167,571500,1507877103468,1507863048509,0,1507861953968,
0,232559,1507876614936,1507876614936,0,1507877576759,1507877577634,1507877748426,1507877792884,1507909948268,1507877571509,16666666,1507878072093,1507878297343,1507878350093,1507878839468,1507893860634,1666,125917,1507893860634,1507879457259,0,1507878839468,
0,232567,1507893281602,1507893281602,0,1507894065884,1507894066718,1507894220801,1507894263426,1507926614934,1507894060968,16666666,1507894595676,1507894832759,1507894882968,1507895477801,1507910453509,1458,56833,1507910453509,1507896679926,0,1507895477801,
0,232575,1507909948268,1507909948268,0,1507910964718,1507910965968,1507911241551,1507911298426,1507943281600,1507910959218,16666666,1507911721968,1507911940093,1507911974759,1507912713759,1507927295259,2583,139792,1507927295259,1507913263551,0,1507912713759,
0,232583,1507926614934,1507926614934,0,1507927699009,1507927700051,1507927885634,1507927931968,1507959948266,1507927691426,16666666,1507928840218,1507928986718,1507929024218,1507929510426,1507943711384,1459,99625,1507943711384,1507930140051,0,1507929510426,
0,232591,1507943281600,1507943281600,0,1507944537218,1507944538093,1507944703593,1507944747468,1507976614932,1507944531176,16666666,1507945090968,1507945409176,1507945648551,1507946072968,1507960499009,1709,110291,1507960499009,1507946585801,0,1507946072968,
0,232599,1507959948266,1507959948266,0,1507961161551,1507961162426,1507961594426,1507961669551,1507993281598,1507961155843,16666666,1507961873426,1507962138468,1507962214426,1507962714426,1507977279134,1791,119500,1507977279134,1507963339093,0,1507962714426,
0,232607,1507976614932,1507976614932,0,1507977324884,1507977325759,1507977506093,1507977549384,1508009948264,1507977319259,16666666,1507977565759,1507977994593,1507978079926,1507978764718,1507993903884,1458,98792,1507993903884,1507979468551,0,1507978764718,
0,232615,1507993281598,1507993281598,0,1507994124343,1507994125718,1507994435468,1507994547509,1508026614930,1507994116218,16666666,1507994910593,1507995102259,1507995157676,1507995837634,1508010583426,165750,168958,1508010583426,1507997153718,0,1507995837634,
0,232623,1508009948264,1508009948264,0,1508010703634,1508010704593,1508010881384,1508010924801,1508043281596,1508010697676,16666666,1508011229718,1508011397301,1508011446843,1508011829134,1508027454426,331083,277875,1508027454426,1508012881259,0,1508011829134,
0,232631,1508026614930,1508026614930,0,1508027740551,1508027742384,1508029348176,1508029500676,1508059948262,1508027729718,16666666,1508030547343,1508031524009,1508031598551,1508033008843,1508043820426,2583,409416,1508043820426,1508034565009,0,1508033008843,
0,232639,1508043281596,1508043281596,0,1508044878926,1508044880134,1508045350426,1508045393759,1508076614928,1508044873884,16666666,1508045666759,1508045734259,1508045771093,1508046126343,1508061054801,1458,151917,1508061054801,1508046791676,0,1508046126343,
0,232647,1508059948262,1508059948262,0,1508062886801,1508062888634,1508064328593,1508064421509,1508093281594,1508062875759,16666666,1508064928759,1508065482634,1508065549801,1508066163676,1508068244551,2459,731625,1508068198259,1508068244551,0,1508066163676,
0,232655,1508076614928,1508076614928,0,1508078591176,1508078592926,1508079056384,1508079216801,1508109948260,1508078580218,16666666,1508081149551,1508081561884,1508081600968,1508082023634,1508094205634,1542,185583,1508094205634,1508082661468,0,1508082023634,
0,232663,1508093281594,1508093281594,0,1508094173801,1508094174759,1508094354051,1508094407426,1508126614926,1508094166301,16666666,1508095309468,1508095528968,1508095778093,1508096566134,1508110618718,1292,178666,1508110618718,1508097658926,0,1508096566134,
0,232671,1508109948260,1508109948260,0,1508110809259,1508110810384,1508111206301,1508111254426,1508143281592,1508110803093,16666666,1508111537176,1508111572926,1508111635093,1508112743093,1508127239468,405792,380500,1508127239468,1508114345259,0,1508112743093,
0,232679,1508126614926,1508126614926,0,1508127364301,1508127365051,1508127743051,1508127791426,1508159948258,1508127358926,16666666,1508128334260,1508128546385,1508128599218,1508129240385,1508144112093,2583,277625,1508144112093,1508130143093,0,1508129240385,
0,232687,1508143281592,1508143281592,0,1508145040885,1508145041426,1508145317551,1508145357343,1508176614924,1508145036385,16666666,1508145654426,1508145949343,1508146003385,1508146333968,1508160612010,3792,354791,1508160612010,1508147323635,0,1508146333968,
0,232695,1508159948258,1508159948258,0,1508160586260,1508160586801,1508160732593,1508160775760,1508193281590,1508160580885,16666666,1508160787551,1508161324510,1508161349801,1508161941135,1508177329301,407875,312250,1508177329301,1508163380510,0,1508161941135,
0,232703,1508176614924,1508176614924,0,1508177593510,1508177594593,1508177785093,1508177838593,1508209948256,1508177587635,16666666,1508178357468,1508178492176,1508178536593,1508178918176,1508180263593,1958,475500,1508180207218,1508180263593,0,1508178918176,
0,232711,1508193281590,1508193281590,0,1508194441510,1508194442468,1508194854426,1508194898385,1508226614922,1508194436010,16666666,1508195216468,1508195338718,1508195374801,1508195793968,1508210437843,1709,331792,1508210437843,1508196959801,0,1508195793968,
0,232719,1508209948256,1508209948256,0,1508210760176,1508210761010,1508211224093,1508211279093,1508243281588,1508210754301,16666666,1508211623426,1508211772593,1508211860593,1508212571676,1508227118760,1666,155292,1508227118760,1508213245260,0,1508212571676,
0,232727,1508226614922,1508226614922,0,1508227530176,1508227531176,1508227722010,1508227766301,1508259948254,1508227524635,16666666,1508228221510,1508228360343,1508228395468,1508228745635,1508243854801,1667,247625,1508243854801,1508229393135,0,1508228745635,
0,232735,1508243281588,1508243281588,0,1508244162260,1508244163093,1508244345176,1508244387801,1508276614920,1508244156760,16666666,1508244708843,1508244865135,1508244914593,1508245305635,1508260420718,292542,233333,1508260420718,1508246317676,0,1508245305635,
0,232743,1508259948254,1508259948254,0,1508260779676,1508260780510,1508260987093,1508261030593,1508293281586,1508260774176,16666666,1508261323843,1508261594426,1508261634301,1508262041551,1508263160926,2667,525666,1508263115385,1508263160926,0,1508262041551,
0,232751,1508276614920,1508276614920,0,1508277620176,1508277620968,1508277839843,1508277891093,1508309948252,1508277614093,16666666,1508278453718,1508278484010,1508278540260,1508278915218,1508294169676,1750,253125,1508294169676,1508279728843,0,1508278915218,
0,232759,1508293281586,1508293281586,0,1508294189218,1508294190093,1508294389760,1508294433676,1508326614918,1508294180843,16666666,1508294679801,1508294937468,1508294994635,1508295432676,1508310505510,2042,270458,1508310505510,1508296304551,0,1508295432676,
0,232767,1508309948252,1508309948252,0,1508310732801,1508310733676,1508310920176,1508310963593,1508343281584,1508310727301,16666666,1508311252593,1508311277301,1508311317218,1508311768676,1508312838926,1750,356666,1508312801010,1508312838926,0,1508311768676,
0,232775,1508326614918,1508326614918,0,1508327365926,1508327367218,1508327699301,1508327754260,1508359948250,1508327359843,16666666,1508327955635,1508328636135,1508328666468,1508329211760,1508343726218,300250,334708,1508343726218,1508330538260,0,1508329211760,
0,232783,1508343281584,1508343281584,0,1508344290426,1508344291468,1508344631385,1508344675843,1508376614916,1508344284635,16666666,1508344688968,1508345221968,1508345267343,1508345717510,1508360969551,1292,81708,1508360969551,1508346369426,0,1508345717510,
0,232791,1508359948250,1508359948250,0,1508362073468,1508362074301,1508362327426,1508362370593,1508393281582,1508362067635,16666666,1508362902801,1508363002593,1508363037468,1508363377843,1508377339926,2666,401750,1508377339926,1508364437593,0,1508363377843,
0,232799,1508376614916,1508376614916,0,1508377666551,1508377667551,1508377859260,1508377903051,1508409948248,1508377661135,16666666,1508378174010,1508378953176,1508379005176,1508379730801,1508380863593,2416,272709,1508380817260,1508380863593,0,1508379730801,
0,232807,1508393281582,1508393281582,0,1508393899093,1508393900010,1508394082010,1508394127760,1508426614914,1508393893426,16666666,1508394804551,1508395370801,1508395410968,1508395979676,1508410454301,1458,160625,1508410454301,1508396707301,0,1508395979676,
0,232815,1508409948248,1508409948248,0,1508410878301,1508410879093,1508411427635,1508411493593,1508443281580,1508410873135,16666666,1508411884093,1508412350843,1508412393968,1508413002718,1508427304176,1583,188208,1508427304176,1508413716260,0,1508413002718,
0,232823,1508426614914,1508426614914,0,1508427742426,1508427743593,1508427997551,1508428579676,1508459948246,1508427736176,16666666,1508428880885,1508429099385,1508429156843,1508429613551,1508444419301,1792,371666,1508444419301,1508430611676,0,1508429613551,
0,232831,1508443281580,1508443281580,0,1508444809801,1508444811010,1508445218468,1508445285093,1508476614912,1508444802885,16666666,1508445686051,1508446244551,1508446288926,1508446766218,1508460817176,2959,248083,1508460817176,1508448326301,0,1508446766218,
0,232839,1508459948246,1508459948246,0,1508461084551,1508461085843,1508461365843,1508461423135,1508493281578,1508461078301,16666666,1508461903551,1508462185801,1508462231260,1508462811926,1508465088176,3250,1087250,1508465043843,1508465088176,0,1508462811926,
0,232847,1508476614912,1508476614912,0,1508477386801,1508477387801,1508477560926,1508477605010,1508509948244,1508477380968,16666666,1508477901551,1508478036593,1508478223176,1508478637843,1508494143301,1917,273125,1508494143301,1508479685135,0,1508478637843,
0,232855,1508493281578,1508493281578,0,1508494880260,1508494881301,1508495265468,1508495320135,1508526614910,1508494874260,16666666,1508496870468,1508496979426,1508497078426,1508497397718,1508510714301,1583,162750,1508510714301,1508498286051,0,1508497397718,
0,232863,1508509948244,1508509948244,0,1508510736635,1508510737801,1508511336301,1508511406051,1508543281576,1508510730385,16666666,1508511637635,1508511835510,1508511992176,1508513179843,1508527555593,1875,132333,1508527555593,1508514300926,0,1508513179843,
0,232871,1508526614910,1508526614910,0,1508527713510,1508527714051,1508527887301,1508527934968,1508559948242,1508527708051,16666666,1508527948635,1508528102301,1508528777093,1508529242260,1508544627760,2000,160041,1508544627760,1508530017176,0,1508529242260,
0,232879,1508543281576,1508543281576,0,1508544606760,1508544607801,1508544898176,1508544942635,1508576614908,1508544601051,16666666,1508545334426,1508545622801,1508545701093,1508546039635,1508561149468,390000,146333,1508561149468,1508547155926,0,1508546039635,
0,232887,1508559948242,1508559948242,0,1508561462010,1508561463135,1508561770843,1508561836510,1508593281574,1508561456301,16666666,1508562178551,1508562254718,1508562401010,1508562889385,1508577213176,1500,200458,1508577213176,1508563737551,0,1508562889385,
0,232895,1508576614908,1508576614908,0,1508577604260,1508577605093,1508577776885,1508577817926,1508609948240,1508577598718,16666666,1508578135885,1508578217385,1508578256885,1508578826385,1508580334426,2875,600625,1508580292551,1508580334426,0,1508578826385,
0,232903,1508593281574,1508593281574,0,1508593979510,1508593980343,1508594155135,1508594247885,1508626614906,1508593974051,16666666,1508594525885,1508595180176,1508595252468,1508596399176,1508610821051,3208,217791,1508610821051,1508597718260,0,1508596399176,
0,232911,1508609948240,1508609948240,0,1508611001093,1508611001885,1508611185260,1508611229218,1508643281572,1508610995593,16666666,1508611672135,1508611937760,1508612358968,1508612677968,1508627343301,1584,86042,1508627343301,1508613592301,0,1508612677968,
0,232919,1508626614906,1508626614906,0,1508627492260,1508627493468,1508627661301,1508627713885,1508659948238,1508627486426,16666666,1508628193135,1508628485135,1508628570135,1508629027676,1508643816426,2917,236541,1508643816426,1508630114010,0,1508629027676,
0,232927,1508643281572,1508643281572,0,1508644331343,1508644332093,1508644654343,1508644699885,1508676614904,1508644326343,16666666,1508645163218,1508645314301,1508645368926,1508645813801,1508661295301,2083,79875,1508661295301,1508646505176,0,1508645813801,
0,232935,1508659948238,1508659948238,0,1508661345510,1508661346343,1508661519801,1508661563718,1508693281570,1508661339926,16666666,1508661829135,1508662104843,1508662143385,1508662682135,1508677503760,356833,480542,1508677503760,1508664143718,0,1508662682135,
0,232943,1508676614904,1508676614904,0,1508677514260,1508677515051,1508677786885,1508677833343,1508709948236,1508677509218,16666666,1508678290843,1508678433510,1508678557593,1508678970301,1508693647676,2250,161667,1508693647676,1508679715593,0,1508678970301,
0,232951,1508693281570,1508693281570,0,1508694296843,1508694297760,1508694481176,1508694523343,1508726614902,1508694291135,16666666,1508694691926,1508694827218,1508694868551,1508695241051,1508710555468,2000,229416,1508710555468,1508696274051,0,1508695241051,
0,232959,1508709948236,1508709948236,0,1508710914051,1508710915010,1508711072593,1508711124343,1508743281568,1508710908801,16666666,1508711136593,1508711292593,1508711382885,1508711951718,1508727263760,1792,425875,1508727263760,1508713040510,0,1508711951718,
0,232967,1508726614902,1508726614902,0,1508727908135,1508727908718,1508728347301,1508728392260,1508759948234,1508727902760,16666666,1508728659260,1508728806135,1508728988426,1508729366510,1508744668510,1791,74958,1508744668510,1508729917260,0,1508729366510,
0,232975,1508743281568,1508743281568,0,1508744716051,1508744716885,1508744885676,1508744926635,1508776614900,1508744710843,16666666,1508745199926,1508745483468,1508745519343,1508745966176,1508761269510,1625,95000,1508761269510,1508746969010,0,1508745966176,
0,232983,1508759948234,1508759948234,0,1508761406343,1508761407385,1508761584093,1508761672718,1508793281566,1508761400176,16666666,1508762009801,1508762023593,1508762080093,1508762595926,1508777134968,1709,134250,1508777134968,1508763249510,0,1508762595926,
0,232991,1508776614900,1508776614900,0,1508777304135,1508777304926,1508777467885,1508777509301,1508809948232,1508777298635,16666666,1508777789176,1508778030260,1508778123968,1508778487218,1508779551010,1958,387000,1508779443635,1508779551010,0,1508778487218,
0,232999,1508793281566,1508793281566,0,1508794080468,1508794081176,1508794239385,1508794281593,1508826614898,1508794074843,16666666,1508794546468,1508794696093,1508794732051,1508795052551,1508810641260,839208,165125,1508810641260,1508796630135,0,1508795052551,
0,233007,1508809948232,1508809948232,0,1508811256593,1508811257551,1508811447260,1508811494093,1508843281564,1508811250260,16666666,1508811809968,1508812231218,1508812263051,1508812759135,1508827612385,3292,239584,1508827612385,1508813543426,0,1508812759135,
0,233015,1508826614898,1508826614898,0,1508827962385,1508827963302,1508828203135,1508828246052,1508859948230,1508827956468,16666666,1508828635302,1508828742385,1508828790385,1508829386093,1508844626552,1916,311209,1508844626552,1508830169260,0,1508829386093,
0,233023,1508843281564,1508843281564,0,1508844728427,1508844729343,1508844918718,1508844960135,1508876614896,1508844723302,16666666,1508845225510,1508845522427,1508845563843,1508846313927,1508861744177,1584,71459,1508861744177,1508846945385,0,1508846313927,
0,233031,1508859948230,1508859948230,0,1508861796218,1508861797302,1508862011010,1508862075468,1508893281562,1508861789052,16666666,1508862421927,1508862639135,1508862793718,1508863437635,1508877710718,1916,111833,1508877710718,1508865203510,0,1508863437635,
0,233039,1508876614896,1508876614896,0,1508877858635,1508877859302,1508878001343,1508878036218,1508909948228,1508877853177,16666666,1508878180260,1508878454802,1508878621677,1508879162093,1508893887343,1042,77292,1508893887343,1508879956385,0,1508879162093,
0,233047,1508893281562,1508893281562,0,1508894551968,1508894552552,1508894680052,1508894709760,1508926614894,1508894546677,16666666,1508894717052,1508894948968,1508894994968,1508895375968,1508910887718,2250,319834,1508910887718,1508896945760,0,1508895375968,
0,233055,1508909948228,1508909948228,0,1508911105927,1508911106218,1508911189343,1508911205718,1508943281560,1508911100927,16666666,1508911430718,1508911689177,1508911734052,1508912371593,1508927507052,331291,266792,1508927507052,1508913734718,0,1508912371593,
0,233063,1508926614894,1508926614894,0,1508927963927,1508927964385,1508928287968,1508928312135,1508959948226,1508927959343,16666666,1508928500510,1508928580010,1508928647677,1508929339510,1508944622968,446167,412542,1508944622968,1508931119343,0,1508929339510,
0,233071,1508943281560,1508943281560,0,1508945022427,1508945023843,1508945272093,1508945338843,1508976614892,1508945016052,16666666,1508945829677,1508945994343,1508946116218,1508946824635,1508960824760,1583,92292,1508960824760,1508947622510,0,1508946824635,
0,233079,1508959948226,1508959948226,0,1508961277135,1508961277802,1508961749760,1508961794843,1508993281558,1508961271760,16666666,1508962087510,1508962161510,1508962250677,1508962802010,1508977218468,2084,178416,1508977218468,1508963737260,0,1508962802010,
0,233087,1508976614892,1508976614892,0,1508977341927,1508977342760,1508977503302,1508977543843,1509009948224,1508977336343,16666666,1508977806635,1508978145635,1508978181927,1508978644802,1508993657468,2084,231083,1508993657468,1508979546802,0,1508978644802,
0,233095,1508993281558,1508993281558,0,1508994046093,1508994047093,1508994233510,1508994281302,1509026614890,1508994039927,16666666,1508994597635,1508994815968,1508994850802,1508995443802,1508998207427,1875,1967916,1508998125718,1508998207427,0,1508995443802,
0,233103,1509009948224,1509009948224,0,1509010960302,1509010961135,1509011112718,1509011161177,1509043281556,1509010954927,16666666,1509011475427,1509011678302,1509011716593,1509012566552,1509027651343,1666,79166,1509027651343,1509013115010,0,1509012566552,
0,233111,1509026614890,1509026614890,0,1509028170468,1509028171760,1509028358177,1509028401302,1509059948222,1509027925635,16666666,1509028683885,1509028693968,1509028734843,1509029453302,1509044933218,1791,144833,1509044933218,1509030211135,0,1509029453302,
0,233119,1509043281556,1509043281556,0,1509044951218,1509044952427,1509045371385,1509045417843,1509059948222,1509044944885,16666666,1509045692510,1509045708093,1509045763468,1509046318968,1507060677426,1709,148083,1507060677426,1509047815218,0,1509046318968,
---PROFILEDATA---


View hierarchy:

  dev.polski.grammarmatrix/dev.polski.grammarmatrix.GlassBenchmarkActivity/android.view.ViewRootImpl@af271ea
  7 views, 12.08 kB of render nodes


Total ViewRootImpl   : 1
Total attached Views : 7
Total RenderNode     : 12.08 kB (used) / 36.09 kB (capacity)