Applications Graphics Acceleration Info:
Uptime: 1398099 Realtime: 1398099

** Graphics info for pid 5729 [dev.polski.grammarmatrix] **

Stats since: 1393013804705ns
Total frames rendered: 303
Janky frames: 3 (0.99%)
Janky frames (legacy): 288 (95.05%)
50th percentile: 22ms
90th percentile: 28ms
95th percentile: 31ms
99th percentile: 40ms
Number Missed Vsync: 0
Number High input latency: 600
Number Slow UI thread: 1
Number Slow bitmap uploads: 0
Number Slow issue draw commands: 3
Number Frame deadline missed: 3
Number Frame deadline missed (legacy): 3
HISTOGRAM: 5ms=0 6ms=0 7ms=0 8ms=0 9ms=0 10ms=0 11ms=1 12ms=0 13ms=0 14ms=2 15ms=1 16ms=3 17ms=1 18ms=13 19ms=18 20ms=37 21ms=46 22ms=46 23ms=38 24ms=30 25ms=16 26ms=14 27ms=5 28ms=7 29ms=5 30ms=4 31ms=3 32ms=4 34ms=3 36ms=2 38ms=0 40ms=2 42ms=1 44ms=0 46ms=1 48ms=0 53ms=0 57ms=0 61ms=0 65ms=0 69ms=0 73ms=0 77ms=0 81ms=0 85ms=0 89ms=0 93ms=0 97ms=0 101ms=0 105ms=0 109ms=0 113ms=0 117ms=0 121ms=0 125ms=0 129ms=0 133ms=0 150ms=0 200ms=0 250ms=0 300ms=0 350ms=0 400ms=0 450ms=0 500ms=0 550ms=0 600ms=0 650ms=0 700ms=0 750ms=0 800ms=0 850ms=0 900ms=0 950ms=0 1000ms=0 1050ms=0 1100ms=0 1150ms=0 1200ms=0 1250ms=0 1300ms=0 1350ms=0 1400ms=0 1450ms=0 1500ms=0 1550ms=0 1600ms=0 1650ms=0 1700ms=0 1750ms=0 1800ms=0 1850ms=0 1900ms=0 1950ms=0 2000ms=0 2050ms=0 2100ms=0 2150ms=0 2200ms=0 2250ms=0 2300ms=0 2350ms=0 2400ms=0 2450ms=0 2500ms=0 2550ms=0 2600ms=0 2650ms=0 2700ms=0 2750ms=0 2800ms=0 2850ms=0 2900ms=0 2950ms=0 3000ms=0 3050ms=0 3100ms=0 3150ms=0 3200ms=0 3250ms=0 3300ms=0 3350ms=0 3400ms=0 3450ms=0 3500ms=0 3550ms=0 3600ms=0 3650ms=0 3700ms=0 3750ms=0 3800ms=0 3850ms=0 3900ms=0 3950ms=0 4000ms=0 4050ms=0 4100ms=0 4150ms=0 4200ms=0 4250ms=0 4300ms=0 4350ms=0 4400ms=0 4450ms=0 4500ms=0 4550ms=0 4600ms=0 4650ms=0 4700ms=0 4750ms=0 4800ms=0 4850ms=0 4900ms=0 4950ms=0
50th gpu percentile: 18ms
90th gpu percentile: 21ms
95th gpu percentile: 23ms
99th gpu percentile: 4950ms
GPU HISTOGRAM: 1ms=1 2ms=6 3ms=3 4ms=4 5ms=2 6ms=0 7ms=1 8ms=1 9ms=1 10ms=0 11ms=1 12ms=0 13ms=7 14ms=11 15ms=14 16ms=26 17ms=39 18ms=64 19ms=35 20ms=38 21ms=23 22ms=7 23ms=9 24ms=2 25ms=0 4950ms=8

Pipeline=Skia (OpenGL)
Memory policy:
  Max surface area: 2592000
  Max resource usage: 124.42MB (x48)
  Background retention: 50% (altUiHidden = true)
  GPU Context timeout: 10
Contexts: 1 (stopped = 0)
CPU Caches:
  Glyph Cache: 33.70 KB (1 entry)
  Glyph Count: 11 
Total CPU memory usage:
  34510 bytes, 33.70 KB (0.00 bytes is purgeable)
GPU Caches:
  Other:
    Other: 26.56 KB (1 entry)
    Buffer Object: 36.00 KB (1 entry)
  Scratch:
    Buffer Object: 80.00 KB (2 entries)
    Texture: 2.00 MB (1 entry)
Total GPU memory usage:
  2243136 bytes, 2.14 MB (68.00 KB is purgeable)

GraphicBufferAllocator buffers:
        Handle |        Size |     W (Stride) x H | Layers |   Format |      Usage | Requestor
0xb400007b2c426750 |     unknown | 1080 (   0) x 2400 |      1 |        1 | 0x     b00 | VRI[GlassBenchmarkActivity]#0(BLAST Consumer)0
0xb400007b2c426900 |     unknown | 1080 (   0) x 2400 |      1 |        1 | 0x     b00 | VRI[GlassBenchmarkActivity]#0(BLAST Consumer)0
0xb400007b2c437e50 |     unknown | 1080 (   0) x 2400 |      1 |        1 | 0x     b00 | VRI[GlassBenchmarkActivity]#0(BLAST Consumer)0
Total allocated by GraphicBufferAllocator (estimate): 0.00 KB
GoldfishAllocator::dumpDebugInfo is not implemented
Profile data in ms:

	dev.polski.grammarmatrix/dev.polski.grammarmatrix.GlassBenchmarkActivity/android.view.ViewRootImpl@af271ea (visibility=0)
Window: dev.polski.grammarmatrix/dev.polski.grammarmatrix.GlassBenchmarkActivity
Stats since: 1393013804205ns
Total frames rendered: 303
Janky frames: 3 (0.99%)
Janky frames (legacy): 288 (95.05%)
50th percentile: 22ms
90th percentile: 28ms
95th percentile: 31ms
99th percentile: 40ms
Number Missed Vsync: 0
Number High input latency: 600
Number Slow UI thread: 1
Number Slow bitmap uploads: 0
Number Slow issue draw commands: 3
Number Frame deadline missed: 3
Number Frame deadline missed (legacy): 3
HISTOGRAM: 5ms=0 6ms=0 7ms=0 8ms=0 9ms=0 10ms=0 11ms=1 12ms=0 13ms=0 14ms=2 15ms=1 16ms=3 17ms=1 18ms=13 19ms=18 20ms=37 21ms=46 22ms=46 23ms=38 24ms=30 25ms=16 26ms=14 27ms=5 28ms=7 29ms=5 30ms=4 31ms=3 32ms=4 34ms=3 36ms=2 38ms=0 40ms=2 42ms=1 44ms=0 46ms=1 48ms=0 53ms=0 57ms=0 61ms=0 65ms=0 69ms=0 73ms=0 77ms=0 81ms=0 85ms=0 89ms=0 93ms=0 97ms=0 101ms=0 105ms=0 109ms=0 113ms=0 117ms=0 121ms=0 125ms=0 129ms=0 133ms=0 150ms=0 200ms=0 250ms=0 300ms=0 350ms=0 400ms=0 450ms=0 500ms=0 550ms=0 600ms=0 650ms=0 700ms=0 750ms=0 800ms=0 850ms=0 900ms=0 950ms=0 1000ms=0 1050ms=0 1100ms=0 1150ms=0 1200ms=0 1250ms=0 1300ms=0 1350ms=0 1400ms=0 1450ms=0 1500ms=0 1550ms=0 1600ms=0 1650ms=0 1700ms=0 1750ms=0 1800ms=0 1850ms=0 1900ms=0 1950ms=0 2000ms=0 2050ms=0 2100ms=0 2150ms=0 2200ms=0 2250ms=0 2300ms=0 2350ms=0 2400ms=0 2450ms=0 2500ms=0 2550ms=0 2600ms=0 2650ms=0 2700ms=0 2750ms=0 2800ms=0 2850ms=0 2900ms=0 2950ms=0 3000ms=0 3050ms=0 3100ms=0 3150ms=0 3200ms=0 3250ms=0 3300ms=0 3350ms=0 3400ms=0 3450ms=0 3500ms=0 3550ms=0 3600ms=0 3650ms=0 3700ms=0 3750ms=0 3800ms=0 3850ms=0 3900ms=0 3950ms=0 4000ms=0 4050ms=0 4100ms=0 4150ms=0 4200ms=0 4250ms=0 4300ms=0 4350ms=0 4400ms=0 4450ms=0 4500ms=0 4550ms=0 4600ms=0 4650ms=0 4700ms=0 4750ms=0 4800ms=0 4850ms=0 4900ms=0 4950ms=0
50th gpu percentile: 18ms
90th gpu percentile: 21ms
95th gpu percentile: 23ms
99th gpu percentile: 4950ms
GPU HISTOGRAM: 1ms=1 2ms=6 3ms=3 4ms=4 5ms=2 6ms=0 7ms=1 8ms=1 9ms=1 10ms=0 11ms=1 12ms=0 13ms=7 14ms=11 15ms=14 16ms=26 17ms=39 18ms=64 19ms=35 20ms=38 21ms=23 22ms=7 23ms=9 24ms=2 25ms=0 4950ms=8



---PROFILEDATA---
Flags,FrameTimelineVsyncId,IntendedVsync,Vsync,InputEventId,HandleInputStart,AnimationStart,PerformTraversalsStart,DrawStart,FrameDeadline,FrameInterval,FrameStartTime,SyncQueued,SyncStart,IssueDrawCommandsStart,SwapBuffers,FrameCompleted,DequeueBufferDuration,QueueBufferDuration,GpuCompleted,SwapBuffersCompleted,DisplayPresentTime,CommandSubmissionCompleted,
0,184819,1396109952740,1396109952740,0,1396113012873,1396113013956,1396113207123,1396113353331,1396143286072,1396113006956,16666666,1396113605206,1396114427873,1396114486706,1396115057039,1396131888331,13534792,558459,1396131888331,1396129786581,0,1396115057039,
0,184827,1396126619406,1396126619406,0,1396127683581,1396127684748,1396127948831,1396128165873,1396159952738,1396127676664,16666666,1396128838539,1396129821748,1396129905998,1396130287998,1396149128873,15279000,448917,1396149128873,1396147280331,0,1396130287998,
0,184835,1396143286072,1396143286072,0,1396144773623,1396144774539,1396145685206,1396145733664,1396176619404,1396144767748,16666666,1396146131331,1396147353873,1396147429248,1396147762831,1396164557498,14114625,445167,1396164557498,1396163303164,0,1396147762831,
0,184843,1396159952738,1396159952738,0,1396160646248,1396160647289,1396161270331,1396161316664,1396193286070,1396160640539,16666666,1396162838039,1396163329831,1396163364664,1396163643623,1396186487123,19466541,179459,1396186487123,1396184788748,0,1396163643623,
0,184851,1396176619404,1396176619404,0,1396182918748,1396182919873,1396183387748,1396183453331,1396209952736,1396182911914,16666666,1396184330914,1396184831414,1396184878206,1396185190331,1396199536206,9182625,143042,1396199536206,1396195719414,0,1396185190331,
0,184859,1396193286070,1396193286070,0,1396194162748,1396194164081,1396194567414,1396194633081,1396226619402,1396194156164,16666666,1396195134831,1396195770498,1396195810039,1396196476914,1396214937081,13169292,162417,1396214937081,1396212784331,0,1396196476914,
0,184867,1396209952736,1396209952736,0,1396211382956,1396211384289,1396211761706,1396211968289,1396243286068,1396211376414,16666666,1396212374039,1396212833831,1396213022081,1396213351706,1396232149998,15488875,121333,1396232149998,1396230478331,0,1396213351706,
0,184875,1396226619402,1396226619402,0,1396229061498,1396229122456,1396229424498,1396229469456,1396259952734,1396229046081,16666666,1396229768248,1396230504956,1396230546289,1396231371414,1396248551664,14683500,98916,1396248551664,1396246918789,0,1396231371414,
0,184883,1396243286068,1396243286068,0,1396244829789,1396244830998,1396245217706,1396245261873,1396276619400,1396244822873,16666666,1396245276456,1396246961831,1396246997789,1396247540789,1396265827998,14829333,108125,1396265827998,1396263452123,0,1396247540789,
0,184891,1396259952734,1396259952734,0,1396261587873,1396261588998,1396261986289,1396262051623,1396293286066,1396261580498,16666666,1396262395081,1396263518123,1396263572998,1396263910623,1396281313790,13527125,216583,1396281313790,1396279409581,0,1396263910623,
0,184899,1396276619400,1396276619400,0,1396277790790,1396277791915,1396278076706,1396278132998,1396309952732,1396277784331,16666666,1396278651331,1396279469998,1396279505998,1396280471581,1396319962248,38587042,98167,1396318608498,1396319962248,0,1396280471581,
0,184907,1396293286066,1396293286066,0,1396294771956,1396294773665,1396295331665,1396295393498,1396343286064,1396294760665,16666666,1396295689956,1396320538040,1396320567790,1396328180248,1396334897331,3483625,118792,1396334897331,1396333188956,0,1396328180248,
0,184915,1396309952732,1396309952732,0,1396323138748,1396323139831,1396326043248,1396326104706,1396359952730,1396323133581,16666666,1396326899956,1396333253206,1396333292081,1396333801040,1396353395331,15741041,90375,1396353395331,1396350702290,0,1396333801040,
0,184922,1396326619398,1396326619398,0,1396334086040,1396334086748,1396334537415,1396334635915,1396376619396,1396334081956,16666666,1396335376540,1396350780790,1396350825998,1396351572081,1396365246415,10251000,1178250,1396365246415,1396363770540,0,1396351572081,
0,184930,1396343286064,1396343286064,0,1396353455040,1396353455998,1396353572956,1396353621373,1396393286062,1396353448081,16666666,1396353962581,1396363844748,1396363897581,1396364440415,1396383872915,15755958,144833,1396383872915,1396381065581,0,1396364440415,
0,184938,1396359952730,1396359952730,0,1396364731206,1396364731998,1396364876498,1396364926540,1396409952728,1396364725373,16666666,1396365211165,1396381139415,1396381181456,1396382245998,1396400807206,13121708,124042,1396400807206,1396397143081,0,1396382245998,
0,184946,1396376619396,1396376619396,0,1396382467415,1396382468040,1396382890790,1396382946456,1396426619394,1396382461373,16666666,1396383227623,1396397216206,1396397260998,1396398652748,1396415595665,11634333,133250,1396415595665,1396412506498,0,1396398652748,
0,184954,1396393286062,1396393286062,0,1396398142665,1396398143248,1396399584373,1396399708331,1396443286060,1396398137498,16666666,1396401169456,1396412585040,1396412625373,1396413191581,1396430878706,14072084,348042,1396430878706,1396429731456,0,1396413191581,
0,184962,1396409952728,1396409952728,0,1396413957040,1396413958040,1396414675373,1396414739581,1396459952726,1396413949956,16666666,1396414955540,1396429802623,1396429848415,1396430193040,1396451759748,19867417,92959,1396451759748,1396450834123,0,1396430193040,
0,184970,1396426619394,1396426619394,0,1396430991706,1396430992331,1396431137081,1396431189456,1396476619392,1396430985915,16666666,1396431205998,1396450911373,1396450950331,1396451229790,1396469463956,12765833,72834,1396469463956,1396464578081,0,1396451229790,
0,184978,1396443286060,1396443286060,0,1396451414790,1396451415040,1396451485415,1396451519540,1396493286058,1396451411290,16666666,1396451711248,1396464645998,1396464687498,1396465234498,1396480130415,10272916,1497167,1396469794290,1396480130415,0,1396465234498,
0,184986,1396459952726,1396459952726,0,1396465369456,1396465370040,1396465756873,1396465816331,1396509952724,1396465364790,16666666,1396466144456,1396480425915,1396480483998,1396480916956,1396502457998,18150792,141625,1396502457998,1396500448665,0,1396480916956,
0,184994,1396476619392,1396476619392,0,1396481270373,1396481270748,1396481382873,1396481420706,1396526619390,1396481266998,16666666,1396481621748,1396500528373,1396500568831,1396501205456,1396516931956,10037458,554917,1396516931956,1396512559206,0,1396501205456,
0,185002,1396493286058,1396493286058,0,1396503673290,1396503673790,1396503771081,1396503809706,1396543286056,1396503669748,16666666,1396504163415,1396513002331,1396513024081,1396513301498,1396531407081,14384750,536208,1396516962956,1396531407081,0,1396513301498,
0,185010,1396509952724,1396509952724,0,1396514165081,1396514165456,1396514239706,1396514272748,1396559952722,1396514161581,16666666,1396514450873,1396531489540,1396531544456,1396531922831,1396551074790,14251458,228333,1396551074790,1396547133873,0,1396531922831,
0,185018,1396526619390,1396526619390,0,1396535483623,1396535484290,1396535641248,1396535684456,1396576619388,1396535478581,16666666,1396535939373,1396547205706,1396547243248,1396547537415,1396562580540,11402542,755250,1396551120081,1396562580540,0,1396547537415,
0,185026,1396543286056,1396543286056,0,1396547703831,1396547704081,1396547773290,1396547814123,1396593286054,1396547700498,16666666,1396548857456,1396562642873,1396562680998,1396563742040,1396581681415,14525542,83792,1396581681415,1396579206623,0,1396563742040,
0,185034,1396559952722,1396559952722,0,1396563807706,1396563808123,1396563874831,1396563909998,1396609952720,1396563804081,16666666,1396564919831,1396579290623,1396579340248,1396579761498,1396597593748,13928000,133792,1396597593748,1396595674498,0,1396579761498,
0,185042,1396576619388,1396576619388,0,1396580650623,1396580651206,1396580776498,1396580822456,1396626619386,1396580645581,16666666,1396581098165,1396595740956,1396595782040,1396596648123,1396613719706,14860958,182500,1396613719706,1396612588248,0,1396596648123,
0,185050,1396593286054,1396593286054,0,1396598107831,1396598108623,1396598831665,1396598868456,1396643286052,1396598102290,16666666,1396599201956,1396612655915,1396612697665,1396612994206,1396632408873,16083042,182625,1396632408873,1396629863415,0,1396612994206,
0,185058,1396609952720,1396609952720,0,1396613357665,1396613357956,1396613618206,1396613667581,1396659952718,1396613354415,16666666,1396613915498,1396629935623,1396629981290,1396631163748,1396650055040,15808167,208916,1396650055040,1396648501456,0,1396631163748,
0,185066,1396626619386,1396626619386,0,1396630659998,1396630660498,1396631000623,1396631045456,1396676619384,1396630655498,16666666,1396631710040,1396648584540,1396648630956,1396649299165,1396665382248,13838541,116375,1396665382248,1396663981873,0,1396649299165,
0,185074,1396643286052,1396643286052,0,1396649618123,1396649618456,1396649707456,1396649750290,1396693286050,1396649613915,16666666,1396650121706,1396664201456,1396664270040,1396664633456,1396684113373,16442000,104667,1396684113373,1396681892956,0,1396664633456,
0,185082,1396659952718,1396659952718,0,1396665903415,1396665904498,1396666147790,1396666190498,1396709952716,1396665898290,16666666,1396666400540,1396681964331,1396682004415,1396682300790,1396701593331,15685250,400541,1396701593331,1396699884081,0,1396682300790,
0,185090,1396676619384,1396676619384,0,1396684493498,1396684494040,1396684588290,1396684624415,1396726619382,1396684488123,16666666,1396685422248,1396699965373,1396700157331,1396700647331,1396715731415,12350417,246458,1396715731415,1396714019081,0,1396700647331,
0,185098,1396693286050,1396693286050,0,1396700934415,1396700934748,1396701106956,1396701146706,1396743286048,1396700930956,16666666,1396701349498,1396714098415,1396714149331,1396714461956,1396735275248,17072875,534833,1396735275248,1396733128290,0,1396714461956,
0,185106,1396709952716,1396709952716,0,1396717919456,1396717920248,1396718000206,1396718033165,1396759952714,1396717913623,16666666,1396718241915,1396733199623,1396733240581,1396733728915,1396750603331,14052375,367667,1396750603331,1396749394581,0,1396733728915,
0,185114,1396726619382,1396726619382,0,1396735051665,1396735052331,1396735222873,1396735260915,1396776619380,1396735047956,16666666,1396735458748,1396749466123,1396749508623,1396749833165,1396764731331,12172208,193750,1396764731331,1396762828998,0,1396749833165,
0,185122,1396743286048,1396743286048,0,1396750222790,1396750223206,1396750299081,1396750339331,1396793286046,1396750218873,16666666,1396750602415,1396763308581,1396763355373,1396763663290,1396781460915,14733708,217583,1396781460915,1396779536706,0,1396763663290,
0,185130,1396759952714,1396759952714,0,1396764944415,1396764945331,1396765117248,1396765174581,1396809952712,1396764939581,16666666,1396765502748,1396779621123,1396779743998,1396780465165,1396797330456,14164959,151166,1396797330456,1396795711331,0,1396780465165,
0,185138,1396776619380,1396776619380,0,1396780819165,1396780819706,1396780926331,1396781174456,1396826619378,1396780815456,16666666,1396781294706,1396795798706,1396795862623,1396796596331,1396814988290,16233458,149958,1396814988290,1396813627248,0,1396796596331,
0,185146,1396793286046,1396793286046,0,1396798005373,1396798006081,1396798085040,1396798118165,1396843286044,1396798000456,16666666,1396798129665,1396813716165,1396813761665,1396814104998,1396836888623,19043584,164125,1396836888623,1396834100040,0,1396814104998,
0,185154,1396809952712,1396809952712,0,1396814343581,1396814343831,1396814424081,1396814458373,1396859952710,1396814340081,16666666,1396814639623,1396834169540,1396834852581,1396835220206,1396848969331,10071083,133667,1396848969331,1396847039415,0,1396835220206,
0,185162,1396826619378,1396826619378,0,1396835859998,1396835860456,1396835978165,1396836244498,1396876619376,1396835856165,16666666,1396836598331,1396847128956,1396847186665,1396847606748,1396864286081,14092500,227375,1396864286081,1396863170331,0,1396847606748,
0,185170,1396843286044,1396843286044,0,1396849128748,1396849129540,1396849331331,1396849381790,1396893286042,1396849122248,16666666,1396849606248,1396863241123,1396863284456,1396863578706,1396880640415,14723042,98500,1396880640415,1396879061831,0,1396863578706,
0,185178,1396859952710,1396859952710,0,1396865102623,1396865103040,1396865226956,1396865272331,1396909952708,1396865098248,16666666,1396865520123,1396879232748,1396879273373,1396879710748,1396897496540,14963750,182042,1396897496540,1396895705165,0,1396879710748,
0,185186,1396876619376,1396876619376,0,1396881105206,1396881105748,1396881307706,1396881354790,1396926619374,1396881097998,16666666,1396881604831,1396895774706,1396895842206,1396896401665,1396915201456,16434708,178250,1396915201456,1396914005748,0,1396896401665,
0,185194,1396893286042,1396893286042,0,1396899499665,1396899500498,1396899646831,1396899689998,1396943286040,1396899492956,16666666,1396899941706,1396914184623,1396914231706,1396914560581,1396931369748,14394084,104667,1396931369748,1396929677706,0,1396914560581,
0,185202,1396909952708,1396909952708,0,1396916125415,1396916126165,1396916281248,1396916329790,1396959952706,1396916120748,16666666,1396916600123,1396929755790,1396929800456,1396930187956,1396948796956,16024334,101583,1396948796956,1396947446665,0,1396930187956,
0,185210,1396926619374,1396926619374,0,1396932654165,1396932654706,1396932765331,1396932806040,1396976619372,1396932643998,16666666,1396933033998,1396947516415,1396947555790,1396947926581,1396964333415,13997792,130542,1396964333415,1396962882706,0,1396947926581,
0,185218,1396943286040,1396943286040,0,1396948533165,1396948533581,1396948661915,1396948702373,1396993286038,1396948528873,16666666,1396948934665,1396962963665,1396963040915,1396963389415,1396983212082,17133251,439417,1396983212082,1396981581790,0,1396963389415,
0,185226,1396959952706,1396959952706,0,1396964494998,1396964495498,1396964586956,1396964628456,1397009952704,1396964489831,16666666,1396964750165,1396981654582,1396981697748,1396982280498,1396998330207,13977000,153500,1396998330207,1396997242873,0,1396982280498,
0,185234,1396976619372,1396976619372,0,1396982784373,1396982785040,1396982944415,1396982988540,1397026619370,1396982779457,16666666,1396983015707,1396997315707,1396997355873,1396997650748,1397014944290,14405166,94334,1397014944290,1397012796248,0,1396997650748,
0,185242,1396993286038,1396993286038,0,1396997889082,1396997889415,1396997971373,1396998012498,1397043286036,1396997885290,16666666,1396998229498,1397012866457,1397012906207,1397013968165,1397032387498,15106250,87291,1397032387498,1397030099665,0,1397013968165,
0,185250,1397009952704,1397009952704,0,1397013589540,1397013590123,1397013725165,1397013777123,1397059952702,1397013585165,16666666,1397014503207,1397030169957,1397030208207,1397030607873,1397047061040,13052583,405042,1397047061040,1397045491332,0,1397030607873,
0,185258,1397026619370,1397026619370,0,1397031624540,1397031625123,1397031771123,1397031822165,1397076619368,1397031620498,16666666,1397032653665,1397045563373,1397045637540,1397045931665,1397063156623,14862500,140833,1397063156623,1397061976998,0,1397045931665,
0,185266,1397043286036,1397043286036,0,1397046305748,1397046306123,1397046375748,1397046413873,1397093286034,1397046302123,16666666,1397046628290,1397062044873,1397062083373,1397062360207,1397080455498,15673875,187666,1397080455498,1397078970540,0,1397062360207,
0,185274,1397059952702,1397059952702,0,1397062601165,1397062601665,1397062677498,1397062714332,1397109952700,1397062597457,16666666,1397062972123,1397079064540,1397079118748,1397079502623,1397097692290,15114875,496750,1397097692290,1397095717832,0,1397079502623,
0,185282,1397076619368,1397076619368,0,1397081323082,1397081323582,1397081422082,1397081456790,1397126619366,1397081318540,16666666,1397081660790,1397095803290,1397095886415,1397096503290,1397114246748,15363000,566125,1397114246748,1397113140915,0,1397096503290,
0,185290,1397093286034,1397093286034,0,1397096544873,1397096545415,1397096634540,1397096671540,1397143286032,1397096540707,16666666,1397096870665,1397113220748,1397113312165,1397113644123,1397131960832,15393584,91250,1397131960832,1397129694248,0,1397113644123,
0,185298,1397109952700,1397109952700,0,1397113899415,1397113899707,1397114070123,1397114113957,1397159952698,1397113895582,16666666,1397114374540,1397129768457,1397129811957,1397130242040,1397145921498,13907458,162917,1397131971248,1397145921498,0,1397130242040,
0,185306,1397126619366,1397126619366,0,1397130572207,1397130572623,1397130712248,1397130755373,1397176619364,1397130568207,16666666,1397130981832,1397145983998,1397146020290,1397146300540,1397162824540,14798500,106292,1397162824540,1397161928915,0,1397146300540,
0,185314,1397143286032,1397143286032,0,1397146974790,1397146975332,1397147301665,1397147339373,1397193286030,1397146970290,16666666,1397147446832,1397161990832,1397162033582,1397162309415,1397180484623,16348958,83000,1397180484623,1397179224332,0,1397162309415,
0,185322,1397159952698,1397159952698,0,1397163302748,1397163303332,1397163385290,1397163421748,1397209952696,1397163297457,16666666,1397163432332,1397179300957,1397179336790,1397179622915,1397196505207,14690625,88084,1397196505207,1397195235498,0,1397179622915,
0,185330,1397176619364,1397176619364,0,1397179982290,1397179982832,1397180392040,1397180444540,1397226619362,1397179977957,16666666,1397181079498,1397195291832,1397195329582,1397195597873,1397213525082,16116709,175875,1397213525082,1397212688207,0,1397195597873,
0,185338,1397193286030,1397193286030,0,1397195764332,1397195764582,1397195859082,1397195894040,1397243286028,1397195761040,16666666,1397196201332,1397212751915,1397212787498,1397213079623,1397229913915,15224542,74125,1397229913915,1397228805040,0,1397213079623,
0,185346,1397209952696,1397209952696,0,1397213591998,1397213592665,1397214133040,1397214177623,1397259952694,1397213586457,16666666,1397214392498,1397228877498,1397228916540,1397229205998,1397246766207,15719500,121250,1397246766207,1397245708165,0,1397229205998,
0,185354,1397226619362,1397226619362,0,1397229418707,1397229418998,1397230102957,1397230287873,1397276619360,1397229415123,16666666,1397230559623,1397245772790,1397245832373,1397246103332,1397263587457,15801000,101375,1397263587457,1397262630165,0,1397246103332,
0,185362,1397243286028,1397243286028,0,1397246361957,1397246362623,1397246742873,1397246796040,1397293286026,1397246357998,16666666,1397247213832,1397262696748,1397262736623,1397263010457,1397280229082,15190291,87375,1397280229082,1397278835290,0,1397263010457,
0,185370,1397259952694,1397259952694,0,1397265265832,1397265266332,1397265334082,1397265363040,1397309952692,1397265260873,16666666,1397265540540,1397278896040,1397278934957,1397279232207,1397297224498,15189417,261208,1397297224498,1397295468457,0,1397279232207,
0,185378,1397276619360,1397276619360,0,1397279664957,1397279665332,1397279795748,1397279831582,1397326619358,1397279660748,16666666,1397280243415,1397295537332,1397295577957,1397295856623,1397315315498,17160041,130209,1397315315498,1397314446540,0,1397295856623,
0,185386,1397293286026,1397293286026,0,1397296227832,1397296228248,1397296374498,1397296421415,1397343286024,1397296223707,16666666,1397296967332,1397314514790,1397314552290,1397314838582,1397330535373,14005958,79791,1397330535373,1397329366707,0,1397314838582,
0,185394,1397309952692,1397309952692,0,1397315043165,1397315043498,1397315235957,1397315276290,1397359952690,1397315039248,16666666,1397315591915,1397329435540,1397329477082,1397329824832,1397346589165,14595875,117125,1397346589165,1397345200623,0,1397329824832,
0,185402,1397326619358,1397326619358,0,1397330296540,1397330296998,1397330586207,1397330632290,1397376619356,1397330292707,16666666,1397330766957,1397345267540,1397345308457,1397345874623,1397363272665,15513958,149167,1397363272665,1397362165165,0,1397345874623,
0,185410,1397343286024,1397343286024,0,1397346305415,1397346305998,1397346800790,1397346850790,1397393286022,1397346300832,16666666,1397346863623,1397362226123,1397362262832,1397362592665,1397379760040,15399959,83417,1397379760040,1397378726540,0,1397362592665,
0,185418,1397359952690,1397359952690,0,1397362742582,1397362742832,1397362862415,1397362896748,1397409952688,1397362739165,16666666,1397363178040,1397378795665,1397378834873,1397379109540,1397398277998,17049500,94416,1397398277998,1397396869748,0,1397379109540,
0,185426,1397376619356,1397376619356,0,1397380385623,1397380386457,1397380592623,1397380648332,1397426619354,1397380379123,16666666,1397380950665,1397396941957,1397397007832,1397397586082,1397413411040,13955292,98917,1397413411040,1397412308332,0,1397397586082,
0,185434,1397393286022,1397393286022,0,1397397489415,1397397489957,1397397624498,1397397668332,1397443286020,1397397485582,16666666,1397397870623,1397412377040,1397412416415,1397412721623,1397432570040,15916834,98167,1397432570040,1397429380540,0,1397412721623,
0,185442,1397409952688,1397409952688,0,1397412956248,1397412956498,1397413145165,1397413231957,1397459952686,1397412952332,16666666,1397413575790,1397429449582,1397429489665,1397429783582,1397450251248,16535750,655792,1397450251248,1397449166498,0,1397429783582,
0,185450,1397426619354,1397426619354,0,1397430193707,1397430194332,1397430326082,1397430381290,1397476619352,1397430188832,16666666,1397430699082,1397449236207,1397449274123,1397449544332,1397465361623,13024042,189167,1397465361623,1397463325832,0,1397449544332,
0,185458,1397443286020,1397443286020,0,1397450960248,1397450960707,1397451071707,1397451100832,1397493286018,1397450955498,16666666,1397451296957,1397463391707,1397463432248,1397464616748,1397487056748,18561292,88875,1397487056748,1397484213123,0,1397464616748,
0,185466,1397459952686,1397459952686,0,1397464594957,1397464595415,1397464702915,1397464737165,1397509952684,1397464590457,16666666,1397464927957,1397484378040,1397484524207,1397485010873,1397498208623,9637875,154625,1397498208623,1397496805082,0,1397485010873,
0,185474,1397476619352,1397476619352,0,1397485194165,1397485194873,1397485612123,1397485694498,1397526619350,1397485189498,16666666,1397486444998,1397496899915,1397496991165,1397497397915,1397516495790,15727292,176125,1397516495790,1397514054707,0,1397497397915,
0,185482,1397493286018,1397493286018,0,1397499127832,1397499128332,1397499473165,1397499514415,1397543286016,1397499124040,16666666,1397500404748,1397514148790,1397514234665,1397515507165,1397531811623,12910334,268916,1397531811623,1397529471290,0,1397515507165,
0,185490,1397509952684,1397509952684,0,1397515433707,1397515434248,1397515688082,1397515746290,1397559952682,1397515427290,16666666,1397515934290,1397529534623,1397529579415,1397531116082,1397550709123,16496542,149167,1397550709123,1397548377082,0,1397531116082,
0,185498,1397526619350,1397526619350,0,1397530797623,1397530798248,1397530910415,1397530952873,1397576619348,1397530791957,16666666,1397530964665,1397548453790,1397548492790,1397548941290,1397565198165,12996041,370625,1397565198165,1397563761332,0,1397548941290,
0,185506,1397543286016,1397543286016,0,1397549913415,1397549913915,1397550094540,1397550144290,1397593286014,1397549907457,16666666,1397550422248,1397563828623,1397563868748,1397564211623,1397585280415,16925500,261500,1397585280415,1397582389248,0,1397564211623,
0,185514,1397559952682,1397559952682,0,1397565644373,1397565645165,1397565726332,1397565764832,1397609952680,1397565639540,16666666,1397566064373,1397583008332,1397583055748,1397583432290,1397597834040,10569542,263333,1397597834040,1397595924040,0,1397583432290,
0,185522,1397576619348,1397576619348,0,1397585700915,1397585701998,1397585863915,1397585919082,1397626619346,1397585693040,16666666,1397586202373,1397595986832,1397596084248,1397596597123,1397613931665,14615208,414750,1397613931665,1397612534123,0,1397596597123,
0,185530,1397593286014,1397593286014,0,1397596759040,1397596759790,1397597085165,1397597134707,1397643286012,1397596752082,16666666,1397597451665,1397612604373,1397612643540,1397612972540,1397630577790,15249750,297791,1397630577790,1397629232123,0,1397612972540,
0,185538,1397609952680,1397609952680,0,1397613344623,1397613345165,1397613631165,1397613696832,1397659952678,1397613339040,16666666,1397614209332,1397629294957,1397629332498,1397629592415,1397648641415,16110875,226000,1397648641415,1397646773665,0,1397629592415,
0,185546,1397626619346,1397626619346,0,1397632242873,1397632243665,1397632402207,1397632453582,1397676619344,1397632235998,16666666,1397632775832,1397646897373,1397646952165,1397647535790,1397675148540,21716250,314959,1397675148540,1397670433290,0,1397647535790,
0,185554,1397643286012,1397643286012,0,1397647891915,1397647892623,1397648251082,1397648301165,1397693286010,1397647886998,16666666,1397648826790,1397670487915,1397670527832,1397671017832,1397679475249,3868708,443959,1397675560415,1397679475249,0,1397671017832,
0,185562,1397659952678,1397659952678,0,1397675578790,1397675579290,1397675657832,1397675759499,1397709952676,1397675574832,16666666,1397675991957,1397679540249,1397679577832,1397680346499,1397697475457,14056291,114917,1397697475457,1397695638415,0,1397680346499,
0,185570,1397676619344,1397676619344,0,1397680633665,1397680634082,1397680732499,1397680827124,1397726619342,1397680629790,16666666,1397681027207,1397695857165,1397695898457,1397696927749,1397717039749,18107958,84792,1397717039749,1397715665290,0,1397696927749,
0,185578,1397693286010,1397693286010,0,1397697425624,1397697426165,1397697761624,1397697816332,1397743286008,1397697421165,16666666,1397697980915,1397715738332,1397715784790,1397716305290,1397734514165,13845791,122458,1397734514165,1397731673707,0,1397716305290,
0,185586,1397709952676,1397709952676,0,1397717479040,1397717479999,1397717748415,1397717796207,1397759952674,1397717473207,16666666,1397717811374,1397731805165,1397731867957,1397732796999,1397749636332,13233000,686416,1397749636332,1397747805582,0,1397732796999,
0,185594,1397726619342,1397726619342,0,1397732555874,1397732556082,1397732791499,1397732829374,1397776619340,1397732552249,16666666,1397733034832,1397747875499,1397747913249,1397748301082,1397765483499,13943500,615959,1397765483499,1397763631165,0,1397748301082,
0,185602,1397743286008,1397743286008,0,1397748916415,1397748917374,1397749888249,1397749952457,1397793286006,1397748911332,16666666,1397750423582,1397763694499,1397763734582,1397764421707,1397783448207,16039334,125458,1397783448207,1397781588624,0,1397764421707,
0,185610,1397759952674,1397759952674,0,1397764455790,1397764456457,1397764860290,1397764910874,1397809952672,1397764451082,16666666,1397765191832,1397781669249,1397781708999,1397782024499,1397799975707,15163792,171542,1397799975707,1397798675499,0,1397782024499,
0,185618,1397776619340,1397776619340,0,1397782610624,1397782611290,1397782713707,1397782754957,1397826619338,1397782606249,16666666,1397782961415,1397798749165,1397798794165,1397799101249,1397815475332,12998666,106834,1397815475332,1397814318040,0,1397799101249,
0,185626,1397793286006,1397793286006,0,1397799512915,1397799513624,1397799683249,1397799740415,1397843286004,1397799508165,16666666,1397800372207,1397814396540,1397814465374,1397814813290,1397835190540,16173833,112750,1397835190540,1397831714457,0,1397814813290,
0,185634,1397809952672,1397809952672,0,1397816370999,1397816371832,1397816457999,1397816484749,1397859952670,1397816366457,16666666,1397816816749,1397831783165,1397831825290,1397834209165,1397847482624,11092667,142708,1397847482624,1397846398665,0,1397834209165,
0,185642,1397826619338,1397826619338,0,1397835736915,1397835737415,1397835908332,1397835944040,1397876619336,1397835732124,16666666,1397836215582,1397846478040,1397846549082,1397846866332,1397868617749,17953667,134292,1397868617749,1397865506624,0,1397846866332,
0,185650,1397843286004,1397843286004,0,1397847049790,1397847050207,1397847145582,1397847199290,1397893286002,1397847046290,16666666,1397847475332,1397865575290,1397865614540,1397865928540,1397883677874,13023917,118083,1397883677874,1397881708457,0,1397865928540,
0,185658,1397859952670,1397859952670,0,1397867381124,1397867382040,1397867780540,1397867832124,1397909952668,1397867376165,16666666,1397868407582,1397881793957,1397881841624,1397882279915,1397898236124,12295583,451334,1397898236124,1397896518415,0,1397882279915,
0,185666,1397876619336,1397876619336,0,1397882941707,1397882942415,1397883098749,1397883157082,1397926619334,1397882936415,16666666,1397883341749,1397896595749,1397896642165,1397897537499,1397918056540,16024250,233958,1397918056540,1397914319040,0,1397897537499,
0,185674,1397893286002,1397893286002,0,1397897982874,1397897984207,1397898229457,1397898280832,1397943286000,1397897977790,16666666,1397898296582,1397914393082,1397914429332,1397915299124,1397936212915,16372292,156042,1397936212915,1397934484749,0,1397915299124,
0,185682,1397909952668,1397909952668,0,1397914876624,1397914877165,1397914922707,1397914956249,1397959952666,1397914873415,16666666,1397915136040,1397934554707,1397934600499,1397934895624,1397947390624,10023208,265500,1397947390624,1397946286165,0,1397934895624,
0,185690,1397926619334,1397926619334,0,1397935216832,1397935217582,1397935303290,1397935358499,1397976619332,1397935211540,16666666,1397935636415,1397946351290,1397946385915,1397946673124,1397966245707,17519958,77917,1397966245707,1397964993832,0,1397946673124,
0,185698,1397943286000,1397943286000,0,1397946825374,1397946825665,1397946896624,1397946942999,1397993285998,1397946821832,16666666,1397947138499,1397965062457,1397965101332,1397965406540,1397980591540,13070417,94166,1397980591540,1397979375790,0,1397965406540,
0,185706,1397959952666,1397959952666,0,1397965554957,1397965555249,1397965624582,1397965661540,1398009952664,1397965551624,16666666,1397965861790,1397979449582,1397979498082,1397979822790,1398001844957,15778500,176750,1398001844957,1397996569457,0,1397979822790,
0,185714,1397976619332,1397976619332,0,1397980581832,1397980582415,1397980912874,1397980952040,1398026619330,1397980577249,16666666,1397981143582,1397996655707,1397997151665,1398000394957,1398013346832,10482542,113875,1398013346832,1398012437707,0,1398000394957,
0,185722,1397993285998,1397993285998,0,1397999209957,1397999210415,1397999805499,1397999840874,1398043285996,1397999206165,16666666,1398000130499,1398012507374,1398012545707,1398012832790,1398031459749,16930666,84709,1398031459749,1398030325457,0,1398012832790,
0,185730,1398009952664,1398009952664,0,1398013023207,1398013023457,1398013263249,1398013297999,1398059952662,1398013020040,16666666,1398013613082,1398030388624,1398030429915,1398030731040,1398047406915,14807875,91292,1398047406915,1398046314749,0,1398030731040,
0,185738,1398026619330,1398026619330,0,1398031105332,1398031105915,1398031449040,1398031502124,1398076619328,1398031099624,16666666,1398031895582,1398046385957,1398046422624,1398046706582,1398064391749,14874208,86125,1398064391749,1398062338707,0,1398046706582,
0,185746,1398043285996,1398043285996,0,1398047047540,1398047048040,1398047307332,1398047365457,1398093285994,1398047043499,16666666,1398047963040,1398062407249,1398062446290,1398063633665,1398081715082,16180625,79958,1398081715082,1398080621332,0,1398063633665,
0,185754,1398059952662,1398059952662,0,1398063594832,1398063595499,1398064266415,1398064336374,1398109952660,1398063589457,16666666,1398064868374,1398080697207,1398080740540,1398081120957,1398098322332,15356333,90583,1398098322332,1398097138957,0,1398081120957,
0,185762,1398076619328,1398076619328,0,1398082510874,1398082511374,1398082601540,1398082637915,1398126619326,1398082506457,16666666,1398082647499,1398097219749,1398097266082,1398097611790,1398113011124,13652625,92166,1398113011124,1398112077374,0,1398097611790,
0,185770,1398093285994,1398093285994,0,1398097851874,1398097852707,1398097986749,1398098030540,1398109952660,1398097847540,16666666,1398098500374,1398112151124,1398112203999,1398112530999,1396116192206,16009625,88542,1396116192206,1398129101499,0,1398112530999,
---PROFILEDATA---


View hierarchy:

  dev.polski.grammarmatrix/dev.polski.grammarmatrix.GlassBenchmarkActivity/android.view.ViewRootImpl@af271ea
  7 views, 12.08 kB of render nodes


Total ViewRootImpl   : 1
Total attached Views : 7
Total RenderNode     : 12.08 kB (used) / 36.09 kB (capacity)