Applications Graphics Acceleration Info:
Uptime: 1347210 Realtime: 1347210

** Graphics info for pid 5729 [dev.polski.grammarmatrix] **

Stats since: 1342125468305ns
Total frames rendered: 306
Janky frames: 0 (0.00%)
Janky frames (legacy): 1 (0.33%)
50th percentile: 17ms
90th percentile: 17ms
95th percentile: 18ms
99th percentile: 20ms
Number Missed Vsync: 0
Number High input latency: 612
Number Slow UI thread: 0
Number Slow bitmap uploads: 0
Number Slow issue draw commands: 0
Number Frame deadline missed: 0
Number Frame deadline missed (legacy): 0
HISTOGRAM: 5ms=15 6ms=1 7ms=0 8ms=0 9ms=0 10ms=0 11ms=1 12ms=1 13ms=1 14ms=0 15ms=0 16ms=74 17ms=192 18ms=16 19ms=1 20ms=1 21ms=1 22ms=0 23ms=0 24ms=0 25ms=0 26ms=1 27ms=1 28ms=0 29ms=0 30ms=0 31ms=0 32ms=0 34ms=0 36ms=0 38ms=0 40ms=0 42ms=0 44ms=0 46ms=0 48ms=0 53ms=0 57ms=0 61ms=0 65ms=0 69ms=0 73ms=0 77ms=0 81ms=0 85ms=0 89ms=0 93ms=0 97ms=0 101ms=0 105ms=0 109ms=0 113ms=0 117ms=0 121ms=0 125ms=0 129ms=0 133ms=0 150ms=0 200ms=0 250ms=0 300ms=0 350ms=0 400ms=0 450ms=0 500ms=0 550ms=0 600ms=0 650ms=0 700ms=0 750ms=0 800ms=0 850ms=0 900ms=0 950ms=0 1000ms=0 1050ms=0 1100ms=0 1150ms=0 1200ms=0 1250ms=0 1300ms=0 1350ms=0 1400ms=0 1450ms=0 1500ms=0 1550ms=0 1600ms=0 1650ms=0 1700ms=0 1750ms=0 1800ms=0 1850ms=0 1900ms=0 1950ms=0 2000ms=0 2050ms=0 2100ms=0 2150ms=0 2200ms=0 2250ms=0 2300ms=0 2350ms=0 2400ms=0 2450ms=0 2500ms=0 2550ms=0 2600ms=0 2650ms=0 2700ms=0 2750ms=0 2800ms=0 2850ms=0 2900ms=0 2950ms=0 3000ms=0 3050ms=0 3100ms=0 3150ms=0 3200ms=0 3250ms=0 3300ms=0 3350ms=0 3400ms=0 3450ms=0 3500ms=0 3550ms=0 3600ms=0 3650ms=0 3700ms=0 3750ms=0 3800ms=0 3850ms=0 3900ms=0 3950ms=0 4000ms=0 4050ms=0 4100ms=0 4150ms=0 4200ms=0 4250ms=0 4300ms=0 4350ms=0 4400ms=0 4450ms=0 4500ms=0 4550ms=0 4600ms=0 4650ms=0 4700ms=0 4750ms=0 4800ms=0 4850ms=0 4900ms=0 4950ms=0
50th gpu percentile: 15ms
90th gpu percentile: 16ms
95th gpu percentile: 16ms
99th gpu percentile: 18ms
GPU HISTOGRAM: 1ms=0 2ms=16 3ms=1 4ms=0 5ms=0 6ms=0 7ms=1 8ms=0 9ms=1 10ms=2 11ms=3 12ms=2 13ms=7 14ms=28 15ms=172 16ms=63 17ms=6 18ms=2 19ms=1 20ms=0 21ms=0 22ms=0 23ms=0 24ms=0 25ms=1 4950ms=0

Pipeline=Skia (OpenGL)
Memory policy:
  Max surface area: 2592000
  Max resource usage: 124.42MB (x48)
  Background retention: 50% (altUiHidden = true)
  GPU Context timeout: 10
Contexts: 1 (stopped = 0)
CPU Caches:
  Glyph Cache: 33.70 KB (1 entry)
  Glyph Count: 11 
Total CPU memory usage:
  34510 bytes, 33.70 KB (0.00 bytes is purgeable)
GPU Caches:
  Other:
    Other: 25.17 KB (1 entry)
    Buffer Object: 36.00 KB (1 entry)
  Scratch:
    Buffer Object: 80.00 KB (2 entries)
    Texture: 2.00 MB (1 entry)
Total GPU memory usage:
  2241712 bytes, 2.14 MB (68.00 KB is purgeable)

GraphicBufferAllocator buffers:
        Handle |        Size |     W (Stride) x H | Layers |   Format |      Usage | Requestor
0xb400007b2c426750 |     unknown | 1080 (   0) x 2400 |      1 |        1 | 0x     b00 | VRI[GlassBenchmarkActivity]#0(BLAST Consumer)0
0xb400007b2c426900 |     unknown | 1080 (   0) x 2400 |      1 |        1 | 0x     b00 | VRI[GlassBenchmarkActivity]#0(BLAST Consumer)0
0xb400007b2c437e50 |     unknown | 1080 (   0) x 2400 |      1 |        1 | 0x     b00 | VRI[GlassBenchmarkActivity]#0(BLAST Consumer)0
Total allocated by GraphicBufferAllocator (estimate): 0.00 KB
GoldfishAllocator::dumpDebugInfo is not implemented
Profile data in ms:

	dev.polski.grammarmatrix/dev.polski.grammarmatrix.GlassBenchmarkActivity/android.view.ViewRootImpl@af271ea (visibility=0)
Window: dev.polski.grammarmatrix/dev.polski.grammarmatrix.GlassBenchmarkActivity
Stats since: 1342125468097ns
Total frames rendered: 306
Janky frames: 0 (0.00%)
Janky frames (legacy): 1 (0.33%)
50th percentile: 17ms
90th percentile: 17ms
95th percentile: 18ms
99th percentile: 20ms
Number Missed Vsync: 0
Number High input latency: 612
Number Slow UI thread: 0
Number Slow bitmap uploads: 0
Number Slow issue draw commands: 0
Number Frame deadline missed: 0
Number Frame deadline missed (legacy): 0
HISTOGRAM: 5ms=15 6ms=1 7ms=0 8ms=0 9ms=0 10ms=0 11ms=1 12ms=1 13ms=1 14ms=0 15ms=0 16ms=74 17ms=192 18ms=16 19ms=1 20ms=1 21ms=1 22ms=0 23ms=0 24ms=0 25ms=0 26ms=1 27ms=1 28ms=0 29ms=0 30ms=0 31ms=0 32ms=0 34ms=0 36ms=0 38ms=0 40ms=0 42ms=0 44ms=0 46ms=0 48ms=0 53ms=0 57ms=0 61ms=0 65ms=0 69ms=0 73ms=0 77ms=0 81ms=0 85ms=0 89ms=0 93ms=0 97ms=0 101ms=0 105ms=0 109ms=0 113ms=0 117ms=0 121ms=0 125ms=0 129ms=0 133ms=0 150ms=0 200ms=0 250ms=0 300ms=0 350ms=0 400ms=0 450ms=0 500ms=0 550ms=0 600ms=0 650ms=0 700ms=0 750ms=0 800ms=0 850ms=0 900ms=0 950ms=0 1000ms=0 1050ms=0 1100ms=0 1150ms=0 1200ms=0 1250ms=0 1300ms=0 1350ms=0 1400ms=0 1450ms=0 1500ms=0 1550ms=0 1600ms=0 1650ms=0 1700ms=0 1750ms=0 1800ms=0 1850ms=0 1900ms=0 1950ms=0 2000ms=0 2050ms=0 2100ms=0 2150ms=0 2200ms=0 2250ms=0 2300ms=0 2350ms=0 2400ms=0 2450ms=0 2500ms=0 2550ms=0 2600ms=0 2650ms=0 2700ms=0 2750ms=0 2800ms=0 2850ms=0 2900ms=0 2950ms=0 3000ms=0 3050ms=0 3100ms=0 3150ms=0 3200ms=0 3250ms=0 3300ms=0 3350ms=0 3400ms=0 3450ms=0 3500ms=0 3550ms=0 3600ms=0 3650ms=0 3700ms=0 3750ms=0 3800ms=0 3850ms=0 3900ms=0 3950ms=0 4000ms=0 4050ms=0 4100ms=0 4150ms=0 4200ms=0 4250ms=0 4300ms=0 4350ms=0 4400ms=0 4450ms=0 4500ms=0 4550ms=0 4600ms=0 4650ms=0 4700ms=0 4750ms=0 4800ms=0 4850ms=0 4900ms=0 4950ms=0
50th gpu percentile: 15ms
90th gpu percentile: 16ms
95th gpu percentile: 16ms
99th gpu percentile: 18ms
GPU HISTOGRAM: 1ms=0 2ms=16 3ms=1 4ms=0 5ms=0 6ms=0 7ms=1 8ms=0 9ms=1 10ms=2 11ms=3 12ms=2 13ms=7 14ms=28 15ms=172 16ms=63 17ms=6 18ms=2 19ms=1 20ms=0 21ms=0 22ms=0 23ms=0 24ms=0 25ms=1 4950ms=0



---PROFILEDATA---
Flags,FrameTimelineVsyncId,IntendedVsync,Vsync,InputEventId,HandleInputStart,AnimationStart,PerformTraversalsStart,DrawStart,FrameDeadline,FrameInterval,FrameStartTime,SyncQueued,SyncStart,IssueDrawCommandsStart,SwapBuffers,FrameCompleted,DequeueBufferDuration,QueueBufferDuration,GpuCompleted,SwapBuffersCompleted,DisplayPresentTime,CommandSubmissionCompleted,
0,160738,1345226621442,1345226621442,0,1345228077307,1345228078223,1345228243057,1345228290265,1345259954774,1345228070265,16666666,1345228941515,1345229153140,1345229235515,1345229571515,1345244853807,2167,120750,1345244853807,1345230333932,0,1345229571515,
0,160746,1345243288108,1345243288108,0,1345245894474,1345245895349,1345246100974,1345246140140,1345276621440,1345245889390,16666666,1345246424140,1345246508432,1345247268932,1345247551807,1345260778057,2000,182417,1345260778057,1345248184890,0,1345247551807,
0,160754,1345259954774,1345259954774,0,1345260833307,1345260834140,1345261265849,1345261310640,1345293288106,1345260827640,16666666,1345261698349,1345262015974,1345262084432,1345262723349,1345277226390,1958,159084,1345277226390,1345263290765,0,1345262723349,
0,160762,1345276621440,1345276621440,0,1345277740974,1345277742015,1345277919807,1345277959390,1345309954772,1345277735557,16666666,1345278245557,1345278254349,1345278343599,1345278836224,1345293876765,1791,380875,1345293876765,1345280086890,0,1345278836224,
0,160770,1345293288106,1345293288106,0,1345293872099,1345293872807,1345294062349,1345294116224,1345326621438,1345293866307,16666666,1345294440974,1345294553599,1345294590640,1345295234557,1345310377390,577000,500709,1345310377390,1345296961099,0,1345295234557,
0,160778,1345309954772,1345309954772,0,1345310908432,1345310909140,1345311095932,1345311135974,1345343288104,1345310903182,16666666,1345311592724,1345311774765,1345311841974,1345312431974,1345327173015,2917,225958,1345327173015,1345313406807,0,1345312431974,
0,160786,1345326621438,1345326621438,0,1345327670682,1345327671515,1345327857599,1345327897474,1345359954770,1345327665390,16666666,1345328608515,1345328620807,1345328729682,1345329140890,1345343809265,2500,179917,1345343809265,1345329810682,0,1345329140890,
0,160794,1345343288104,1345343288104,0,1345343801640,1345343802474,1345344209640,1345344257682,1345376621436,1345343796057,16666666,1345344539974,1345344717932,1345344752390,1345345144682,1345361229599,334750,275125,1345361229599,1345346456557,0,1345345144682,
0,160802,1345359954770,1345359954770,0,1345361594182,1345361595557,1345361833390,1345361878140,1345393288102,1345361586140,16666666,1345362199015,1345362255682,1345362376932,1345362780640,1345377363849,2042,90167,1345377363849,1345363350265,0,1345362780640,
0,160810,1345376621436,1345376621436,0,1345377496890,1345377497640,1345377742390,1345377785390,1345409954768,1345377491807,16666666,1345377958265,1345378095890,1345378147849,1345378540099,1345394030599,1459,147792,1345394030599,1345379256224,0,1345378540099,
0,160818,1345393288102,1345393288102,0,1345394183265,1345394184390,1345394377807,1345394435765,1345426621434,1345394177474,16666666,1345394448640,1345395256890,1345395352640,1345396425682,1345410791182,1750,135167,1345410791182,1345397182140,0,1345396425682,
0,160826,1345409954768,1345409954768,0,1345410998849,1345410999765,1345411165765,1345411208182,1345443288100,1345410993724,16666666,1345411497265,1345411614390,1345411668557,1345412275182,1345427452474,558459,104875,1345427452474,1345413470849,0,1345412275182,
0,160834,1345426621434,1345426621434,0,1345427783224,1345427784265,1345428307849,1345428370349,1345459954766,1345427777765,16666666,1345428708890,1345428860224,1345428955890,1345429404932,1345445380724,2417,291834,1345445380724,1345430306432,0,1345429404932,
0,160842,1345443288100,1345443288100,0,1345445721140,1345445721974,1345446001224,1345446057682,1345476621432,1345445715390,16666666,1345446557432,1345446733724,1345446863057,1345447157557,1345448494974,1875,671833,1345448420599,1345448494974,0,1345447157557,
0,160850,1345459954766,1345459954766,0,1345461638349,1345461639515,1345461928140,1345461976974,1345493288098,1345461632474,16666666,1345462276640,1345462398182,1345462436890,1345462834765,1345477500349,15958,81167,1345477500349,1345463407849,0,1345462834765,
0,160858,1345476621432,1345476621432,0,1345477790724,1345477791724,1345477996765,1345478042182,1345509954764,1345477784682,16666666,1345478398515,1345478606182,1345478789182,1345479260349,1345493901182,1833,557792,1345493901182,1345480497099,0,1345479260349,
0,160866,1345493288098,1345493288098,0,1345494079765,1345494080432,1345494286849,1345494331807,1345526621430,1345494074432,16666666,1345494661265,1345494864849,1345494991724,1345495612807,1345510505932,1875,98000,1345510505932,1345496374390,0,1345495612807,
0,160874,1345509954764,1345509954764,0,1345510834682,1345510835599,1345511030140,1345511075057,1345543288096,1345510828932,16666666,1345511464140,1345511829265,1345511924599,1345512820057,1345527352807,2667,230083,1345527352807,1345513687265,0,1345512820057,
0,160882,1345526621430,1345526621430,0,1345527602099,1345527603099,1345527803474,1345527852474,1345559954762,1345527596140,16666666,1345528968849,1345529092349,1345529137557,1345529852599,1345544511140,1958,135084,1345544511140,1345530547140,0,1345529852599,
0,160890,1345543288096,1345543288096,0,1345544754182,1345544755224,1345545029599,1345545100599,1345576621428,1345544747682,16666666,1345545545265,1345545693390,1345545905974,1345546668224,1345561689890,1750,197583,1345561689890,1345547488890,0,1345546668224,
0,160898,1345559954762,1345559954762,0,1345562471057,1345562472182,1345562729265,1345562789557,1345593288094,1345562464099,16666666,1345563028599,1345563811640,1345563860474,1345565928974,1345579575432,1458,112292,1345579575432,1345566719432,0,1345565928974,
0,160906,1345576621428,1345576621428,0,1345579213515,1345579214432,1345579497974,1345579550474,1345609954760,1345579208515,16666666,1345579565182,1345579842765,1345579888432,1345580729224,1345593792807,801375,158208,1345593792807,1345582608557,0,1345580729224,
0,160914,1345593288094,1345593288094,0,1345594074307,1345594075390,1345594250890,1345594357099,1345626621426,1345594068265,16666666,1345594807890,1345594838390,1345594880390,1345595365432,1345610617390,602125,309375,1345610617390,1345597078682,0,1345595365432,
0,160922,1345609954760,1345609954760,0,1345610984057,1345610985265,1345611249807,1345611314515,1345643288092,1345610977849,16666666,1345611732515,1345611985349,1345612092390,1345612798474,1345627664890,2125,131250,1345627664890,1345613425682,0,1345612798474,
0,160930,1345626621426,1345626621426,0,1345628517015,1345628518224,1345628795432,1345628856474,1345659954758,1345628510182,16666666,1345629295807,1345629311307,1345629350849,1345629766515,1345644447474,1500,89083,1345644447474,1345630605224,0,1345629766515,
0,160938,1345643288092,1345643288092,0,1345647057224,1345647058015,1345647302224,1345647347474,1345676621424,1345647051515,16666666,1345647622599,1345647701057,1345647737224,1345648364307,1345661283682,1583,172917,1345661283682,1345649371682,0,1345648364307,
0,160946,1345659954758,1345659954758,0,1345661730432,1345661731349,1345661914974,1345661956307,1345693288090,1345661725015,16666666,1345662459599,1345663337349,1345663395557,1345664968807,1345677265807,2000,146792,1345677265807,1345665764682,0,1345664968807,
0,160954,1345676621424,1345676621424,0,1345678258224,1345678259057,1345678438349,1345678480765,1345709954756,1345678252557,16666666,1345678813807,1345679001140,1345679035932,1345679328557,1345694753182,816833,111333,1345694753182,1345680837099,0,1345679328557,
0,160962,1345693288090,1345693288090,0,1345694726932,1345694728140,1345695382265,1345695446890,1345726621422,1345694720474,16666666,1345695951349,1345696487182,1345696590432,1345697436307,1345710674557,2333,109542,1345710674557,1345698095432,0,1345697436307,
0,160970,1345709954756,1345709954756,0,1345711184974,1345711186140,1345711435890,1345711476724,1345743288088,1345711179682,16666666,1345711852057,1345711931599,1345711968682,1345712639140,1345727239099,1750,317250,1345727239099,1345713864057,0,1345712639140,
0,160978,1345726621422,1345726621422,0,1345728196932,1345728197807,1345728385390,1345728556015,1345759954754,1345728191849,16666666,1345728927974,1345729036807,1345729168557,1345729560640,1345744397557,1417,96625,1345744397557,1345730529724,0,1345729560640,
0,160986,1345743288088,1345743288088,0,1345745013849,1345745015015,1345747362557,1345747417015,1345776621420,1345745006640,16666666,1345747858599,1345747963432,1345748112099,1345748518515,1345761393849,1667,182750,1345761393849,1345749274849,0,1345748518515,
0,160994,1345759954754,1345759954754,0,1345761744890,1345761745974,1345762099807,1345762164849,1345793288086,1345761738015,16666666,1345762617890,1345762838474,1345762908015,1345763636557,1345778140140,1750,248417,1345778140140,1345764630099,0,1345763636557,
0,161002,1345776621420,1345776621420,0,1345777761890,1345777762890,1345777990390,1345778039890,1345809954752,1345777756474,16666666,1345778593557,1345778835932,1345778879474,1345779330182,1345793921140,551792,138791,1345793921140,1345780533724,0,1345779330182,
0,161010,1345793288086,1345793288086,0,1345794087640,1345794088432,1345794301474,1345794348765,1345826621418,1345794081349,16666666,1345794688807,1345794865724,1345794909474,1345795241140,1345810627932,285875,556791,1345810627932,1345796628974,0,1345795241140,
0,161018,1345809954752,1345809954752,0,1345811135974,1345811137182,1345811318140,1345811360349,1345843288084,1345811130474,16666666,1345811884224,1345811901307,1345811970265,1345812819557,1345827480224,1750,166750,1345827480224,1345813532057,0,1345812819557,
0,161026,1345826621418,1345826621418,0,1345827825932,1345827827307,1345828377432,1345828482349,1345859954750,1345827819057,16666666,1345828864224,1345828999515,1345829149932,1345829570015,1345844335307,2084,275834,1345844335307,1345830460432,0,1345829570015,
0,161034,1345843288084,1345843288084,0,1345845424682,1345845426224,1345845770640,1345845816682,1345876621416,1345845417474,16666666,1345846407724,1345846504390,1345846556849,1345846925349,1345861224807,2041,633500,1345861224807,1345848561224,0,1345846925349,
0,161042,1345859954750,1345859954750,0,1345861699557,1345861700349,1345861876599,1345861920099,1345893288082,1345861694349,16666666,1345862487390,1345862711474,1345862775932,1345863071807,1345877499849,1917,309875,1345877499849,1345864267474,0,1345863071807,
0,161050,1345876621416,1345876621416,0,1345878520557,1345878521515,1345879018932,1345879080849,1345909954748,1345878515307,16666666,1345879656849,1345879799682,1345879838724,1345880418099,1345894383474,1500,157792,1345894383474,1345881304474,0,1345880418099,
0,161058,1345893288082,1345893288082,0,1345894388390,1345894389765,1345894652307,1345894707265,1345926621414,1345894382265,16666666,1345895114932,1345895312807,1345895419682,1345895930432,1345910546057,2375,140750,1345910546057,1345896699099,0,1345895930432,
0,161066,1345909954748,1345909954748,0,1345911087057,1345911088265,1345911354099,1345911430932,1345943288080,1345911080390,16666666,1345911866307,1345911938557,1345911981390,1345912921224,1345927299182,472458,343209,1345927299182,1345914649807,0,1345912921224,
0,161074,1345926621414,1345926621414,0,1345927997265,1345927998390,1345929013682,1345929067599,1345959954746,1345927991932,16666666,1345929430015,1345929635640,1345929684390,1345930008557,1345944573932,1833,131417,1345944573932,1345930933849,0,1345930008557,
0,161082,1345943288080,1345943288080,0,1345945204141,1345945205141,1345945468974,1345945533849,1345976621412,1345945198974,16666666,1345945548807,1345945832807,1345945871766,1345946175766,1345961019349,1333,109750,1345961019349,1345947604932,0,1345946175766,
0,161090,1345959954746,1345959954746,0,1345961027224,1345961028349,1345961251641,1345961299099,1345993288078,1345961021391,16666666,1345961645891,1345961894182,1345961930766,1345962676349,1345977267641,4167,1185375,1345977267641,1345964681766,0,1345962676349,
0,161098,1345976621412,1345976621412,0,1345977716307,1345977717349,1345977995516,1345978039391,1346009954744,1345977710557,16666666,1345978566474,1345978896974,1345978985682,1345979517557,1345994152599,2500,329208,1345994152599,1345981371891,0,1345979517557,
0,161106,1345993288078,1345993288078,0,1345994643016,1345994644099,1345994854849,1345994904682,1346026621410,1345994637557,16666666,1345995255641,1345995369141,1345995470724,1345996326807,1346010670891,2000,104417,1346010670891,1345997214599,0,1345996326807,
0,161114,1346009954744,1346009954744,0,1346010767349,1346010768266,1346010941807,1346010982474,1346043288076,1346010761891,16666666,1346011378724,1346011508224,1346011541974,1346011886016,1346027307057,649084,87709,1346027307057,1346013067307,0,1346011886016,
0,161122,1346026621410,1346026621410,0,1346027453391,1346027454516,1346027669891,1346027717516,1346059954742,1346027446932,16666666,1346028965724,1346029071932,1346029135641,1346029558724,1346043919391,2250,290250,1346043919391,1346030491016,0,1346029558724,
0,161130,1346043288076,1346043288076,0,1346044124807,1346044125849,1346044335016,1346044379349,1346076621408,1346044118516,16666666,1346044702474,1346044827432,1346044862557,1346045186516,1346060699807,813750,110500,1346060699807,1346046911557,0,1346045186516,
0,161138,1346059954742,1346059954742,0,1346060839432,1346060840557,1346061017557,1346061059141,1346093288074,1346060833682,16666666,1346061427182,1346061685307,1346062000974,1346062713974,1346077221724,2667,606458,1346077221724,1346064293391,0,1346062713974,
0,161146,1346076621408,1346076621408,0,1346077259849,1346077261057,1346077635182,1346077695349,1346109954740,1346077253807,16666666,1346078099682,1346078331182,1346078372724,1346078955724,1346093730724,2000,166083,1346093730724,1346079938807,0,1346078955724,
0,161154,1346093288074,1346093288074,0,1346094087682,1346094088474,1346094283349,1346094326266,1346126621406,1346094082474,16666666,1346094631641,1346094874682,1346094919974,1346095426599,1346110496141,1750,119041,1346110496141,1346096492641,0,1346095426599,
0,161162,1346109954740,1346109954740,0,1346110873849,1346110874766,1346111097224,1346111140057,1346143288072,1346110868224,16666666,1346111311849,1346111424724,1346111476682,1346111937016,1346127589599,303250,259292,1346127589599,1346113063891,0,1346111937016,
0,161170,1346126621406,1346126621406,0,1346127736849,1346127737891,1346127914974,1346127960099,1346159954738,1346127731557,16666666,1346127974266,1346128299932,1346128461099,1346128905641,1346143795349,1086916,91792,1346143795349,1346130848891,0,1346128905641,
0,161178,1346143288072,1346143288072,0,1346144952266,1346144953099,1346145161266,1346145216724,1346176621404,1346144946349,16666666,1346145574099,1346145744641,1346145800807,1346146367807,1346160478391,2625,277625,1346160478391,1346147746516,0,1346146367807,
0,161186,1346159954738,1346159954738,0,1346161218391,1346161219307,1346161429391,1346161473141,1346193288070,1346161213016,16666666,1346161999182,1346162179224,1346162233266,1346162619224,1346177306307,3041,116000,1346177306307,1346163569516,0,1346162619224,
0,161194,1346176621404,1346176621404,0,1346178184016,1346178184682,1346178375307,1346178418891,1346209954736,1346178178349,16666666,1346178752682,1346178892641,1346179002182,1346179390974,1346193691849,1583,119708,1346193691849,1346180747391,0,1346179390974,
0,161202,1346193288070,1346193288070,0,1346194276099,1346194277307,1346194472557,1346194517891,1346226621402,1346194269516,16666666,1346194836266,1346194905766,1346195069641,1346195557266,1346211558307,2375,107542,1346211558307,1346196471141,0,1346195557266,
0,161210,1346209954736,1346209954736,0,1346211996641,1346211997516,1346212860974,1346212904516,1346243288068,1346211990974,16666666,1346213270932,1346213371057,1346213406974,1346215595974,1346228512432,2250,342708,1346228512432,1346216672974,0,1346215595974,
0,161218,1346226621402,1346226621402,0,1346228743807,1346228744599,1346229061474,1346229108974,1346259954734,1346228738682,16666666,1346229664891,1346229844474,1346229927599,1346230774391,1346232993849,566083,368792,1346232107849,1346232993849,0,1346230774391,
0,161226,1346243288068,1346243288068,0,1346245085599,1346245086766,1346245331141,1346245389224,1346276621400,1346245078599,16666666,1346245813974,1346245931016,1346246092849,1346247109599,1346264993266,235917,380209,1346264993266,1346248815141,0,1346247109599,
0,161234,1346259954734,1346259954734,0,1346265418682,1346265420182,1346265771807,1346265823557,1346293288066,1346265411057,16666666,1346266203682,1346266460849,1346266509474,1346267175599,1346277532682,632917,181875,1346277532682,1346271149599,0,1346267175599,
0,161242,1346276621400,1346276621400,0,1346278858599,1346278859641,1346279078307,1346279124891,1346309954732,1346278852932,16666666,1346279505099,1346279658557,1346279737641,1346281887099,1346293867849,3166,336333,1346293867849,1346283171391,0,1346281887099,
0,161250,1346293288066,1346293288066,0,1346294525182,1346294526224,1346294745266,1346294789974,1346326621398,1346294519724,16666666,1346295012724,1346295195432,1346295241307,1346295952432,1346310693682,2125,96042,1346310693682,1346296816474,0,1346295952432,
0,161258,1346309954732,1346309954732,0,1346310907516,1346310908682,1346311116349,1346311161724,1346343288064,1346310901724,16666666,1346311176099,1346311296432,1346311337391,1346311708849,1346327225016,313542,375459,1346327225016,1346313076016,0,1346311708849,
0,161266,1346326621398,1346326621398,0,1346327420641,1346327421641,1346327636724,1346327691141,1346359954730,1346327413766,16666666,1346328256516,1346328681349,1346328731724,1346329325307,1346344857224,2125,95666,1346344857224,1346330087266,0,1346329325307,
0,161274,1346343288064,1346343288064,0,1346345290307,1346345291057,1346345497099,1346345567641,1346376621396,1346345284516,16666666,1346345870099,1346346071766,1346346203307,1346346705557,1346361048891,1917,242250,1346361048891,1346347471682,0,1346346705557,
0,161282,1346359954730,1346359954730,0,1346361521891,1346361522682,1346361739307,1346361788057,1346393288062,1346361516557,16666666,1346362171349,1346362343891,1346362490766,1346362994016,1346380112182,1750,193042,1346380112182,1346363924224,0,1346362994016,
0,161290,1346376621396,1346376621396,0,1346380650182,1346380651182,1346380940016,1346381004516,1346409954728,1346380644557,16666666,1346381578682,1346382326016,1346382369682,1346382696766,1346395811474,2083,262833,1346395811474,1346383654432,0,1346382696766,
0,161298,1346393288062,1346393288062,0,1346397087724,1346397088724,1346397341099,1346397387766,1346426621394,1346397081849,16666666,1346397758057,1346397776349,1346397844641,1346398239641,1346412224932,2042,125208,1346412224932,1346399560016,0,1346398239641,
0,161306,1346409954728,1346409954728,0,1346412223474,1346412224391,1346412420682,1346412461724,1346443288060,1346412218224,16666666,1346412820641,1346413029849,1346413066641,1346413487182,1346414799766,2250,435000,1346414768349,1346414799766,0,1346413487182,
0,161314,1346426621394,1346426621394,0,1346428207557,1346428208349,1346428392849,1346428431307,1346459954726,1346428202516,16666666,1346428843766,1346428982307,1346429004474,1346429513099,1346445709349,642084,243334,1346445709349,1346430930682,0,1346429513099,
0,161322,1346443288060,1346443288060,0,1346446457182,1346446458016,1346446626057,1346446668224,1346476621392,1346446452057,16666666,1346447174807,1346447273557,1346447326224,1346447672474,1346449170849,2375,811209,1346449097266,1346449170849,0,1346447672474,
0,161330,1346459954726,1346459954726,0,1346461154182,1346461155099,1346461775307,1346461825391,1346493288058,1346461149099,16666666,1346462165724,1346462308141,1346462349432,1346462850391,1346477254349,703083,135209,1346477254349,1346464450557,0,1346462850391,
0,161338,1346476621392,1346476621392,0,1346477572974,1346477574224,1346477786557,1346477827724,1346509954724,1346477567557,16666666,1346478000349,1346478128516,1346478187807,1346479056516,1346493553641,1959,116125,1346493553641,1346480595057,0,1346479056516,
0,161346,1346493288058,1346493288058,0,1346494347599,1346494348557,1346494745266,1346494788724,1346526621390,1346494342224,16666666,1346494803057,1346495070141,1346495228682,1346495607474,1346513785016,2042,306167,1346513785016,1346496452849,0,1346495607474,
0,161354,1346509954724,1346509954724,0,1346514120224,1346514121141,1346514303849,1346514347516,1346543288056,1346514114974,16666666,1346514646099,1346514708557,1346514742932,1346515334224,1346527496766,1750,98542,1346527496766,1346516609057,0,1346515334224,
0,161362,1346526621390,1346526621390,0,1346527991307,1346527992432,1346528663724,1346528736016,1346559954722,1346527984974,16666666,1346529254182,1346529279349,1346529330557,1346529709891,1346544934141,1375,92834,1346544934141,1346530308182,0,1346529709891,
0,161370,1346543288056,1346543288056,0,1346545003391,1346545004224,1346545203932,1346545251807,1346576621388,1346544997641,16666666,1346545745974,1346546046349,1346546085266,1346546484224,1346571165349,342542,204833,1346571165349,1346547893182,0,1346546484224,
0,161378,1346559954722,1346559954722,0,1346566611974,1346566613182,1346566861932,1346566922516,1346593288054,1346566605224,16666666,1346570241766,1346570363474,1346570413557,1346572208891,1346586747099,11254375,132958,1346582829307,1346586747099,0,1346572208891,
0,161386,1346576621388,1346576621388,0,1346581435599,1346581436391,1346581644724,1346581909974,1346609954720,1346581430016,16666666,1346582280266,1346586858057,1346586898516,1346587210016,1346593918016,3292,986833,1346593918016,1346588971016,0,1346587210016,
0,161394,1346593288054,1346593288054,0,1346594065307,1346594066224,1346594251182,1346594295599,1346626621386,1346594059891,16666666,1346594599391,1346594941849,1346595003932,1346595596807,1346596856724,1583,238375,1346596783266,1346596856724,0,1346595596807,
0,161402,1346609954720,1346609954720,0,1346610936307,1346610937224,1346611395641,1346611453224,1346643288052,1346610930391,16666666,1346612240766,1346612569224,1346612602266,1346612889557,1346627229766,1833,190958,1346627229766,1346613801766,0,1346612889557,
0,161410,1346626621386,1346626621386,0,1346627782974,1346627784057,1346629081224,1346629148016,1346659954718,1346627776599,16666666,1346629478641,1346629591766,1346629636307,1346629988057,1346643772933,3417,326333,1346643772933,1346631163682,0,1346629988057,
0,161418,1346643288052,1346643288052,0,1346643923099,1346643923849,1346644527016,1346644569433,1346676621384,1346643917891,16666666,1346644860474,1346645071349,1346645106641,1346645725474,1346660579349,1667,107958,1346660579349,1346646589891,0,1346645725474,
0,161426,1346659954718,1346659954718,0,1346660550766,1346660551933,1346660811891,1346660857266,1346693288050,1346660545308,16666666,1346661039391,1346661579933,1346661621974,1346662163558,1346677117808,2000,274000,1346677117808,1346663112974,0,1346662163558,
0,161434,1346676621384,1346676621384,0,1346677464766,1346677465933,1346677770558,1346677832933,1346709954716,1346677458641,16666666,1346677848683,1346678056099,1346678178974,1346678574683,1346693840266,2667,88208,1346693840266,1346679497933,0,1346678574683,
0,161442,1346693288050,1346693288050,0,1346693895766,1346693896683,1346694187391,1346694233683,1346726621382,1346693890558,16666666,1346694670558,1346694999974,1346695037433,1346695535391,1346710709641,1958,555875,1346710709641,1346696816308,0,1346695535391,
0,161450,1346709954716,1346709954716,0,1346711189349,1346711191183,1346711427266,1346711469141,1346743288048,1346710878433,16666666,1346711861474,1346712277599,1346712315099,1346712740891,1346714219058,2542,502917,1346714023766,1346714219058,0,1346712740891,
0,161458,1346726621382,1346726621382,0,1346727535683,1346727536933,1346727756183,1346727805683,1346759954714,1346727529641,16666666,1346728921683,1346729134974,1346729170849,1346729680016,1346744238558,1917,218417,1346744238558,1346731127058,0,1346729680016,
0,161466,1346743288048,1346743288048,0,1346744576974,1346744578224,1346744842891,1346744905391,1346776621380,1346744570391,16666666,1346745306933,1346745546141,1346745677099,1346746129849,1346760620891,3208,166792,1346760620891,1346746759808,0,1346746129849,
0,161474,1346759954714,1346759954714,0,1346761077683,1346761079099,1346761333224,1346761396391,1346793288046,1346761070933,16666666,1346761980933,1346762124683,1346762176516,1346762718141,1346777073766,1667,175666,1346777073766,1346763654766,0,1346762718141,
0,161482,1346776621380,1346776621380,0,1346777427599,1346777428474,1346777639974,1346777685224,1346809954712,1346777422183,16666666,1346778007224,1346778197391,1346778472683,1346779064891,1346793667266,1875,93542,1346793667266,1346779803016,0,1346779064891,
0,161490,1346793288046,1346793288046,0,1346794376141,1346794377016,1346794738599,1346794780099,1346826621378,1346794370849,16666666,1346795149808,1346795170224,1346795224599,1346795578974,1346810497141,1667,285250,1346810497141,1346796651724,0,1346795578974,
0,161498,1346809954712,1346809954712,0,1346810963474,1346810964683,1346811180058,1346811229683,1346843288044,1346810956849,16666666,1346811713391,1346812077808,1346812097349,1346812646724,1346827169391,1625,91292,1346827169391,1346813641141,0,1346812646724,
0,161506,1346826621378,1346826621378,0,1346827585016,1346827585974,1346827758808,1346827800099,1346859954710,1346827579599,16666666,1346828320599,1346828841391,1346828918641,1346829305641,1346843739183,1875,109917,1346843739183,1346829898891,0,1346829305641,
0,161514,1346843288044,1346843288044,0,1346844316058,1346844316808,1346844497724,1346844539683,1346876621376,1346844310558,16666666,1346844714349,1346845024808,1346845062808,1346845648308,1346860614974,1625,66334,1346860614974,1346846151683,0,1346845648308,
0,161522,1346859954710,1346859954710,0,1346861054183,1346861055224,1346861249308,1346861293058,1346893288042,1346861047891,16666666,1346861305808,1346861475516,1346861516266,1346861864891,1346877456641,536292,310833,1346877456641,1346863199099,0,1346861864891,
0,161530,1346876621376,1346876621376,0,1346877577349,1346877578516,1346877771433,1346877818849,1346909954708,1346877571808,16666666,1346878158891,1346878287474,1346878359766,1346878692183,1346893826183,1541,71125,1346893826183,1346879612891,0,1346878692183,
0,161538,1346893288042,1346893288042,0,1346894557391,1346894558183,1346894723599,1346894764641,1346926621374,1346894552183,16666666,1346895239183,1346895309849,1346895411683,1346895707224,1346910715933,1917,196083,1346910715933,1346896835516,0,1346895707224,
0,161546,1346909954708,1346909954708,0,1346910993933,1346910995016,1346911181724,1346911224641,1346943288040,1346910988349,16666666,1346911559266,1346911623724,1346911784766,1346912902308,1346927151099,1625,129875,1346927151099,1346913870974,0,1346912902308,
0,161554,1346926621374,1346926621374,0,1346927416058,1346927417141,1346927617766,1346927658974,1346959954706,1346927410891,16666666,1346927974224,1346928223724,1346928269599,1346928637516,1346943724516,1708,116166,1346943724516,1346929221849,0,1346928637516,
0,161562,1346943288040,1346943288040,0,1346943851724,1346943852641,1346944203641,1346944245349,1346976621372,1346943846224,16666666,1346944538183,1346944642891,1346944684058,1346945180683,1346960530516,1583,126375,1346960530516,1346945771641,0,1346945180683,
0,161570,1346959954706,1346959954706,0,1346960880474,1346960881308,1346961204433,1346961257808,1346993288038,1346960873266,16666666,1346961755891,1346962053141,1346962101516,1346962625849,1346977115266,2458,209291,1346977115266,1346963313099,0,1346962625849,
0,161578,1346976621372,1346976621372,0,1346977629516,1346977630266,1346977817016,1346977858641,1347009954704,1346977624349,16666666,1346978599516,1346978812266,1346978875391,1346979221974,1346993716433,1417,87333,1346993716433,1346979795141,0,1346979221974,
0,161586,1346993288038,1346993288038,0,1346994067933,1346994068766,1346994256099,1346994302433,1347026621370,1346994062099,16666666,1346994595391,1346994741766,1346994936933,1346995537391,1347010443974,1958,364708,1347010443974,1346996511016,0,1346995537391,
0,161594,1347009954704,1347009954704,0,1347011027599,1347011028599,1347011203224,1347011241891,1347043288036,1347011022016,16666666,1347011901599,1347012359891,1347012417766,1347012714641,1347027109391,1750,87042,1347027109391,1347013288641,0,1347012714641,
0,161602,1347026621370,1347026621370,0,1347027583516,1347027584599,1347027783641,1347027853099,1347059954702,1347027578183,16666666,1347028388724,1347028655016,1347028702058,1347029257308,1347043777183,2500,308834,1347043777183,1347030080849,0,1347029257308,
0,161610,1347043288036,1347043288036,0,1347043973433,1347043974308,1347044579933,1347044626974,1347076621368,1347043968224,16666666,1347044640641,1347045218224,1347045288474,1347045749766,1347060592849,2083,83417,1347060592849,1347046309849,0,1347045749766,
0,161618,1347059954702,1347059954702,0,1347060921474,1347060922433,1347061103058,1347061145349,1347093288034,1347060915724,16666666,1347061459349,1347061821183,1347061867766,1347062183808,1347077383183,1750,108583,1347077383183,1347062801558,0,1347062183808,
0,161626,1347076621368,1347076621368,0,1347077532474,1347077533516,1347077876516,1347077922141,1347109954700,1347077526474,16666666,1347078247683,1347078332808,1347078461058,1347078984558,1347093721183,1458,158042,1347093721183,1347079807266,0,1347078984558,
0,161634,1347093288034,1347093288034,0,1347094219058,1347094220183,1347094475141,1347094547974,1347126621366,1347094203558,16666666,1347095564058,1347095656016,1347095688933,1347096177766,1347110588974,1958,427458,1347110588974,1347097533516,0,1347096177766,
0,161642,1347109954700,1347109954700,0,1347110837766,1347110838558,1347111007974,1347111048141,1347143288032,1347110832308,16666666,1347111493849,1347111531516,1347111633516,1347112629599,1347127173933,1667,109625,1347127173933,1347113339474,0,1347112629599,
0,161650,1347126621366,1347126621366,0,1347127547974,1347127548808,1347127765558,1347127814349,1347159954698,1347127542099,16666666,1347128882099,1347128970308,1347129003183,1347129317683,1347144279141,2667,172041,1347144279141,1347130225058,0,1347129317683,
0,161658,1347143288032,1347143288032,0,1347144416308,1347144417266,1347144596433,1347144640683,1347176621364,1347144410349,16666666,1347145492558,1347145641724,1347145677891,1347145992641,1347160366058,1625,211000,1347160366058,1347147023891,0,1347145992641,
0,161666,1347159954698,1347159954698,0,1347160753724,1347160754516,1347160993808,1347161036016,1347193288030,1347160748224,16666666,1347161390433,1347161673808,1347161707766,1347162612766,1347177375558,1666,206000,1347177375558,1347163404308,0,1347162612766,
0,161674,1347176621364,1347176621364,0,1347177613141,1347177614224,1347177872974,1347177915266,1347209954696,1347177604558,16666666,1347178608933,1347178972183,1347179010516,1347179811391,1347193928599,1958,122208,1347193928599,1347180694349,0,1347179811391,
0,161682,1347193288030,1347193288030,0,1347194441474,1347194442349,1347194627058,1347194667933,1347226621362,1347194435891,16666666,1347195144391,1347195308474,1347195452933,1347195771474,1347211715349,2083,131542,1347211715349,1347197208724,0,1347195771474,
0,161690,1347209954696,1347209954696,0,1347211985558,1347211986516,1347213730099,1347213774183,1347226621362,1347211980474,16666666,1347213944558,1347214052141,1347214073891,1347214728266,1345227172723,4542,196000,1345227172723,1347215498724,0,1347214728266,
---PROFILEDATA---


View hierarchy:

  dev.polski.grammarmatrix/dev.polski.grammarmatrix.GlassBenchmarkActivity/android.view.ViewRootImpl@af271ea
  7 views, 12.08 kB of render nodes


Total ViewRootImpl   : 1
Total attached Views : 7
Total RenderNode     : 12.08 kB (used) / 36.09 kB (capacity)