Applications Graphics Acceleration Info:
Uptime: 1412397 Realtime: 1412397

** Graphics info for pid 5729 [dev.polski.grammarmatrix] **

Stats since: 1407306412753ns
Total frames rendered: 301
Janky frames: 6 (1.99%)
Janky frames (legacy): 238 (79.07%)
50th percentile: 20ms
90th percentile: 25ms
95th percentile: 32ms
99th percentile: 46ms
Number Missed Vsync: 1
Number High input latency: 557
Number Slow UI thread: 3
Number Slow bitmap uploads: 0
Number Slow issue draw commands: 6
Number Frame deadline missed: 6
Number Frame deadline missed (legacy): 5
HISTOGRAM: 5ms=2 6ms=0 7ms=0 8ms=1 9ms=0 10ms=0 11ms=0 12ms=0 13ms=0 14ms=1 15ms=1 16ms=10 17ms=18 18ms=34 19ms=77 20ms=60 21ms=34 22ms=13 23ms=8 24ms=6 25ms=10 26ms=3 27ms=1 28ms=1 29ms=4 30ms=0 31ms=1 32ms=4 34ms=1 36ms=2 38ms=1 40ms=2 42ms=2 44ms=0 46ms=1 48ms=1 53ms=1 57ms=0 61ms=1 65ms=0 69ms=0 73ms=0 77ms=0 81ms=0 85ms=0 89ms=0 93ms=0 97ms=0 101ms=0 105ms=0 109ms=0 113ms=0 117ms=0 121ms=0 125ms=0 129ms=0 133ms=0 150ms=0 200ms=0 250ms=0 300ms=0 350ms=0 400ms=0 450ms=0 500ms=0 550ms=0 600ms=0 650ms=0 700ms=0 750ms=0 800ms=0 850ms=0 900ms=0 950ms=0 1000ms=0 1050ms=0 1100ms=0 1150ms=0 1200ms=0 1250ms=0 1300ms=0 1350ms=0 1400ms=0 1450ms=0 1500ms=0 1550ms=0 1600ms=0 1650ms=0 1700ms=0 1750ms=0 1800ms=0 1850ms=0 1900ms=0 1950ms=0 2000ms=0 2050ms=0 2100ms=0 2150ms=0 2200ms=0 2250ms=0 2300ms=0 2350ms=0 2400ms=0 2450ms=0 2500ms=0 2550ms=0 2600ms=0 2650ms=0 2700ms=0 2750ms=0 2800ms=0 2850ms=0 2900ms=0 2950ms=0 3000ms=0 3050ms=0 3100ms=0 3150ms=0 3200ms=0 3250ms=0 3300ms=0 3350ms=0 3400ms=0 3450ms=0 3500ms=0 3550ms=0 3600ms=0 3650ms=0 3700ms=0 3750ms=0 3800ms=0 3850ms=0 3900ms=0 3950ms=0 4000ms=0 4050ms=0 4100ms=0 4150ms=0 4200ms=0 4250ms=0 4300ms=0 4350ms=0 4400ms=0 4450ms=0 4500ms=0 4550ms=0 4600ms=0 4650ms=0 4700ms=0 4750ms=0 4800ms=0 4850ms=0 4900ms=0 4950ms=0
50th gpu percentile: 18ms
90th gpu percentile: 20ms
95th gpu percentile: 23ms
99th gpu percentile: 4950ms
GPU HISTOGRAM: 1ms=0 2ms=8 3ms=6 4ms=2 5ms=0 6ms=0 7ms=0 8ms=0 9ms=0 10ms=2 11ms=4 12ms=1 13ms=8 14ms=18 15ms=12 16ms=25 17ms=57 18ms=61 19ms=50 20ms=18 21ms=5 22ms=3 23ms=7 24ms=1 25ms=3 4950ms=10

Pipeline=Skia (OpenGL)
Memory policy:
  Max surface area: 2592000
  Max resource usage: 124.42MB (x48)
  Background retention: 50% (altUiHidden = true)
  GPU Context timeout: 10
Contexts: 1 (stopped = 0)
CPU Caches:
  Glyph Cache: 33.70 KB (1 entry)
  Glyph Count: 11 
Total CPU memory usage:
  34510 bytes, 33.70 KB (0.00 bytes is purgeable)
GPU Caches:
  Other:
    Other: 25.17 KB (1 entry)
    Buffer Object: 36.00 KB (1 entry)
  Scratch:
    Buffer Object: 80.00 KB (2 entries)
    Texture: 2.00 MB (1 entry)
Total GPU memory usage:
  2241712 bytes, 2.14 MB (68.00 KB is purgeable)

GraphicBufferAllocator buffers:
        Handle |        Size |     W (Stride) x H | Layers |   Format |      Usage | Requestor
0xb400007b2c426750 |     unknown | 1080 (   0) x 2400 |      1 |        1 | 0x     b00 | VRI[GlassBenchmarkActivity]#0(BLAST Consumer)0
0xb400007b2c426900 |     unknown | 1080 (   0) x 2400 |      1 |        1 | 0x     b00 | VRI[GlassBenchmarkActivity]#0(BLAST Consumer)0
0xb400007b2c437e50 |     unknown | 1080 (   0) x 2400 |      1 |        1 | 0x     b00 | VRI[GlassBenchmarkActivity]#0(BLAST Consumer)0
Total allocated by GraphicBufferAllocator (estimate): 0.00 KB
GoldfishAllocator::dumpDebugInfo is not implemented
Profile data in ms:

	dev.polski.grammarmatrix/dev.polski.grammarmatrix.GlassBenchmarkActivity/android.view.ViewRootImpl@af271ea (visibility=0)
Window: dev.polski.grammarmatrix/dev.polski.grammarmatrix.GlassBenchmarkActivity
Stats since: 1407306412586ns
Total frames rendered: 301
Janky frames: 6 (1.99%)
Janky frames (legacy): 238 (79.07%)
50th percentile: 20ms
90th percentile: 25ms
95th percentile: 32ms
99th percentile: 46ms
Number Missed Vsync: 1
Number High input latency: 557
Number Slow UI thread: 3
Number Slow bitmap uploads: 0
Number Slow issue draw commands: 6
Number Frame deadline missed: 6
Number Frame deadline missed (legacy): 5
HISTOGRAM: 5ms=2 6ms=0 7ms=0 8ms=1 9ms=0 10ms=0 11ms=0 12ms=0 13ms=0 14ms=1 15ms=1 16ms=10 17ms=18 18ms=34 19ms=77 20ms=60 21ms=34 22ms=13 23ms=8 24ms=6 25ms=10 26ms=3 27ms=1 28ms=1 29ms=4 30ms=0 31ms=1 32ms=4 34ms=1 36ms=2 38ms=1 40ms=2 42ms=2 44ms=0 46ms=1 48ms=1 53ms=1 57ms=0 61ms=1 65ms=0 69ms=0 73ms=0 77ms=0 81ms=0 85ms=0 89ms=0 93ms=0 97ms=0 101ms=0 105ms=0 109ms=0 113ms=0 117ms=0 121ms=0 125ms=0 129ms=0 133ms=0 150ms=0 200ms=0 250ms=0 300ms=0 350ms=0 400ms=0 450ms=0 500ms=0 550ms=0 600ms=0 650ms=0 700ms=0 750ms=0 800ms=0 850ms=0 900ms=0 950ms=0 1000ms=0 1050ms=0 1100ms=0 1150ms=0 1200ms=0 1250ms=0 1300ms=0 1350ms=0 1400ms=0 1450ms=0 1500ms=0 1550ms=0 1600ms=0 1650ms=0 1700ms=0 1750ms=0 1800ms=0 1850ms=0 1900ms=0 1950ms=0 2000ms=0 2050ms=0 2100ms=0 2150ms=0 2200ms=0 2250ms=0 2300ms=0 2350ms=0 2400ms=0 2450ms=0 2500ms=0 2550ms=0 2600ms=0 2650ms=0 2700ms=0 2750ms=0 2800ms=0 2850ms=0 2900ms=0 2950ms=0 3000ms=0 3050ms=0 3100ms=0 3150ms=0 3200ms=0 3250ms=0 3300ms=0 3350ms=0 3400ms=0 3450ms=0 3500ms=0 3550ms=0 3600ms=0 3650ms=0 3700ms=0 3750ms=0 3800ms=0 3850ms=0 3900ms=0 3950ms=0 4000ms=0 4050ms=0 4100ms=0 4150ms=0 4200ms=0 4250ms=0 4300ms=0 4350ms=0 4400ms=0 4450ms=0 4500ms=0 4550ms=0 4600ms=0 4650ms=0 4700ms=0 4750ms=0 4800ms=0 4850ms=0 4900ms=0 4950ms=0
50th gpu percentile: 18ms
90th gpu percentile: 20ms
95th gpu percentile: 23ms
99th gpu percentile: 4950ms
GPU HISTOGRAM: 1ms=0 2ms=8 3ms=6 4ms=2 5ms=0 6ms=0 7ms=0 8ms=0 9ms=0 10ms=2 11ms=4 12ms=1 13ms=8 14ms=18 15ms=12 16ms=25 17ms=57 18ms=61 19ms=50 20ms=18 21ms=5 22ms=3 23ms=7 24ms=1 25ms=3 4950ms=10



---PROFILEDATA---
Flags,FrameTimelineVsyncId,IntendedVsync,Vsync,InputEventId,HandleInputStart,AnimationStart,PerformTraversalsStart,DrawStart,FrameDeadline,FrameInterval,FrameStartTime,SyncQueued,SyncStart,IssueDrawCommandsStart,SwapBuffers,FrameCompleted,DequeueBufferDuration,QueueBufferDuration,GpuCompleted,SwapBuffersCompleted,DisplayPresentTime,CommandSubmissionCompleted,
0,191675,1410376618836,1410376618836,0,1410377637171,1410377638005,1410377861046,1410377900838,1410409952168,1410377632005,16666666,1410378059546,1410378917296,1410378958171,1410379404713,1410396601421,15129584,92500,1410396601421,1410395383463,0,1410379404713,
0,191683,1410393285502,1410393285502,0,1410394303671,1410394304755,1410394576671,1410394635671,1410426618834,1410394297088,16666666,1410394651505,1410395458046,1410395525213,1410395901338,1410415685838,17708250,166416,1410415685838,1410414386796,0,1410395901338,
0,191691,1410409952168,1410409952168,0,1410412363588,1410412365671,1410412639380,1410412705421,1410443285500,1410411999463,16666666,1410413100296,1410414455046,1410414504588,1410414837671,1410432149338,15407916,163125,1410432149338,1410431191130,0,1410414837671,
0,191699,1410426618834,1410426618834,0,1410430434880,1410430436088,1410430621213,1410430662713,1410459952166,1410430428713,16666666,1410430927713,1410431214046,1410431247630,1410431512713,1410447501255,13848208,202000,1410447501255,1410446047546,0,1410431512713,
0,191707,1410443285500,1410443285500,0,1410444719671,1410444720755,1410445154588,1410445205755,1410476618832,1410444713880,16666666,1410445441255,1410446072338,1410446240880,1410446506380,1410469146880,17425458,112417,1410469146880,1410465010713,0,1410446506380,
0,191715,1410459952166,1410459952166,0,1410461401130,1410461402046,1410461618838,1410461671463,1410493285498,1410461394963,16666666,1410462938213,1410465597880,1410465636463,1410466141671,1410488477130,14328625,2218916,1410488477130,1410484633296,0,1410466141671,
0,191723,1410476618832,1410476618832,0,1410478240421,1410478241338,1410478427130,1410478472838,1410509952164,1410478234880,16666666,1410478723421,1410484705880,1410484746088,1410486111296,1410496676130,6974542,146542,1410496676130,1410495498088,0,1410486111296,
0,191731,1410493285498,1410493285498,0,1410494605963,1410494606838,1410494778171,1410494819255,1410526618830,1410494600588,16666666,1410495160088,1410495522046,1410495554671,1410495881130,1410514796880,16628167,87500,1410514796880,1410513403088,0,1410495881130,
0,191739,1410509952164,1410509952164,0,1410512171255,1410512172046,1410512332338,1410512371671,1410543285496,1410512166130,16666666,1410512748421,1410513428046,1410513464338,1410514060630,1410532448505,16375459,81875,1410532448505,1410531242005,0,1410514060630,
0,191747,1410526618830,1410526618830,0,1410529573671,1410529574588,1410529793505,1410529840963,1410559952162,1410529567505,16666666,1410530110546,1410531310671,1410531363880,1410531680046,1410549001338,15124042,182958,1410549001338,1410547622880,0,1410531680046,
0,191755,1410543285496,1410543285496,0,1410545505588,1410545506630,1410545703130,1410545754921,1410576618828,1410545499171,16666666,1410546277796,1410547762046,1410547799463,1410548139171,1410565746630,14565875,174083,1410565746630,1410563619380,0,1410548139171,
0,191763,1410559952162,1410559952162,0,1410562023588,1410562024755,1410562312796,1410562392338,1410593285494,1410562016630,16666666,1410562642380,1410563685088,1410563726296,1410564409421,1410586290838,16487125,183708,1410586290838,1410582292838,0,1410564409421,
0,191771,1410576618828,1410576618828,0,1410580192213,1410580193005,1410580680796,1410580775046,1410609952160,1410580186463,16666666,1410580793213,1410582349338,1410582942421,1410583401005,1410597662630,11251375,464416,1410586300380,1410597662630,0,1410583401005,
0,191779,1410593285494,1410593285494,0,1410594760713,1410594761505,1410594985088,1410595025880,1410626618826,1410594755213,16666666,1410596316505,1410597700171,1410597734171,1410598040921,1410614616546,13872583,166625,1410614616546,1410612747713,0,1410598040921,
0,191787,1410609952160,1410609952160,0,1410611216088,1410611216921,1410611490088,1410611530296,1410643285492,1410611210671,16666666,1410611845630,1410612769963,1410612830130,1410613353880,1410631604338,15796917,487833,1410631604338,1410630533046,0,1410613353880,
0,191795,1410626618826,1410626618826,0,1410628716963,1410628718213,1410628986963,1410629097338,1410659952158,1410628710088,16666666,1410629363546,1410630563713,1410630597171,1410630914046,1410650695463,16701375,174500,1410650695463,1410648359755,0,1410630914046,
0,191803,1410643285492,1410643285492,0,1410645771713,1410645772921,1410646305171,1410646627255,1410676618824,1410645764505,16666666,1410646905963,1410648392338,1410648428838,1410649804213,1410666147130,13912625,181041,1410666147130,1410664660421,0,1410649804213,
0,191811,1410659952158,1410659952158,0,1410662732963,1410662733921,1410662904255,1410662943588,1410693285490,1410662727796,16666666,1410663161963,1410664692838,1410664726880,1410665425338,1410681615505,13196084,161875,1410681615505,1410679666005,0,1410665425338,
0,191819,1410676618824,1410676618824,0,1410677610130,1410677611046,1410677975130,1410678038463,1410709952156,1410677604171,16666666,1410678347546,1410679710380,1410679747630,1410680781171,1410702062046,19128041,192250,1410702062046,1410700799171,0,1410680781171,
0,191827,1410693285490,1410693285490,0,1410698629380,1410698630130,1410698786338,1410698825546,1410726618822,1410698624005,16666666,1410699218380,1410700852380,1410700892755,1410701280005,1410716905713,12420667,204083,1410716905713,1410714555796,0,1410701280005,
0,191835,1410709952156,1410709952156,0,1410714180463,1410714181755,1410714378046,1410714419671,1410743285488,1410714040213,16666666,1410714649796,1410714836630,1410714870130,1410715558380,1410730979921,14005666,207916,1410716915005,1410730979921,0,1410715558380,
0,191843,1410726618822,1410726618822,0,1410727843380,1410727844255,1410728501296,1410728545296,1410759952154,1410727837921,16666666,1410728801088,1410731097338,1410731139546,1410732834171,1410749943630,13984083,95792,1410749943630,1410747615505,0,1410732834171,
0,191851,1410743285488,1410743285488,0,1410744739088,1410744739921,1410745075130,1410745120671,1410776618820,1410744733921,16666666,1410745345130,1410747660796,1410747718963,1410748140463,1410765062755,12542792,302666,1410765062755,1410762543046,0,1410748140463,
0,191859,1410759952154,1410759952154,0,1410761129630,1410761130713,1410761361463,1410761402421,1410793285486,1410761124421,16666666,1410761413671,1410762591296,1410762629588,1410763395421,1410779356171,14228417,131416,1410765070296,1410779356171,0,1410763395421,
0,191867,1410776618820,1410776618820,0,1410778160546,1410778161421,1410778583755,1410778626296,1410809952152,1410778155130,16666666,1410778871463,1410779417463,1410779476880,1410780277838,1410798450380,15518500,147834,1410798450380,1410797191463,0,1410780277838,
0,191875,1410793285486,1410793285486,0,1410794233338,1410794234088,1410794415255,1410794471838,1410826618818,1410794228171,16666666,1410794709296,1410797252505,1410797290421,1410797651838,1410814138421,14620625,224250,1410814138421,1410813117713,0,1410797651838,
0,191883,1410809952152,1410809952152,0,1410811382796,1410811383838,1410811583380,1410811625713,1410843285484,1410811376546,16666666,1410811872338,1410813144171,1410813186130,1410813529505,1410831854421,15778084,195708,1410831854421,1410829969796,0,1410813529505,
0,191891,1410826618818,1410826618818,0,1410828157880,1410828159213,1410828422380,1410828491880,1410859952150,1410828151130,16666666,1410828854005,1410830044713,1410830111671,1410830403963,1410848392338,14981417,100208,1410848392338,1410846922296,0,1410830403963,
0,191899,1410843285484,1410843285484,0,1410845059921,1410845060713,1410845345713,1410845392088,1410876618816,1410845054588,16666666,1410845908546,1410846952213,1410846988796,1410847303421,1410866238463,16494500,124584,1410866238463,1410864957213,0,1410847303421,
0,191907,1410859952150,1410859952150,0,1410861447630,1410861448421,1410862111755,1410862205088,1410893285482,1410861441671,16666666,1410862691755,1410864993421,1410865030296,1410865323671,1410881471046,13518209,64708,1410881471046,1410879847755,0,1410865323671,
0,191915,1410876618816,1410876618816,0,1410877559088,1410877560130,1410877743338,1410877793796,1410909952148,1410877553505,16666666,1410878068171,1410879872796,1410879907171,1410880911296,1410897315005,14389500,113333,1410897315005,1410895923755,0,1410880911296,
0,191923,1410893285482,1410893285482,0,1410894006921,1410894007921,1410894390880,1410894433963,1410926618814,1410894001213,16666666,1410894664713,1410895950630,1410895986755,1410896595546,1410913458088,14607459,184500,1410913458088,1410911997713,0,1410896595546,
0,191931,1410909952148,1410909952148,0,1410910813255,1410910814255,1410911023296,1410911067546,1410943285480,1410910808255,16666666,1410911298588,1410912434296,1410912453171,1410912772296,1410931667796,17132958,89250,1410931667796,1410930644796,0,1410912772296,
0,191939,1410926618814,1410926618814,0,1410927656921,1410927657671,1410929285921,1410929338213,1410959952146,1410927650921,16666666,1410929878255,1410930677213,1410930714755,1410930996796,1410950965755,16944000,109500,1410950965755,1410948660546,0,1410930996796,
0,191947,1410943285480,1410943285480,0,1410944507755,1410944508963,1410945124880,1410945177213,1410976618812,1410944501380,16666666,1410947305005,1410948711130,1410948746880,1410949044046,1410963118963,12097959,323917,1410950972630,1410963118963,0,1410949044046,
0,191955,1410959952146,1410959952146,0,1410960905380,1410960906130,1410961629880,1410961676005,1410993285478,1410960900255,16666666,1410962264380,1410963154880,1410963190755,1410963605297,1410980349213,14196042,282958,1410980349213,1410978853588,0,1410963605297,
0,191963,1410976618812,1410976618812,0,1410977454838,1410977455797,1410977628588,1410977672963,1411009952144,1410977449380,16666666,1410977933963,1410978880338,1410978932255,1410979345880,1410997919630,16288000,379542,1410997919630,1410996696047,0,1410979345880,
0,191971,1410993285478,1410993285478,0,1410994998922,1410994999713,1410995249547,1410995292505,1411026618810,1410994993505,16666666,1410995553380,1410996726297,1410996928505,1410997212588,1411013744963,14532125,114334,1411013744963,1411012544588,0,1410997212588,
0,191979,1411009952144,1411009952144,0,1411010866172,1411010867047,1411011077547,1411011123463,1411043285476,1411010860338,16666666,1411011369463,1411012581672,1411012618255,1411013116880,1411031443505,15667458,98875,1411031443505,1411029461297,0,1411013116880,
0,191987,1411026618810,1411026618810,0,1411027407922,1411027408713,1411027948005,1411028474505,1411059952142,1411027402630,16666666,1411028890255,1411029496213,1411029576755,1411030645963,1411049211588,15048209,161417,1411049211588,1411046613422,0,1411030645963,
0,191995,1411043285476,1411043285476,0,1411044849588,1411044850505,1411045119505,1411045166213,1411076618808,1411044844047,16666666,1411045505088,1411046640922,1411046676172,1411047006672,1411062056255,12789125,700042,1411049221172,1411062056255,0,1411047006672,
0,192003,1411059952142,1411059952142,0,1411060753130,1411060754213,1411060952797,1411061000588,1411093285474,1411060747297,16666666,1411061287088,1411062100630,1411062165088,1411062643005,1411079798630,15423167,96583,1411079798630,1411078794838,0,1411062643005,
0,192011,1411076618808,1411076618808,0,1411077269213,1411077270213,1411077461172,1411077501255,1411109952140,1411077263338,16666666,1411077751547,1411078828172,1411078869088,1411079175213,1411097262505,15830500,81417,1411097262505,1411095699713,0,1411079175213,
0,192019,1411093285474,1411093285474,0,1411094159130,1411094160172,1411094420338,1411094467213,1411126618806,1411094135338,16666666,1411094725672,1411095766880,1411095826755,1411096574630,1411116326588,16538833,120083,1411116326588,1411113853088,0,1411096574630,
0,192027,1411109952140,1411109952140,0,1411110688047,1411110689047,1411110997672,1411111039422,1411143285472,1411110683213,16666666,1411111371588,1411113896547,1411114127172,1411115586880,1411132174297,14147541,97834,1411132174297,1411130528880,0,1411115586880,
0,192035,1411126618806,1411126618806,0,1411128654213,1411128691755,1411128912255,1411128957463,1411159952138,1411128648922,16666666,1411128972172,1411130576547,1411130612338,1411131178463,1411147205047,13889667,88750,1411147205047,1411146117505,0,1411131178463,
0,192043,1411143285472,1411143285472,0,1411144870088,1411144870922,1411145113547,1411145157505,1411176618804,1411144864880,16666666,1411145399880,1411146144922,1411146180797,1411146479922,1411163793880,15503958,92000,1411163793880,1411162756338,0,1411146479922,
0,192051,1411159952138,1411159952138,0,1411160861755,1411160862672,1411161140005,1411161184297,1411193285470,1411160856297,16666666,1411161593088,1411162792297,1411162825713,1411163135172,1411179438797,14791375,100500,1411179438797,1411178631422,0,1411163135172,
0,192059,1411176618804,1411176618804,0,1411177491047,1411177491880,1411177727255,1411177768255,1411209952136,1411177485797,16666666,1411178004380,1411178654630,1411178688172,1411178949630,1411197189005,16133833,82166,1411197189005,1411195622672,0,1411178949630,
0,192067,1411193285470,1411193285470,0,1411194190672,1411194191338,1411194372130,1411194417005,1411226618802,1411194185213,16666666,1411194710047,1411195660797,1411195705755,1411196385588,1411213820130,15437417,105667,1411213820130,1411212787630,0,1411196385588,
0,192075,1411209952136,1411209952136,0,1411211019713,1411211021047,1411211318547,1411211382088,1411243285468,1411211012672,16666666,1411211641922,1411212823672,1411212858172,1411213144463,1411230495880,15708250,101209,1411230495880,1411229579005,0,1411213144463,
0,192083,1411226618802,1411226618802,0,1411227697588,1411227698463,1411227969672,1411228234880,1411259952134,1411227692005,16666666,1411228782630,1411229618422,1411229651713,1411229917130,1411246730963,15216333,88917,1411246730963,1411245792422,0,1411229917130,
0,192091,1411243285468,1411243285468,0,1411244536255,1411244537213,1411244734922,1411244778797,1411276618800,1411244530047,16666666,1411245056963,1411245820338,1411245906547,1411246183297,1411263402088,15757333,98542,1411263402088,1411262539005,0,1411246183297,
0,192099,1411259952134,1411259952134,0,1411261527005,1411261527797,1411261725797,1411261771422,1411293285466,1411261520963,16666666,1411262040338,1411262566755,1411262602338,1411262909338,1411279571880,15353625,75750,1411279571880,1411278801047,0,1411262909338,
0,192107,1411276618800,1411276618800,0,1411277993380,1411277994255,1411278171672,1411278215463,1411309952132,1411277987963,16666666,1411278464963,1411278822547,1411278857797,1411279134713,1411296427755,15717958,70375,1411296427755,1411295332297,0,1411279134713,
0,192115,1411293285466,1411293285466,0,1411294196297,1411294197463,1411294366463,1411294409713,1411326618798,1411294190963,16666666,1411294562588,1411295358213,1411295393380,1411295664380,1411313425213,16084042,139250,1411313425213,1411312569255,0,1411295664380,
0,192123,1411309952132,1411309952132,0,1411310804547,1411310805422,1411311021547,1411311067338,1411343285464,1411310798797,16666666,1411311082130,1411312600838,1411312638880,1411312966963,1411330162380,15617375,79291,1411330162380,1411329155880,0,1411312966963,
0,192131,1411326618798,1411326618798,0,1411327545047,1411327545963,1411327736922,1411327779797,1411359952130,1411327538755,16666666,1411328176088,1411329206422,1411329243797,1411329529880,1411348200588,16941375,75583,1411348200588,1411347152755,0,1411329529880,
0,192139,1411343285464,1411343285464,0,1411345078588,1411345079463,1411345263255,1411345304588,1411376618796,1411345073005,16666666,1411345547380,1411347183713,1411347296630,1411347579130,1411363497547,14268167,95125,1411363497547,1411362522547,0,1411347579130,
0,192147,1411359952130,1411359952130,0,1411361382838,1411361383922,1411361600130,1411361664713,1411393285462,1411361376838,16666666,1411362007672,1411362574797,1411362651380,1411362978422,1411380871963,15814000,121209,1411380871963,1411379385588,0,1411362978422,
0,192155,1411376618796,1411376618796,0,1411377722255,1411377723047,1411377891755,1411377943130,1411409952128,1411377717047,16666666,1411378219505,1411379448297,1411379509547,1411379845588,1411396639088,14667250,474584,1411396639088,1411395589463,0,1411379845588,
0,192163,1411393285462,1411393285462,0,1411394375630,1411394376797,1411394600047,1411394644380,1411426618794,1411394369963,16666666,1411394889255,1411395613338,1411395698672,1411395967088,1411413553547,15604416,169375,1411413553547,1411412291838,0,1411395967088,
0,192171,1411409952128,1411409952128,0,1411410821297,1411410822088,1411411247547,1411411291547,1411443285460,1411410816005,16666666,1411411589463,1411412319672,1411412359047,1411412817713,1411429900005,15458166,191208,1411429900005,1411429058755,0,1411412817713,
0,192179,1411426618794,1411426618794,0,1411427419130,1411427420130,1411427609463,1411427649922,1411459952126,1411427413463,16666666,1411427931588,1411429083338,1411429113755,1411429387588,1411447784088,16371208,170417,1411447784088,1411446320630,0,1411429387588,
0,192187,1411443285460,1411443285460,0,1411444142797,1411444143672,1411444313797,1411444357505,1411476618792,1411444136880,16666666,1411444824505,1411446360672,1411446399130,1411447073255,1411463123505,14369750,113709,1411463123505,1411462205380,0,1411447073255,
0,192195,1411459952126,1411459952126,0,1411460845130,1411460845963,1411461183213,1411461228588,1411493285458,1411460839255,16666666,1411461477880,1411462235213,1411462268963,1411462553130,1411480291088,15798750,89167,1411480291088,1411478970422,0,1411462553130,
0,192203,1411476618792,1411476618792,0,1411478516630,1411478517838,1411478725047,1411478791838,1411509952124,1411478510422,16666666,1411478971213,1411478990588,1411479031672,1411479342005,1411496480630,15111750,300792,1411496480630,1411495453380,0,1411479342005,
0,192211,1411493285458,1411493285458,0,1411494457588,1411494459088,1411494668047,1411494710755,1411526618790,1411494451005,16666666,1411494723547,1411495483422,1411495517297,1411495783880,1411514102380,16467583,82875,1411514102380,1411513042255,0,1411495783880,
0,192219,1411509952124,1411509952124,0,1411511069505,1411511071255,1411511291963,1411511378422,1411543285456,1411511062463,16666666,1411511880088,1411513102505,1411513151547,1411513483213,1411530654297,14957875,139875,1411530654297,1411529108463,0,1411513483213,
0,192227,1411526618790,1411526618790,0,1411527996172,1411527997505,1411528404922,1411528451255,1411559952122,1411527989755,16666666,1411528694838,1411529193297,1411529235088,1411529843338,1411547764880,15774709,168250,1411547764880,1411546500130,0,1411529843338,
0,192235,1411543285456,1411543285456,0,1411544774005,1411544774797,1411544990630,1411545036172,1411576618788,1411544768213,16666666,1411545285380,1411546542297,1411546578672,1411546871755,1411566190422,17211958,130500,1411566190422,1411565029547,0,1411546871755,
0,192243,1411559952122,1411559952122,0,1411562984422,1411562985505,1411563909922,1411563958922,1411593285454,1411562978422,16666666,1411564577963,1411565060630,1411565094588,1411565417338,1411582272172,14750792,102625,1411582272172,1411580992922,0,1411565417338,
0,192251,1411576618788,1411576618788,0,1411578520755,1411578521630,1411578777005,1411578818130,1411609952120,1411578515588,16666666,1411579512130,1411581033963,1411581071005,1411581363422,1411599129963,15838458,126875,1411599129963,1411598203547,0,1411581363422,
0,192259,1411593285454,1411593285454,0,1411595440797,1411595441547,1411595619880,1411595662880,1411626618786,1411595435380,16666666,1411595940338,1411598232338,1411598267088,1411598542130,1411614956047,14518084,94125,1411614956047,1411613789297,0,1411598542130,
0,192267,1411609952120,1411609952120,0,1411612531005,1411612532047,1411613059088,1411613118963,1411643285452,1411612524755,16666666,1411613637505,1411613830963,1411613869713,1411614223838,1411630623838,14521250,81209,1411630623838,1411629523213,0,1411614223838,
0,192275,1411626618786,1411626618786,0,1411628450630,1411628451463,1411628644130,1411628687463,1411659952118,1411628445255,16666666,1411629169922,1411629548213,1411629582255,1411629892672,1411647526630,15615666,74416,1411647526630,1411646308255,0,1411629892672,
0,192283,1411643285452,1411643285452,0,1411645477630,1411645478672,1411645689963,1411645896088,1411676618784,1411645458255,16666666,1411646245297,1411646368213,1411646418797,1411646746588,1411663986672,15444792,150083,1411663986672,1411663132005,0,1411646746588,
0,192291,1411659952118,1411659952118,0,1411661562130,1411661563089,1411661849464,1411661890589,1411693285450,1411661556089,16666666,1411662062589,1411663165964,1411663204964,1411663491047,1411680643505,15393542,83750,1411680643505,1411679456714,0,1411663491047,
0,192299,1411676618784,1411676618784,0,1411678004630,1411678005964,1411678271297,1411678394130,1411709952116,1411677998089,16666666,1411678410630,1411679525089,1411679580172,1411679950339,1411698132547,16244084,72708,1411698132547,1411697000214,0,1411679950339,
0,192307,1411693285450,1411693285450,0,1411696132589,1411696133630,1411696397464,1411696443714,1411726618782,1411696127047,16666666,1411696803047,1411697028005,1411697063172,1411697335589,1411714955547,15718791,112916,1411714955547,1411713903005,0,1411697335589,
0,192315,1411709952116,1411709952116,0,1411711612922,1411711613880,1411711835880,1411711878339,1411743285448,1411711607214,16666666,1411713003339,1411713932089,1411713972214,1411714302380,1411730774005,14447333,79458,1411730774005,1411729451547,0,1411714302380,
0,192323,1411726618782,1411726618782,0,1411727832547,1411727833714,1411728750672,1411728837380,1411759952114,1411727825172,16666666,1411729207130,1411729493714,1411729531339,1411729853714,1411750292630,18354917,86542,1411750292630,1411749232964,0,1411729853714,
0,192331,1411743285448,1411743285448,0,1411745454714,1411745456630,1411746085005,1411746164089,1411776618780,1411745443714,16666666,1411747818130,1411749270672,1411749310964,1411749584839,1411763933214,11846041,134208,1411763933214,1411762190589,0,1411749584839,
0,192339,1411759952114,1411759952114,0,1411760903255,1411760904297,1411761138422,1411761186589,1411793285446,1411760897214,16666666,1411761793714,1411762225964,1411762260755,1411762595505,1411788735505,19745125,123208,1411788735505,1411783964797,0,1411762595505,
0,192347,1411776618780,1411776618780,0,1411777468047,1411777468839,1411777659380,1411777703339,1411809952112,1411777462630,16666666,1411777993297,1411784114172,1411784138047,1411785098130,1411798905422,8288959,1404459,1411798905422,1411797095880,0,1411785098130,
0,192355,1411793285446,1411793285446,0,1411795429464,1411795430547,1411795723297,1411795771505,1411826618778,1411795422505,16666666,1411796105380,1411797168672,1411797204005,1411797632172,1411814994380,14045000,497375,1411814994380,1411813015172,0,1411797632172,
0,192363,1411809952112,1411809952112,0,1411811020839,1411811021755,1411811215630,1411811263089,1411843285444,1411811015505,16666666,1411811529505,1411813060089,1411813099214,1411813950255,1411832256589,15865542,130417,1411832256589,1411831057630,0,1411813950255,
0,192371,1411826618778,1411826618778,0,1411830247130,1411830248047,1411830547005,1411830593880,1411859952110,1411830241589,16666666,1411830866505,1411831084339,1411831125547,1411831429130,1411849186464,14623542,95792,1411849186464,1411846959089,0,1411831429130,
0,192379,1411843285444,1411843285444,0,1411844450630,1411844451380,1411845351380,1411845424714,1411876618776,1411844444880,16666666,1411846058964,1411847025589,1411847083880,1411848291089,1411864095297,13307750,109666,1411864095297,1411862892380,0,1411848291089,
0,192387,1411859952110,1411859952110,0,1411861537797,1411861539214,1411862428547,1411862555089,1411893285442,1411861530380,16666666,1411862574464,1411862942380,1411863004755,1411863295130,1411881989130,16201875,160583,1411881989130,1411880353839,0,1411863295130,
0,192395,1411876618776,1411876618776,0,1411879062464,1411879063255,1411879304214,1411879347755,1411909952108,1411879056714,16666666,1411879906880,1411880378714,1411880415839,1411881056172,1411899614464,15429083,78167,1411899614464,1411897594339,0,1411881056172,
0,192403,1411893285442,1411893285442,0,1411895050964,1411895051839,1411895576630,1411895625255,1411926618774,1411895045464,16666666,1411895963964,1411897647922,1411897687214,1411898011630,1411914575797,13488792,112208,1411914575797,1411913186880,0,1411898011630,
0,192411,1411909952108,1411909952108,0,1411912512047,1411912513005,1411912684130,1411912726255,1411943285440,1411912506505,16666666,1411912960797,1411913257547,1411913320839,1411913721964,1411930471589,14195458,121042,1411930471589,1411928827339,0,1411913721964,
0,192419,1411926618774,1411926618774,0,1411928564255,1411928565005,1411928767130,1411928818255,1411959952106,1411928558380,16666666,1411929261172,1411929378505,1411929415172,1411929738589,1411949477964,16443125,99042,1411949477964,1411946962547,0,1411929738589,
0,192427,1411943285440,1411943285440,0,1411945433547,1411945435839,1411945674297,1411945743005,1411976618772,1411945387964,16666666,1411946058714,1411946998339,1411947036714,1411947407005,1411965532547,14213417,314916,1411965532547,1411963745339,0,1411947407005,
0,192435,1411959952106,1411959952106,0,1411961391505,1411961392214,1411961782797,1411961841880,1411993285438,1411961385589,16666666,1411962263464,1411963791422,1411963825880,1411964255589,1411983887422,16965958,355542,1411983887422,1411982554964,0,1411964255589,
0,192443,1411976618772,1411976618772,0,1411979646339,1411979647505,1411979939714,1411980209755,1412009952104,1411979638672,16666666,1411980686255,1411982621422,1411982659380,1411983021172,1412011593339,25377000,192083,1412011593339,1412009370297,0,1411983021172,
0,192451,1411993285438,1411993285438,0,1412006639922,1412006641005,1412007109714,1412007153005,1412043285436,1412006634130,16666666,1412007453839,1412009441797,1412009506005,1412010058130,1412014409255,1559708,1609459,1412012734297,1412014409255,0,1412010058130,
0,192459,1412009952104,1412009952104,0,1412011084880,1412011085422,1412011190505,1412011226297,1412059952102,1412011081422,16666666,1412011419672,1412014522297,1412014585089,1412015038130,1412038836130,18935083,350459,1412038836130,1412034924672,0,1412015038130,
0,192467,1412026618770,1412026618770,0,1412034666630,1412034667839,1412034862922,1412034906630,1412076618768,1412034660505,16666666,1412035071047,1412037324130,1412037354172,1412037804339,1412051792005,11560875,225583,1412051792005,1412050459672,0,1412037804339,
0,192475,1412043285436,1412043285436,0,1412049284505,1412049285380,1412049807422,1412049854630,1412093285434,1412049279214,16666666,1412049868047,1412050521839,1412050559672,1412050974880,1412067335880,14103417,109334,1412067335880,1412065955630,0,1412050974880,
0,192483,1412059952102,1412059952102,0,1412062512547,1412062514047,1412062792714,1412062856797,1412109952100,1412062505214,16666666,1412063203255,1412066034964,1412066079297,1412066384505,1412090658797,14071084,106167,1412090658797,1412081463964,0,1412066384505,
0,192491,1412076618768,1412076618768,0,1412078050547,1412078051714,1412078282422,1412078332630,1412126618766,1412078044964,16666666,1412078895339,1412081537797,1412081577172,1412082169255,1412109252755,16132166,224125,1412109252755,1412106850047,0,1412082169255,
0,192499,1412093285434,1412093285434,0,1412101907380,1412101908630,1412102185130,1412102247172,1412143285432,1412101900714,16666666,1412102600797,1412106927880,1412106992714,1412107904630,1412134878755,12684167,187833,1412134878755,1412122156839,0,1412107904630,
0,192507,1412109952100,1412109952100,0,1412119434880,1412119435964,1412119863255,1412119912630,1412159952098,1412119428922,16666666,1412122156880,1412122193422,1412122289797,1412129652380,1412153944005,18270750,208833,1412147661880,1412153944005,0,1412129652380,
0,192515,1412126618766,1412126618766,0,1412135874797,1412135876714,1412139414297,1412139477630,1412176618764,1412135863839,16666666,1412141034505,1412154026214,1412154128880,1412155122880,1412158795714,1792,277750,1412158795714,1412157110505,0,1412155122880,
0,192523,1412143285432,1412143285432,0,1412155885047,1412155886130,1412156150630,1412156218464,1412193285430,1412155877464,16666666,1412156595005,1412157165380,1412157207130,1412157498089,1412196181047,36900083,166458,1412186512047,1412196181047,0,1412157498089,
0,192531,1412159952098,1412159952098,0,1412161235297,1412161236422,1412161403547,1412161453505,1412209952096,1412161228505,16666666,1412161953464,1412196536547,1412197199130,1412198793964,1412211707755,3958,3331042,1412211628130,1412211707755,0,1412198793964,
0,192539,1412176618764,1412193285430,0,1412201219422,1412201220672,1412201472047,1412202041172,1412243285428,1412201210172,16666666,1412203739130,1412211818714,1412211876964,1412212539130,1412247024589,28568208,278875,1412247024589,1412242668672,0,1412212539130,
0,192546,1412209952096,1412209952096,0,1412215052464,1412215053630,1412215296922,1412215371714,1412276618760,1412215045505,16666666,1412215604047,1412242782505,1412242867339,1412243997297,1412253958297,4791833,305125,1412253958297,1412251876505,0,1412243997297,
0,192554,1412226618762,1412243285428,0,1412246813339,1412246814005,1412247008047,1412247050839,1412293285426,1412246807214,16666666,1412247065880,1412251939339,1412251976755,1412252939922,1412266546005,11286833,189875,1412266546005,1412265302964,0,1412252939922,
0,192563,1412259952094,1412259952094,0,1412262649380,1412262650297,1412263128339,1412263178714,1412309952092,1412262630255,16666666,1412263594964,1412265360214,1412265397380,1412265794505,1412281937714,13563625,92541,1412281937714,1412280363505,0,1412265794505,
0,192571,1412276618760,1412276618760,0,1412278324630,1412278325755,1412278561380,1412278610964,1412326618758,1412278318297,16666666,1412278937255,1412280428380,1412280470047,1412281031630,1412299545505,16182917,250333,1412299545505,1412298194755,0,1412281031630,
0,192579,1412293285426,1412293285426,0,1412295889547,1412295890797,1412296654255,1412296783589,1412343285424,1412295883214,16666666,1412297127964,1412298238922,1412298276380,1412298692214,1412314370339,13842167,249625,1412314370339,1412313460005,0,1412298692214,
0,192587,1412309952092,1412309952092,0,1412312435630,1412312436547,1412312681130,1412312726672,1412359952090,1412312429547,16666666,1412313018547,1412313492339,1412313574714,1412313872422,1412331347339,15727833,83958,1412331347339,1412330162755,0,1412313872422,
0,192595,1412326618758,1412326618758,0,1412327496922,1412327497714,1412327666339,1412327712464,1412376618756,1412327491214,16666666,1412328840630,1412330206630,1412330243755,1412330578130,1412349247172,15337917,128208,1412349247172,1412346741005,0,1412330578130,
0,192603,1412343285424,1412343285424,0,1412345403047,1412345403922,1412345630922,1412345673422,1412393285422,1412345369422,16666666,1412346060089,1412346768297,1412346807005,1412347585589,1412363701672,14374792,354875,1412349277422,1412363701672,0,1412347585589,
0,192611,1412359952090,1412359952090,0,1412361965422,1412361966339,1412362166714,1412362211881,1412409952088,1412361960339,16666666,1412362531214,1412363727714,1412363761631,1412365267589,1412380375589,12180875,141791,1412380375589,1412378852047,0,1412365267589,
0,192619,1412376618756,1412376618756,0,1412377295297,1412377296339,1412377586297,1412377633339,1412426618754,1412377289464,16666666,1412377871172,1412378887214,1412378974881,1412379293381,1412397349297,15167625,168417,1412397349297,1412395592047,0,1412379293381,
0,192627,1412393285422,1412393285422,0,1412393775672,1412393776589,1412394022089,1412394106172,1412409952088,1412393770214,16666666,1412394298172,1412395623006,1412395645672,1412396546631,1410380197380,14305917,193084,1410380197380,1412411791589,0,1412396546631,
---PROFILEDATA---


View hierarchy:

  dev.polski.grammarmatrix/dev.polski.grammarmatrix.GlassBenchmarkActivity/android.view.ViewRootImpl@af271ea
  7 views, 12.08 kB of render nodes


Total ViewRootImpl   : 1
Total attached Views : 7
Total RenderNode     : 12.08 kB (used) / 36.09 kB (capacity)