Applications Graphics Acceleration Info:
Uptime: 1361566 Realtime: 1361566

** Graphics info for pid 5729 [dev.polski.grammarmatrix] **

Stats since: 1356447101562ns
Total frames rendered: 308
Janky frames: 0 (0.00%)
Janky frames (legacy): 281 (91.23%)
50th percentile: 20ms
90th percentile: 24ms
95th percentile: 27ms
99th percentile: 31ms
Number Missed Vsync: 0
Number High input latency: 616
Number Slow UI thread: 0
Number Slow bitmap uploads: 0
Number Slow issue draw commands: 0
Number Frame deadline missed: 0
Number Frame deadline missed (legacy): 0
HISTOGRAM: 5ms=0 6ms=0 7ms=0 8ms=0 9ms=0 10ms=0 11ms=0 12ms=1 13ms=0 14ms=0 15ms=2 16ms=0 17ms=2 18ms=34 19ms=80 20ms=66 21ms=36 22ms=31 23ms=11 24ms=15 25ms=10 26ms=4 27ms=2 28ms=4 29ms=0 30ms=2 31ms=5 32ms=1 34ms=1 36ms=0 38ms=0 40ms=1 42ms=0 44ms=0 46ms=0 48ms=0 53ms=0 57ms=0 61ms=0 65ms=0 69ms=0 73ms=0 77ms=0 81ms=0 85ms=0 89ms=0 93ms=0 97ms=0 101ms=0 105ms=0 109ms=0 113ms=0 117ms=0 121ms=0 125ms=0 129ms=0 133ms=0 150ms=0 200ms=0 250ms=0 300ms=0 350ms=0 400ms=0 450ms=0 500ms=0 550ms=0 600ms=0 650ms=0 700ms=0 750ms=0 800ms=0 850ms=0 900ms=0 950ms=0 1000ms=0 1050ms=0 1100ms=0 1150ms=0 1200ms=0 1250ms=0 1300ms=0 1350ms=0 1400ms=0 1450ms=0 1500ms=0 1550ms=0 1600ms=0 1650ms=0 1700ms=0 1750ms=0 1800ms=0 1850ms=0 1900ms=0 1950ms=0 2000ms=0 2050ms=0 2100ms=0 2150ms=0 2200ms=0 2250ms=0 2300ms=0 2350ms=0 2400ms=0 2450ms=0 2500ms=0 2550ms=0 2600ms=0 2650ms=0 2700ms=0 2750ms=0 2800ms=0 2850ms=0 2900ms=0 2950ms=0 3000ms=0 3050ms=0 3100ms=0 3150ms=0 3200ms=0 3250ms=0 3300ms=0 3350ms=0 3400ms=0 3450ms=0 3500ms=0 3550ms=0 3600ms=0 3650ms=0 3700ms=0 3750ms=0 3800ms=0 3850ms=0 3900ms=0 3950ms=0 4000ms=0 4050ms=0 4100ms=0 4150ms=0 4200ms=0 4250ms=0 4300ms=0 4350ms=0 4400ms=0 4450ms=0 4500ms=0 4550ms=0 4600ms=0 4650ms=0 4700ms=0 4750ms=0 4800ms=0 4850ms=0 4900ms=0 4950ms=0
50th gpu percentile: 18ms
90th gpu percentile: 22ms
95th gpu percentile: 22ms
99th gpu percentile: 4950ms
GPU HISTOGRAM: 1ms=0 2ms=6 3ms=3 4ms=0 5ms=1 6ms=0 7ms=1 8ms=0 9ms=0 10ms=1 11ms=3 12ms=0 13ms=2 14ms=10 15ms=11 16ms=23 17ms=62 18ms=93 19ms=37 20ms=11 21ms=12 22ms=19 23ms=4 24ms=1 25ms=0 4950ms=8

Pipeline=Skia (OpenGL)
Memory policy:
  Max surface area: 2592000
  Max resource usage: 124.42MB (x48)
  Background retention: 50% (altUiHidden = true)
  GPU Context timeout: 10
Contexts: 1 (stopped = 0)
CPU Caches:
  Glyph Cache: 33.70 KB (1 entry)
  Glyph Count: 11 
Total CPU memory usage:
  34510 bytes, 33.70 KB (0.00 bytes is purgeable)
GPU Caches:
  Other:
    Other: 26.56 KB (1 entry)
    Buffer Object: 36.00 KB (1 entry)
  Scratch:
    Buffer Object: 80.00 KB (2 entries)
    Texture: 2.00 MB (1 entry)
Total GPU memory usage:
  2243136 bytes, 2.14 MB (68.00 KB is purgeable)

GraphicBufferAllocator buffers:
        Handle |        Size |     W (Stride) x H | Layers |   Format |      Usage | Requestor
0xb400007b2c426750 |     unknown | 1080 (   0) x 2400 |      1 |        1 | 0x     b00 | VRI[GlassBenchmarkActivity]#0(BLAST Consumer)0
0xb400007b2c426900 |     unknown | 1080 (   0) x 2400 |      1 |        1 | 0x     b00 | VRI[GlassBenchmarkActivity]#0(BLAST Consumer)0
0xb400007b2c437e50 |     unknown | 1080 (   0) x 2400 |      1 |        1 | 0x     b00 | VRI[GlassBenchmarkActivity]#0(BLAST Consumer)0
Total allocated by GraphicBufferAllocator (estimate): 0.00 KB
GoldfishAllocator::dumpDebugInfo is not implemented
Profile data in ms:

	dev.polski.grammarmatrix/dev.polski.grammarmatrix.GlassBenchmarkActivity/android.view.ViewRootImpl@af271ea (visibility=0)
Window: dev.polski.grammarmatrix/dev.polski.grammarmatrix.GlassBenchmarkActivity
Stats since: 1356447101354ns
Total frames rendered: 308
Janky frames: 0 (0.00%)
Janky frames (legacy): 281 (91.23%)
50th percentile: 20ms
90th percentile: 24ms
95th percentile: 27ms
99th percentile: 31ms
Number Missed Vsync: 0
Number High input latency: 616
Number Slow UI thread: 0
Number Slow bitmap uploads: 0
Number Slow issue draw commands: 0
Number Frame deadline missed: 0
Number Frame deadline missed (legacy): 0
HISTOGRAM: 5ms=0 6ms=0 7ms=0 8ms=0 9ms=0 10ms=0 11ms=0 12ms=1 13ms=0 14ms=0 15ms=2 16ms=0 17ms=2 18ms=34 19ms=80 20ms=66 21ms=36 22ms=31 23ms=11 24ms=15 25ms=10 26ms=4 27ms=2 28ms=4 29ms=0 30ms=2 31ms=5 32ms=1 34ms=1 36ms=0 38ms=0 40ms=1 42ms=0 44ms=0 46ms=0 48ms=0 53ms=0 57ms=0 61ms=0 65ms=0 69ms=0 73ms=0 77ms=0 81ms=0 85ms=0 89ms=0 93ms=0 97ms=0 101ms=0 105ms=0 109ms=0 113ms=0 117ms=0 121ms=0 125ms=0 129ms=0 133ms=0 150ms=0 200ms=0 250ms=0 300ms=0 350ms=0 400ms=0 450ms=0 500ms=0 550ms=0 600ms=0 650ms=0 700ms=0 750ms=0 800ms=0 850ms=0 900ms=0 950ms=0 1000ms=0 1050ms=0 1100ms=0 1150ms=0 1200ms=0 1250ms=0 1300ms=0 1350ms=0 1400ms=0 1450ms=0 1500ms=0 1550ms=0 1600ms=0 1650ms=0 1700ms=0 1750ms=0 1800ms=0 1850ms=0 1900ms=0 1950ms=0 2000ms=0 2050ms=0 2100ms=0 2150ms=0 2200ms=0 2250ms=0 2300ms=0 2350ms=0 2400ms=0 2450ms=0 2500ms=0 2550ms=0 2600ms=0 2650ms=0 2700ms=0 2750ms=0 2800ms=0 2850ms=0 2900ms=0 2950ms=0 3000ms=0 3050ms=0 3100ms=0 3150ms=0 3200ms=0 3250ms=0 3300ms=0 3350ms=0 3400ms=0 3450ms=0 3500ms=0 3550ms=0 3600ms=0 3650ms=0 3700ms=0 3750ms=0 3800ms=0 3850ms=0 3900ms=0 3950ms=0 4000ms=0 4050ms=0 4100ms=0 4150ms=0 4200ms=0 4250ms=0 4300ms=0 4350ms=0 4400ms=0 4450ms=0 4500ms=0 4550ms=0 4600ms=0 4650ms=0 4700ms=0 4750ms=0 4800ms=0 4850ms=0 4900ms=0 4950ms=0
50th gpu percentile: 18ms
90th gpu percentile: 22ms
95th gpu percentile: 22ms
99th gpu percentile: 4950ms
GPU HISTOGRAM: 1ms=0 2ms=6 3ms=3 4ms=0 5ms=1 6ms=0 7ms=1 8ms=0 9ms=0 10ms=1 11ms=3 12ms=0 13ms=2 14ms=10 15ms=11 16ms=23 17ms=62 18ms=93 19ms=37 20ms=11 21ms=12 22ms=19 23ms=4 24ms=1 25ms=0 4950ms=8



---PROFILEDATA---
Flags,FrameTimelineVsyncId,IntendedVsync,Vsync,InputEventId,HandleInputStart,AnimationStart,PerformTraversalsStart,DrawStart,FrameDeadline,FrameInterval,FrameStartTime,SyncQueued,SyncStart,IssueDrawCommandsStart,SwapBuffers,FrameCompleted,DequeueBufferDuration,QueueBufferDuration,GpuCompleted,SwapBuffersCompleted,DisplayPresentTime,CommandSubmissionCompleted,
0,167658,1359576620868,1359576620868,0,1359580738355,1359580739314,1359580917814,1359580957230,1359626620866,1359580732814,16666666,1359581195647,1359583335605,1359583370564,1359583684022,1359601307189,11855958,71708,1359601307189,1359597858272,0,1359583684022,
0,167666,1359593287534,1359593287534,0,1359594417897,1359594419064,1359594712855,1359594776397,1359643287532,1359594410647,16666666,1359595207564,1359598155314,1359598248272,1359598578397,1359621684814,20316291,255625,1359601316647,1359621684814,0,1359598578397,
0,167674,1359609954200,1359609954200,0,1359612437272,1359612437939,1359613085397,1359613184647,1359659954198,1359612432105,16666666,1359613815772,1359622536730,1359622615147,1359623188647,1359633703147,7929542,97458,1359633703147,1359631947939,0,1359623188647,
0,167682,1359626620866,1359626620866,0,1359630649147,1359630650147,1359630858772,1359630900897,1359676620864,1359630643897,16666666,1359631448022,1359632064397,1359632127980,1359632934814,1359651867814,15224000,110917,1359651867814,1359649058314,0,1359632934814,
0,167690,1359643287532,1359643287532,0,1359645500855,1359645502022,1359645805022,1359645864897,1359693287530,1359645495230,16666666,1359646269897,1359649130147,1359649170647,1359649480272,1359663355814,11416958,480917,1359651896522,1359663355814,0,1359649480272,
0,167698,1359659954198,1359659954198,0,1359663332605,1359663333689,1359663581480,1359663623105,1359709954196,1359663327230,16666666,1359664080105,1359664251230,1359664266772,1359665459272,1359680958272,12886208,122750,1359680958272,1359679549105,0,1359665459272,
0,167706,1359676620864,1359676620864,0,1359678152730,1359678153439,1359678639939,1359678682897,1359726620862,1359678147397,16666666,1359678944230,1359679569605,1359679603730,1359680067147,1359699021147,17003125,140958,1359699021147,1359698017522,0,1359680067147,
0,167714,1359693287530,1359693287530,0,1359697375647,1359697376689,1359697559564,1359697599605,1359743287528,1359697370439,16666666,1359697611314,1359698052605,1359698093272,1359698370272,1359719014189,18557750,95500,1359719014189,1359717776022,0,1359698370272,
0,167722,1359709954196,1359709954196,0,1359715658189,1359715658939,1359716781605,1359716846355,1359759954194,1359715652814,16666666,1359717235314,1359717800897,1359717837314,1359718389522,1359733313480,12282708,82041,1359733313480,1359731443272,0,1359718389522,
0,167730,1359726620862,1359726620862,0,1359729527439,1359729528772,1359729838689,1359729905397,1359776620860,1359729520689,16666666,1359730371480,1359731504105,1359731537730,1359731966647,1359750138772,13327375,89625,1359750138772,1359746687314,0,1359731966647,
0,167738,1359743287528,1359743287528,0,1359745418730,1359745419564,1359745600022,1359745639730,1359793287526,1359745413147,16666666,1359745979855,1359746902855,1359746938814,1359747734355,1359767499605,14998792,108416,1359767499605,1359765198439,0,1359747734355,
0,167746,1359759954194,1359759954194,0,1359763690522,1359763691314,1359763862272,1359763904855,1359809954192,1359763685189,16666666,1359764501355,1359765226772,1359765259522,1359765583397,1359780798314,11964708,94958,1359780798314,1359779510939,0,1359765583397,
0,167754,1359776620860,1359776620860,0,1359777882022,1359777883272,1359778296814,1359778369147,1359826620858,1359777875230,16666666,1359778711939,1359779559772,1359779654897,1359779948397,1359801042397,18303000,94334,1359801042397,1359799157314,0,1359779948397,
0,167762,1359793287526,1359793287526,0,1359796507397,1359796508439,1359797499689,1359797543147,1359843287524,1359796501355,16666666,1359797823355,1359799185730,1359799221355,1359800382980,1359815843689,13410291,96417,1359815843689,1359814505730,0,1359800382980,
0,167770,1359809954192,1359809954192,0,1359811684522,1359811685439,1359811944939,1359811984272,1359859954190,1359811678980,16666666,1359812625439,1359814549105,1359814586814,1359814917439,1359831718522,14514333,91334,1359831718522,1359830406730,0,1359814917439,
0,167778,1359826620858,1359826620858,0,1359827664772,1359827665814,1359827956064,1359828158355,1359876620856,1359827659230,16666666,1359828481355,1359830450939,1359830485147,1359830887564,1359850673522,17931875,179917,1359850673522,1359849704730,0,1359830887564,
0,167786,1359843287524,1359843287524,0,1359845122689,1359845123564,1359846216814,1359846260439,1359893287522,1359845117647,16666666,1359846518980,1359849745689,1359849807355,1359850094147,1359867601230,15771542,76417,1359867601230,1359866491689,0,1359850094147,
0,167794,1359859954190,1359859954190,0,1359861801939,1359861803355,1359862664730,1359862716022,1359909954188,1359861794397,16666666,1359862936939,1359866536939,1359866577480,1359866866064,1359883488564,14564041,90833,1359883488564,1359882212564,0,1359866866064,
0,167802,1359876620856,1359876620856,0,1359877915897,1359877917189,1359878139564,1359878198772,1359926620854,1359877909564,16666666,1359878213814,1359882272439,1359882309355,1359882623814,1359904122730,17600583,97541,1359904122730,1359901188647,0,1359882623814,
0,167810,1359893287522,1359893287522,0,1359894956897,1359894957939,1359901119855,1359901186480,1359943287520,1359894950230,16666666,1359901536439,1359901678189,1359901714189,1359902014855,1359914031189,9858625,348250,1359904131564,1359914031189,0,1359902014855,
0,167818,1359909954188,1359909954188,0,1359910697605,1359910698689,1359912455314,1359912504480,1359959954186,1359910677230,16666666,1359912952272,1359914063647,1359914153397,1359914470314,1359935372106,18665459,86584,1359935372106,1359933885356,0,1359914470314,
0,167826,1359926620854,1359926620854,0,1359932636731,1359932637647,1359933335814,1359933406106,1359976620852,1359932630689,16666666,1359933754939,1359933911647,1359933947772,1359934225106,1359948662481,11588084,189750,1359948662481,1359947017356,0,1359934225106,
0,167834,1359943287520,1359943287520,0,1359946367814,1359946368731,1359946577106,1359946617272,1359993287518,1359946359481,16666666,1359946922522,1359947036272,1359947070439,1359947744689,1359969733397,16844833,335542,1359969733397,1359965557772,0,1359947744689,
0,167842,1359959954186,1359959954186,0,1359965212856,1359965213606,1359965470522,1359965531939,1360009954184,1359965207439,16666666,1359965875022,1359966358689,1359966396772,1359966685981,1359986828064,13116458,2395167,1359986828064,1359982915772,0,1359966685981,
0,167850,1359976620852,1359976620852,0,1359977423439,1359977424189,1359977705022,1359977749356,1360026620850,1359977418439,16666666,1359978047897,1359982991814,1359983031981,1359985581814,1359999161522,10965625,210958,1359999161522,1359997843939,0,1359985581814,
0,167858,1359993287518,1359993287518,0,1359996320147,1359996320814,1359996505147,1359996544939,1360043287516,1359996314522,16666666,1359997181189,1359997869522,1359997985189,1359998280481,1360013845731,13455292,156750,1360013845731,1360012684939,0,1359998280481,
0,167866,1360009954184,1360009954184,0,1360011076731,1360011078064,1360011307022,1360011368939,1360059954182,1360011069481,16666666,1360011796022,1360012733856,1360012785022,1360013127481,1360035230897,19538875,165125,1360035230897,1360033434064,0,1360013127481,
0,167874,1360026620850,1360026620850,0,1360028650481,1360028651231,1360028867731,1360028915981,1360076620848,1360028645147,16666666,1360029154439,1360033504147,1360033539314,1360033893439,1360055452606,15169375,367709,1360055452606,1360050454522,0,1360033893439,
0,167882,1360043287516,1360043287516,0,1360046225731,1360046226606,1360049749481,1360050213106,1360093287514,1360046220356,16666666,1360053540647,1360053714647,1360053768606,1360054334606,1360068506814,11633125,233875,1360068506814,1360067137189,0,1360054334606,
0,167890,1360059954182,1360059954182,0,1360063489147,1360063490314,1360064644939,1360064810272,1360109954180,1360063483689,16666666,1360065558189,1360067175189,1360067209606,1360067505147,1360082867522,11398959,204250,1360082867522,1360079977439,0,1360067505147,
0,167898,1360076620848,1360076620848,0,1360077454647,1360077455439,1360077616356,1360077659564,1360126620846,1360077449356,16666666,1360078024397,1360080119522,1360080147522,1360081773647,1360103553481,17097833,295125,1360103553481,1360100097814,0,1360081773647,
0,167906,1360093287514,1360093287514,0,1360099576022,1360099577564,1360100365939,1360100415439,1360143287512,1360099569189,16666666,1360100806981,1360101475689,1360101513814,1360101944272,1360114295106,9361500,144250,1360114295106,1360112969981,0,1360101944272,
0,167914,1360109954180,1360109954180,0,1360111103897,1360111104772,1360111628731,1360111709272,1360159954178,1360111098231,16666666,1360112163356,1360112995397,1360113029939,1360113422981,1360133476647,16657958,93834,1360133476647,1360131005772,0,1360113422981,
0,167922,1360126620846,1360126620846,0,1360128413231,1360128414064,1360129999522,1360130045356,1360176620844,1360128407897,16666666,1360130556356,1360131033522,1360131065856,1360132568064,1360148271564,13499375,239875,1360148271564,1360147033647,0,1360132568064,
0,167930,1360143287512,1360143287512,0,1360145388814,1360145389481,1360145553064,1360145593856,1360193287510,1360145383606,16666666,1360145883397,1360147065939,1360147101106,1360147425689,1360164699272,14431500,346042,1360164699272,1360162775647,0,1360147425689,
0,167938,1360159954178,1360159954178,0,1360162195981,1360162196731,1360162488689,1360162561689,1360209954176,1360162189981,16666666,1360162877564,1360163014106,1360163045814,1360163369064,1360180462439,14463458,116709,1360180462439,1360179212814,0,1360163369064,
0,167946,1360176620844,1360176620844,0,1360177881606,1360177882481,1360178084189,1360178131356,1360226620842,1360177876314,16666666,1360178461731,1360179242522,1360179320814,1360179703022,1360198552064,16595458,129417,1360198552064,1360197139981,0,1360179703022,
0,167954,1360193287510,1360193287510,0,1360194345647,1360194346439,1360195064689,1360195234814,1360243287508,1360194340481,16666666,1360195737481,1360197190647,1360197234522,1360197644564,1360215353981,15631708,115125,1360215353981,1360214240981,0,1360197644564,
0,167962,1360209954176,1360209954176,0,1360212795981,1360212796981,1360213029356,1360213087397,1360259954174,1360212789314,16666666,1360213741939,1360214269314,1360214303772,1360214594481,1360231076147,14182792,102417,1360231076147,1360229593772,0,1360214594481,
0,167970,1360226620842,1360226620842,0,1360227804772,1360227805647,1360228338731,1360228503772,1360276620840,1360227799397,16666666,1360228677939,1360229634231,1360229673064,1360229979314,1360248422689,16008708,147125,1360248422689,1360247227231,0,1360229979314,
0,167978,1360243287508,1360243287508,0,1360245432106,1360245433481,1360246655731,1360246734689,1360293287506,1360245425189,16666666,1360246754814,1360247276147,1360247314147,1360247659689,1360265214939,14907333,107750,1360265214939,1360263511022,0,1360247659689,
0,167986,1360259954174,1360259954174,0,1360262022272,1360262023189,1360262342939,1360262395439,1360309954172,1360262016814,16666666,1360262900814,1360263545772,1360263909022,1360264324522,1360282729397,15936959,176750,1360282729397,1360281212231,0,1360264324522,
0,167994,1360276620840,1360276620840,0,1360278326022,1360278326814,1360279348356,1360279420272,1360326620838,1360278320314,16666666,1360279731981,1360281276522,1360281314939,1360281808272,1360298865356,14740125,106833,1360298865356,1360297554189,0,1360281808272,
0,168002,1360293287506,1360293287506,0,1360295236856,1360295237689,1360295416689,1360295463981,1360343287504,1360295231064,16666666,1360295728814,1360297772689,1360297818564,1360298121981,1360315000147,14756625,115792,1360315000147,1360313692231,0,1360298121981,
0,168010,1360309954172,1360309954172,0,1360311973939,1360311974939,1360312713731,1360312759939,1360359954170,1360311968106,16666666,1360313164522,1360313721106,1360313810147,1360314227147,1360332913689,15713917,148334,1360332913689,1360330844939,0,1360314227147,
0,168018,1360326620838,1360326620838,0,1360329395231,1360329396314,1360329705647,1360329760731,1360376620836,1360329388689,16666666,1360330871106,1360330882481,1360330903897,1360331811647,1360348667522,13611667,105458,1360348667522,1360346692647,0,1360331811647,
0,168026,1360343287504,1360343287504,0,1360346055397,1360346056564,1360346303856,1360346372272,1360393287502,1360346049772,16666666,1360346852564,1360347372022,1360347431106,1360347783314,1360364765439,14070250,125959,1360364765439,1360362815481,0,1360347783314,
0,168034,1360359954170,1360359954170,0,1360361189189,1360361190106,1360361365272,1360361409022,1360409954168,1360361183689,16666666,1360361753814,1360362880897,1360362942022,1360363298647,1360383691272,17453083,113125,1360383691272,1360382292189,0,1360363298647,
0,168042,1360376620836,1360376620836,0,1360380722022,1360380722939,1360381057022,1360381118981,1360426620834,1360380716731,16666666,1360381521814,1360382360897,1360382423439,1360382782064,1360397339606,11844583,177250,1360397339606,1360395601106,0,1360382782064,
0,168050,1360393287502,1360393287502,0,1360394232022,1360394233272,1360394636939,1360394692314,1360443287500,1360394225564,16666666,1360395091939,1360395657689,1360395704772,1360396477272,1360415608939,16922792,142000,1360415608939,1360414445481,0,1360396477272,
0,168058,1360409954168,1360409954168,0,1360412292272,1360412293314,1360412767606,1360412824189,1360459954166,1360412285981,16666666,1360413015647,1360414517356,1360414627897,1360414952856,1360432242397,15447750,112625,1360432242397,1360431161356,0,1360414952856,
0,168066,1360426620834,1360426620834,0,1360429137564,1360429138772,1360429480814,1360429535064,1360476620832,1360429130897,16666666,1360429549814,1360431236272,1360431285064,1360431598272,1360450054147,15943792,88542,1360450054147,1360448255606,0,1360431598272,
0,168074,1360443287500,1360443287500,0,1360446067397,1360446068439,1360446244522,1360446287731,1360493287498,1360446061731,16666666,1360446540106,1360448304314,1360448341272,1360448749772,1360466163439,13782333,498417,1360466163439,1360463889856,0,1360448749772,
0,168082,1360459954166,1360459954166,0,1360462292731,1360462293564,1360462688231,1360462733772,1360509954164,1360462286897,16666666,1360463245731,1360463922564,1360463999606,1360465293606,1360481457856,13935459,86625,1360481457856,1360480349231,0,1360465293606,
0,168090,1360476620832,1360476620832,0,1360479346522,1360479347397,1360479515731,1360479555314,1360526620830,1360479341272,16666666,1360479835022,1360480374647,1360480411981,1360480745939,1360501858439,14615333,88625,1360501858439,1360496160231,0,1360480745939,
0,168098,1360493287498,1360493287498,0,1360495868772,1360495869647,1360496501147,1360496579481,1360543287496,1360495863356,16666666,1360497183689,1360497198272,1360497231481,1360500966856,1360518712481,15297833,135500,1360518712481,1360517207689,0,1360500966856,
0,168106,1360509954164,1360509954164,0,1360514751606,1360514752481,1360515249064,1360515317606,1360559954162,1360514745606,16666666,1360515828856,1360517234231,1360517268356,1360517574647,1360533690064,13253416,424708,1360533690064,1360532071981,0,1360517574647,
0,168114,1360526620830,1360526620830,0,1360528456731,1360528457647,1360528735856,1360528785106,1360576620828,1360528450731,16666666,1360529174022,1360532159231,1360532446647,1360532790606,1360548968564,13294291,178917,1360548968564,1360547085147,0,1360532790606,
0,168122,1360543287496,1360543287496,0,1360545447106,1360545448147,1360545791022,1360546106189,1360593287494,1360545439106,16666666,1360546646231,1360547136147,1360547236481,1360547692856,1360564848147,13964458,126917,1360564848147,1360563008856,0,1360547692856,
0,168130,1360559954162,1360559954162,0,1360561945856,1360561946647,1360562206314,1360562490647,1360609954160,1360561940231,16666666,1360562839481,1360563118231,1360563183272,1360564090564,1360580854064,14543083,100000,1360580854064,1360579445606,0,1360564090564,
0,168138,1360576620828,1360576620828,0,1360578084897,1360578085731,1360578314439,1360578359606,1360626620826,1360578079439,16666666,1360578611106,1360579469731,1360579504606,1360579772147,1360597276564,14964042,156708,1360597276564,1360595916772,0,1360579772147,
0,168146,1360593287494,1360593287494,0,1360594338106,1360594338897,1360594530731,1360594574189,1360643287492,1360594332897,16666666,1360594746939,1360595949272,1360595988939,1360596486439,1360617140272,18333375,105167,1360617140272,1360615658314,0,1360596486439,
0,168154,1360609954160,1360609954160,0,1360614076981,1360614078022,1360614273231,1360614321272,1360659954158,1360614071231,16666666,1360614336856,1360615717647,1360615754314,1360616438189,1360631557314,13138459,109209,1360631557314,1360630335148,0,1360616438189,
0,168162,1360626620826,1360626620826,0,1360628512106,1360628513273,1360628788606,1360628836148,1360676620824,1360628506481,16666666,1360629311439,1360630376856,1360630414273,1360630759606,1360652720606,17207958,109917,1360652720606,1360648854148,0,1360630759606,
0,168170,1360643287492,1360643287492,0,1360646500314,1360646501314,1360646913106,1360646960523,1360693287490,1360646494773,16666666,1360647224231,1360648933523,1360649010564,1360650602773,1360671455648,14096709,134125,1360671455648,1360666947439,0,1360650602773,
0,168178,1360659954158,1360659954158,0,1360662693106,1360662694189,1360665378939,1360665443606,1360709954156,1360662687981,16666666,1360665993106,1360667565773,1360667611564,1360670024648,1360682872564,8222667,223792,1360682872564,1360679744064,0,1360670024648,
0,168186,1360676620824,1360676620824,0,1360677638564,1360677639606,1360677809939,1360678194189,1360726620822,1360677632356,16666666,1360678617314,1360679789189,1360680721981,1360681649481,1360703406481,17559750,167875,1360703406481,1360701024856,0,1360681649481,
0,168194,1360693287490,1360693287490,0,1360696603064,1360696604689,1360697064606,1360697106273,1360743287488,1360696520356,16666666,1360697351106,1360701092606,1360701134481,1360702029023,1360728341023,15355042,101125,1360728341023,1360718893189,0,1360702029023,
0,168202,1360709954156,1360709954156,0,1360713960689,1360713961523,1360714144106,1360714190939,1360759954154,1360713954606,16666666,1360715018064,1360718961064,1360719007314,1360721017981,1360734661981,3612125,3111541,1360730986398,1360734661981,0,1360721017981,
0,168210,1360726620822,1360726620822,0,1360727623189,1360727623814,1360727776231,1360727817481,1360776620820,1360727618064,16666666,1360728404106,1360734740106,1360734778273,1360735380148,1360757287981,17087500,265000,1360757287981,1360754509523,0,1360735380148,
0,168218,1360743287488,1360743287488,0,1360744656898,1360744658106,1360744949481,1360745013981,1360793287486,1360744649023,16666666,1360745595898,1360754584231,1360754632773,1360755001773,1360772747731,12263458,376625,1360772747731,1360770084023,0,1360755001773,
0,168226,1360759954154,1360759954154,0,1360762667481,1360762668314,1360762853814,1360762917981,1360809954152,1360762661856,16666666,1360763403314,1360770193231,1360770235314,1360770997731,1360792090689,12839792,265167,1360792090689,1360785655356,0,1360770997731,
0,168234,1360776620820,1360776620820,0,1360780861648,1360780862439,1360781337273,1360781389481,1360826620818,1360780856231,16666666,1360781590606,1360785725856,1360785768981,1360790789189,1360801372773,6862583,251333,1360801372773,1360799085439,0,1360790789189,
0,168242,1360793287486,1360793287486,0,1360794906356,1360794907481,1360795226856,1360795293148,1360843287484,1360794900523,16666666,1360795308189,1360799179273,1360799240439,1360799668481,1360817151398,13344417,178792,1360817151398,1360814803731,0,1360799668481,
0,168250,1360809954152,1360809954152,0,1360812519314,1360812520106,1360812743356,1360812786106,1360859954150,1360812513231,16666666,1360813022773,1360814866731,1360814971898,1360815670064,1360841847939,22301416,125584,1360841847939,1360839541148,0,1360815670064,
0,168258,1360826620818,1360826620818,0,1360829396606,1360829397689,1360829632856,1360829681148,1360876620816,1360829391023,16666666,1360829973564,1360839629731,1360839691231,1360840905106,1360862223689,8292667,271583,1360862223689,1360850363023,0,1360840905106,
0,168266,1360843287484,1360843287484,0,1360849198189,1360849199231,1360849471189,1360849517398,1360893287482,1360849192439,16666666,1360850376898,1360850388773,1360851075814,1360852811148,1360873919648,2011583,1161250,1360873919648,1360870799981,0,1360852811148,
0,168274,1360859954150,1360859954150,0,1360861963898,1360861964398,1360862051856,1360862089648,1360909954148,1360861959981,16666666,1360862359856,1360870942148,1360870983231,1360872399814,1360892950231,18619292,981166,1360874248148,1360892950231,0,1360872399814,
0,168282,1360876620816,1360876620816,0,1360882355981,1360882356648,1360882580814,1360882630523,1360926620814,1360882349981,16666666,1360882899564,1360893041148,1360893107148,1360893827023,1360907045356,8812417,176750,1360907045356,1360903666898,0,1360893827023,
0,168290,1360893287482,1360893287482,0,1360901141398,1360901142439,1360901546439,1360901586398,1360943287480,1360901135439,16666666,1360901917356,1360903714356,1360903801648,1360904165898,1360918035064,7436709,106042,1360918035064,1360914531398,0,1360904165898,
0,168298,1360909954148,1360909954148,0,1360911437481,1360911438314,1360911881773,1360911926606,1360959954146,1360911432064,16666666,1360912385439,1360914571356,1360914608856,1360914917564,1360943934481,16519375,149708,1360943934481,1360934609981,0,1360914917564,
0,168306,1360926620814,1360926620814,0,1360929903064,1360929904148,1360930431481,1360930497148,1360976620812,1360929896189,16666666,1360930923231,1360934678273,1360934718481,1360940698856,1360962229939,15491917,461375,1360962229939,1360959522189,0,1360940698856,
0,168314,1360943287480,1360943287480,0,1360947353314,1360947353981,1360949656606,1360950453731,1360993287478,1360947346939,16666666,1360950854064,1360959610731,1360959679356,1360961925064,1360975855606,6409125,139625,1360975855606,1360974186773,0,1360961925064,
0,168322,1360959954146,1360959954146,0,1360963836564,1360963837606,1360964470564,1360964535689,1361009954144,1360963831189,16666666,1360964746648,1360974265981,1360974319189,1360974988606,1360981835023,4387709,96292,1360981835023,1360980301481,0,1360974988606,
0,168330,1360976620812,1360976620812,0,1360977724564,1360977725314,1360977863523,1360977936523,1361026620810,1360977718939,16666666,1360977949898,1360980371398,1360980414773,1360980886981,1361003387439,19714834,229416,1361003387439,1361001886606,0,1360980886981,
0,168338,1360993287478,1360993287478,0,1360996684898,1360996685773,1360998546273,1360998609814,1361043287476,1360996679231,16666666,1360998883064,1361001958731,1361002009023,1361002409356,1361015802273,11104500,238625,1361015802273,1361014598189,0,1361002409356,
0,168346,1361009954144,1361009954144,0,1361011137898,1361011139148,1361011346523,1361011404106,1361059954142,1361011132648,16666666,1361011696939,1361014669356,1361014712064,1361015141773,1361033403856,16070125,141541,1361033403856,1361031967356,0,1361015141773,
0,168354,1361026620810,1361026620810,0,1361027597189,1361027598398,1361027856898,1361027917314,1361076620808,1361027590023,16666666,1361029260731,1361032103314,1361032301856,1361032679273,1361048961481,12609166,120500,1361048961481,1361046107189,0,1361032679273,
0,168362,1361043287476,1361043287476,0,1361045241106,1361045241898,1361045444564,1361045485106,1361093287474,1361045235939,16666666,1361046394189,1361046503981,1361047274773,1361047602689,1361069010064,17985667,111500,1361069010064,1361067033523,0,1361047602689,
0,168370,1361059954142,1361059954142,0,1361066240148,1361066241314,1361066462689,1361066507148,1361109954140,1361066234148,16666666,1361066779106,1361067104731,1361067172273,1361067595606,1361082326523,13246750,743625,1361069022856,1361082326523,0,1361067595606,
0,168378,1361076620808,1361076620808,0,1361078755481,1361078756314,1361078980231,1361079019856,1361126620806,1361078750439,16666666,1361079386148,1361082404231,1361082443898,1361082744439,1361101981231,17307750,82708,1361101981231,1361100914356,0,1361082744439,
0,168386,1361093287474,1361093287474,0,1361099207106,1361099208023,1361099392564,1361099441814,1361143287472,1361099200648,16666666,1361099758523,1361100967189,1361101006231,1361101300939,1361119095356,15811375,112875,1361119095356,1361117846689,0,1361101300939,
0,168394,1361109954140,1361109954140,0,1361116857189,1361116858231,1361117399731,1361117444939,1361159954138,1361116852064,16666666,1361117723106,1361117869314,1361117905648,1361118262023,1361139070648,16491166,179667,1361139070648,1361135637814,0,1361118262023,
0,168402,1361126620806,1361126620806,0,1361135804898,1361135805898,1361135995689,1361136209273,1361176620804,1361135800231,16666666,1361136579439,1361136711606,1361136745939,1361137679023,1361152470398,10806667,136416,1361152470398,1361149932731,0,1361137679023,
0,168410,1361143287472,1361143287472,0,1361148597689,1361148598939,1361149081731,1361149183564,1361193287470,1361148591481,16666666,1361149701564,1361149976981,1361150036648,1361151524314,1361164713273,10661334,178250,1361164713273,1361163202523,0,1361151524314,
0,168418,1361159954138,1361159954138,0,1361162288273,1361162289439,1361162535023,1361162581898,1361209954136,1361162282023,16666666,1361162595148,1361163345314,1361163397856,1361163926564,1361180791106,14639000,149084,1361180791106,1361179430773,0,1361163926564,
0,168426,1361176620804,1361176620804,0,1361178007106,1361178008064,1361178286231,1361178351023,1361226620802,1361178001231,16666666,1361178666939,1361179497439,1361179563231,1361179970106,1361210405939,20758500,130667,1361210405939,1361201607398,0,1361179970106,
0,168434,1361193287470,1361193287470,0,1361200066648,1361200067981,1361201133273,1361201203189,1361243287468,1361199999481,16666666,1361201599023,1361201691356,1361201742106,1361203465731,1361214015273,2501916,156625,1361214015273,1361212962606,0,1361203465731,
0,168442,1361209954136,1361209954136,0,1361210885398,1361210886273,1361211070356,1361211116523,1361259954134,1361210879439,16666666,1361211487523,1361212998731,1361213033481,1361213407648,1361230792106,15719958,85792,1361230792106,1361229813314,0,1361213407648,
0,168450,1361226620802,1361226620802,0,1361228597939,1361228598981,1361228861023,1361228911689,1361276620800,1361228591856,16666666,1361229203273,1361229840439,1361229925939,1361230263648,1361248709231,16672292,122041,1361248709231,1361247508606,0,1361230263648,
0,168458,1361243287468,1361243287468,0,1361246489064,1361246490189,1361246671981,1361246712939,1361293287466,1361246482939,16666666,1361247093148,1361247530273,1361247681606,1361247980064,1361265676939,14287292,111625,1361265676939,1361263107106,0,1361247980064,
0,168466,1361259954134,1361259954134,0,1361262766314,1361262767189,1361263243981,1361263298189,1361309954132,1361262760856,16666666,1361263694273,1361263957689,1361264162231,1361264973523,1361301068731,33074916,113334,1361301068731,1361298802898,0,1361264973523,
0,168474,1361276620800,1361276620800,0,1361290014606,1361290015689,1361292367231,1361292434564,1361326620798,1361290008314,16666666,1361292862773,1361298873814,1361298911981,1361299675773,1361314243898,11811125,118833,1361314243898,1361312946273,0,1361299675773,
0,168481,1361293287466,1361293287466,0,1361299605314,1361299605606,1361299672023,1361299707314,1361343287464,1361299601814,16666666,1361299904856,1361313019981,1361313069648,1361313354939,1361331005648,15013875,74792,1361331005648,1361329309773,0,1361313354939,
0,168489,1361309954132,1361309954132,0,1361313574273,1361313574606,1361313654189,1361313761523,1361359954130,1361313570773,16666666,1361314087106,1361329386440,1361329432065,1361329802190,1361348327106,15394125,310375,1361348327106,1361346588898,0,1361329802190,
0,168497,1361326620798,1361326620798,0,1361330868815,1361330869773,1361331024315,1361331078606,1361376620796,1361330864148,16666666,1361331234315,1361346672356,1361346733065,1361347197731,1361364365648,14635625,158458,1361364365648,1361363017815,0,1361347197731,
0,168505,1361343287464,1361343287464,0,1361351835731,1361351836356,1361351970315,1361352062606,1361393287462,1361351830523,16666666,1361352074440,1361363086981,1361363121398,1361363404273,1361381283648,15176167,75125,1361381283648,1361379590815,0,1361363404273,
0,168513,1361359954130,1361359954130,0,1361363713356,1361363713731,1361363781148,1361363852398,1361409954128,1361363709523,16666666,1361364306315,1361379672773,1361379765565,1361380482815,1361397858315,14315542,79416,1361397858315,1361395659273,0,1361380482815,
0,168521,1361376620796,1361376620796,0,1361380689481,1361380690148,1361380770398,1361380809440,1361426620794,1361380685690,16666666,1361381028023,1361395727481,1361395764315,1361396714690,1361413205106,15248000,445583,1361397869190,1361413205106,0,1361396714690,
0,168529,1361393287462,1361393287462,0,1361397225981,1361397226731,1361397326231,1361397376398,1361443287460,1361397221440,16666666,1361397609023,1361413271898,1361413313440,1361413623231,1361431203148,14991958,87417,1361431203148,1361429460898,0,1361413623231,
0,168537,1361409954128,1361409954128,0,1361413836856,1361413837190,1361414216315,1361414265315,1361459954126,1361413833273,16666666,1361414497898,1361429526773,1361429566981,1361430403356,1361447364981,14516000,136292,1361447364981,1361446096231,0,1361430403356,
0,168545,1361426620794,1361426620794,0,1361430392898,1361430393273,1361430854440,1361430907148,1361476620792,1361430389231,16666666,1361431140356,1361446161690,1361446203731,1361446527690,1361465480856,16195459,164625,1361465480856,1361463611815,0,1361446527690,
0,168553,1361443287460,1361443287460,0,1361448742648,1361448743815,1361448884023,1361448927690,1361493287458,1361448736106,16666666,1361449205231,1361463682815,1361463720565,1361464138565,1361482760690,15924625,163417,1361482760690,1361481486190,0,1361464138565,
0,168561,1361459954126,1361459954126,0,1361464309606,1361464309856,1361464376481,1361464408773,1361509954124,1361464306273,16666666,1361464821606,1361481578148,1361481623106,1361482018231,1361497803606,13560167,73833,1361497803606,1361496548106,0,1361482018231,
0,168569,1361476620792,1361476620792,0,1361482306565,1361482306940,1361482400648,1361482439440,1361526620790,1361482296940,16666666,1361482645856,1361496639523,1361496694315,1361497023690,1361517687356,17989167,288792,1361517687356,1361515869481,0,1361497023690,
0,168577,1361493287458,1361493287458,0,1361497220648,1361497220981,1361497302315,1361497342898,1361543287456,1361497217065,16666666,1361497903981,1361515950106,1361516263606,1361516724273,1361534094398,13435875,120000,1361534094398,1361531193356,0,1361516724273,
0,168585,1361509954124,1361509954124,0,1361518415523,1361518416148,1361518556315,1361518599440,1361559954122,1361518410565,16666666,1361518721023,1361531270565,1361531320023,1361531622481,1361551370356,13166916,1518333,1361551370356,1361547330440,0,1361531622481,
0,168593,1361526620790,1361526620790,0,1361532559106,1361532559606,1361533568773,1361533609315,1361576620788,1361532554315,16666666,1361533624773,1361547395356,1361547419065,1361547861023,1361571602898,17516208,120333,1361571602898,1361569095940,0,1361547861023,
0,168601,1361543287456,1361543287456,0,1361550892398,1361550893273,1361551463356,1361551502773,1361593287454,1361550886065,16666666,1361551794106,1361569148606,1361569173023,1361570345856,1361583571690,10617750,92667,1361583571690,1361582305148,0,1361570345856,
0,168609,1361559954122,1361559954122,0,1361569999190,1361569999523,1361570078273,1361570115523,1361576620788,1361569995065,16666666,1361570321398,1361582368690,1361582406023,1361582713690,1359584496647,12689041,197542,1359584496647,1361596403440,0,1361582713690,
---PROFILEDATA---


View hierarchy:

  dev.polski.grammarmatrix/dev.polski.grammarmatrix.GlassBenchmarkActivity/android.view.ViewRootImpl@af271ea
  7 views, 12.08 kB of render nodes


Total ViewRootImpl   : 1
Total attached Views : 7
Total RenderNode     : 12.08 kB (used) / 36.09 kB (capacity)