Applications Graphics Acceleration Info:
Uptime: 1480012 Realtime: 1480012

** Graphics info for pid 5729 [dev.polski.grammarmatrix] **

Stats since: 1474507175202ns
Total frames rendered: 115
Janky frames: 77 (66.96%)
Janky frames (legacy): 115 (100.00%)
50th percentile: 73ms
90th percentile: 150ms
95th percentile: 150ms
99th percentile: 200ms
Number Missed Vsync: 52
Number High input latency: 76
Number Slow UI thread: 55
Number Slow bitmap uploads: 7
Number Slow issue draw commands: 75
Number Frame deadline missed: 77
Number Frame deadline missed (legacy): 77
HISTOGRAM: 5ms=0 6ms=0 7ms=0 8ms=0 9ms=0 10ms=0 11ms=0 12ms=0 13ms=0 14ms=0 15ms=0 16ms=0 17ms=0 18ms=0 19ms=0 20ms=0 21ms=0 22ms=0 23ms=2 24ms=0 25ms=1 26ms=0 27ms=1 28ms=1 29ms=1 30ms=2 31ms=0 32ms=3 34ms=3 36ms=4 38ms=3 40ms=3 42ms=3 44ms=4 46ms=2 48ms=7 53ms=3 57ms=6 61ms=0 65ms=2 69ms=4 73ms=4 77ms=2 81ms=1 85ms=5 89ms=1 93ms=3 97ms=2 101ms=5 105ms=5 109ms=2 113ms=2 117ms=2 121ms=1 125ms=1 129ms=0 133ms=2 150ms=18 200ms=3 250ms=1 300ms=0 350ms=0 400ms=0 450ms=0 500ms=0 550ms=0 600ms=0 650ms=0 700ms=0 750ms=0 800ms=0 850ms=0 900ms=0 950ms=0 1000ms=0 1050ms=0 1100ms=0 1150ms=0 1200ms=0 1250ms=0 1300ms=0 1350ms=0 1400ms=0 1450ms=0 1500ms=0 1550ms=0 1600ms=0 1650ms=0 1700ms=0 1750ms=0 1800ms=0 1850ms=0 1900ms=0 1950ms=0 2000ms=0 2050ms=0 2100ms=0 2150ms=0 2200ms=0 2250ms=0 2300ms=0 2350ms=0 2400ms=0 2450ms=0 2500ms=0 2550ms=0 2600ms=0 2650ms=0 2700ms=0 2750ms=0 2800ms=0 2850ms=0 2900ms=0 2950ms=0 3000ms=0 3050ms=0 3100ms=0 3150ms=0 3200ms=0 3250ms=0 3300ms=0 3350ms=0 3400ms=0 3450ms=0 3500ms=0 3550ms=0 3600ms=0 3650ms=0 3700ms=0 3750ms=0 3800ms=0 3850ms=0 3900ms=0 3950ms=0 4000ms=0 4050ms=0 4100ms=0 4150ms=0 4200ms=0 4250ms=0 4300ms=0 4350ms=0 4400ms=0 4450ms=0 4500ms=0 4550ms=0 4600ms=0 4650ms=0 4700ms=0 4750ms=0 4800ms=0 4850ms=0 4900ms=0 4950ms=0
50th gpu percentile: 4950ms
90th gpu percentile: 4950ms
95th gpu percentile: 4950ms
99th gpu percentile: 4950ms
GPU HISTOGRAM: 1ms=0 2ms=0 3ms=1 4ms=0 5ms=3 6ms=0 7ms=0 8ms=2 9ms=1 10ms=3 11ms=2 12ms=2 13ms=2 14ms=0 15ms=0 16ms=0 17ms=3 18ms=5 19ms=4 20ms=2 21ms=2 22ms=5 23ms=4 24ms=0 25ms=4 4950ms=70

Pipeline=Skia (OpenGL)
Memory policy:
  Max surface area: 2592000
  Max resource usage: 124.42MB (x48)
  Background retention: 50% (altUiHidden = true)
  GPU Context timeout: 10
Contexts: 1 (stopped = 0)
CPU Caches:
  Glyph Cache: 33.70 KB (1 entry)
  Glyph Count: 11 
Total CPU memory usage:
  34510 bytes, 33.70 KB (0.00 bytes is purgeable)
GPU Caches:
  Other:
    Other: 26.56 KB (1 entry)
    Buffer Object: 36.00 KB (1 entry)
  Scratch:
    Buffer Object: 80.00 KB (2 entries)
    Texture: 2.00 MB (1 entry)
Total GPU memory usage:
  2243136 bytes, 2.14 MB (68.00 KB is purgeable)

GraphicBufferAllocator buffers:
        Handle |        Size |     W (Stride) x H | Layers |   Format |      Usage | Requestor
0xb400007b2c426750 |     unknown | 1080 (   0) x 2400 |      1 |        1 | 0x     b00 | VRI[GlassBenchmarkActivity]#0(BLAST Consumer)0
0xb400007b2c426900 |     unknown | 1080 (   0) x 2400 |      1 |        1 | 0x     b00 | VRI[GlassBenchmarkActivity]#0(BLAST Consumer)0
0xb400007b2c437e50 |     unknown | 1080 (   0) x 2400 |      1 |        1 | 0x     b00 | VRI[GlassBenchmarkActivity]#0(BLAST Consumer)0
Total allocated by GraphicBufferAllocator (estimate): 0.00 KB
GoldfishAllocator::dumpDebugInfo is not implemented
Profile data in ms:

	dev.polski.grammarmatrix/dev.polski.grammarmatrix.GlassBenchmarkActivity/android.view.ViewRootImpl@af271ea (visibility=0)
Window: dev.polski.grammarmatrix/dev.polski.grammarmatrix.GlassBenchmarkActivity
Stats since: 1474507174202ns
Total frames rendered: 115
Janky frames: 77 (66.96%)
Janky frames (legacy): 115 (100.00%)
50th percentile: 73ms
90th percentile: 150ms
95th percentile: 150ms
99th percentile: 200ms
Number Missed Vsync: 52
Number High input latency: 76
Number Slow UI thread: 55
Number Slow bitmap uploads: 7
Number Slow issue draw commands: 75
Number Frame deadline missed: 77
Number Frame deadline missed (legacy): 77
HISTOGRAM: 5ms=0 6ms=0 7ms=0 8ms=0 9ms=0 10ms=0 11ms=0 12ms=0 13ms=0 14ms=0 15ms=0 16ms=0 17ms=0 18ms=0 19ms=0 20ms=0 21ms=0 22ms=0 23ms=2 24ms=0 25ms=1 26ms=0 27ms=1 28ms=1 29ms=1 30ms=2 31ms=0 32ms=3 34ms=3 36ms=4 38ms=3 40ms=3 42ms=3 44ms=4 46ms=2 48ms=7 53ms=3 57ms=6 61ms=0 65ms=2 69ms=4 73ms=4 77ms=2 81ms=1 85ms=5 89ms=1 93ms=3 97ms=2 101ms=5 105ms=5 109ms=2 113ms=2 117ms=2 121ms=1 125ms=1 129ms=0 133ms=2 150ms=18 200ms=3 250ms=1 300ms=0 350ms=0 400ms=0 450ms=0 500ms=0 550ms=0 600ms=0 650ms=0 700ms=0 750ms=0 800ms=0 850ms=0 900ms=0 950ms=0 1000ms=0 1050ms=0 1100ms=0 1150ms=0 1200ms=0 1250ms=0 1300ms=0 1350ms=0 1400ms=0 1450ms=0 1500ms=0 1550ms=0 1600ms=0 1650ms=0 1700ms=0 1750ms=0 1800ms=0 1850ms=0 1900ms=0 1950ms=0 2000ms=0 2050ms=0 2100ms=0 2150ms=0 2200ms=0 2250ms=0 2300ms=0 2350ms=0 2400ms=0 2450ms=0 2500ms=0 2550ms=0 2600ms=0 2650ms=0 2700ms=0 2750ms=0 2800ms=0 2850ms=0 2900ms=0 2950ms=0 3000ms=0 3050ms=0 3100ms=0 3150ms=0 3200ms=0 3250ms=0 3300ms=0 3350ms=0 3400ms=0 3450ms=0 3500ms=0 3550ms=0 3600ms=0 3650ms=0 3700ms=0 3750ms=0 3800ms=0 3850ms=0 3900ms=0 3950ms=0 4000ms=0 4050ms=0 4100ms=0 4150ms=0 4200ms=0 4250ms=0 4300ms=0 4350ms=0 4400ms=0 4450ms=0 4500ms=0 4550ms=0 4600ms=0 4650ms=0 4700ms=0 4750ms=0 4800ms=0 4850ms=0 4900ms=0 4950ms=0
50th gpu percentile: 4950ms
90th gpu percentile: 4950ms
95th gpu percentile: 4950ms
99th gpu percentile: 4950ms
GPU HISTOGRAM: 1ms=0 2ms=0 3ms=1 4ms=0 5ms=3 6ms=0 7ms=0 8ms=2 9ms=1 10ms=3 11ms=2 12ms=2 13ms=2 14ms=0 15ms=0 16ms=0 17ms=3 18ms=5 19ms=4 20ms=2 21ms=2 22ms=5 23ms=4 24ms=0 25ms=4 4950ms=70



---PROFILEDATA---
Flags,FrameTimelineVsyncId,IntendedVsync,Vsync,InputEventId,HandleInputStart,AnimationStart,PerformTraversalsStart,DrawStart,FrameDeadline,FrameInterval,FrameStartTime,SyncQueued,SyncStart,IssueDrawCommandsStart,SwapBuffers,FrameCompleted,DequeueBufferDuration,QueueBufferDuration,GpuCompleted,SwapBuffersCompleted,DisplayPresentTime,CommandSubmissionCompleted,
0,218768,1474443282940,1474493282938,0,1474509770868,1474509771493,1474509956952,1474509983535,1474543282936,1474509765410,16666666,1474510083702,1474525430035,1474530471702,1474531588618,1474543208535,473333,435875,1474543208535,1474533869535,0,1474531588618,
0,218776,1474526616270,1474526616270,0,1474534660702,1474534661327,1474534773868,1474534810202,1474559949602,1474534655993,16666666,1474534820452,1474535049952,1474535111743,1474541599577,1474563336327,14176375,197375,1474563336327,1474557472660,0,1474541599577,
0,218791,1474543282936,1474543282936,0,1474553128243,1474553129618,1474564424535,1474564610702,1474593282934,1474553121910,16666666,1474566254410,1474566396993,1474566444785,1474567793285,1474584580202,1532584,114000,1474584580202,1474570686119,0,1474567793285,
0,218800,1474576616268,1474576616268,0,1474586464369,1474586465202,1474589235327,1474589293952,1474609949600,1474586458410,16666666,1474589594577,1474589768577,1474589860244,1474590667494,1474678357619,81362916,560958,1474656764827,1474678357619,0,1474590667494,
0,218808,1474593282934,1474643282932,0,1474655799535,1474655800535,1474655996577,1474674633202,1474676616264,1474655792827,16666666,1474675272244,1474678466202,1474678501910,1474715219619,1474742410785,7459,545833,1474742410785,1474723447452,0,1474715219619,
0,218815,1474676616264,1474676616264,0,1474686969619,1474686970369,1474687173744,1474687211452,1474759949594,1474686963744,16666666,1474687325244,1474723580369,1474723721077,1474730689535,1474770565535,25570833,741416,1474770565535,1474768401619,0,1474730689535,
0,218822,1474693282930,1474709949596,0,1474725108785,1474725109202,1474725204785,1474725240744,1474793282926,1474725103952,16666666,1474725250244,1474768493410,1474768548327,1474769129410,1474809583077,17801416,160500,1474809583077,1474794147035,0,1474769129410,
0,218829,1474726616262,1474759949594,0,1474773377285,1474773377702,1474775528660,1474775597535,1474743282928,1474773371869,16666666,1474776913202,1474801972119,1474802044077,1474804482077,1471895162367,49423542,408667,1471895162367,1474859308869,0,1474804482077,
0,218838,1474776616260,1474809949592,0,1474819041494,1474819042535,1474819273785,1474819335535,1474826616258,1474819033827,16666666,1474819632244,1474859419369,1474859461285,1474861087952,1474868573785,1750,135125,1474868573785,1474864359077,0,1474861087952,
0,218847,1474826616258,1474859949590,0,1474861832827,1474861833660,1474861987244,1474862024410,1474893282922,1474861826827,16666666,1474862325202,1474864766160,1474864839744,1474866837285,1474898956910,21128625,210500,1474898956910,1474889781952,0,1474866837285,
0,218856,1474876616256,1474876616256,0,1474883452827,1474883453702,1474883700077,1474883749619,1474926616254,1474883447535,16666666,1474883922202,1474889864785,1474889894494,1474897632619,1474940230910,38154500,1729791,1474924663285,1474940230910,0,1474897632619,
0,218864,1474893282922,1474893282922,0,1474903805035,1474903806785,1474904224535,1474904298702,1474943282920,1474903792910,16666666,1474908268619,1474940314452,1474940337285,1474947375077,1474957999535,1375,105583,1474957999535,1474949268910,0,1474947375077,
0,218872,1474909949588,1474926616254,0,1474941551285,1474941551535,1474941709494,1474941745285,1474976616252,1474941547160,16666666,1474941949410,1474949339994,1474949382619,1474956149660,1475081092702,123009958,150791,1475025336660,1475081092702,0,1474956149660,
0,218880,1474959949586,1474959949586,0,1474975549369,1474975550535,1475029865452,1475029970994,1475043282916,1474975543202,16666666,1475030754202,1475081902410,1475090916910,1475136198410,1475162317035,4417,650334,1475162317035,1475141835119,0,1475136198410,
0,218888,1474976616252,1475109949580,0,1475123719535,1475123720827,1475123939910,1475124046077,1474993282918,1475110196577,16666666,1475124340202,1475141932119,1475143273327,1475160736285,1472019604951,37543833,30592458,1472019604951,1475240561369,0,1475160736285,
0,218903,1475143282912,1475159949578,0,1475161833577,1475161834827,1475161942410,1475161991702,1475193282910,1475161825660,16666666,1475162147202,1475240734285,1475240766202,1475242299285,1475250496369,4250,4276792,1475249839535,1475250496369,0,1475242299285,
0,218911,1475193282910,1475243282908,0,1475249769577,1475249770619,1475250092910,1475250138410,1475276616240,1475249763327,16666666,1475250153452,1475250533160,1475250597410,1475251957410,1475358238161,102227959,269958,1475311554244,1475358238161,0,1475251957410,
0,218919,1475259949574,1475276616240,0,1475276993411,1475276994494,1475277196577,1475277247702,1475343282904,1475276985702,16666666,1475277546036,1475358357702,1475358408202,1475398446286,1475533707369,50458,81040500,1475533707369,1475487991661,0,1475398446286,
0,218927,1475293282906,1475359949570,0,1475375110577,1475375111369,1475440124786,1475440221036,1475559949562,1475375105077,16666666,1475457037911,1475488117327,1475488140536,1475488693577,1475576296286,21388292,13367833,1475576296286,1475555209744,0,1475488693577,
0,218934,1475459949566,1475509949564,0,1475519841244,1475519842202,1475523313077,1475523364869,1475593282894,1475519835577,16666666,1475523529411,1475555308411,1475555413619,1475564974327,1475594485577,16587917,431208,1475593870869,1475594485577,0,1475564974327,
0,218942,1475526616230,1475576616228,0,1475582134369,1475582135286,1475582283619,1475582329202,1475626616226,1475582126702,16666666,1475582346036,1475594976494,1475595046661,1475596551827,1475622370786,3541,2686792,1475621837036,1475622370786,0,1475596551827,
0,218951,1475609949560,1475609949560,0,1475626289911,1475626290869,1475627727619,1475634992536,1475643282892,1475626284119,16666666,1475635555244,1475637131744,1475637197786,1475656170827,1475727750119,48160167,222500,1475721631869,1475727750119,0,1475656170827,
0,218959,1475626616226,1475709949556,0,1475713825577,1475713826994,1475714044286,1475714096161,1475743282888,1475713817369,16666666,1475714443702,1475727847911,1475727881327,1475788677911,1475809764536,2166,272167,1475809764536,1475795876327,0,1475788677911,
0,218967,1475709949556,1475743282888,0,1475747966202,1475747967244,1475787251702,1475787303036,1475826616218,1475747957827,16666666,1475787501911,1475797475286,1475797504494,1475799292994,1475860157702,50330708,9400917,1475857460369,1475860157702,0,1475799292994,
0,218974,1475793282886,1475793282886,0,1475809448411,1475809449494,1475809632577,1475809686161,1475876616216,1475809441702,16666666,1475809702119,1475860233536,1475860254619,1475861097286,1475881710077,2625,327833,1475881655619,1475881710077,0,1475861097286,
0,218982,1475809949552,1475859949550,0,1475864818577,1475864819327,1475864964786,1475865003202,1475826616218,1475864812536,16666666,1475879707952,1475881792202,1475881822536,1475883947452,1472366178242,160855208,129833,1472366178242,1476048528619,0,1475883947452,
0,218990,1475876616216,1475909949548,0,1475914149327,1475914150244,1475993012828,1475993072994,1475909949548,1475914140994,16666666,1475996627578,1476048636328,1476048671244,1476058057994,1476086517244,7209,1440125,1476086517244,1476065220578,0,1476058057994,
0,218999,1475993282878,1476043282876,0,1476056544828,1476056545578,1476056696328,1476056737328,1476109949540,1476056537953,16666666,1476056879453,1476065303286,1476065368411,1476066618411,1476170084244,83449792,105208,1476157776703,1476170084244,0,1476066618411,
0,219007,1476076616208,1476093282874,0,1476100575203,1476100576744,1476100811744,1476100874078,1476176616204,1476100565786,16666666,1476100890661,1476170215203,1476170260119,1476278930786,1476313648578,2834,311875,1476313648578,1476286856661,0,1476278930786,
0,219015,1476109949540,1476176616204,0,1476177399953,1476177400703,1476177567244,1476177615703,1476343282864,1476177394078,16666666,1476191067161,1476287257953,1476290738244,1476291152994,1476359505119,45302666,3065458,1476350214494,1476359505119,0,1476291152994,
0,219022,1476209949536,1476293282866,0,1476294491161,1476294492078,1476350718411,1476350775328,1476376616196,1476294484244,16666666,1476353585703,1476359591286,1476359820661,1476372464994,1476397024119,8467791,2430750,1476397024119,1476390354244,0,1476372464994,
0,219031,1476359949530,1476393282862,0,1476402958744,1476402959828,1476403187619,1476403238078,1476426616194,1476402950953,16666666,1476403381119,1476403405661,1476407962994,1476418045453,1476426457619,2917,1277375,1476426457619,1476422936036,0,1476418045453,
0,219039,1476409949528,1476409949528,0,1476422302828,1476422303703,1476422948369,1476423008411,1476443282860,1476422296744,16666666,1476423142369,1476424571578,1476424729703,1476425377411,1476482057036,55542125,114708,1476479629328,1476482057036,0,1476425377411,
0,219047,1476426616194,1476459949526,0,1476464196828,1476464198078,1476464443828,1476464499203,1476509949524,1476464187703,16666666,1476464802161,1476482275994,1476482301286,1476483725828,1476486220536,1750,100125,1476486220536,1476484497869,0,1476483725828,
0,219055,1476443282860,1476476616192,0,1476482653369,1476482653578,1476484612078,1476484661494,1476526616190,1476482649536,16666666,1476484940244,1476485043411,1476485077119,1476485311661,1476518440286,32151125,172167,1476513082286,1476518440286,0,1476485311661,
0,219063,1476493282858,1476493282858,0,1476495363744,1476495364828,1476495974994,1476496816661,1476543282856,1476495357453,16666666,1476497217328,1476518527536,1476523118494,1476525533161,1476545212578,2000,129166,1476545212578,1476538938578,0,1476525533161,
0,219071,1476509949524,1476509949524,0,1476525755036,1476525755494,1476532719703,1476532785953,1476576616188,1476525750786,16666666,1476533114203,1476539014828,1476539072578,1476542509619,1476568625869,14230792,143208,1476568625869,1476559513744,0,1476542509619,
0,219078,1476526616190,1476543282856,0,1476543480119,1476543481036,1476543589203,1476543643911,1476593282854,1476543472869,16666666,1476550810661,1476559595911,1476559647286,1476563114161,1476592570869,6576667,356542,1476592570869,1476588175286,0,1476563114161,
0,219087,1476559949522,1476559949522,0,1476573791578,1476573792786,1476574422494,1476574472328,1476609949520,1476573785119,16666666,1476574487369,1476588256911,1476588278869,1476590063494,1476619625119,24968334,177292,1476619625119,1476617618078,0,1476590063494,
0,219094,1476576616188,1476576616188,0,1476589295953,1476589296244,1476589382119,1476589419744,1476643282852,1476589292661,16666666,1476589612744,1476617698453,1476617741369,1476618650619,1476655770494,28598000,110292,1476655770494,1476648284786,0,1476618650619,
0,219102,1476593282854,1476609949520,0,1476618265828,1476618266203,1476618357119,1476618423578,1476676616184,1476618261828,16666666,1476618629661,1476648354661,1476648392578,1476648888203,1476671459911,11837167,206250,1476671459911,1476667685370,0,1476648888203,
0,219110,1476609949520,1476643282852,0,1476648652536,1476648652786,1476663302994,1476663392244,1476693282850,1476648648369,16666666,1476663728411,1476667759078,1476667812453,1476669730286,1476691098453,16359750,238208,1476691098453,1476687972203,0,1476669730286,
0,219118,1476659949518,1476659949518,0,1476670286911,1476670287661,1476670374703,1476670424495,1476709949516,1476670281328,16666666,1476671578245,1476688151495,1476688214370,1476689374661,1476711672286,11760583,326917,1476711672286,1476702924953,0,1476689374661,
0,219126,1476676616184,1476676616184,0,1476690204328,1476690204953,1476690322661,1476690363703,1476743282848,1476690199661,16666666,1476690601036,1476702997453,1476703044120,1476703547828,1476735923286,22478583,6607125,1476713329036,1476735923286,0,1476703547828,
0,219136,1476726616182,1476726616182,0,1476729119911,1476729121245,1476729952453,1476730043161,1476759949514,1476729113620,16666666,1476730705661,1476736194161,1476736243995,1476739657620,1476767459911,15241333,523292,1476752120453,1476767459911,0,1476739657620,
0,219144,1476743282848,1476743282848,0,1476755207995,1476755208828,1476755410161,1476786992703,1476776616180,1476755199745,16666666,1476787241995,1476790700995,1476790752328,1476801494453,1476873056453,4583,67863042,1476871776411,1476873056453,0,1476801494453,
0,219152,1476759949514,1476809949512,0,1476822096995,1476822097953,1476857585328,1476857657120,1476893282842,1476822083995,16666666,1476858247870,1476873345453,1476873395120,1476874105078,1476968210661,31336666,49705625,1476930835245,1476968210661,0,1476874105078,
0,219160,1476876616176,1476876616176,0,1476887860411,1476887861703,1476888233953,1476888297495,1476959949506,1476887853328,16666666,1476888665203,1476968322536,1476970227203,1476982700328,1477004364536,4418458,770792,1477004364536,1477001950370,0,1476982700328,
0,219167,1476893282842,1476976616172,0,1476978091120,1476978092286,1476988470703,1476988556620,1477026616170,1476978083953,16666666,1476991274870,1477002043661,1477002109911,1477002910953,1477036792411,18941042,86250,1477036792411,1477023379786,0,1477002910953,
0,219176,1477009949504,1477009949504,0,1477017728870,1477017729786,1477018470328,1477018517786,1477059949502,1477017722911,16666666,1477018883120,1477023466911,1477023537745,1477023902328,1477044066328,5160833,108458,1477044066328,1477042034953,0,1477023902328,
0,219184,1477026616170,1477026616170,0,1477038371536,1477038372453,1477038473078,1477038519411,1477076616168,1477038366120,16666666,1477038531120,1477042122286,1477042186453,1477042849370,1477072382286,9389291,221125,1477072382286,1477053555120,0,1477042849370,
0,219192,1477043282836,1477043282836,0,1477044418078,1477044419661,1477045158828,1477045207161,1477093282834,1477044412036,16666666,1477045536578,1477053642953,1477053689370,1477054034703,1477151646245,79079708,10796750,1477072404203,1477151646245,0,1477054034703,
0,219200,1477059949502,1477076616168,0,1477092991286,1477092992245,1477093181661,1477093249411,1477109949500,1477092984786,16666666,1477098210870,1477159478620,1477159509870,1477174820036,1477191049578,4959,11934958,1477190977203,1477191049578,0,1477174820036,
0,219208,1477093282834,1477159949498,0,1477170201036,1477170201995,1477174437828,1477174492745,1477209949496,1477170192995,16666666,1477175265411,1477191257786,1477195568036,1477203676536,1477243710995,1003583,1478292,1477243710995,1477207489661,0,1477203676536,
0,219215,1477176616164,1477193282830,0,1477198026911,1477198027911,1477198274578,1477198311786,1477276616160,1477198020620,16666666,1477198582745,1477207832370,1477207879786,1477212098911,1477285441161,8999459,147750,1477285441161,1477269438411,0,1477212098911,
0,219223,1477193282830,1477209949496,0,1477216304911,1477216305370,1477217375495,1477217428578,1477309949492,1477216300703,16666666,1477217571786,1477269678911,1477269708453,1477283657411,1477301336786,13136416,425542,1477301336786,1477298939703,0,1477283657411,
0,219231,1477209949496,1477259949494,0,1477270918995,1477270919245,1477278073036,1477278140161,1477326616158,1477270915078,16666666,1477278162120,1477299050078,1477299117786,1477300119661,1477353998495,41454542,149458,1477353998495,1477342883578,0,1477300119661,
0,219240,1477293282826,1477293282826,0,1477306804870,1477306805495,1477306994745,1477307052328,1477376616156,1477306799995,16666666,1477307361328,1477342974828,1477343002036,1477350304036,1477433463870,73914667,125792,1477430514828,1477433463870,0,1477350304036,
0,219247,1477309949492,1477343282824,0,1477351041411,1477351042661,1477351193495,1477351251578,1477459949486,1477351033161,16666666,1477351591036,1477435778828,1477440100953,1477469855870,1477497847995,4647875,96959,1477497847995,1477485950203,0,1477469855870,
0,219257,1477359949490,1477476616152,0,1477484899537,1477484900787,1477484981370,1477485031287,1477526616150,1477484732828,16666666,1477485463453,1477486010995,1477486033870,1477487086578,1477575772870,77846667,193083,1477558852953,1477575772870,0,1477487086578,
0,219273,1477493282818,1477509949484,0,1477515587245,1477515588037,1477515986662,1477516106245,1477576616148,1477515580495,16666666,1477516317745,1477575859078,1477575919412,1477576430328,1477602927620,20256917,228708,1477602927620,1477598629537,0,1477576430328,
0,219281,1477509949484,1477593282814,0,1477601777912,1477601778912,1477602803120,1477617208495,1477626616146,1477601772703,16666666,1477617233245,1477618737953,1477626514412,1477639443828,1477690454620,5125,22282167,1477689885245,1477690454620,0,1477639443828,
0,219289,1477626616146,1477643282812,0,1477657076328,1477657077328,1477657318120,1477657369078,1477709949476,1477657068995,16666666,1477657660412,1477690541662,1477690793703,1477691117453,1477755332578,61935916,224209,1477738483162,1477755332578,0,1477691117453,
0,219296,1477643282812,1477693282810,0,1477695631328,1477695631745,1477705670662,1477705709203,1477759949474,1477695626953,16666666,1477705929412,1477755430078,1477755525328,1477758035912,1477797378078,1923875,172458,1477797378078,1477768363037,0,1477758035912,
0,219304,1477693282810,1477759949474,0,1477770769495,1477770770787,1477771970870,1477772093578,1477826616138,1477770760037,16666666,1477772267745,1477773461870,1477773513995,1477774047245,1477844305162,38353500,9224750,1477839104953,1477844305162,0,1477774047245,
0,219313,1477776616140,1477809949472,0,1477810556162,1477810557287,1477839295912,1477839374245,1477859949470,1477810548370,16666666,1477839391203,1477844408453,1477844432495,1477847814912,1477868998870,6270000,119791,1477868998870,1477865654328,0,1477847814912,
0,219321,1477843282804,1477843282804,0,1477847996620,1477847997537,1477848294995,1477848342453,1477893282802,1477847990745,16666666,1477849430370,1477865744953,1477865818037,1477867239662,1477903866287,34805750,143625,1477902034537,1477903866287,0,1477867239662,
0,219328,1477859949470,1477859949470,0,1477867466828,1477867467620,1477867622828,1477867668745,1477926616134,1477867461953,16666666,1477867935870,1477904130162,1477904156370,1477908466120,1477926203620,7536042,761792,1477926203620,1477918034870,0,1477908466120,
0,219336,1477876616136,1477893282802,0,1477906992787,1477906993870,1477907250537,1477907300370,1477943282800,1477906983453,16666666,1477907478328,1477918113370,1477918171870,1477921710245,1477946173620,13588042,1090750,1477946173620,1477939908662,0,1477921710245,
0,219344,1477909949468,1477909949468,0,1477921708912,1477921709620,1477922296912,1477922339287,1477976616132,1477921704703,16666666,1477922350953,1477940183120,1477941206412,1477954792453,1477971488453,7917416,126792,1477971488453,1477965418745,0,1477954792453,
0,219352,1477926616134,1477943282800,0,1477945007370,1477945007870,1477945091328,1477945127328,1477993282798,1477945002703,16666666,1477945320203,1477965499412,1477965524453,1477969711287,1477997413453,19498792,215458,1477997413453,1477992753703,0,1477969711287,
0,219360,1477943282800,1477959949466,0,1477969043412,1477969044245,1477972397537,1477972443453,1478026616130,1477969034495,16666666,1477972658203,1477992843787,1477992893953,1477993766203,1478012441578,11256667,227459,1478012441578,1478008906870,0,1477993766203,
0,219369,1477993282798,1477993282798,0,1478002466995,1478002467912,1478002846578,1478002915912,1478043282796,1478002461870,16666666,1478003340828,1478008985328,1478009038787,1478009843745,1478022513620,6665667,968792,1478022513620,1478019168662,0,1478009843745,
0,219377,1478009949464,1478009949464,0,1478015794495,1478015795287,1478018951703,1478019018412,1478059949462,1478015787828,16666666,1478019457162,1478019539787,1478019587995,1478020686412,1478048989370,26400042,269541,1478047923745,1478048989370,0,1478020686412,
0,219385,1478026616130,1478026616130,0,1478037883995,1478037884953,1478038387120,1478038469078,1478076616128,1478037877870,16666666,1478039209120,1478049067203,1478049108578,1478049887245,1478060083495,6602875,475875,1478060083495,1478058516412,0,1478049887245,
0,219393,1478043282796,1478043282796,0,1478049628703,1478049629203,1478051931037,1478052159037,1478093282794,1478049624787,16666666,1478052413745,1478058594078,1478058640578,1478059060703,1478081632662,21476417,199500,1478078589412,1478081632662,0,1478059060703,
0,219401,1478059949462,1478059949462,0,1478066017370,1478066018412,1478066592912,1478066650662,1478076616128,1478066011537,16666666,1478066850620,1478081711412,1478081760579,1478089399579,1469915846325,47012458,221875,1469912503783,1478139877745,0,1478089399579,
0,219409,1478076616128,1478076616128,0,1478085462370,1478085462829,1478085597120,1478085631870,1478109949460,1478085458829,16666666,1478085641204,1478139985537,1478140076079,1478141594662,1478179861662,3708,4450834,1478179479954,1478179861662,0,1478141594662,
0,219417,1478093282794,1478159949458,0,1478170245537,1478170246370,1478170757829,1478170797579,1478209949456,1478170238162,16666666,1478172933120,1478179943954,1478181525495,1478182277079,1478204376787,15309500,114250,1478204376787,1478200717370,0,1478182277079,
0,219424,1478176616124,1478176616124,0,1478182881829,1478182882204,1478183498995,1478183546329,1478226616122,1478182878287,16666666,1478183905162,1478200789162,1478200949662,1478203152079,1478232564454,14236083,146583,1478232564454,1478218696037,0,1478203152079,
0,219432,1478193282790,1478193282790,0,1478206407995,1478206408620,1478206477995,1478206514079,1478259949454,1478206403620,16666666,1478206715079,1478218766037,1478219221370,1478226665870,1478241590745,5687333,4383125,1478235837495,1478241590745,0,1478226665870,
0,219440,1478209949456,1478209949456,0,1478223614537,1478223615120,1478223749162,1478223786995,1478276616120,1478223609412,16666666,1478223994287,1478241670787,1478241715912,1478244325662,1478269454704,22492334,257792,1478269454704,1478268338037,0,1478244325662,
0,219448,1478226616122,1478243282788,0,1478248773745,1478248774579,1478264562537,1478264619537,1478293282786,1478248766079,16666666,1478270884620,1478279543537,1478279601829,1478315408370,1478321007204,1792,422708,1478320280579,1478321007204,0,1478315408370,
0,219457,1478276616120,1478359949450,0,1478363447745,1478363448662,1478364342245,1478364380995,1478343282784,1478363441495,16666666,1478366089120,1478367881162,1478367905995,1478368506287,1478393060370,15739542,897917,1478393060370,1478391216245,0,1478368506287,
0,219466,1478376616116,1478376616116,0,1478390697954,1478390698787,1478390890454,1478390955745,1478409949448,1478390692454,16666666,1478391140245,1478391239787,1478391282454,1478392171120,1478423350454,28248958,123917,1478423350454,1478421373870,0,1478392171120,
0,219474,1478393282782,1478393282782,0,1478398118620,1478398119412,1478398199745,1478398243870,1478443282780,1478398114120,16666666,1478398255287,1478421447162,1478421484912,1478422453245,1478509140370,85701000,75042,1478505738079,1478509140370,0,1478422453245,
0,219482,1478409949448,1478426616114,0,1478436893620,1478436894579,1478437091204,1478437134412,1478526616110,1478436886745,16666666,1478437377412,1478509229162,1478509259620,1478510918704,1478625775579,13409208,98697625,1478612173995,1478625775579,0,1478510918704,
0,219490,1478443282780,1478509949444,0,1478512380287,1478512380579,1478611575537,1478611727620,1478643282772,1478512375620,16666666,1478617219370,1478625855787,1478625998829,1478626391954,1478654886287,25380834,194917,1478652733912,1478654886287,0,1478626391954,
0,219497,1478543282776,1478626616106,0,1478639634537,1478639635662,1478652435912,1478652505120,1478676616104,1478639626079,16666666,1478652823537,1478654948412,1478654998704,1478664506329,1478720733495,10333,3176042,1478720733495,1478706974329,0,1478664506329,
0,219506,1478659949438,1478693282770,0,1478709318245,1478709319537,1478709596620,1478709659620,1478743282768,1478709309870,16666666,1478709935870,1478710046620,1478710098454,1478732344620,1478737213162,1875,143708,1478737213162,1478735571954,0,1478732344620,
0,219514,1478709949436,1478726616102,0,1478735011120,1478735012037,1478735085704,1478735129787,1478759949434,1478735004912,16666666,1478735141454,1478735621662,1478735666079,1478736546954,1478769857579,27853834,100500,1478762050287,1478769857579,0,1478736546954,
0,219522,1478743282768,1478743282768,0,1478753794954,1478753795954,1478754006287,1478754047870,1478793282766,1478753789995,16666666,1478754282370,1478769940787,1478769967787,1478773666746,1478791470621,5173000,130083,1478791470621,1478785445746,0,1478773666746,
0,219530,1478759949434,1478759949434,0,1478774185662,1478774186162,1478774387204,1478774424996,1478809949432,1478774181329,16666666,1478774652246,1478785531996,1478785597246,1478787382746,1478816319621,14624125,143875,1478816319621,1478806328204,0,1478787382746,
0,219537,1478776616100,1478776616100,0,1478788230162,1478788230621,1478788318412,1478788505121,1478843282764,1478788225121,16666666,1478788885079,1478806423746,1478806490412,1478813582329,1478832274829,8262750,190750,1478831686579,1478832274829,0,1478813582329,
0,219545,1478793282766,1478793282766,0,1478809074871,1478809075579,1478809394787,1478809457996,1478859949430,1478809069496,16666666,1478809873996,1478832357454,1478832384996,1478833072079,1478850360121,9673042,153000,1478850360121,1478846150412,0,1478833072079,
0,219554,1478826616098,1478826616098,0,1478839285537,1478839286579,1478839500787,1478839552579,1478876616096,1478839280496,16666666,1478839923746,1478846230412,1478846260037,1478849238121,1478874378787,4053083,142417,1478874378787,1478854467704,0,1478849238121,
0,219562,1478843282764,1478843282764,0,1478854249079,1478854249787,1478854538662,1478854579037,1478893282762,1478854243787,16666666,1478854838537,1478855021037,1478855063287,1478856127246,1478918198579,35299125,151625,1478918198579,1478909758829,0,1478856127246,
0,219570,1478859949430,1478893282762,0,1478903743121,1478903744329,1478908252246,1478908307704,1478943282760,1478903733621,16666666,1478908321496,1478909812746,1478909850037,1478911079121,1478971780329,34164292,131084,1478971780329,1478957372871,0,1478911079121,
0,219578,1478909949428,1478943282760,0,1478943331537,1478943332204,1478943490287,1478943528496,1478993282758,1478943326079,16666666,1478943730954,1478957454121,1478957483537,1478959441496,1479023585746,28288791,32033333,1479018609329,1479023585746,0,1478959441496,
0,219586,1478926616094,1478959949426,0,1478972100912,1478972101329,1478993752537,1478993837912,1479043282756,1478972095871,16666666,1478994278496,1479023663662,1479023712412,1479032832871,1479059110121,1067250,12939417,1479057770121,1479059110121,0,1479032832871,
0,219594,1479026616090,1479043282756,0,1479047218496,1479047219121,1479055991287,1479056378787,1479076616088,1479047212912,16666666,1479058104704,1479059182454,1479059444621,1479099565496,1479146870037,34049375,120667,1479146870037,1479136928912,0,1479099565496,
0,219602,1479059949422,1479059949422,0,1479075055204,1479075056162,1479075144121,1479075186996,1479176616084,1479075050246,16666666,1479075342912,1479137008079,1479137036912,1479141122704,1479211028912,64096250,194375,1479195193621,1479211028912,0,1479141122704,
0,219610,1479143282752,1479176616084,0,1479184493621,1479184494454,1479184658954,1479184705412,1479226616082,1479184485454,16666666,1479184718454,1479211106121,1479211127162,1479228791954,1479273797746,17195917,161709,1479273797746,1479258597704,0,1479228791954,
0,219618,1479209949416,1479226616082,0,1479239342746,1479239343912,1479239500246,1479239540162,1479293282746,1479239336204,16666666,1479239784662,1479290908371,1479290942996,1479292158121,1479356405204,46970500,116500,1479356405204,1479352561662,0,1479292158121,
0,219627,1479326616078,1479359949410,0,1479361881329,1479361882412,1479382543496,1479382627204,1479376616076,1479361874162,16666666,1479388464912,1479391030204,1479391082912,1479391997662,1479440669871,1708,248541,1479440669871,1479396730454,0,1479391997662,
0,219634,1479376616076,1479393282742,0,1479401644079,1479401644912,1479402892371,1479402933371,1479459949406,1479401637412,16666666,1479407616662,1479408895371,1479408923662,1479434978662,1479447089537,960583,2397625,1479446079621,1479447089537,0,1479434978662,
0,219642,1479409949408,1479443282740,0,1479446933037,1479446934246,1479447195996,1479447237954,1479476616072,1479446890621,16666666,1479447596579,1479447798746,1479447846329,1479448629246,1479494698579,44873542,117709,1479493941413,1479494698579,0,1479448629246,
0,219650,1479459949406,1479459949406,0,1479470350538,1479470351579,1479470521121,1479470563579,1479526616070,1479470344621,16666666,1479470814621,1479494781371,1479494805954,1479499178454,1479521115788,18407958,255292,1479517884996,1479521115788,0,1479499178454,
0,219658,1479476616072,1479493282738,0,1479498065788,1479498066454,1479498146663,1479498186621,1479543282736,1479498060163,16666666,1479498395871,1479521189329,1479521210579,1479522996913,1479527188788,561625,133416,1479527188788,1479526817371,0,1479522996913,
0,219666,1479509949404,1479509949404,0,1479525494246,1479525495246,1479525646413,1479525689413,1479559949402,1479525488288,16666666,1479525968413,1479526845829,1479526881038,1479527437121,1479536455579,826333,4470750,1479536455579,1479533467663,0,1479527437121,
0,219674,1479526616070,1479526616070,0,1479528727538,1479528727829,1479532684871,1479532742704,1479576616068,1479528724454,16666666,1479533025913,1479533514996,1479533567204,1479534431329,1479592822538,48726042,163375,1479592822538,1479585273788,0,1479534431329,
0,219682,1479543282736,1479543282736,0,1479556386079,1479556387288,1479556605954,1479556653413,1479609949400,1479556378329,16666666,1479556962079,1479585368413,1479585439913,1479588523871,1479629716121,27864125,116000,1479629716121,1479620764663,0,1479588523871,
0,219690,1479559949402,1479593282734,0,1479593653663,1479593654288,1479593723746,1479593761954,1479659949398,1479593647746,16666666,1479593858454,1479620832371,1479620877704,1479623525954,1479700513371,65854750,1931083,1479700513371,1479695705288,0,1479623525954,
0,219700,1479609949400,1479676616064,0,1479677603454,1479677604204,1479677856288,1479677908288,1479726616062,1479677595538,16666666,1479677923996,1479695808204,1479695829954,1479696183413,1479714126496,9148583,2124917,1479714126496,1479709748663,0,1479696183413,
0,219709,1479693282730,1479693282730,0,1479705910121,1479705911329,1479706106246,1479706149246,1479743282728,1479705904371,16666666,1479706395121,1479709834246,1479714993496,1479719649246,1479741857454,554000,140292,1479741857454,1479725224996,0,1479719649246,
0,219718,1479709949396,1479776616060,0,1479792889329,1479792890704,1479793126246,1479793178621,1479759949394,1479792881454,16666666,1479793504329,1479798744954,1479867415079,1479893576246,1479933150954,1875,130750,1479933150954,1479919675829,0,1479893576246,
0,219725,1479876616056,1479909949388,0,1479922741788,1479922742579,1479922963579,1479923006288,1479959949386,1479922734538,16666666,1479923712454,1479925021371,1479925070246,1479931859371,1479985903996,20282208,119083,1479985903996,1479985320913,0,1479931859371,
0,219733,1479926616054,1479943282720,0,1479949397746,1479949399163,1479949601829,1479949646079,1480009949384,1479949390121,16666666,1479949825079,1479985409871,1479985475954,1479991884746,1480034277288,2917,334084,1480034277288,1480000369954,0,1479991884746,
0,219740,1479943282720,1479976616052,0,1479987797996,1479987798621,1479994993121,1479995027788,1479959949386,1479987792538,16666666,1479995039079,1480006215704,1480006248829,1480022362538,1471455007867,16791833,168458,1471455007867,1480051141288,0,1480022362538,
---PROFILEDATA---


View hierarchy:

  dev.polski.grammarmatrix/dev.polski.grammarmatrix.GlassBenchmarkActivity/android.view.ViewRootImpl@af271ea
  7 views, 12.08 kB of render nodes


Total ViewRootImpl   : 1
Total attached Views : 7
Total RenderNode     : 12.08 kB (used) / 36.09 kB (capacity)