Applications Graphics Acceleration Info:
Uptime: 1419607 Realtime: 1419607

** Graphics info for pid 5729 [dev.polski.grammarmatrix] **

Stats since: 1414490457423ns
Total frames rendered: 305
Janky frames: 3 (0.98%)
Janky frames (legacy): 39 (12.79%)
50th percentile: 17ms
90th percentile: 20ms
95th percentile: 24ms
99th percentile: 40ms
Number Missed Vsync: 1
Number High input latency: 604
Number Slow UI thread: 1
Number Slow bitmap uploads: 0
Number Slow issue draw commands: 2
Number Frame deadline missed: 3
Number Frame deadline missed (legacy): 3
HISTOGRAM: 5ms=23 6ms=1 7ms=0 8ms=2 9ms=0 10ms=0 11ms=0 12ms=0 13ms=1 14ms=0 15ms=3 16ms=69 17ms=138 18ms=21 19ms=10 20ms=15 21ms=4 22ms=2 23ms=0 24ms=4 25ms=2 26ms=1 27ms=0 28ms=0 29ms=1 30ms=0 31ms=0 32ms=2 34ms=0 36ms=1 38ms=1 40ms=1 42ms=0 44ms=1 46ms=2 48ms=0 53ms=0 57ms=0 61ms=0 65ms=0 69ms=0 73ms=0 77ms=0 81ms=0 85ms=0 89ms=0 93ms=0 97ms=0 101ms=0 105ms=0 109ms=0 113ms=0 117ms=0 121ms=0 125ms=0 129ms=0 133ms=0 150ms=0 200ms=0 250ms=0 300ms=0 350ms=0 400ms=0 450ms=0 500ms=0 550ms=0 600ms=0 650ms=0 700ms=0 750ms=0 800ms=0 850ms=0 900ms=0 950ms=0 1000ms=0 1050ms=0 1100ms=0 1150ms=0 1200ms=0 1250ms=0 1300ms=0 1350ms=0 1400ms=0 1450ms=0 1500ms=0 1550ms=0 1600ms=0 1650ms=0 1700ms=0 1750ms=0 1800ms=0 1850ms=0 1900ms=0 1950ms=0 2000ms=0 2050ms=0 2100ms=0 2150ms=0 2200ms=0 2250ms=0 2300ms=0 2350ms=0 2400ms=0 2450ms=0 2500ms=0 2550ms=0 2600ms=0 2650ms=0 2700ms=0 2750ms=0 2800ms=0 2850ms=0 2900ms=0 2950ms=0 3000ms=0 3050ms=0 3100ms=0 3150ms=0 3200ms=0 3250ms=0 3300ms=0 3350ms=0 3400ms=0 3450ms=0 3500ms=0 3550ms=0 3600ms=0 3650ms=0 3700ms=0 3750ms=0 3800ms=0 3850ms=0 3900ms=0 3950ms=0 4000ms=0 4050ms=0 4100ms=0 4150ms=0 4200ms=0 4250ms=0 4300ms=0 4350ms=0 4400ms=0 4450ms=0 4500ms=0 4550ms=0 4600ms=0 4650ms=0 4700ms=0 4750ms=0 4800ms=0 4850ms=0 4900ms=0 4950ms=0
50th gpu percentile: 15ms
90th gpu percentile: 18ms
95th gpu percentile: 19ms
99th gpu percentile: 4950ms
GPU HISTOGRAM: 1ms=1 2ms=19 3ms=5 4ms=1 5ms=1 6ms=1 7ms=1 8ms=1 9ms=2 10ms=1 11ms=6 12ms=7 13ms=8 14ms=44 15ms=117 16ms=46 17ms=10 18ms=13 19ms=6 20ms=3 21ms=1 22ms=2 23ms=2 24ms=2 25ms=1 4950ms=4

Pipeline=Skia (OpenGL)
Memory policy:
  Max surface area: 2592000
  Max resource usage: 124.42MB (x48)
  Background retention: 50% (altUiHidden = true)
  GPU Context timeout: 10
Contexts: 1 (stopped = 0)
CPU Caches:
  Glyph Cache: 33.70 KB (1 entry)
  Glyph Count: 11 
Total CPU memory usage:
  34510 bytes, 33.70 KB (0.00 bytes is purgeable)
GPU Caches:
  Other:
    Other: 26.56 KB (1 entry)
    Buffer Object: 36.00 KB (1 entry)
  Scratch:
    Buffer Object: 80.00 KB (2 entries)
    Texture: 2.00 MB (1 entry)
Total GPU memory usage:
  2243136 bytes, 2.14 MB (68.00 KB is purgeable)

GraphicBufferAllocator buffers:
        Handle |        Size |     W (Stride) x H | Layers |   Format |      Usage | Requestor
0xb400007b2c426750 |     unknown | 1080 (   0) x 2400 |      1 |        1 | 0x     b00 | VRI[GlassBenchmarkActivity]#0(BLAST Consumer)0
0xb400007b2c426900 |     unknown | 1080 (   0) x 2400 |      1 |        1 | 0x     b00 | VRI[GlassBenchmarkActivity]#0(BLAST Consumer)0
0xb400007b2c437e50 |     unknown | 1080 (   0) x 2400 |      1 |        1 | 0x     b00 | VRI[GlassBenchmarkActivity]#0(BLAST Consumer)0
Total allocated by GraphicBufferAllocator (estimate): 0.00 KB
GoldfishAllocator::dumpDebugInfo is not implemented
Profile data in ms:

	dev.polski.grammarmatrix/dev.polski.grammarmatrix.GlassBenchmarkActivity/android.view.ViewRootImpl@af271ea (visibility=0)
Window: dev.polski.grammarmatrix/dev.polski.grammarmatrix.GlassBenchmarkActivity
Stats since: 1414490456965ns
Total frames rendered: 305
Janky frames: 3 (0.98%)
Janky frames (legacy): 39 (12.79%)
50th percentile: 17ms
90th percentile: 20ms
95th percentile: 24ms
99th percentile: 40ms
Number Missed Vsync: 1
Number High input latency: 604
Number Slow UI thread: 1
Number Slow bitmap uploads: 0
Number Slow issue draw commands: 2
Number Frame deadline missed: 3
Number Frame deadline missed (legacy): 3
HISTOGRAM: 5ms=23 6ms=1 7ms=0 8ms=2 9ms=0 10ms=0 11ms=0 12ms=0 13ms=1 14ms=0 15ms=3 16ms=69 17ms=138 18ms=21 19ms=10 20ms=15 21ms=4 22ms=2 23ms=0 24ms=4 25ms=2 26ms=1 27ms=0 28ms=0 29ms=1 30ms=0 31ms=0 32ms=2 34ms=0 36ms=1 38ms=1 40ms=1 42ms=0 44ms=1 46ms=2 48ms=0 53ms=0 57ms=0 61ms=0 65ms=0 69ms=0 73ms=0 77ms=0 81ms=0 85ms=0 89ms=0 93ms=0 97ms=0 101ms=0 105ms=0 109ms=0 113ms=0 117ms=0 121ms=0 125ms=0 129ms=0 133ms=0 150ms=0 200ms=0 250ms=0 300ms=0 350ms=0 400ms=0 450ms=0 500ms=0 550ms=0 600ms=0 650ms=0 700ms=0 750ms=0 800ms=0 850ms=0 900ms=0 950ms=0 1000ms=0 1050ms=0 1100ms=0 1150ms=0 1200ms=0 1250ms=0 1300ms=0 1350ms=0 1400ms=0 1450ms=0 1500ms=0 1550ms=0 1600ms=0 1650ms=0 1700ms=0 1750ms=0 1800ms=0 1850ms=0 1900ms=0 1950ms=0 2000ms=0 2050ms=0 2100ms=0 2150ms=0 2200ms=0 2250ms=0 2300ms=0 2350ms=0 2400ms=0 2450ms=0 2500ms=0 2550ms=0 2600ms=0 2650ms=0 2700ms=0 2750ms=0 2800ms=0 2850ms=0 2900ms=0 2950ms=0 3000ms=0 3050ms=0 3100ms=0 3150ms=0 3200ms=0 3250ms=0 3300ms=0 3350ms=0 3400ms=0 3450ms=0 3500ms=0 3550ms=0 3600ms=0 3650ms=0 3700ms=0 3750ms=0 3800ms=0 3850ms=0 3900ms=0 3950ms=0 4000ms=0 4050ms=0 4100ms=0 4150ms=0 4200ms=0 4250ms=0 4300ms=0 4350ms=0 4400ms=0 4450ms=0 4500ms=0 4550ms=0 4600ms=0 4650ms=0 4700ms=0 4750ms=0 4800ms=0 4850ms=0 4900ms=0 4950ms=0
50th gpu percentile: 15ms
90th gpu percentile: 18ms
95th gpu percentile: 19ms
99th gpu percentile: 4950ms
GPU HISTOGRAM: 1ms=1 2ms=19 3ms=5 4ms=1 5ms=1 6ms=1 7ms=1 8ms=1 9ms=2 10ms=1 11ms=6 12ms=7 13ms=8 14ms=44 15ms=117 16ms=46 17ms=10 18ms=13 19ms=6 20ms=3 21ms=1 22ms=2 23ms=2 24ms=2 25ms=1 4950ms=4



---PROFILEDATA---
Flags,FrameTimelineVsyncId,IntendedVsync,Vsync,InputEventId,HandleInputStart,AnimationStart,PerformTraversalsStart,DrawStart,FrameDeadline,FrameInterval,FrameStartTime,SyncQueued,SyncStart,IssueDrawCommandsStart,SwapBuffers,FrameCompleted,DequeueBufferDuration,QueueBufferDuration,GpuCompleted,SwapBuffersCompleted,DisplayPresentTime,CommandSubmissionCompleted,
0,195151,1417609951880,1417609951880,0,1417618421216,1417618422175,1417618773175,1417618836633,1417643285212,1417618414216,16666666,1417619310550,1417619419300,1417619467716,1417619774341,1417627898925,1833,348250,1417627898925,1417620894675,0,1417619774341,
0,195159,1417626618546,1417626618546,0,1417630746800,1417630748883,1417631183175,1417631230550,1417659951878,1417630235008,16666666,1417631488258,1417631906675,1417631943258,1417634348800,1417644714966,2500,171167,1417644714966,1417635248633,0,1417634348800,
0,195167,1417643285212,1417643285212,0,1417647893175,1417647893966,1417648116925,1417648177675,1417676618544,1417647887966,16666666,1417648456633,1417648570258,1417648635466,1417649265508,1417661170050,1916,283084,1417661170050,1417650496425,0,1417649265508,
0,195175,1417659951878,1417659951878,0,1417662541508,1417662542591,1417662739425,1417662781841,1417693285210,1417662535175,16666666,1417663116841,1417663637425,1417663692175,1417664272758,1417677379508,1833,212750,1417677379508,1417666758383,0,1417664272758,
0,195183,1417676618544,1417676618544,0,1417677676216,1417677686091,1417677965425,1417678066383,1417709951876,1417677670883,16666666,1417678463091,1417678518966,1417678637591,1417679868966,1417693921800,2750,125375,1417693921800,1417681245341,0,1417679868966,
0,195191,1417693285210,1417693285210,0,1417694532675,1417694533716,1417694878550,1417694932466,1417726618542,1417694526175,16666666,1417695294758,1417695932091,1417696369508,1417697218300,1417710602883,641292,102333,1417710602883,1417698951716,0,1417697218300,
0,195199,1417709951876,1417709951876,0,1417713385758,1417713386591,1417713852758,1417713930216,1417743285208,1417713380591,16666666,1417714371800,1417714460675,1417714518550,1417714923258,1417727219341,2291,772875,1417727219341,1417716536591,0,1417714923258,
0,195207,1417726618542,1417726618542,0,1417727765883,1417727766841,1417727982050,1417728133383,1417759951874,1417727760175,16666666,1417728367425,1417729207925,1417729570341,1417729880841,1417744794550,1833,90250,1417744794550,1417730939175,0,1417729880841,
0,195215,1417743285208,1417743285208,0,1417745726925,1417745728091,1417746025591,1417746092383,1417776618540,1417745719341,16666666,1417746118050,1417746234675,1417746331466,1417746664841,1417761022050,773416,211791,1417761022050,1417748367133,0,1417746664841,
0,195223,1417759951874,1417759951874,0,1417761431508,1417761432466,1417761607591,1417761648133,1417793285206,1417761426133,16666666,1417761938300,1417762190300,1417762415175,1417763223383,1417777009133,1750,78959,1417777009133,1417763945008,0,1417763223383,
0,195231,1417776618540,1417776618540,0,1417777411633,1417777412508,1417778009633,1417778052216,1417809951872,1417777406175,16666666,1417778427008,1417778563508,1417778621008,1417779028841,1417793690800,1583,126833,1417793690800,1417779943008,0,1417779028841,
0,195239,1417793285206,1417793285206,0,1417794506133,1417794507008,1417794695050,1417794737675,1417826618538,1417794500466,16666666,1417795036966,1417795113758,1417795146966,1417795551550,1417810899050,1667,139625,1417810899050,1417796931925,0,1417795551550,
0,195247,1417809951872,1417809951872,0,1417811155216,1417811156300,1417811399633,1417811452675,1417843285204,1417811149216,16666666,1417811746591,1417812661258,1417812714966,1417813450091,1417828300300,1875,179500,1417828300300,1417814700883,0,1417813450091,
0,195255,1417826618538,1417826618538,0,1417827678966,1417827679675,1417828569883,1417828652758,1417859951870,1417827673550,16666666,1417828962883,1417829066508,1417829124591,1417829461133,1417843851216,553667,354583,1417843851216,1417831813466,0,1417829461133,
0,195263,1417843285204,1417843285204,0,1417844281175,1417844281966,1417844754050,1417844795633,1417876618536,1417844275633,16666666,1417845124008,1417845323050,1417845358758,1417845633216,1417860671466,409042,674208,1417860671466,1417847718383,0,1417845633216,
0,195271,1417859951870,1417859951870,0,1417860818633,1417860819591,1417861002633,1417861042425,1417893285202,1417860813383,16666666,1417861472008,1417861490800,1417861717883,1417862313425,1417877066800,419625,295292,1417877066800,1417864303758,0,1417862313425,
0,195279,1417876618536,1417876618536,0,1417877462216,1417877463008,1417878630258,1417878672716,1417909951868,1417877456716,16666666,1417878939008,1417879558050,1417879619758,1417880228633,1417894364800,864958,861792,1417894364800,1417882558925,0,1417880228633,
0,195287,1417893285202,1417893285202,0,1417894740175,1417894740966,1417894921050,1417894968341,1417926618534,1417894734925,16666666,1417895524966,1417895918341,1417895962175,1417896814133,1417910577133,2708,95209,1417910577133,1417897509258,0,1417896814133,
0,195295,1417909951868,1417909951868,0,1417910918133,1417910918841,1417911526091,1417911567216,1417943285200,1417910912841,16666666,1417911729508,1417912377133,1417912419258,1417913062925,1417927195508,2167,148750,1417927195508,1417913966550,0,1417913062925,
0,195303,1417926618534,1417926618534,0,1417927429133,1417927430591,1417927712258,1417927785758,1417959951866,1417927421966,16666666,1417927803175,1417928171175,1417928195800,1417928792550,1417946035342,3791,302458,1417946035342,1417929885508,0,1417928792550,
0,195311,1417943285200,1417943285200,0,1417947093258,1417947094133,1417948819092,1417948892592,1417976618532,1417947087675,16666666,1417949300425,1417949660717,1417949700258,1417951051508,1417961690175,1416,104375,1417961690175,1417951806008,0,1417951051508,
0,195319,1417959951866,1417959951866,0,1417961626425,1417961627258,1417961790883,1417961831342,1417993285198,1417961620883,16666666,1417962619050,1417962790675,1417962826758,1417963799092,1417977823092,1334,122250,1417977823092,1417965063008,0,1417963799092,
0,195327,1417976618532,1417976618532,0,1417977830550,1417977831425,1417978003133,1417978049175,1418009951864,1417977824508,16666666,1417978446592,1417978644633,1417978682050,1417979984175,1417993933175,1291,127792,1417993933175,1417980888175,0,1417979984175,
0,195335,1417993285198,1417993285198,0,1417993905758,1417993906758,1417994127133,1417994211425,1418026618530,1417993900092,16666666,1417994854133,1417995562842,1417995611175,1417996603550,1418010311550,2416,300000,1418010311550,1417997608508,0,1417996603550,
0,195343,1418009951864,1418009951864,0,1418011569092,1418011570050,1418011741133,1418011787133,1418043285196,1418011563300,16666666,1418012358717,1418012422800,1418012458092,1418014046133,1418027230758,1500,149292,1418027230758,1418014902925,0,1418014046133,
0,195351,1418026618530,1418026618530,0,1418027749217,1418027750217,1418028985592,1418029032800,1418059951862,1418027720133,16666666,1418029386758,1418029794550,1418029830092,1418030277883,1418043836008,1667,106333,1418043836008,1418031145967,0,1418030277883,
0,195359,1418043285196,1418043285196,0,1418043965383,1418043966467,1418044682508,1418044737842,1418076618528,1418043960050,16666666,1418045130592,1418045347383,1418045392008,1418046168425,1418060440550,1917,116125,1418060440550,1418046838008,0,1418046168425,
0,195367,1418059951862,1418059951862,0,1418061388050,1418061389383,1418061636133,1418061695467,1418093285194,1418061381675,16666666,1418062340800,1418062471425,1418062561758,1418063615675,1418077589258,1792,742000,1418077589258,1418065190758,0,1418063615675,
0,195375,1418076618528,1418076618528,0,1418077949092,1418077949842,1418078332633,1418078380758,1418109951860,1418077943050,16666666,1418079285592,1418079399883,1418079435800,1418079719425,1418093795508,1834,135917,1418093795508,1418080610883,0,1418079719425,
0,195383,1418093285194,1418093285194,0,1418094175342,1418094176258,1418095518050,1418095561633,1418126618526,1418094170342,16666666,1418096283383,1418096477508,1418096531050,1418096992592,1418110496383,1833,114500,1418110496383,1418097875925,0,1418096992592,
0,195391,1418109951860,1418109951860,0,1418110738217,1418110739217,1418110968008,1418111019342,1418143285192,1418110732300,16666666,1418111485258,1418111770842,1418112363508,1418112803092,1418127298467,1834,196417,1418127298467,1418113708967,0,1418112803092,
0,195399,1418126618526,1418126618526,0,1418127289633,1418127290592,1418127495342,1418127538758,1418159951858,1418127284383,16666666,1418127852467,1418128129925,1418128166800,1418128620300,1418143761717,971083,118584,1418143761717,1418130374050,0,1418128620300,
0,195407,1418143285192,1418143285192,0,1418144421842,1418144422800,1418144773717,1418144817675,1418176618524,1418144416383,16666666,1418145253675,1418145500300,1418145580217,1418145926467,1418160596175,1584,160667,1418160596175,1418146734342,0,1418145926467,
0,195415,1418159951858,1418159951858,0,1418161069300,1418161070300,1418161338258,1418161398092,1418193285190,1418161062175,16666666,1418161809675,1418162007633,1418162097967,1418162670300,1418177180092,1750,91667,1418177180092,1418163351967,0,1418162670300,
0,195423,1418176618524,1418176618524,0,1418177470717,1418177471592,1418177655842,1418177932717,1418209951856,1418177465008,16666666,1418178385717,1418178628550,1418178681675,1418179159717,1418193631092,1250,156625,1418193631092,1418180205133,0,1418179159717,
0,195431,1418193285190,1418193285190,0,1418193920383,1418193921300,1418194131092,1418194174300,1418226618522,1418193915092,16666666,1418194432633,1418194462300,1418194513717,1418194876675,1418210389258,1833,255250,1418210389258,1418195575050,0,1418194876675,
0,195439,1418209951856,1418209951856,0,1418210683925,1418210684842,1418210919592,1418210961967,1418243285188,1418210678800,16666666,1418211258300,1418211462467,1418211527467,1418211884800,1418227092925,2250,147416,1418227092925,1418212545383,0,1418211884800,
0,195447,1418226618522,1418226618522,0,1418227427675,1418227428425,1418227630217,1418227688425,1418259951854,1418227422342,16666666,1418228370550,1418228686675,1418228737592,1418229129842,1418243705425,1625,75625,1418243705425,1418229607508,0,1418229129842,
0,195455,1418243285188,1418243285188,0,1418243812342,1418243813175,1418243991133,1418244231800,1418276618520,1418243806925,16666666,1418244612508,1418244756592,1418244796675,1418245282550,1418260820175,1583,156000,1418260820175,1418245912717,0,1418245282550,
0,195463,1418259951854,1418259951854,0,1418261215550,1418261216508,1418261524675,1418261641675,1418293285186,1418261209717,16666666,1418262027383,1418262119633,1418262162050,1418262683133,1418277004300,1834,101750,1418277004300,1418263384550,0,1418262683133,
0,195471,1418276618520,1418276618520,0,1418277650383,1418277651467,1418277922008,1418277984258,1418309951852,1418277644717,16666666,1418278220217,1418278416550,1418278494842,1418278802092,1418293707050,1917,150125,1418293707050,1418279356217,0,1418278802092,
0,195479,1418293285186,1418293285186,0,1418294988050,1418294989300,1418295198842,1418295241258,1418326618518,1418294982550,16666666,1418295254008,1418295674133,1418295711508,1418296225592,1418310550883,1750,110000,1418310550883,1418296882925,0,1418296225592,
0,195487,1418309951852,1418309951852,0,1418310907467,1418310909008,1418311159217,1418311222425,1418343285184,1418310900300,16666666,1418311756550,1418311914967,1418311952008,1418312668967,1418327273508,1458,201334,1418327273508,1418313397175,0,1418312668967,
0,195495,1418326618518,1418326618518,0,1418327435508,1418327436508,1418327610675,1418327654592,1418359951850,1418327429967,16666666,1418328721842,1418328965342,1418329004258,1418329646217,1418343916425,2542,165750,1418343916425,1418330339508,0,1418329646217,
0,195503,1418343285184,1418343285184,0,1418344282675,1418344283717,1418344507258,1418344556967,1418376618516,1418344276800,16666666,1418344856300,1418344965842,1418345015883,1418345702092,1418361338633,545667,323750,1418361338633,1418347225717,0,1418345702092,
0,195511,1418359951850,1418359951850,0,1418361617800,1418361618842,1418362122217,1418362169633,1418393285182,1418361612217,16666666,1418362450675,1418362759717,1418362801508,1418363138758,1418376971967,2084,184000,1418376971967,1418363776758,0,1418363138758,
0,195519,1418376618516,1418376618516,0,1418377453675,1418377454633,1418377687467,1418377733883,1418409951848,1418377448342,16666666,1418378046717,1418378106425,1418378154425,1418378612008,1418393682550,2000,348833,1418393682550,1418379427175,0,1418378612008,
0,195527,1418393285182,1418393285182,0,1418393968925,1418393970383,1418394275258,1418394339592,1418426618514,1418393962508,16666666,1418394758467,1418394887800,1418395097967,1418395876967,1418410590217,2375,148167,1418410590217,1418396732050,0,1418395876967,
0,195535,1418409951848,1418409951848,0,1418411151883,1418411152800,1418411337342,1418411382883,1418443285180,1418411145467,16666666,1418411866592,1418412244050,1418412346133,1418413071592,1418427550008,2541,259583,1418427550008,1418414202383,0,1418413071592,
0,195543,1418426618514,1418426618514,0,1418427956550,1418427957467,1418428918550,1418428976967,1418459951846,1418427950967,16666666,1418429689467,1418429826883,1418429868133,1418430187592,1418444856758,1833,118375,1418444856758,1418430949050,0,1418430187592,
0,195551,1418443285180,1418443285180,0,1418445184008,1418445185175,1418445416842,1418445468717,1418476618512,1418445176675,16666666,1418445884425,1418446360050,1418446868925,1418447272092,1418460736217,3334,296292,1418460736217,1418448531300,0,1418447272092,
0,195559,1418459951846,1418459951846,0,1418460860967,1418460862008,1418461186508,1418461231300,1418493285178,1418460853092,16666666,1418461403800,1418461758508,1418461800092,1418462491758,1418477403383,1542,78792,1418477403383,1418463153258,0,1418462491758,
0,195567,1418476618512,1418476618512,0,1418477403883,1418477404675,1418477692133,1418477737133,1418509951844,1418477398675,16666666,1418477750467,1418477855425,1418477881967,1418479279883,1418493917008,4333,481875,1418493917008,1418480564217,0,1418479279883,
0,195575,1418493285178,1418493285178,0,1418495653342,1418495654425,1418495930133,1418496558342,1418526618510,1418495647342,16666666,1418497055758,1418497168675,1418497202425,1418497529300,1418512700300,1750,117125,1418512700300,1418498669217,0,1418497529300,
0,195583,1418509951844,1418509951844,0,1418512835592,1418512836508,1418513095383,1418513139383,1418543285176,1418512829592,16666666,1418513486758,1418513568800,1418513627175,1418514109175,1418527516758,1667,408958,1418527516758,1418515085425,0,1418514109175,
0,195591,1418526618510,1418526618510,0,1418528214133,1418528215175,1418528478050,1418528530967,1418559951842,1418528207383,16666666,1418529215717,1418529437925,1418529474092,1418529891467,1418543785842,1625,93292,1418543785842,1418530513008,0,1418529891467,
0,195599,1418543285176,1418543285176,0,1418543765217,1418543766092,1418544321550,1418544367008,1418576618508,1418543759967,16666666,1418544847758,1418545070008,1418545105008,1418545654050,1418560692383,1792,167959,1418560692383,1418547180008,0,1418545654050,
0,195607,1418559951842,1418559951842,0,1418560998800,1418560999550,1418561236842,1418561281467,1418593285174,1418560993050,16666666,1418561635758,1418562046467,1418562110342,1418562610217,1418577660258,1708,188541,1418577660258,1418563300258,0,1418562610217,
0,195615,1418576618508,1418576618508,0,1418577512717,1418577513717,1418578912675,1418578960133,1418609951840,1418577507550,16666666,1418579296842,1418579451967,1418579492675,1418579778675,1418593804092,1750,115542,1418593804092,1418580626883,0,1418579778675,
0,195623,1418593285174,1418593285174,0,1418594037258,1418594038425,1418594316717,1418594360550,1418626618506,1418594031592,16666666,1418594737758,1418594872633,1418594934467,1418595268967,1418610490675,279875,107166,1418610490675,1418596230383,0,1418595268967,
0,195631,1418609951840,1418609951840,0,1418610975425,1418610976217,1418611149300,1418611191967,1418643285172,1418610970258,16666666,1418611548175,1418611882842,1418611972842,1418612709758,1418627517217,257458,192125,1418627517217,1418613795675,0,1418612709758,
0,195639,1418626618506,1418626618506,0,1418627946133,1418627947092,1418628404175,1418628472717,1418659951838,1418627940217,16666666,1418628909758,1418629314467,1418629358300,1418629881675,1418643709633,2834,404500,1418643709633,1418631218008,0,1418629881675,
0,195647,1418643285172,1418643285172,0,1418644371175,1418644372342,1418644546217,1418644587384,1418676618504,1418644365342,16666666,1418644751675,1418644932634,1418644972009,1418645319592,1418660598925,1792,182709,1418660598925,1418646530675,0,1418645319592,
0,195655,1418659951838,1418659951838,0,1418661042925,1418661043967,1418661311050,1418661359967,1418693285170,1418661037425,16666666,1418661375634,1418662392717,1418662479925,1418662830925,1418677149134,1750,116583,1418677149134,1418663564592,0,1418662830925,
0,195663,1418676618504,1418676618504,0,1418677800050,1418677802592,1418677980842,1418678022675,1418709951836,1418677794800,16666666,1418678387425,1418678481342,1418678518259,1418678972175,1418693862800,595500,171167,1418693862800,1418680590300,0,1418678972175,
0,195671,1418693285170,1418693285170,0,1418694736050,1418694737342,1418695132550,1418695186675,1418726618502,1418694728800,16666666,1418695457259,1418695801217,1418695840925,1418696357884,1418710589300,1625,99584,1418710589300,1418697235009,0,1418696357884,
0,195679,1418709951836,1418709951836,0,1418710974342,1418710975300,1418711159175,1418711200759,1418743285168,1418710968550,16666666,1418712294300,1418712603050,1418712641717,1418712976800,1418714250175,1459,360291,1418714164259,1418714250175,0,1418712976800,
0,195687,1418726618502,1418726618502,0,1418727349717,1418727350842,1418727528675,1418727570050,1418759951834,1418727344592,16666666,1418727884300,1418728200842,1418728261634,1418728634300,1418744240675,192625,235750,1418744240675,1418729625092,0,1418728634300,
0,195695,1418743285168,1418743285168,0,1418744264259,1418744265342,1418744720675,1418744780259,1418776618500,1418744258175,16666666,1418745282842,1418745741175,1418745789009,1418746766050,1418760745592,1542,115458,1418760745592,1418747564550,0,1418746766050,
0,195703,1418759951834,1418759951834,0,1418760756009,1418760756967,1418760945800,1418760994634,1418793285166,1418760750550,16666666,1418761429134,1418761575342,1418761617842,1418762110050,1418777219259,184625,239417,1418777219259,1418763131134,0,1418762110050,
0,195711,1418776618500,1418776618500,0,1418777506384,1418777507217,1418778270884,1418778355384,1418809951832,1418777501009,16666666,1418779086217,1418779325259,1418779387842,1418779797217,1418793986550,3083,409292,1418793986550,1418780977509,0,1418779797217,
0,195719,1418793285166,1418793285166,0,1418794268592,1418794269384,1418794448634,1418794490425,1418826618498,1418794262467,16666666,1418794738467,1418794924425,1418794976592,1418795416509,1418810508300,1917,436750,1418810508300,1418796462717,0,1418795416509,
0,195727,1418809951832,1418809951832,0,1418811052550,1418811053342,1418811250175,1418811294967,1418843285164,1418811046550,16666666,1418811776675,1418811844259,1418812236300,1418812622675,1418827323967,1375,258000,1418827323967,1418813483800,0,1418812622675,
0,195735,1418826618498,1418826618498,0,1418827714967,1418827716092,1418827994550,1418828266842,1418859951830,1418827708925,16666666,1418828505675,1418828797300,1418828836800,1418829283967,1418843923217,1750,175250,1418843923217,1418829925550,0,1418829283967,
0,195743,1418843285164,1418843285164,0,1418844650967,1418844652092,1418844860134,1418844905509,1418876618496,1418844621800,16666666,1418844918509,1418845102467,1418845239884,1418845974134,1418849292175,757625,876709,1418847962925,1418849292175,0,1418845974134,
0,195751,1418859951830,1418859951830,0,1418861208925,1418861210050,1418861406717,1418861450425,1418893285162,1418861203467,16666666,1418861758717,1418861937759,1418861998300,1418862432467,1418877372925,1791,78375,1418877372925,1418863167842,0,1418862432467,
0,195759,1418876618496,1418876618496,0,1418877677425,1418877678384,1418877910009,1418877960342,1418909951828,1418877671717,16666666,1418878294259,1418878564467,1418878610009,1418879015509,1418893817509,1750,156167,1418893817509,1418879823342,0,1418879015509,
0,195767,1418893285162,1418893285162,0,1418894315884,1418894316842,1418894499925,1418894542759,1418926618494,1418894310259,16666666,1418894819967,1418894855134,1418894916675,1418895383342,1418910718550,394666,82208,1418910718550,1418896444884,0,1418895383342,
0,195775,1418909951828,1418909951828,0,1418911043259,1418911044550,1418911330675,1418911397467,1418943285160,1418911036092,16666666,1418911810550,1418912034717,1418912077925,1418912682300,1418927444050,2875,171917,1418927444050,1418915372342,0,1418912682300,
0,195783,1418926618494,1418926618494,0,1418927513425,1418927514592,1418928720550,1418928796717,1418959951826,1418927507467,16666666,1418929701967,1418929861842,1418929915134,1418930301759,1418943832592,2750,181208,1418943832592,1418931397675,0,1418930301759,
0,195791,1418943285160,1418943285160,0,1418944711425,1418944712634,1418945268759,1418945332009,1418976618492,1418944704717,16666666,1418945714175,1418945911175,1418945961884,1418946372009,1418960671175,2250,135708,1418960671175,1418947314550,0,1418946372009,
0,195799,1418959951826,1418959951826,0,1418961199509,1418961200384,1418961436634,1418961489842,1418993285158,1418961192509,16666666,1418962200717,1418962681509,1418962717550,1418962992300,1418977341592,2041,113625,1418977341592,1418963788759,0,1418962992300,
0,195807,1418976618492,1418976618492,0,1418977361467,1418977362259,1418977685175,1418977734217,1419009951824,1418977356259,16666666,1418978033967,1418978129675,1418978181800,1418978783425,1418993869300,1792,188125,1418993869300,1418979757800,0,1418978783425,
0,195815,1418993285158,1418993285158,0,1418994426550,1418994427759,1418994714134,1418994781842,1419026618490,1418994419300,16666666,1418995206634,1418995441925,1418995500050,1418995930300,1418997223842,2375,625500,1418997042259,1418997223842,0,1418995930300,
0,195823,1419009951824,1419009951824,0,1419010994550,1419010995634,1419011202592,1419011246925,1419043285156,1419010823342,16666666,1419011408425,1419012304217,1419012446217,1419013126925,1419027094342,1250,106333,1419027094342,1419013955259,0,1419013126925,
0,195831,1419026618490,1419026618490,0,1419027748425,1419027749342,1419028643800,1419028691634,1419059951822,1419027743134,16666666,1419028705175,1419028892050,1419028927050,1419029558592,1419044715134,1417,97833,1419044715134,1419030554717,0,1419029558592,
0,195839,1419043285156,1419043285156,0,1419045598925,1419045599800,1419045793759,1419045837925,1419076618488,1419045593800,16666666,1419046342634,1419046448342,1419046484467,1419046791717,1419060970259,2291,255250,1419060970259,1419047792675,0,1419046791717,
0,195847,1419059951822,1419059951822,0,1419061143717,1419061144592,1419061586134,1419061631384,1419093285154,1419061138342,16666666,1419061905634,1419062227550,1419062283967,1419062804509,1419064576842,452292,358042,1419064085384,1419064576842,0,1419062804509,
0,195855,1419076618488,1419076618488,0,1419077280884,1419077281967,1419077537175,1419077588675,1419109951820,1419077271509,16666666,1419077930175,1419078090509,1419078240425,1419078593384,1419094178634,610250,234833,1419094178634,1419080121384,0,1419078593384,
0,195863,1419093285154,1419093285154,0,1419095100967,1419095101759,1419095291592,1419095336759,1419126618486,1419095095467,16666666,1419095655592,1419095912675,1419096342925,1419096781092,1419110872050,3125,346208,1419110872050,1419097755550,0,1419096781092,
0,195871,1419109951820,1419109951820,0,1419110869634,1419110870467,1419111109884,1419111156842,1419143285152,1419110864050,16666666,1419111437842,1419111685342,1419111774300,1419113963342,1419128977217,1625,212333,1419128977217,1419114981175,0,1419113963342,
0,195879,1419126618486,1419126618486,0,1419130348425,1419130352425,1419130552592,1419130601300,1419159951818,1419130342425,16666666,1419130991009,1419131081967,1419131126467,1419131732925,1419145116634,1750,122334,1419145116634,1419132867550,0,1419131732925,
0,195887,1419143285152,1419143285152,0,1419144714134,1419144714967,1419144892550,1419144933675,1419176618484,1419144709092,16666666,1419145349967,1419145492967,1419145576634,1419146045134,1419161354134,788792,355042,1419161354134,1419148140092,0,1419146045134,
0,195895,1419159951818,1419159951818,0,1419161518717,1419161519509,1419161808259,1419161852342,1419193285150,1419161513175,16666666,1419162185342,1419162410467,1419162446842,1419162946009,1419177166509,1833,235459,1419177166509,1419163806592,0,1419162946009,
0,195903,1419176618484,1419176618484,0,1419177481217,1419177482300,1419177991967,1419178034467,1419209951816,1419177475384,16666666,1419178440175,1419178584717,1419178622050,1419179200509,1419182242884,3334,2273375,1419182188134,1419182242884,0,1419179200509,
0,195911,1419193285150,1419193285150,0,1419195230092,1419195231009,1419201742092,1419202322675,1419226618482,1419195224384,16666666,1419202561092,1419203306717,1419203340259,1419205895009,1419211255967,1667,144125,1419211255967,1419206741800,0,1419205895009,
0,195919,1419209951816,1419209951816,0,1419211119050,1419211120092,1419211526425,1419211587925,1419243285148,1419211113634,16666666,1419211603759,1419211793384,1419211843217,1419212418800,1419214821425,193000,286958,1419214440050,1419214821425,0,1419212418800,
0,195927,1419226618482,1419226618482,0,1419228538217,1419228539050,1419228768675,1419228812717,1419259951814,1419228532634,16666666,1419229416467,1419229492384,1419229529050,1419229836425,1419231513592,3458,1008417,1419231435592,1419231513592,0,1419229836425,
0,195935,1419243285148,1419243285148,0,1419244938675,1419244939842,1419245573634,1419245635675,1419276618480,1419244932300,16666666,1419246548800,1419246804217,1419246845259,1419247614550,1419249449925,1625,523291,1419249397967,1419249449925,0,1419247614550,
0,195943,1419259951814,1419259951814,0,1419262770675,1419262772092,1419263450592,1419263564342,1419293285146,1419262764092,16666666,1419263956884,1419264778384,1419264803134,1419265961217,1419285479092,1458,148458,1419285479092,1419268967425,0,1419265961217,
0,195951,1419276618480,1419293285146,0,1419297132300,1419297133550,1419297410884,1419297459300,1419309951812,1419297124592,16666666,1419298358217,1419298846092,1419299065384,1419300703800,1419310883217,1006500,110834,1419310883217,1419302902592,0,1419300703800,
0,195959,1419309951812,1419309951812,0,1419311817842,1419311819009,1419312390759,1419312459342,1419343285144,1419311810342,16666666,1419312986425,1419313081967,1419313118634,1419313923050,1419327411342,2250,211375,1419327411342,1419315220925,0,1419313923050,
0,195967,1419326618478,1419326618478,0,1419327769550,1419327770592,1419329205884,1419329255300,1419359951810,1419327763425,16666666,1419330067842,1419330289967,1419330329050,1419330653217,1419331703634,1791,233917,1419331648467,1419331703634,0,1419330653217,
0,195975,1419343285144,1419343285144,0,1419345416967,1419345417801,1419345650926,1419345715801,1419376618476,1419345410884,16666666,1419346485592,1419346890051,1419346946092,1419347437967,1419360777176,2750,196250,1419360777176,1419348531842,0,1419347437967,
0,195983,1419359951810,1419359951810,0,1419360744967,1419360746717,1419360934426,1419360980509,1419393285142,1419360737301,16666666,1419361780967,1419361881717,1419361932134,1419362497509,1419377402301,318542,139792,1419377402301,1419363429717,0,1419362497509,
0,195991,1419376618476,1419376618476,0,1419377415759,1419377416551,1419377854426,1419377928842,1419409951808,1419377410467,16666666,1419378158884,1419378448801,1419378574009,1419378892967,1419394013509,2458,235292,1419394013509,1419380331384,0,1419378892967,
0,195999,1419393285142,1419393285142,0,1419394113467,1419394114342,1419394495217,1419394542801,1419426618474,1419394107842,16666666,1419394555717,1419394741926,1419394787092,1419395201176,1419410576509,873417,175708,1419410576509,1419396904259,0,1419395201176,
0,196007,1419409951808,1419409951808,0,1419410928259,1419410929092,1419411125634,1419411166467,1419443285140,1419410922842,16666666,1419411421967,1419411565551,1419411617509,1419412451342,1419427049092,1916,121375,1419427049092,1419413148051,0,1419412451342,
0,196015,1419426618474,1419426618474,0,1419427467676,1419427468926,1419427630259,1419427672259,1419459951806,1419427461717,16666666,1419428336259,1419428541967,1419428578134,1419429112092,1419443943592,1875,120667,1419443943592,1419430075509,0,1419429112092,
0,196023,1419443285140,1419443285140,0,1419444628301,1419444629092,1419444819926,1419444863009,1419476618472,1419444623134,16666666,1419445504801,1419445627176,1419445693759,1419446036801,1419460694884,2583,124625,1419460694884,1419446753634,0,1419446036801,
0,196031,1419459951806,1419459951806,0,1419461194051,1419461194842,1419461478426,1419461525801,1419493285138,1419461188676,16666666,1419461854342,1419462074926,1419462192759,1419462681551,1419477165926,1416,126584,1419477165926,1419463556134,0,1419462681551,
0,196039,1419476618472,1419476618472,0,1419477428926,1419477429884,1419477634301,1419477686092,1419509951804,1419477423259,16666666,1419478076967,1419478141342,1419478181426,1419478668634,1419494220842,967375,145458,1419494220842,1419480884884,0,1419478668634,
0,196047,1419493285138,1419493285138,0,1419494280967,1419494282217,1419494581717,1419494632842,1419526618470,1419494274884,16666666,1419495272634,1419495542426,1419495739842,1419496649717,1419510435092,3875,1691959,1419510435092,1419499112592,0,1419496649717,
0,196055,1419509951804,1419509951804,0,1419510671717,1419510672842,1419510938426,1419511018259,1419543285136,1419510665301,16666666,1419511683176,1419512385634,1419512431217,1419513017926,1419527091551,1273542,84209,1419527091551,1419515310551,0,1419513017926,
0,196063,1419526618470,1419526618470,0,1419527516176,1419527517384,1419527783801,1419527845051,1419559951802,1419527509176,16666666,1419529406092,1419529722009,1419529760717,1419530114176,1419531617717,1708,500958,1419531587217,1419531617717,0,1419530114176,
0,196071,1419543285136,1419543285136,0,1419545680217,1419546036426,1419546802759,1419546856342,1419576618468,1419545672967,16666666,1419547271467,1419547315467,1419547375384,1419547793634,1419561320509,2065958,582709,1419561320509,1419551736301,0,1419547793634,
0,196079,1419559951802,1419559951802,0,1419561711551,1419561712509,1419562057884,1419562115301,1419593285134,1419561705009,16666666,1419562586009,1419562841467,1419562883134,1419563179842,1419577612467,3792,648250,1419577612467,1419564644676,0,1419563179842,
0,196087,1419576618468,1419576618468,0,1419579101051,1419579101842,1419579558051,1419579648009,1419609951800,1419579095384,16666666,1419579669842,1419579725801,1419579756384,1419580820176,1419595989426,1500,111292,1419595989426,1419581775717,0,1419580820176,
0,196095,1419593285134,1419593285134,0,1419594373217,1419594374009,1419595683759,1419595733217,1419626618466,1419594367884,16666666,1419597499634,1419598118259,1419598159217,1419605326509,1419612781842,2458,168250,1419612781842,1419609546676,0,1419605326509,
0,196103,1419609951800,1419609951800,0,1419611274884,1419611275967,1419611519592,1419611579426,1419626618466,1419611268217,16666666,1419611997759,1419612263801,1419612290717,1419613839426,1417610726383,2982625,776000,1417610726383,1419618406051,0,1419613839426,
---PROFILEDATA---


View hierarchy:

  dev.polski.grammarmatrix/dev.polski.grammarmatrix.GlassBenchmarkActivity/android.view.ViewRootImpl@af271ea
  7 views, 12.08 kB of render nodes


Total ViewRootImpl   : 1
Total attached Views : 7
Total RenderNode     : 12.08 kB (used) / 36.09 kB (capacity)