Applications Graphics Acceleration Info:
Uptime: 1448373 Realtime: 1448373

** Graphics info for pid 5729 [dev.polski.grammarmatrix] **

Stats since: 1443280374604ns
Total frames rendered: 306
Janky frames: 0 (0.00%)
Janky frames (legacy): 212 (69.28%)
50th percentile: 19ms
90th percentile: 22ms
95th percentile: 23ms
99th percentile: 24ms
Number Missed Vsync: 0
Number High input latency: 612
Number Slow UI thread: 0
Number Slow bitmap uploads: 0
Number Slow issue draw commands: 0
Number Frame deadline missed: 0
Number Frame deadline missed (legacy): 0
HISTOGRAM: 5ms=0 6ms=0 7ms=0 8ms=0 9ms=0 10ms=0 11ms=0 12ms=0 13ms=0 14ms=0 15ms=1 16ms=2 17ms=6 18ms=69 19ms=121 20ms=57 21ms=19 22ms=14 23ms=10 24ms=5 25ms=1 26ms=0 27ms=1 28ms=0 29ms=0 30ms=0 31ms=0 32ms=0 34ms=0 36ms=0 38ms=0 40ms=0 42ms=0 44ms=0 46ms=0 48ms=0 53ms=0 57ms=0 61ms=0 65ms=0 69ms=0 73ms=0 77ms=0 81ms=0 85ms=0 89ms=0 93ms=0 97ms=0 101ms=0 105ms=0 109ms=0 113ms=0 117ms=0 121ms=0 125ms=0 129ms=0 133ms=0 150ms=0 200ms=0 250ms=0 300ms=0 350ms=0 400ms=0 450ms=0 500ms=0 550ms=0 600ms=0 650ms=0 700ms=0 750ms=0 800ms=0 850ms=0 900ms=0 950ms=0 1000ms=0 1050ms=0 1100ms=0 1150ms=0 1200ms=0 1250ms=0 1300ms=0 1350ms=0 1400ms=0 1450ms=0 1500ms=0 1550ms=0 1600ms=0 1650ms=0 1700ms=0 1750ms=0 1800ms=0 1850ms=0 1900ms=0 1950ms=0 2000ms=0 2050ms=0 2100ms=0 2150ms=0 2200ms=0 2250ms=0 2300ms=0 2350ms=0 2400ms=0 2450ms=0 2500ms=0 2550ms=0 2600ms=0 2650ms=0 2700ms=0 2750ms=0 2800ms=0 2850ms=0 2900ms=0 2950ms=0 3000ms=0 3050ms=0 3100ms=0 3150ms=0 3200ms=0 3250ms=0 3300ms=0 3350ms=0 3400ms=0 3450ms=0 3500ms=0 3550ms=0 3600ms=0 3650ms=0 3700ms=0 3750ms=0 3800ms=0 3850ms=0 3900ms=0 3950ms=0 4000ms=0 4050ms=0 4100ms=0 4150ms=0 4200ms=0 4250ms=0 4300ms=0 4350ms=0 4400ms=0 4450ms=0 4500ms=0 4550ms=0 4600ms=0 4650ms=0 4700ms=0 4750ms=0 4800ms=0 4850ms=0 4900ms=0 4950ms=0
50th gpu percentile: 18ms
90th gpu percentile: 20ms
95th gpu percentile: 21ms
99th gpu percentile: 23ms
GPU HISTOGRAM: 1ms=0 2ms=5 3ms=0 4ms=0 5ms=0 6ms=0 7ms=0 8ms=0 9ms=1 10ms=0 11ms=0 12ms=0 13ms=1 14ms=4 15ms=13 16ms=15 17ms=67 18ms=120 19ms=42 20ms=15 21ms=13 22ms=6 23ms=3 24ms=1 25ms=0 4950ms=0

Pipeline=Skia (OpenGL)
Memory policy:
  Max surface area: 2592000
  Max resource usage: 124.42MB (x48)
  Background retention: 50% (altUiHidden = true)
  GPU Context timeout: 10
Contexts: 1 (stopped = 0)
CPU Caches:
  Glyph Cache: 33.70 KB (1 entry)
  Glyph Count: 11 
Total CPU memory usage:
  34510 bytes, 33.70 KB (0.00 bytes is purgeable)
GPU Caches:
  Other:
    Other: 26.56 KB (1 entry)
    Buffer Object: 36.00 KB (1 entry)
  Scratch:
    Buffer Object: 80.00 KB (2 entries)
    Texture: 2.00 MB (1 entry)
Total GPU memory usage:
  2243136 bytes, 2.14 MB (68.00 KB is purgeable)

GraphicBufferAllocator buffers:
        Handle |        Size |     W (Stride) x H | Layers |   Format |      Usage | Requestor
0xb400007b2c426750 |     unknown | 1080 (   0) x 2400 |      1 |        1 | 0x     b00 | VRI[GlassBenchmarkActivity]#0(BLAST Consumer)0
0xb400007b2c426900 |     unknown | 1080 (   0) x 2400 |      1 |        1 | 0x     b00 | VRI[GlassBenchmarkActivity]#0(BLAST Consumer)0
0xb400007b2c437e50 |     unknown | 1080 (   0) x 2400 |      1 |        1 | 0x     b00 | VRI[GlassBenchmarkActivity]#0(BLAST Consumer)0
Total allocated by GraphicBufferAllocator (estimate): 0.00 KB
GoldfishAllocator::dumpDebugInfo is not implemented
Profile data in ms:

	dev.polski.grammarmatrix/dev.polski.grammarmatrix.GlassBenchmarkActivity/android.view.ViewRootImpl@af271ea (visibility=0)
Window: dev.polski.grammarmatrix/dev.polski.grammarmatrix.GlassBenchmarkActivity
Stats since: 1443280374229ns
Total frames rendered: 306
Janky frames: 0 (0.00%)
Janky frames (legacy): 212 (69.28%)
50th percentile: 19ms
90th percentile: 22ms
95th percentile: 23ms
99th percentile: 24ms
Number Missed Vsync: 0
Number High input latency: 612
Number Slow UI thread: 0
Number Slow bitmap uploads: 0
Number Slow issue draw commands: 0
Number Frame deadline missed: 0
Number Frame deadline missed (legacy): 0
HISTOGRAM: 5ms=0 6ms=0 7ms=0 8ms=0 9ms=0 10ms=0 11ms=0 12ms=0 13ms=0 14ms=0 15ms=1 16ms=2 17ms=6 18ms=69 19ms=121 20ms=57 21ms=19 22ms=14 23ms=10 24ms=5 25ms=1 26ms=0 27ms=1 28ms=0 29ms=0 30ms=0 31ms=0 32ms=0 34ms=0 36ms=0 38ms=0 40ms=0 42ms=0 44ms=0 46ms=0 48ms=0 53ms=0 57ms=0 61ms=0 65ms=0 69ms=0 73ms=0 77ms=0 81ms=0 85ms=0 89ms=0 93ms=0 97ms=0 101ms=0 105ms=0 109ms=0 113ms=0 117ms=0 121ms=0 125ms=0 129ms=0 133ms=0 150ms=0 200ms=0 250ms=0 300ms=0 350ms=0 400ms=0 450ms=0 500ms=0 550ms=0 600ms=0 650ms=0 700ms=0 750ms=0 800ms=0 850ms=0 900ms=0 950ms=0 1000ms=0 1050ms=0 1100ms=0 1150ms=0 1200ms=0 1250ms=0 1300ms=0 1350ms=0 1400ms=0 1450ms=0 1500ms=0 1550ms=0 1600ms=0 1650ms=0 1700ms=0 1750ms=0 1800ms=0 1850ms=0 1900ms=0 1950ms=0 2000ms=0 2050ms=0 2100ms=0 2150ms=0 2200ms=0 2250ms=0 2300ms=0 2350ms=0 2400ms=0 2450ms=0 2500ms=0 2550ms=0 2600ms=0 2650ms=0 2700ms=0 2750ms=0 2800ms=0 2850ms=0 2900ms=0 2950ms=0 3000ms=0 3050ms=0 3100ms=0 3150ms=0 3200ms=0 3250ms=0 3300ms=0 3350ms=0 3400ms=0 3450ms=0 3500ms=0 3550ms=0 3600ms=0 3650ms=0 3700ms=0 3750ms=0 3800ms=0 3850ms=0 3900ms=0 3950ms=0 4000ms=0 4050ms=0 4100ms=0 4150ms=0 4200ms=0 4250ms=0 4300ms=0 4350ms=0 4400ms=0 4450ms=0 4500ms=0 4550ms=0 4600ms=0 4650ms=0 4700ms=0 4750ms=0 4800ms=0 4850ms=0 4900ms=0 4950ms=0
50th gpu percentile: 18ms
90th gpu percentile: 20ms
95th gpu percentile: 21ms
99th gpu percentile: 23ms
GPU HISTOGRAM: 1ms=0 2ms=5 3ms=0 4ms=0 5ms=0 6ms=0 7ms=0 8ms=0 9ms=1 10ms=0 11ms=0 12ms=0 13ms=1 14ms=4 15ms=13 16ms=15 17ms=67 18ms=120 19ms=42 20ms=15 21ms=13 22ms=6 23ms=3 24ms=1 25ms=0 4950ms=0



---PROFILEDATA---
Flags,FrameTimelineVsyncId,IntendedVsync,Vsync,InputEventId,HandleInputStart,AnimationStart,PerformTraversalsStart,DrawStart,FrameDeadline,FrameInterval,FrameStartTime,SyncQueued,SyncStart,IssueDrawCommandsStart,SwapBuffers,FrameCompleted,DequeueBufferDuration,QueueBufferDuration,GpuCompleted,SwapBuffersCompleted,DisplayPresentTime,CommandSubmissionCompleted,
0,208999,1446376617396,1446376617396,0,1446377325355,1446377326188,1446377494980,1446377540355,1446426617394,1446377319647,16666666,1446377797897,1446378727855,1446378763397,1446379032480,1446399759897,19230042,138125,1446399759897,1446398949022,0,1446379032480,
0,209007,1446393284062,1446393284062,0,1446397316022,1446397317105,1446397554188,1446397594688,1446443284060,1446397310772,16666666,1446397879063,1446398983188,1446399017855,1446399291605,1446412951563,12227750,75833,1446412951563,1446412078897,0,1446399291605,
0,209015,1446409950728,1446409950728,0,1446410736647,1446410737438,1446411297855,1446411345480,1446459950726,1446410731272,16666666,1446411638438,1446412098772,1446412153522,1446412483230,1446429780730,15930375,71000,1446429780730,1446428952980,0,1446412483230,
0,209023,1446426617394,1446426617394,0,1446427527355,1446427528188,1446427729855,1446427781397,1446476617392,1446427520897,16666666,1446428334272,1446428991605,1446429034563,1446429314230,1446448178522,17068250,84250,1446448178522,1446446950772,0,1446429314230,
0,209031,1446443284060,1446443284060,0,1446444925855,1446444926730,1446445355855,1446445397188,1446493284058,1446444920813,16666666,1446445672813,1446447015897,1446447078188,1446447443813,1446467810688,18211000,235292,1446467810688,1446466473688,0,1446447443813,
0,209039,1446459950726,1446459950726,0,1446462901355,1446462902438,1446463104938,1446463153397,1446509950724,1446462895980,16666666,1446463364563,1446466559563,1446466621105,1446466981772,1446481965730,11740750,86875,1446481965730,1446479598438,0,1446466981772,
0,209047,1446476617392,1446476617392,0,1446478123938,1446478124605,1446478291105,1446478332438,1446526617390,1446478117897,16666666,1446478345730,1446479643647,1446479679522,1446480776563,1446496826730,13392750,187875,1446496826730,1446495438105,0,1446480776563,
0,209055,1446493284058,1446493284058,0,1446493854230,1446493855022,1446494018813,1446494064313,1446543284056,1446493848563,16666666,1446494296147,1446495508230,1446495554438,1446495841730,1446514057938,16108084,119708,1446514057938,1446512999188,0,1446495841730,
0,209063,1446509950724,1446509950724,0,1446510818938,1446510819938,1446511039647,1446511095105,1446559950722,1446510813605,16666666,1446511355313,1446513050522,1446513088813,1446513365980,1446530243563,15134083,86833,1446530243563,1446529283147,0,1446513365980,
0,209071,1446526617390,1446526617390,0,1446527948147,1446527948980,1446528631313,1446528694522,1446576617388,1446527942813,16666666,1446529189355,1446529317980,1446529356563,1446529648647,1446549651272,16905333,97375,1446549651272,1446547200605,0,1446529648647,
0,209079,1446543284056,1446543284056,0,1446545080188,1446545081063,1446545562438,1446545614397,1446593284054,1446545074605,16666666,1446545853897,1446547233730,1446547270563,1446548816772,1446564626772,13463125,110042,1446564626772,1446563167355,0,1446548816772,
0,209087,1446559950722,1446559950722,0,1446561611272,1446561612188,1446561788730,1446561838230,1446609950720,1446561605522,16666666,1446562092272,1446563199688,1446563236147,1446563848522,1446583512938,17661333,83875,1446583512938,1446582346730,0,1446563848522,
0,209095,1446576617388,1446576617388,0,1446578853813,1446578854813,1446579022980,1446579062813,1446626617386,1446578848522,16666666,1446579373855,1446582388480,1446582430438,1446582764772,1446597412063,12335000,101292,1446597412063,1446595894897,0,1446582764772,
0,209103,1446593284054,1446593284054,0,1446593963022,1446593963980,1446594390355,1446594465188,1446643284052,1446593957522,16666666,1446594745938,1446595931230,1446595963605,1446596440772,1446615960564,15919458,113500,1446615960564,1446613393647,0,1446596440772,
0,209111,1446609950720,1446609950720,0,1446611183314,1446611184230,1446612597855,1446612643439,1446659950718,1446611177730,16666666,1446612877564,1446613460314,1446613511105,1446615010939,1446630691189,13679083,117375,1446630691189,1446629690814,0,1446615010939,
0,209119,1446626617386,1446626617386,0,1446628458147,1446628458939,1446628639439,1446628683522,1446676617384,1446628453064,16666666,1446628981397,1446629717439,1446629752939,1446630032272,1446649851355,16030208,89833,1446649851355,1446646897064,0,1446630032272,
0,209127,1446643284052,1446643284052,0,1446645148647,1446645149522,1446645347855,1446645392189,1446693284050,1446645143397,16666666,1446645574522,1446646926314,1446646969272,1446649247647,1446666646355,14134166,98792,1446666646355,1446664183522,0,1446649247647,
0,209135,1446659950718,1446659950718,0,1446662502897,1446662503689,1446662680355,1446662722980,1446709950716,1446662497439,16666666,1446662735730,1446665532355,1446665577397,1446665930939,1446682009522,12801375,111166,1446682009522,1446679529689,0,1446665930939,
0,209143,1446676617384,1446676617384,0,1446677932355,1446677933522,1446678109022,1446678152022,1446726617382,1446677927022,16666666,1446678383480,1446679554980,1446679590772,1446681061689,1446701964522,17624292,105416,1446701964522,1446699706105,0,1446681061689,
0,209151,1446693284050,1446693284050,0,1446696482105,1446696483230,1446696734689,1446696776814,1446743284048,1446696476522,16666666,1446696999147,1446699763355,1446699820022,1446700307605,1446715172230,11904000,431792,1446715172230,1446713928897,0,1446700307605,
0,209159,1446709950716,1446709950716,0,1446711177647,1446711178397,1446711343564,1446711385272,1446759950714,1446711172397,16666666,1446711613064,1446713967189,1446714003064,1446714349314,1446732922147,16062291,116250,1446732922147,1446731299814,0,1446714349314,
0,209167,1446726617382,1446726617382,0,1446727965314,1446727966272,1446728269397,1446728309189,1446776617380,1446727959814,16666666,1446728576480,1446731360814,1446731402064,1446731977939,1446746840355,12839125,119583,1446746840355,1446745831189,0,1446731977939,
0,209175,1446743284048,1446743284048,0,1446744380230,1446744381064,1446744723480,1446744767605,1446793284046,1446744374272,16666666,1446745031980,1446745852605,1446745985647,1446746252897,1446767402314,18917000,95000,1446767402314,1446765804605,0,1446746252897,
0,209183,1446759950714,1446759950714,0,1446763385064,1446763385855,1446763627855,1446763673480,1446809950712,1446763379897,16666666,1446764500105,1446765847730,1446765882689,1446766163064,1446781459355,12204958,76959,1446781459355,1446779958605,0,1446766163064,
0,209191,1446776617380,1446776617380,0,1446778656272,1446778657064,1446778835189,1446778877480,1446826617378,1446778650730,16666666,1446779399064,1446780073147,1446780139314,1446780565689,1446798343897,14354292,159750,1446798343897,1446795899855,0,1446780565689,
0,209199,1446793284046,1446793284046,0,1446794215355,1446794216397,1446794441439,1446794526897,1446843284044,1446794208939,16666666,1446794766564,1446795953855,1446795989605,1446796913689,1446814511480,14546375,119500,1446814511480,1446813014522,0,1446796913689,
0,209207,1446809950712,1446809950712,0,1446811213439,1446811214397,1446811395314,1446811440355,1446859950710,1446811207689,16666666,1446811693772,1446813124230,1446813162147,1446813756189,1446831080855,15041833,124292,1446831080855,1446829604439,0,1446813756189,
0,209215,1446826617378,1446826617378,0,1446827995189,1446827996022,1446829019314,1446829060980,1446876617376,1446827989605,16666666,1446829493897,1446829630647,1446829667605,1446830152897,1446849732772,17138500,276000,1446849732772,1446848421772,0,1446830152897,
0,209223,1446843284044,1446843284044,0,1446846922897,1446846923939,1446847129647,1446847180022,1446893284042,1446846917105,16666666,1446847916147,1446848666564,1446848708314,1446849030980,1446867511689,15677875,64666,1446867511689,1446865466939,0,1446849030980,
0,209231,1446859950710,1446859950710,0,1446861914064,1446861915064,1446862502022,1446862549897,1446909950708,1446861908605,16666666,1446862799814,1446865651105,1446865690064,1446866450314,1446879647022,11203667,173708,1446879647022,1446878760397,0,1446866450314,
0,209239,1446876617376,1446876617376,0,1446877294439,1446877295272,1446877469980,1446877514355,1446926617374,1446877289230,16666666,1446877744897,1446878787730,1446878822730,1446879085397,1446899771939,18781875,166334,1446899771939,1446898601272,0,1446879085397,
0,209247,1446893284042,1446893284042,0,1446897179230,1446897180064,1446897401064,1446897444814,1446943284040,1446897173730,16666666,1446897675147,1446898627814,1446898688105,1446899103522,1446914383105,13184334,75542,1446914383105,1446913001230,0,1446899103522,
0,209255,1446909950708,1446909950708,0,1446910817980,1446910818814,1446910995605,1446911037897,1446959950706,1446910812439,16666666,1446911351272,1446913032272,1446913129980,1446913413064,1446930250814,14862959,282750,1446930250814,1446929298272,0,1446913413064,
0,209263,1446926617374,1446926617374,0,1446927288022,1446927288855,1446927670814,1446927717105,1446976617372,1446927282689,16666666,1446927958064,1446929336105,1446929381314,1446929740689,1446946887855,15760875,82083,1446946887855,1446946056189,0,1446929740689,
0,209271,1446943284040,1446943284040,0,1446944269564,1446944270564,1446944667439,1446944713314,1446993284038,1446944264147,16666666,1446945003355,1446946085439,1446946118480,1446946385897,1446966454439,16924166,90208,1446966454439,1446963892689,0,1446946385897,
0,209279,1446959950706,1446959950706,0,1446961747314,1446961748272,1446962092730,1446962152814,1447009950704,1446961741855,16666666,1446962570397,1446963970480,1446965106689,1446965427064,1446982124522,12784458,108166,1446982124522,1446979292897,0,1446965427064,
0,209287,1446976617372,1446976617372,0,1446977862522,1446977863439,1446978021022,1446978060397,1447026617370,1446977857397,16666666,1446978282522,1446979367897,1446979872814,1446980578647,1446996769605,13000917,598917,1446996769605,1446995203939,0,1446980578647,
0,209295,1446993284038,1446993284038,0,1446994565939,1446994566689,1446994730272,1446994771439,1447043284036,1446994560605,16666666,1446995230397,1446995449564,1446995526730,1446995811439,1447013177272,15093000,227250,1447013177272,1447011945147,0,1446995811439,
0,209303,1447009950704,1447009950704,0,1447010987314,1447010988397,1447011153647,1447011197897,1447059950702,1447010981647,16666666,1447011356064,1447011967022,1447012082314,1447012565230,1447029811105,15725375,171167,1447029811105,1447028956314,0,1447012565230,
0,209311,1447026617370,1447026617370,0,1447027556730,1447027557939,1447027749397,1447027796355,1447076617368,1447027550522,16666666,1447027810272,1447028991855,1447029028272,1447029332355,1447047148397,16191208,81291,1447047148397,1447046073147,0,1447029332355,
0,209319,1447043284036,1447043284036,0,1447044166605,1447044167564,1447044472355,1447044512022,1447093284034,1447044161147,16666666,1447044742564,1447046103689,1447046139439,1447046432564,1447063867814,15583000,89584,1447063867814,1447062778480,0,1447046432564,
0,209327,1447059950702,1447059950702,0,1447061276897,1447061278147,1447061453272,1447061502897,1447109950700,1447061271314,16666666,1447062063022,1447062810272,1447062842647,1447063144230,1447079679772,14826542,225500,1447079679772,1447078792355,0,1447063144230,
0,209335,1447076617368,1447076617368,0,1447077611189,1447077612064,1447077889272,1447077961397,1447126617366,1447077605855,16666666,1447078213147,1447078815647,1447078909189,1447079187647,1447096613272,15514959,78917,1447096613272,1447095278022,0,1447079187647,
0,209343,1447093284034,1447093284034,0,1447094246189,1447094247397,1447094480689,1447094536814,1447143284032,1447094239439,16666666,1447094842272,1447095331314,1447095393730,1447095674814,1447113280272,15512917,315459,1447113280272,1447112366314,0,1447095674814,
0,209351,1447109950700,1447109950700,0,1447111121105,1447111122022,1447111287522,1447111331230,1447159950698,1447111115814,16666666,1447111561939,1447112387897,1447112421939,1447112704105,1447129875064,15725334,80958,1447129875064,1447129050980,0,1447112704105,
0,209359,1447126617366,1447126617366,0,1447127807522,1447127808772,1447128214980,1447128275439,1447176617364,1447127801730,16666666,1447128684897,1447129105564,1447129141355,1447129421522,1447146854355,16127333,79250,1447146854355,1447146048480,0,1447129421522,
0,209367,1447143284032,1447143284032,0,1447144887814,1447144888605,1447145069980,1447145110522,1447193284030,1447144882439,16666666,1447145393022,1447146098814,1447146135605,1447146415189,1447164293730,15860500,74292,1447164293730,1447162861855,0,1447146415189,
0,209375,1447159950698,1447159950698,0,1447161682772,1447161683647,1447161861605,1447161931689,1447209950696,1447161676647,16666666,1447162209397,1447162886814,1447162927105,1447163301480,1447180685939,14903917,444125,1447180685939,1447179256647,0,1447163301480,
0,209383,1447176617364,1447176617364,0,1447177374105,1447177375022,1447177526814,1447177688564,1447226617362,1447177368105,16666666,1447177931897,1447179300272,1447179337522,1447179922230,1447196873230,14769625,111417,1447196873230,1447195523105,0,1447179922230,
0,209391,1447193284030,1447193284030,0,1447194345647,1447194346939,1447194621897,1447194684605,1447243284028,1447194339314,16666666,1447194899397,1447195589064,1447195649939,1447195983480,1447213764022,15784375,112875,1447213764022,1447212705980,0,1447195983480,
0,209399,1447209950696,1447209950696,0,1447210812730,1447210813480,1447211141105,1447211197897,1447259950694,1447210807230,16666666,1447211212189,1447212739147,1447212773605,1447213059647,1447230367439,15570875,94084,1447230367439,1447229379897,0,1447213059647,
0,209407,1447226617362,1447226617362,0,1447228210522,1447228211314,1447228598647,1447228643022,1447276617360,1447228204980,16666666,1447228884355,1447229406064,1447229438939,1447229785897,1447247485564,16027500,100792,1447247485564,1447246442522,0,1447229785897,
0,209415,1447243284028,1447243284028,0,1447245099814,1447245100564,1447245890272,1447245959480,1447293284026,1447245094147,16666666,1447246241105,1447246466897,1447246504605,1447246847314,1447263801939,15276000,83125,1447263801939,1447262811939,0,1447246847314,
0,209423,1447259950694,1447259950694,0,1447260929397,1447260930522,1447261190397,1447261234564,1447309950692,1447260923564,16666666,1447261554814,1447262862272,1447262899522,1447263178480,1447279803397,15146125,124042,1447279803397,1447279002397,0,1447263178480,
0,209431,1447276617360,1447276617360,0,1447277463397,1447277464064,1447277620939,1447277663814,1447326617358,1447277458147,16666666,1447277905605,1447279032230,1447279068814,1447279337939,1447296200480,15395292,81042,1447296200480,1447295244980,0,1447279337939,
0,209439,1447293284026,1447293284026,0,1447294324730,1447294325939,1447294553855,1447294608355,1447343284024,1447294318397,16666666,1447294936272,1447295297105,1447295332189,1447295613522,1447313425439,16262917,219666,1447313425439,1447312561272,0,1447295613522,
0,209447,1447309950692,1447309950692,0,1447310832606,1447310833439,1447310990606,1447311031981,1447359950690,1447310827522,16666666,1447311315981,1447312591397,1447312628522,1447312915189,1447329938022,15520458,84542,1447329938022,1447329040522,0,1447312915189,
0,209455,1447326617358,1447326617358,0,1447327394772,1447327395897,1447327551022,1447327591064,1447376617356,1447327389314,16666666,1447327870856,1447329080147,1447329139439,1447329422439,1447346595856,15437625,83458,1447346595856,1447345503481,0,1447329422439,
0,209463,1447343284024,1447343284024,0,1447343877397,1447343878231,1447344306314,1447344352272,1447393284022,1447343872189,16666666,1447344600564,1447345528356,1447345562606,1447346009481,1447362976272,15483750,158334,1447362976272,1447362146022,0,1447346009481,
0,209471,1447359950690,1447359950690,0,1447361178647,1447361179647,1447361339731,1447361380731,1447409950688,1447361173189,16666666,1447361648564,1447362171564,1447362237147,1447362525897,1447379637981,15657583,72458,1447379637981,1447378678189,0,1447362525897,
0,209479,1447376617356,1447376617356,0,1447377526356,1447377527564,1447377735439,1447377788272,1447426617354,1447377519689,16666666,1447377970272,1447378725856,1447378766481,1447379094272,1447396276231,15701750,78625,1447396276231,1447395383064,0,1447379094272,
0,209487,1447393284022,1447393284022,0,1447394027314,1447394028189,1447394186064,1447394227606,1447443284020,1447394021897,16666666,1447394240147,1447395412647,1447395445689,1447395725064,1447413426439,16236709,106833,1447413426439,1447412557314,0,1447395725064,
0,209495,1447409950688,1447409950688,0,1447410913564,1447410914314,1447411074064,1447411113731,1447459950686,1447410908314,16666666,1447411340439,1447412583356,1447412652689,1447412964064,1447430496897,16011000,69834,1447430496897,1447429519897,0,1447412964064,
0,209503,1447426617354,1447426617354,0,1447427480022,1447427480814,1447427630356,1447427678522,1447476617352,1447427474481,16666666,1447427891481,1447429568397,1447429604314,1447429874856,1447446371189,14954708,76583,1447446371189,1447445498314,0,1447429874856,
0,209511,1447443284020,1447443284020,0,1447444402147,1447444403481,1447444641272,1447444699022,1447493284018,1447444394772,16666666,1447445034397,1447445530022,1447445583856,1447445859939,1447462907481,15702833,82375,1447462907481,1447462141856,0,1447445859939,
0,209519,1447459950686,1447459950686,0,1447461111439,1447461112481,1447461328606,1447461389189,1447509950684,1447461105689,16666666,1447461672064,1447462194522,1447462230481,1447462508481,1447479656397,15655208,64208,1447479656397,1447478633314,0,1447462508481,
0,209527,1447476617352,1447476617352,0,1447477329397,1447477330272,1447477513647,1447477558272,1447526617350,1447477323564,16666666,1447477805356,1447478691356,1447478760231,1447479092064,1447496135689,15540167,141000,1447496135689,1447495247064,0,1447479092064,
0,209535,1447493284018,1447493284018,0,1447494172397,1447494173189,1447494354481,1447494398272,1447543284016,1447494166647,16666666,1447494700314,1447495302231,1447495335814,1447495600939,1447514131314,16411875,188083,1447514131314,1447512591356,0,1447495600939,
0,209543,1447509950684,1447509950684,0,1447510874689,1447510875272,1447511300606,1447511347564,1447559950682,1447510869522,16666666,1447511652939,1447512619064,1447512637314,1447513306689,1447530103564,14885375,110125,1447530103564,1447529071147,0,1447513306689,
0,209551,1447526617350,1447526617350,0,1447527558481,1447527559064,1447527727064,1447527770981,1447576617348,1447527553314,16666666,1447528101397,1447529106689,1447529190939,1447529492981,1447547758772,16470334,68875,1447547758772,1447546665522,0,1447529492981,
0,209559,1447543284016,1447543284016,0,1447544419564,1447544420231,1447544562689,1447544599647,1447593284014,1447544412272,16666666,1447544785314,1447546692481,1447546740772,1447547062814,1447564318564,15302000,97334,1447564318564,1447563141981,0,1447547062814,
0,209567,1447559950682,1447559950682,0,1447561199689,1447561200106,1447561452897,1447561481981,1447609950680,1447561193689,16666666,1447561619689,1447563158689,1447563189564,1447563388939,1447580130189,14674291,96666,1447580130189,1447579138106,0,1447563388939,
0,209575,1447576617348,1447576617348,0,1447577637231,1447577638272,1447577798439,1447577842647,1447626617346,1447577631231,16666666,1447577858272,1447579164272,1447579203147,1447579493689,1447596313439,15116250,150167,1447596313439,1447595292022,0,1447579493689,
0,209583,1447593284014,1447593284014,0,1447594109147,1447594110064,1447594311522,1447594366731,1447643284012,1447594103314,16666666,1447594625064,1447595347314,1447595382731,1447595665522,1447613033981,15395792,88541,1447613033981,1447611757564,0,1447595665522,
0,209591,1447609950680,1447609950680,0,1447610600147,1447610600897,1447610814022,1447610856147,1447659950678,1447610594397,16666666,1447611104147,1447611777189,1447611833314,1447612482439,1447632854939,18554583,154334,1447632854939,1447631639147,0,1447612482439,
0,209599,1447626617346,1447626617346,0,1447629366772,1447629367856,1447629613731,1447629664022,1447676617344,1447629360397,16666666,1447629979106,1447631680231,1447631714897,1447632057106,1447646717606,12894041,87000,1447646717606,1447645847106,0,1447632057106,
0,209607,1447643284012,1447643284012,0,1447644431897,1447644433106,1447644607064,1447644652064,1447693284010,1447644425522,16666666,1447644896106,1447645872897,1447645920689,1447646225147,1447663806272,15969167,80750,1447663806272,1447662755731,0,1447646225147,
0,209615,1447659950678,1447659950678,0,1447661639939,1447661641022,1447661871897,1447661937147,1447709950676,1447661633106,16666666,1447662224689,1447662822272,1447662883564,1447663235147,1447679562064,14897292,154958,1447679562064,1447678754897,0,1447663235147,
0,209623,1447676617344,1447676617344,0,1447677452272,1447677453064,1447677681897,1447677724606,1447726617342,1447677447231,16666666,1447678003939,1447678774522,1447678805231,1447679092064,1447696224772,15693459,82625,1447696224772,1447695320606,0,1447679092064,
0,209631,1447693284010,1447693284010,0,1447694016814,1447694017481,1447694500439,1447694547481,1447743284008,1447694011272,16666666,1447694854481,1447695347314,1447695378106,1447695673231,1447713653647,16229375,99417,1447713653647,1447712511231,0,1447695673231,
0,209639,1447709950676,1447709950676,0,1447710687647,1447710688522,1447710837981,1447710879231,1447759950674,1447710682106,16666666,1447711112397,1447712537564,1447712655147,1447712982564,1447729703564,15057041,205792,1447729703564,1447728764856,0,1447712982564,
0,209647,1447726617342,1447726617342,0,1447727494897,1447727495564,1447727661897,1447727706231,1447776617340,1447727489647,16666666,1447727937981,1447728820814,1447728854522,1447729137106,1447746708856,16024958,154917,1447746708856,1447745769522,0,1447729137106,
0,209655,1447743284008,1447743284008,0,1447744245647,1447744246731,1447744413272,1447744454064,1447793284006,1447744240356,16666666,1447744613022,1447745792814,1447745829314,1447746097314,1447763567106,15924459,169583,1447763567106,1447762698397,0,1447746097314,
0,209663,1447759950674,1447759950674,0,1447761320064,1447761320939,1447761476314,1447761524522,1447809950672,1447761314647,16666666,1447761536939,1447762731439,1447762764189,1447763059189,1447784586522,18756500,105417,1447784586522,1447782443522,0,1447763059189,
0,209671,1447776617340,1447776617340,0,1447778693147,1447778695106,1447779048022,1447779123522,1447826617338,1447778682147,16666666,1447779671981,1447782655731,1447782725981,1447783624147,1447799246522,11816583,282583,1447799246522,1447796490897,0,1447783624147,
0,209679,1447793284006,1447793284006,0,1447794084856,1447794085772,1447794252522,1447794294689,1447843284004,1447794079231,16666666,1447794522022,1447796605522,1447796678439,1447797257939,1447813669064,12973417,701584,1447813669064,1447812336939,0,1447797257939,
0,209687,1447809950672,1447809950672,0,1447810696564,1447810697564,1447810854606,1447810896272,1447859950670,1447810691272,16666666,1447811132314,1447812361731,1447812402689,1447812761689,1447832138939,17214041,194500,1447832138939,1447830944606,0,1447812761689,
0,209695,1447826617338,1447826617338,0,1447829398189,1447829399022,1447829615606,1447829664439,1447876617336,1447829392522,16666666,1447829997647,1447830983647,1447831028481,1447831352272,1447846527272,13370750,301458,1447846527272,1447845562647,0,1447831352272,
0,209703,1447843284004,1447843284004,0,1447844244022,1447844245147,1447844559522,1447844607147,1447893284002,1447844238147,16666666,1447844891189,1447845586564,1447845655189,1447845953356,1447864265606,16481167,163666,1447864265606,1447863055897,0,1447845953356,
0,209711,1447859950670,1447859950670,0,1447861666939,1447861667856,1447862420439,1447862464147,1447909950668,1447861661314,16666666,1447862776022,1447863081272,1447863127689,1447863386189,1447879638314,14463209,155667,1447879638314,1447878831981,0,1447863386189,
0,209719,1447876617336,1447876617336,0,1447877441064,1447877441897,1447877605522,1447877647481,1447926617334,1447877435647,16666666,1447877949231,1447878858856,1447878891731,1447879173022,1447896816147,15976250,74334,1447896816147,1447895664939,0,1447879173022,
0,209727,1447893284002,1447893284002,0,1447894485606,1447894486564,1447894667939,1447894718064,1447943284000,1447894479439,16666666,1447894978564,1447895703606,1447895738939,1447896096481,1447913328772,15450541,156125,1447913328772,1447912434022,0,1447896096481,
0,209735,1447909950668,1447909950668,0,1447910598981,1447910599856,1447910802772,1447910854231,1447959950666,1447910593731,16666666,1447911084981,1447912458106,1447912496481,1447912830939,1447930204522,16028458,85084,1447930204522,1447929429564,0,1447912830939,
0,209743,1447926617334,1447926617334,0,1447927752314,1447927753147,1447928559356,1447928607981,1447976617332,1447927747022,16666666,1447928805647,1447929454981,1447929490064,1447929757272,1447950926189,19644542,79709,1447950926189,1447949913897,0,1447929757272,
0,209751,1447943284000,1447943284000,0,1447945216981,1447945218689,1447945740772,1447945900231,1447993283998,1447945206272,16666666,1447945920314,1447949987231,1447950032314,1447950318606,1447964979397,11279416,91459,1447964979397,1447962288647,0,1447950318606,
0,209759,1447959950666,1447959950666,0,1447961854731,1447961855981,1447962094106,1447962151856,1448009950664,1447961847814,16666666,1447962663064,1447962814981,1447962870689,1447963262731,1447982271981,15960416,536875,1447982271981,1447981025439,0,1447963262731,
0,209767,1447976617332,1447976617332,0,1447978110772,1447978111606,1447978385689,1447978432439,1448026617330,1447978104731,16666666,1447978955314,1447981097189,1447981151689,1447981483397,1447996361064,12891584,139208,1447996361064,1447995215981,0,1447981483397,
0,209775,1447993283998,1447993283998,0,1447993928064,1447993929106,1447994518481,1447994570981,1448043283996,1447993921147,16666666,1447994860147,1447995248439,1447995280397,1447995585481,1448013829439,16065208,143417,1448013829439,1448012505648,0,1447995585481,
0,209783,1448009950664,1448009950664,0,1448011506314,1448011507856,1448011767106,1448011809023,1448059950662,1448011496939,16666666,1448012178731,1448012528981,1448012719939,1448013130939,1448031147898,15840333,138583,1448031147898,1448029719731,0,1448013130939,
0,209791,1448026617330,1448026617330,0,1448028265481,1448028266439,1448028435981,1448028475731,1448076617328,1448028260231,16666666,1448028707564,1448029750439,1448029783314,1448030095064,1448048407731,15406875,125458,1448048407731,1448046621356,0,1448030095064,
0,209799,1448043283996,1448043283996,0,1448044865648,1448044866564,1448045489773,1448045545648,1448093283994,1448044860189,16666666,1448045887023,1448046671564,1448046717481,1448047038564,1448065718148,14971375,460625,1448065718148,1448063438064,0,1448047038564,
0,209807,1448059950662,1448059950662,0,1448062007273,1448062008148,1448062196564,1448062239606,1448109950660,1448062001689,16666666,1448062514689,1448063474106,1448063509481,1448064477981,1448080167481,13378833,179667,1448080167481,1448079153564,0,1448064477981,
0,209815,1448076617328,1448076617328,0,1448077345231,1448077345981,1448077590898,1448077654981,1448126617326,1448077339939,16666666,1448077916981,1448079201231,1448079237606,1448079534606,1448096665398,15146250,169792,1448096665398,1448095364273,0,1448079534606,
0,209823,1448093283994,1448093283994,0,1448094213981,1448094215148,1448094439898,1448094493606,1448143283992,1448094207064,16666666,1448094778439,1448095421689,1448095458064,1448095762689,1448114472064,16311500,122208,1448114472064,1448113035731,0,1448095762689,
0,209831,1448109950660,1448109950660,0,1448111156189,1448111156731,1448111441398,1448111492398,1448159950658,1448111150689,16666666,1448111675273,1448113100981,1448113241148,1448113673523,1448130132564,14462041,132250,1448130132564,1448129010564,0,1448113673523,
0,209839,1448126617326,1448126617326,0,1448127398939,1448127399814,1448127555439,1448127595481,1448176617324,1448127393689,16666666,1448127608898,1448129048189,1448129081606,1448129360189,1448146825148,15699750,134458,1448146825148,1448145901939,0,1448129360189,
0,209847,1448143283992,1448143283992,0,1448144248606,1448144249481,1448144430189,1448144473189,1448193283990,1448144243064,16666666,1448144701981,1448145934356,1448145968481,1448146253898,1448164219314,15913459,77500,1448164219314,1448162780398,0,1448146253898,
0,209855,1448159950658,1448159950658,0,1448161476314,1448161477523,1448161775773,1448161827439,1448209950656,1448161470356,16666666,1448162149273,1448162831273,1448162866356,1448163143981,1448179573564,14446125,307917,1448179573564,1448178740773,0,1448163143981,
0,209863,1448176617324,1448176617324,0,1448178071981,1448178072814,1448178263064,1448178303439,1448226617322,1448178066398,16666666,1448178537773,1448178763606,1448178798648,1448179072064,1448200198564,16476125,77375,1448200198564,1448196237939,0,1448179072064,
0,209871,1448193283990,1448193283990,0,1448193919689,1448193920689,1448194088023,1448194127606,1448243283988,1448193914231,16666666,1448194388773,1448196376189,1448196429148,1448196829773,1448213271814,12137375,396625,1448213271814,1448212387481,0,1448196829773,
0,209879,1448209950656,1448209950656,0,1448210920148,1448210921023,1448211116814,1448211161648,1448259950654,1448210914439,16666666,1448211379439,1448212407814,1448212444689,1448212711273,1448229566356,15451333,76042,1448229566356,1448228768106,0,1448212711273,
0,209887,1448226617322,1448226617322,0,1448227472023,1448227472856,1448227639856,1448227683439,1448276617320,1448227466939,16666666,1448227967981,1448228795856,1448228828023,1448229111814,1448246661023,16144500,79292,1448246661023,1448245777814,0,1448229111814,
0,209895,1448243283988,1448243283988,0,1448244484606,1448244485439,1448244641564,1448244685898,1448293283986,1448244479231,16666666,1448244981981,1448245826231,1448245863106,1448246164856,1448268589398,19386583,83250,1448268589398,1448266095356,0,1448246164856,
0,209903,1448259950654,1448259950654,0,1448263073023,1448263074023,1448263289356,1448263338023,1448309950652,1448263067106,16666666,1448263619648,1448266171689,1448266214856,1448267193148,1448281072398,10657167,136208,1448281072398,1448279297731,0,1448267193148,
0,209911,1448276617320,1448276617320,0,1448277533981,1448277534773,1448277702273,1448277744273,1448326617318,1448277528023,16666666,1448278068939,1448279324814,1448279358564,1448279647189,1448297703273,14744250,168041,1448297703273,1448295869981,0,1448279647189,
0,209919,1448293283986,1448293283986,0,1448294091023,1448294091814,1448294260981,1448294303689,1448343283984,1448294085939,16666666,1448294453356,1448295913148,1448295959064,1448296521648,1448313382648,14673750,123916,1448313382648,1448312482106,0,1448296521648,
0,209927,1448309950652,1448309950652,0,1448311800523,1448311801273,1448311959981,1448312246398,1448359950650,1448311794981,16666666,1448312259898,1448312505898,1448312580314,1448312867023,1448330366314,15252750,74584,1448330366314,1448328679898,0,1448312867023,
0,209935,1448326617318,1448326617318,0,1448327314064,1448327315106,1448327490439,1448327534273,1448376617316,1448327308064,16666666,1448327774273,1448328712023,1448328750523,1448329037731,1448346941523,15625958,292125,1448346941523,1448346103814,0,1448329037731,
0,209943,1448343283984,1448343283984,0,1448344489148,1448344490023,1448344664106,1448344707314,1448393283982,1448344483981,16666666,1448344962439,1448346131314,1448346169273,1448346459356,1448368392314,19464541,75959,1448368392314,1448366460856,0,1448346459356,
0,209951,1448359950650,1448359950650,0,1448360752148,1448360752898,1448360967481,1448361009898,1448376617316,1448360746939,16666666,1448361235981,1448366533898,1448366577148,1448367038106,1446379666313,11556625,477583,1446379666313,1448380091439,0,1448367038106,
---PROFILEDATA---


View hierarchy:

  dev.polski.grammarmatrix/dev.polski.grammarmatrix.GlassBenchmarkActivity/android.view.ViewRootImpl@af271ea
  7 views, 12.08 kB of render nodes


Total ViewRootImpl   : 1
Total attached Views : 7
Total RenderNode     : 12.08 kB (used) / 36.09 kB (capacity)