Applications Graphics Acceleration Info:
Uptime: 138620 Realtime: 138620

** Graphics info for pid 2158 [dev.polski.grammarmatrix.benchmark] **

Stats since: 136018786355ns
Total frames rendered: 135
Janky frames: 7 (5.19%)
Janky frames (legacy): 120 (88.89%)
50th percentile: 20ms
90th percentile: 30ms
95th percentile: 85ms
99th percentile: 133ms
Number Missed Vsync: 3
Number High input latency: 255
Number Slow UI thread: 7
Number Slow bitmap uploads: 0
Number Slow issue draw commands: 7
Number Frame deadline missed: 7
Number Frame deadline missed (legacy): 8
HISTOGRAM: 5ms=0 6ms=0 7ms=0 8ms=0 9ms=0 10ms=0 11ms=0 12ms=0 13ms=0 14ms=0 15ms=0 16ms=0 17ms=1 18ms=11 19ms=35 20ms=25 21ms=15 22ms=5 23ms=9 24ms=3 25ms=5 26ms=3 27ms=6 28ms=3 29ms=0 30ms=1 31ms=0 32ms=1 34ms=1 36ms=0 38ms=1 40ms=0 42ms=0 44ms=0 46ms=0 48ms=0 53ms=1 57ms=0 61ms=0 65ms=0 69ms=0 73ms=0 77ms=1 81ms=1 85ms=1 89ms=1 93ms=0 97ms=0 101ms=0 105ms=2 109ms=0 113ms=0 117ms=0 121ms=1 125ms=0 129ms=0 133ms=1 150ms=1 200ms=0 250ms=0 300ms=0 350ms=0 400ms=0 450ms=0 500ms=0 550ms=0 600ms=0 650ms=0 700ms=0 750ms=0 800ms=0 850ms=0 900ms=0 950ms=0 1000ms=0 1050ms=0 1100ms=0 1150ms=0 1200ms=0 1250ms=0 1300ms=0 1350ms=0 1400ms=0 1450ms=0 1500ms=0 1550ms=0 1600ms=0 1650ms=0 1700ms=0 1750ms=0 1800ms=0 1850ms=0 1900ms=0 1950ms=0 2000ms=0 2050ms=0 2100ms=0 2150ms=0 2200ms=0 2250ms=0 2300ms=0 2350ms=0 2400ms=0 2450ms=0 2500ms=0 2550ms=0 2600ms=0 2650ms=0 2700ms=0 2750ms=0 2800ms=0 2850ms=0 2900ms=0 2950ms=0 3000ms=0 3050ms=0 3100ms=0 3150ms=0 3200ms=0 3250ms=0 3300ms=0 3350ms=0 3400ms=0 3450ms=0 3500ms=0 3550ms=0 3600ms=0 3650ms=0 3700ms=0 3750ms=0 3800ms=0 3850ms=0 3900ms=0 3950ms=0 4000ms=0 4050ms=0 4100ms=0 4150ms=0 4200ms=0 4250ms=0 4300ms=0 4350ms=0 4400ms=0 4450ms=0 4500ms=0 4550ms=0 4600ms=0 4650ms=0 4700ms=0 4750ms=0 4800ms=0 4850ms=0 4900ms=0 4950ms=0
50th gpu percentile: 18ms
90th gpu percentile: 22ms
95th gpu percentile: 4950ms
99th gpu percentile: 4950ms
GPU HISTOGRAM: 1ms=0 2ms=2 3ms=1 4ms=0 5ms=0 6ms=0 7ms=1 8ms=0 9ms=0 10ms=0 11ms=3 12ms=2 13ms=1 14ms=1 15ms=5 16ms=9 17ms=24 18ms=40 19ms=16 20ms=7 21ms=4 22ms=6 23ms=0 24ms=2 25ms=1 4950ms=10

Pipeline=Skia (OpenGL)
Memory policy:
  Max surface area: 2592000
  Max resource usage: 124.42MB (x48)
  Background retention: 50% (altUiHidden = true)
  GPU Context timeout: 10
Contexts: 1 (stopped = 0)
CPU Caches:
  Glyph Cache: 33.70 KB (1 entry)
  Glyph Count: 11 
Total CPU memory usage:
  34510 bytes, 33.70 KB (0.00 bytes is purgeable)
GPU Caches:
  Other:
    Other: 26.56 KB (1 entry)
    Buffer Object: 36.45 KB (3 entries)
    StencilAttachment: 256.00 KB (1 entry)
  Image:
    Texture: 64.00 bytes (1 entry)
  Scratch:
    RenderTarget: 320.00 KB (1 entry)
    Buffer Object: 80.00 KB (2 entries)
    Texture: 2.00 MB (1 entry)
Total GPU memory usage:
  2833488 bytes, 2.70 MB (388.52 KB is purgeable)

GraphicBufferAllocator buffers:
        Handle |        Size |     W (Stride) x H | Layers |   Format |      Usage | Requestor
0xb400007b63ca54e0 |     unknown | 1080 (   0) x 2400 |      1 |        1 | 0x     b00 | VRI[GlassBenchmarkActivity]#0(BLAST Consumer)0
0xb400007b63cbb470 |     unknown | 1080 (   0) x 2400 |      1 |        1 | 0x     b00 | VRI[GlassBenchmarkActivity]#0(BLAST Consumer)0
0xb400007b63cbe4d0 |     unknown | 1080 (   0) x 2400 |      1 |        1 | 0x     b00 | VRI[GlassBenchmarkActivity]#0(BLAST Consumer)0
Total allocated by GraphicBufferAllocator (estimate): 0.00 KB
GoldfishAllocator::dumpDebugInfo is not implemented
Profile data in ms:

	dev.polski.grammarmatrix.benchmark/dev.polski.grammarmatrix.GlassBenchmarkActivity/android.view.ViewRootImpl@48d03b8 (visibility=0)
Window: dev.polski.grammarmatrix.benchmark/dev.polski.grammarmatrix.GlassBenchmarkActivity
Stats since: 136018785521ns
Total frames rendered: 135
Janky frames: 7 (5.19%)
Janky frames (legacy): 120 (88.89%)
50th percentile: 20ms
90th percentile: 30ms
95th percentile: 85ms
99th percentile: 133ms
Number Missed Vsync: 3
Number High input latency: 255
Number Slow UI thread: 7
Number Slow bitmap uploads: 0
Number Slow issue draw commands: 7
Number Frame deadline missed: 7
Number Frame deadline missed (legacy): 8
HISTOGRAM: 5ms=0 6ms=0 7ms=0 8ms=0 9ms=0 10ms=0 11ms=0 12ms=0 13ms=0 14ms=0 15ms=0 16ms=0 17ms=1 18ms=11 19ms=35 20ms=25 21ms=15 22ms=5 23ms=9 24ms=3 25ms=5 26ms=3 27ms=6 28ms=3 29ms=0 30ms=1 31ms=0 32ms=1 34ms=1 36ms=0 38ms=1 40ms=0 42ms=0 44ms=0 46ms=0 48ms=0 53ms=1 57ms=0 61ms=0 65ms=0 69ms=0 73ms=0 77ms=1 81ms=1 85ms=1 89ms=1 93ms=0 97ms=0 101ms=0 105ms=2 109ms=0 113ms=0 117ms=0 121ms=1 125ms=0 129ms=0 133ms=1 150ms=1 200ms=0 250ms=0 300ms=0 350ms=0 400ms=0 450ms=0 500ms=0 550ms=0 600ms=0 650ms=0 700ms=0 750ms=0 800ms=0 850ms=0 900ms=0 950ms=0 1000ms=0 1050ms=0 1100ms=0 1150ms=0 1200ms=0 1250ms=0 1300ms=0 1350ms=0 1400ms=0 1450ms=0 1500ms=0 1550ms=0 1600ms=0 1650ms=0 1700ms=0 1750ms=0 1800ms=0 1850ms=0 1900ms=0 1950ms=0 2000ms=0 2050ms=0 2100ms=0 2150ms=0 2200ms=0 2250ms=0 2300ms=0 2350ms=0 2400ms=0 2450ms=0 2500ms=0 2550ms=0 2600ms=0 2650ms=0 2700ms=0 2750ms=0 2800ms=0 2850ms=0 2900ms=0 2950ms=0 3000ms=0 3050ms=0 3100ms=0 3150ms=0 3200ms=0 3250ms=0 3300ms=0 3350ms=0 3400ms=0 3450ms=0 3500ms=0 3550ms=0 3600ms=0 3650ms=0 3700ms=0 3750ms=0 3800ms=0 3850ms=0 3900ms=0 3950ms=0 4000ms=0 4050ms=0 4100ms=0 4150ms=0 4200ms=0 4250ms=0 4300ms=0 4350ms=0 4400ms=0 4450ms=0 4500ms=0 4550ms=0 4600ms=0 4650ms=0 4700ms=0 4750ms=0 4800ms=0 4850ms=0 4900ms=0 4950ms=0
50th gpu percentile: 18ms
90th gpu percentile: 22ms
95th gpu percentile: 4950ms
99th gpu percentile: 4950ms
GPU HISTOGRAM: 1ms=0 2ms=2 3ms=1 4ms=0 5ms=0 6ms=0 7ms=1 8ms=0 9ms=0 10ms=0 11ms=3 12ms=2 13ms=1 14ms=1 15ms=5 16ms=9 17ms=24 18ms=40 19ms=16 20ms=7 21ms=4 22ms=6 23ms=0 24ms=2 25ms=1 4950ms=10



---PROFILEDATA---
Flags,FrameTimelineVsyncId,IntendedVsync,Vsync,InputEventId,HandleInputStart,AnimationStart,PerformTraversalsStart,DrawStart,FrameDeadline,FrameInterval,FrameStartTime,SyncQueued,SyncStart,IssueDrawCommandsStart,SwapBuffers,FrameCompleted,DequeueBufferDuration,QueueBufferDuration,GpuCompleted,SwapBuffersCompleted,DisplayPresentTime,CommandSubmissionCompleted,
0,29015,136580732174,136597398840,0,136606498355,136606498480,136606583022,136606599688,136630732172,136606496938,16666666,136607498897,136615862063,136615916272,136619969522,136670944188,12544291,201083,136670944188,136644863355,0,136619969522,
0,29022,136597398840,136630732172,0,136640139063,136640139188,136640401355,136640422397,136697398836,136640137772,16666666,136640665313,136645336855,136645666730,136649972063,136688074897,12882583,4769875,136686455272,136688074897,0,136649972063,
0,29031,136664065504,136664065504,0,136673339772,136673340480,136679148522,136681129397,136714065502,136673336480,16666666,136681472522,136688127188,136688192563,136691387855,136704505188,1833,144875,136704505188,136693858605,0,136691387855,
0,29039,136680732170,136680732170,0,136690022522,136690022980,136690639063,136690662605,136730732168,136690019730,16666666,136691151897,136693893813,136693937230,136695612438,136710584438,1771125,7185208,136710584438,136707656605,0,136695612438,
0,29047,136697398836,136697398836,0,136706454313,136706454980,136706599897,136706622813,136747398834,136706451105,16666666,136707253772,136707700938,136707866355,136709618105,136719685313,6394583,188042,136719685313,136717035563,0,136709618105,
0,29055,136714065502,136714065502,0,136715027272,136715027938,136715241938,136715266480,136764065500,136715024063,16666666,136715525563,136717073022,136717112230,136717618605,136737117813,14618875,1429584,136737117813,136734364730,0,136717618605,
0,29063,136730732168,136730732168,0,136731834605,136731835647,136732373438,136732407772,136780732166,136731830605,16666666,136732823188,136734391105,136734432022,136735387022,136759396147,19630792,179250,136759396147,136757266313,0,136735387022,
0,29071,136747398834,136747398834,0,136751566938,136751567938,136751851355,136751883355,136797398832,136751563938,16666666,136754552897,136757299063,136757344480,136758143105,136773973647,10184958,137750,136773973647,136769645188,0,136758143105,
0,29079,136764065500,136764065500,0,136768909397,136768910063,136769994772,136770023647,136814065498,136768906105,16666666,136770753147,136771478438,136771518897,136772633438,136793097230,11061208,171459,136793097230,136785140188,0,136772633438,
0,29087,136780732166,136780732166,0,136782089605,136782090188,136782310105,136782337813,136830732164,136782086438,16666666,136782721397,136785205355,136786412980,136789699230,136804603105,8934875,177000,136804603105,136802091147,0,136789699230,
0,29095,136797398832,136797398832,0,136801851855,136801852563,136802002438,136802025897,136847398830,136801848980,16666666,136802295605,136802389355,136802426813,136802895480,136821726730,12388000,133708,136821726730,136817359563,0,136802895480,
0,29103,136814065498,136814065498,0,136814939897,136814940438,136815089688,136815114355,136864065496,136814936980,16666666,136815714938,136817392022,136817434730,136819402438,136838849355,14771291,889000,136838849355,136836578605,0,136819402438,
0,29111,136830732164,136830732164,0,136832585772,136832586522,136832752688,136832777605,136880732162,136832582480,16666666,136833021022,136836608480,136836632147,136837042855,136853668522,11702417,157334,136853668522,136850610230,0,136837042855,
0,29119,136847398830,136847398830,0,136849672480,136849672980,136849829855,136849868605,136897398828,136849669522,16666666,136850082147,136850631230,136850669772,136852728272,136874087188,17416416,123916,136874087188,136871508605,0,136852728272,
0,29127,136864065496,136864065496,0,136867755355,136867756147,136867917438,136867942980,136914065494,136867751855,16666666,136869389105,136871541980,136871590647,136872794105,136892856438,12870000,135334,136892856438,136889354063,0,136872794105,
0,29135,136880732162,136880732162,0,136883225563,136883226230,136883477063,136883507147,136930732160,136883222438,16666666,136886670647,136889393355,136889419022,136891558980,136907895438,9261666,122542,136907895438,136902180397,0,136891558980,
0,29143,136897398828,136897398828,0,136903052397,136903052897,136903290897,136903315480,136947398826,136903049397,16666666,136905497022,136905667438,136905995772,136906579313,136923793688,11129750,153041,136923793688,136919116022,0,136906579313,
0,29151,136914065494,136914065494,0,136915407938,136915408730,136915590647,136915628272,136964065492,136915404188,16666666,136917806147,136919164480,136919461188,136922108813,136939355897,10168917,582875,136939355897,136934026147,0,136922108813,
0,29159,136930732160,136930732160,0,136933587897,136933588855,136934092063,136934117397,136980732158,136933584563,16666666,136934399063,136935529397,136935590855,136937194022,136957256980,12032958,137625,136957256980,136953717772,0,136937194022,
0,29167,136947398826,136947398826,0,136949890938,136949891647,136950202605,136950228688,136997398824,136949863730,16666666,136951437938,136953763855,136953811188,136955764397,136973169313,12885083,326208,136973169313,136970206105,0,136955764397,
0,29175,136964065492,136964065492,0,136967831438,136967832355,136968141522,136968174605,137014065490,136967827480,16666666,136968544147,136970262688,136970308272,136971269605,136986840855,10316834,288250,136986840855,136983546855,0,136971269605,
0,29183,136980732158,136980732158,0,136982208188,136982208855,136982407647,136982433605,137030732156,136982205313,16666666,136983134730,136983596188,136983635397,136985368063,137009054355,19133583,145834,137009054355,137006039438,0,136985368063,
0,29191,136997398824,136997398824,0,137000736480,137000737188,137002853897,137002993688,137047398822,137000733480,16666666,137003262230,137006246230,137006291480,137006814355,137026144813,10293000,424792,137026144813,137019483605,0,137006814355,
0,29199,137014065490,137014065490,0,137016532897,137016533772,137016780063,137016810813,137064065488,137016528855,16666666,137017222397,137019523938,137020728355,137022096480,137039643188,10610958,382166,137039643188,137036815397,0,137022096480,
0,29207,137030732156,137030732156,0,137033553147,137033553688,137035990605,137036343438,137080732154,137033549938,16666666,137036562772,137036834938,137036924105,137038702855,137054849355,12901917,225625,137054849355,137052612438,0,137038702855,
0,29215,137047398822,137047398822,0,137048412022,137048413063,137048739938,137048771063,137097398820,137048407730,16666666,137049116230,137052656522,137052699230,137053366355,137069715438,13632667,227792,137069715438,137068536022,0,137053366355,
0,29223,137064065488,137064065488,0,137067180188,137067180688,137067326938,137067349355,137114065486,137067176813,16666666,137067587522,137068551272,137068586480,137068988188,137085565647,14187875,118708,137085565647,137083955772,0,137068988188,
0,29231,137080732154,137080732154,0,137081959438,137081959938,137082172147,137082197230,137130732152,137081956563,16666666,137082494855,137083985522,137084134230,137084775272,137110502355,21525917,237500,137110502355,137107182480,0,137084775272,
0,29239,137097398820,137097398820,0,137105409313,137105410313,137105631480,137105664772,137147398818,137105405272,16666666,137106030980,137107229772,137107300147,137108311272,137119868438,7667000,541708,137119868438,137118238188,0,137108311272,
0,29247,137114065486,137114065486,0,137115245022,137115245938,137115524480,137115559063,137164065484,137115241230,16666666,137116380147,137118278480,137118324022,137118721522,137140498189,18906501,268791,137140498189,137138836147,0,137118721522,
0,29255,137130732152,137130732152,0,137134454064,137134454605,137134610022,137134634022,137180732150,137134451022,16666666,137134864189,137138906814,137138969814,137139454147,137156211355,12985208,166958,137156211355,137153534147,0,137139454147,
0,29263,137147398818,137147398818,0,137151452272,137151452814,137151632689,137151657772,137197398816,137151449189,16666666,137151920564,137153560314,137153604105,137154838939,137170116897,12447208,326583,137170116897,137168712605,0,137154838939,
0,29271,137164065484,137164065484,0,137166177022,137166177730,137166405272,137166440314,137214065482,137166173689,16666666,137166801605,137168792564,137168851272,137169334605,137185261980,13446459,278291,137185261980,137183618939,0,137169334605,
0,29279,137180732150,137180732150,0,137181863314,137181863855,137182055105,137182083980,137230732148,137181860314,16666666,137182403439,137183648605,137183687605,137184354022,137201419605,14507833,196375,137201419605,137199829064,0,137184354022,
0,29287,137197398816,137197398816,0,137198370730,137198371439,137198512814,137198536855,137247398814,137198367772,16666666,137198769480,137199854522,137199893897,137200451689,137222223730,16085542,267667,137222223730,137217559564,0,137200451689,
0,29295,137214065482,137214065482,0,137218329064,137218329564,137218498314,137218521939,137264065480,137218326147,16666666,137218710689,137218861439,137219213605,137220326105,137237244814,12444875,1246958,137237244814,137234723855,0,137220326105,
0,29303,137230732148,137230732148,0,137232069980,137232070647,137232220689,137232246897,137280732146,137232066230,16666666,137232545355,137234756230,137235130439,137235792064,137251491980,12778792,251208,137251491980,137250082189,0,137235792064,
0,29311,137247398814,137247398814,0,137248401147,137248402147,137248646647,137248670814,137297398812,137248397105,16666666,137248935064,137250108730,137250145814,137250592314,137271936605,17750209,192458,137271936605,137269318564,0,137250592314,
0,29319,137264065480,137264065480,0,137265738439,137265739064,137265982522,137266006772,137314065478,137265735480,16666666,137266278772,137269361355,137269424230,137270640689,137289244272,14207041,190166,137289244272,137286219939,0,137270640689,
0,29327,137280732146,137280732146,0,137283440689,137283441564,137283647647,137283716147,137330732144,137283437064,16666666,137284850189,137286258064,137286312397,137286832105,137302498647,11773791,1690708,137302498647,137301103230,0,137286832105,
0,29335,137297398812,137297398812,0,137298696480,137298697230,137298898230,137298930564,137347398810,137298692730,16666666,137299350522,137301141397,137301207897,137301728355,137318678189,14747167,207125,137318678189,137317319564,0,137301728355,
0,29343,137314065478,137314065478,0,137314450355,137314451064,137314589730,137314613564,137364065476,137314447189,16666666,137314867730,137317362980,137317412730,137317843772,137338860855,18593792,96166,137338860855,137337334147,0,137317843772,
0,29351,137330732144,137330732144,0,137335198397,137335199230,137335349564,137335375730,137380732142,137335195272,16666666,137336313272,137337355897,137337395272,137337959189,137357165147,13362167,205250,137357165147,137352297564,0,137337959189,
0,29359,137347398810,137347398810,0,137349195605,137349196564,137350363814,137350390105,137397398808,137349192522,16666666,137353307147,137353502855,137353576814,137355857730,137368275564,9440875,128542,137368275564,137366743605,0,137355857730,
0,29367,137364065476,137364065476,0,137365374272,137365375022,137365528439,137365553522,137414065474,137365371105,16666666,137366935772,137367031814,137367114647,137367661980,137384738439,14905625,89458,137384738439,137383346647,0,137367661980,
0,29375,137380732142,137380732142,0,137381695105,137381695939,137381895230,137381916939,137430732140,137381691480,16666666,137382120689,137383384855,137383433980,137383866689,137407540189,21572083,181458,137407540189,137406367272,0,137383866689,
0,29383,137397398808,137397398808,0,137404850314,137404851355,137405025855,137405048730,137447398806,137404846814,16666666,137405230522,137406395314,137406447314,137406884439,137421403022,12181208,108666,137421403022,137419777605,0,137406884439,
0,29391,137414065474,137414065474,0,137417682064,137417682897,137417832689,137417855439,137464065472,137417679064,16666666,137418104480,137419809730,137419848897,137420641064,137437132105,13945958,253625,137437132105,137435417230,0,137420641064,
0,29399,137430732140,137430732140,0,137433739647,137433740480,137433910772,137433934980,137480732138,137433736189,16666666,137434237105,137435440939,137435477689,137436212480,137453090397,14287209,218042,137453090397,137451562355,0,137436212480,
0,29407,137447398806,137447398806,0,137449024647,137449025147,137449247272,137449357355,137497398804,137449021730,16666666,137451038147,137451603730,137451660439,137452220772,137469555689,14588333,128542,137469555689,137467758397,0,137452220772,
0,29415,137464065472,137464065472,0,137466009772,137466010647,137466325939,137466356647,137514065470,137466005939,16666666,137466792980,137467794314,137467850897,137468829939,137483905605,12978625,68542,137483905605,137482584980,0,137468829939,
0,29423,137480732138,137480732138,0,137481845230,137481845980,137482270897,137482294397,137530732136,137481842022,16666666,137482590064,137482605522,137482675022,137483097564,137500930689,15654167,279875,137500930689,137499622397,0,137483097564,
0,29431,137497398804,137497398804,0,137498263772,137498264480,137498685605,137498708730,137547398802,137498261022,16666666,137498952980,137499639605,137499677605,137500271564,137518114064,15665417,98708,137518114064,137516807730,0,137500271564,
0,29439,137514065470,137514065470,0,137515392147,137515393189,137515749730,137515776980,137564065468,137515343522,16666666,137516314939,137516830480,137516867230,137517284022,137535498230,15796333,119375,137535498230,137534018397,0,137517284022,
0,29447,137530732136,137530732136,0,137532465022,137532465814,137532627147,137532663355,137580732134,137532461564,16666666,137532931605,137534043147,137534088064,137534704605,137553189897,15744708,146375,137553189897,137551300397,0,137534704605,
0,29455,137547398802,137547398802,0,137549257480,137549258189,137549428939,137549454189,137597398800,137549254064,16666666,137550174564,137551324605,137551360814,137551763314,137568533939,13823458,271333,137568533939,137567220814,0,137551763314,
0,29463,137564065468,137564065468,0,137565534397,137565535272,137566663105,137566692272,137614065466,137565531564,16666666,137566927439,137567238605,137567279730,137567839564,137584253064,14484000,96792,137584253064,137583068189,0,137567839564,
0,29471,137580732134,137580732134,0,137581574272,137581575147,137581875189,137581910730,137630732132,137581570564,16666666,137582191064,137583096064,137583132730,137583551730,137601880147,15982208,111666,137601880147,137600461980,0,137583551730,
0,29479,137597398800,137597398800,0,137598262730,137598263230,137598663772,137598688480,137647398798,137598259397,16666666,137599072355,137600491355,137600558730,137601015314,137618465397,14943250,125125,137618465397,137616877397,0,137601015314,
0,29487,137614065466,137614065466,0,137615070272,137615071272,137615239397,137615264355,137664065464,137615066689,16666666,137615585980,137616914230,137617057522,137617579980,137634185355,14418459,125834,137634185355,137632935439,0,137617579980,
0,29495,137630732132,137630732132,0,137631307730,137631308355,137631551605,137631590980,137680732130,137631304314,16666666,137631865189,137632957772,137633046564,137633482522,137651085147,15632750,113084,137651085147,137649872605,0,137633482522,
0,29503,137647398798,137647398798,0,137648974230,137648975022,137649137397,137649201022,137697398796,137648971355,16666666,137649587689,137649894439,137650014355,137650428439,137669156480,16346833,112125,137669156480,137667494105,0,137650428439,
0,29511,137664065464,137664065464,0,137666017355,137666017897,137666177230,137666203772,137714065462,137666014272,16666666,137666483355,137667519522,137667578897,137668420939,137684714064,14328166,119959,137684714064,137683537605,0,137668420939,
0,29519,137680732130,137680732130,0,137682440564,137682441480,137682831980,137682855647,137730732128,137682437022,16666666,137683130855,137683557230,137683592105,137684233522,137701961272,15473166,108750,137701961272,137700537480,0,137684233522,
0,29527,137697398796,137697398796,0,137698641230,137698641980,137698803397,137698829814,137747398794,137698638022,16666666,137699127814,137700573730,137700617605,137701158564,137718522689,15300584,109292,137718522689,137717319814,0,137701158564,
0,29535,137714065462,137714065462,0,137714796105,137714797022,137715182147,137715212522,137764065460,137714792564,16666666,137715476230,137717351980,137717388855,137717765980,137735476689,15319625,88125,137735476689,137733964605,0,137717765980,
0,29543,137730732128,137730732128,0,137731598064,137731598730,137731744522,137731767189,137780732126,137731594397,16666666,137732162189,137734008439,137734069480,137734608855,137751677272,14814541,88000,137751677272,137750369939,0,137734608855,
0,29551,137747398794,137747398794,0,137748367980,137748368772,137748861022,137748899105,137797398792,137748364647,16666666,137749164522,137750412814,137750480730,137751063647,137767634230,14772041,66209,137767634230,137766508189,0,137751063647,
0,29559,137764065460,137764065460,0,137765034689,137765035314,137765178355,137765200772,137814065458,137765032105,16666666,137765384355,137766529189,137766580272,137767166314,137784784855,15169375,74000,137784784855,137782849647,0,137767166314,
0,29567,137780732126,137780732126,0,137781379689,137781380272,137781780564,137781813147,137830732124,137781376647,16666666,137782129147,137782876814,137782960855,137783389480,137801612730,15067584,274833,137801612730,137800113814,0,137783389480,
0,29575,137797398792,137797398792,0,137798549397,137798550105,137798930980,137798959564,137847398790,137798545980,16666666,137799407147,137800136772,137800176439,137800835897,137818762564,15888000,143750,137818762564,137817554189,0,137800835897,
0,29583,137814065458,137814065458,0,137815149814,137815150355,137815302439,137815326064,137864065456,137815146730,16666666,137815559355,137817572022,137817605980,137817985439,137834974772,15006209,75959,137834974772,137833816606,0,137817985439,
0,29591,137830732124,137830732124,0,137831752147,137831753022,137832583689,137832618939,137880732122,137831748189,16666666,137832939814,137833832772,137833872731,137834250897,137851282147,15338167,66708,137851282147,137850364106,0,137834250897,
0,29599,137847398790,137847398790,0,137848515356,137848515772,137848657397,137848683481,137897398788,137848512522,16666666,137848967564,137850383731,137850444106,137850812522,137868216231,15322042,68708,137868216231,137866670606,0,137850812522,
0,29607,137864065456,137864065456,0,137864997356,137864997856,137865189814,137865216647,137914065454,137864993856,16666666,137865713106,137866704439,137866756856,137867228856,137885119064,15309583,293875,137885119064,137883715147,0,137867228856,
0,29615,137880732122,137880732122,0,137881905981,137881906522,137882113856,137882141022,137930732120,137881902772,16666666,137882408981,137883758522,137883833356,137884422856,137900841231,14295000,198458,137900841231,137899516689,0,137884422856,
0,29623,137897398788,137897398788,0,137898209856,137898210481,137898403564,137898441272,137947398786,137898207022,16666666,137898755564,137899534689,137899575772,137900087606,137918145022,15797917,201750,137918145022,137916717772,0,137900087606,
0,29631,137914065454,137914065454,0,137915033231,137915033939,137915250939,137915279022,137964065452,137915029481,16666666,137915721189,137916760356,137916821939,137917384147,137937883189,17813042,178500,137937883189,137936148106,0,137917384147,
0,29639,137930732120,137930732120,0,137932504439,137932505189,137932793939,137932832897,137980732118,137932500022,16666666,137933276147,137936195272,137936304897,137936887772,137951300064,12106542,206500,137951300064,137950048647,0,137936887772,
0,29647,137947398786,137947398786,0,137948595897,137948596647,137948831022,137948859647,137997398784,137948592356,16666666,137949357064,137950076147,137950112856,137950577439,137968603772,15969708,131750,137968603772,137967322522,0,137950577439,
0,29655,137964065452,137964065452,0,137965532397,137965533272,137966080897,137966109856,138014065450,137965528647,16666666,137966406647,137967343731,137967485272,137967907981,137984330106,14330917,91875,137984330106,137982987856,0,137967907981,
0,29663,137980732118,137980732118,0,137981585064,137981585814,137981783397,137981812439,138030732116,137981581314,16666666,137982198522,137983048397,137983094981,137983536522,138009130606,23238292,199250,138009130606,138007618939,0,137983536522,
0,29671,137997398784,137997398784,0,138006310731,138006311439,138006615564,138006640856,138047398782,138006307439,16666666,138006901439,138007635439,138007675522,138008386856,138018502481,7894542,210959,138018502481,138017079814,0,138008386856,
0,29679,138014065450,138014065450,0,138015130522,138015131064,138015309439,138015839939,138064065448,138015127481,16666666,138016423689,138017102731,138017140314,138017553689,138034259481,14532167,112666,138034259481,138033158856,0,138017553689,
0,29687,138030732116,138030732116,0,138031435522,138031436356,138031713897,138031744522,138080732114,138031431939,16666666,138032672689,138033192814,138033244439,138033793064,138051300481,15859375,82625,138051300481,138050230397,0,138033793064,
0,29695,138047398782,138047398782,0,138048868272,138048868981,138049012564,138049036772,138097398780,138048864856,16666666,138049286647,138050269564,138050325606,138050776231,138068502897,15644500,95750,138068502897,138067002022,0,138050776231,
0,29703,138064065448,138064065448,0,138065464147,138065464731,138065654647,138065682106,138114065446,138065461064,16666666,138065960106,138067023814,138067068106,138067552897,138086574481,16112417,129333,138086574481,138084785981,0,138067552897,
0,29711,138080732114,138080732114,0,138082162731,138082163356,138082478522,138082507939,138130732112,138082159606,16666666,138082834147,138084843189,138084914189,138085530606,138101575814,13577459,188041,138101575814,138100221272,0,138085530606,
0,29719,138097398780,138097398780,0,138098354647,138098355189,138098495189,138098516981,138147398778,138098351856,16666666,138098778231,138100301397,138100357106,138100837606,138118290189,15535208,159083,138118290189,138117168939,0,138100837606,
0,29727,138114065446,138114065446,0,138115117564,138115118272,138115633439,138115670356,138164065444,138115114272,16666666,138115984106,138117198731,138117246856,138117675772,138135067731,15448458,90542,138135067731,138133783397,0,138117675772,
0,29735,138130732112,138130732112,0,138132591522,138132592147,138133001356,138133025522,138180732110,138132587606,16666666,138133214772,138133799772,138133834814,138134213064,138152669647,16002875,75500,138152669647,138151171231,0,138134213064,
0,29743,138147398778,138147398778,0,138149374647,138149375356,138150328939,138150363272,138197398776,138149370606,16666666,138150665022,138151194647,138151233564,138151676814,138167942522,13931458,119000,138167942522,138166693897,0,138151676814,
0,29751,138164065444,138164065444,0,138165153939,138165154647,138165373439,138165404689,138214065442,138165150731,16666666,138165675064,138166715189,138166840147,138167306647,138184408439,14859542,96375,138184408439,138182850272,0,138167306647,
0,29759,138180732110,138180732110,0,138181593147,138181593772,138181991981,138182059106,138230732108,138181590231,16666666,138182405522,138182873231,138182972522,138183458606,138201381647,15274500,265917,138201381647,138199739189,0,138183458606,
0,29767,138197398776,138197398776,0,138198295147,138198295647,138198454939,138198478772,138247398774,138198292147,16666666,138198817022,138199762397,138199900772,138200637606,138217818147,15121416,116000,138217818147,138216662022,0,138200637606,
0,29775,138214065442,138214065442,0,138214742772,138214743522,138214887397,138214910231,138264065440,138214739522,16666666,138215416189,138216692981,138216731897,138217178522,138235618856,16406875,113500,138235618856,138234291147,0,138217178522,
0,29783,138230732108,138230732108,0,138232724814,138232725481,138233057981,138233084897,138280732106,138232721647,16666666,138233367606,138234310272,138234350106,138234759772,138253326356,16033500,117958,138253326356,138251769856,0,138234759772,
0,29791,138247398774,138247398774,0,138248665397,138248666314,138248867064,138250605647,138297398772,138248661981,16666666,138250961397,138251800564,138251838981,138252663481,138267581606,13018917,94750,138267581606,138266394814,0,138252663481,
0,29799,138264065440,138264065440,0,138264858106,138264859022,138265020439,138265043689,138314065438,138264854689,16666666,138265425772,138266413606,138266473189,138266915772,138284505772,15443417,105291,138284505772,138283076731,0,138266915772,
0,29807,138280732106,138280732106,0,138281399939,138281400481,138281560856,138281585439,138330732104,138281396814,16666666,138281882856,138283114689,138283155272,138283603231,138301245564,15180000,139125,138301245564,138299740522,0,138283603231,
0,29815,138297398772,138297398772,0,138298508481,138298509106,138298646856,138298670606,138347398770,138298505314,16666666,138298880731,138299761314,138299801564,138300595939,138317812356,15229917,111042,138317812356,138316532231,0,138300595939,
0,29823,138314065438,138314065438,0,138314955314,138314956106,138315136356,138315159189,138364065436,138314952022,16666666,138315335564,138316556647,138316650147,138317083939,138335587814,15842042,252167,138335587814,138333741314,0,138317083939,
0,29831,138330732104,138330732104,0,138331651856,138331652689,138331923356,138331949439,138380732102,138331648397,16666666,138332504397,138333775814,138333820397,138334351522,138352258731,15309458,160750,138352258731,138350961314,0,138334351522,
0,29839,138347398770,138347398770,0,138349229606,138349230647,138350580522,138350616981,138397398768,138349225606,16666666,138350891189,138350982272,138351016106,138351434814,138367965939,14294583,298250,138367965939,138366607814,0,138351434814,
0,29847,138364065436,138364065436,0,138364787481,138364788356,138365106064,138365140939,138414065434,138364783939,16666666,138365451231,138366633606,138366674397,138367078397,138384426397,14911000,306917,138384426397,138383000522,0,138367078397,
0,29855,138380732102,138380732102,0,138381249356,138381250272,138381471939,138381496231,138430732100,138381245397,16666666,138381795397,138383025897,138383061606,138383600272,138401628022,15474625,201166,138401628022,138399997731,0,138383600272,
0,29863,138397398768,138397398768,0,138398248147,138398248856,138398406481,138398433439,138447398766,138398245272,16666666,138398720731,138400371731,138400418356,138400887606,138418545397,15011583,179500,138418545397,138416735981,0,138400887606,
0,29871,138414065434,138414065434,0,138415953064,138415954356,138416518439,138416551106,138464065432,138415710397,16666666,138416865814,138416999689,138417094439,138417932481,138434986439,15004459,162583,138434986439,138433668314,0,138417932481,
0,29879,138430732100,138430732100,0,138431902939,138431903981,138432198647,138432229397,138480732098,138431899064,16666666,138432569731,138433698231,138433755022,138434168147,138452217731,15950167,124000,138452217731,138451030189,0,138434168147,
0,29887,138447398766,138447398766,0,138449309564,138449310439,138449450772,138449475564,138497398764,138449305981,16666666,138449783022,138451058564,138451096481,138451526939,138468552689,14387209,82583,138468552689,138466651689,0,138451526939,
0,29895,138464065432,138464065432,0,138465069314,138465070231,138465291147,138465321981,138514065430,138465065397,16666666,138465696856,138466674356,138466734397,138467346314,138483623772,15016083,202958,138468563606,138483623772,0,138467346314,
0,29903,138480732098,138480732098,0,138482293814,138482294397,138482559647,138482591439,138530732096,138482291022,16666666,138483135022,138483643814,138483680814,138484189439,138501639647,14938084,112750,138501639647,138500086981,0,138484189439,
0,29911,138497398764,138497398764,0,138498190147,138498191022,138498425189,138498487647,138547398762,138498186522,16666666,138498730731,138500113522,138500232231,138500876147,138518372439,15448458,128708,138518372439,138517153856,0,138500876147,
0,29919,138514065430,138514065430,0,138515476647,138515477481,138515628772,138515651106,138564065428,138515473106,16666666,138515894147,138517192564,138517240106,138517714814,138534567023,14969084,75417,138534567023,138533390773,0,138517714814,
0,29927,138530732096,138530732096,0,138531727856,138531728731,138531965314,138531998148,138580732094,138531723939,16666666,138532609148,138533410273,138533449314,138533905064,138551069731,15218666,111542,138551069731,138549964481,0,138533905064,
0,29935,138547398762,138547398762,0,138548518856,138548519689,138548651564,138548677106,138597398760,138548515731,16666666,138548972273,138549987273,138550024231,138550449689,138567714898,15398000,89916,138567714898,138566523523,0,138550449689,
0,29943,138564065428,138564065428,0,138564789356,138564790231,138565165189,138565196398,138614065426,138564785939,16666666,138565520523,138566553064,138566596148,138567000814,138583973064,15000291,113542,138583973064,138582769231,0,138567000814,
0,29951,138580732094,138580732094,0,138581415439,138581416106,138581568898,138581594356,138630732092,138581412273,16666666,138581896314,138582790856,138582828106,138583256481,138609484023,23590458,77833,138609484023,138607657106,0,138583256481,
0,29959,138597398760,138597398760,0,138605528481,138605529064,138606622314,138606647231,138647398758,138605525481,16666666,138606887898,138607676481,138607719564,138608588481,138620365731,8927375,181959,138620365731,138618554231,0,138608588481,
0,29967,138614065426,138614065426,0,138615399606,138615400231,138615545564,138615575314,138630732092,138615396481,16666666,138615873814,138618591648,138618621689,138619103231,136615820938,12959792,220125,136613385230,138633403981,0,138619103231,
---PROFILEDATA---


View hierarchy:

  dev.polski.grammarmatrix.benchmark/dev.polski.grammarmatrix.GlassBenchmarkActivity/android.view.ViewRootImpl@48d03b8
  7 views, 12.08 kB of render nodes


Total ViewRootImpl   : 1
Total attached Views : 7
Total RenderNode     : 12.08 kB (used) / 36.09 kB (capacity)