Applications Graphics Acceleration Info:
Uptime: 157420 Realtime: 157420

** Graphics info for pid 2158 [dev.polski.grammarmatrix.benchmark] **

Stats since: 154837535072ns
Total frames rendered: 154
Janky frames: 2 (1.30%)
Janky frames (legacy): 31 (20.13%)
50th percentile: 17ms
90th percentile: 23ms
95th percentile: 34ms
99th percentile: 42ms
Number Missed Vsync: 0
Number High input latency: 304
Number Slow UI thread: 1
Number Slow bitmap uploads: 0
Number Slow issue draw commands: 2
Number Frame deadline missed: 2
Number Frame deadline missed (legacy): 2
HISTOGRAM: 5ms=11 6ms=1 7ms=0 8ms=1 9ms=0 10ms=0 11ms=0 12ms=1 13ms=0 14ms=0 15ms=2 16ms=11 17ms=64 18ms=23 19ms=15 20ms=4 21ms=2 22ms=1 23ms=4 24ms=0 25ms=2 26ms=0 27ms=2 28ms=2 29ms=0 30ms=0 31ms=0 32ms=0 34ms=2 36ms=2 38ms=0 40ms=2 42ms=1 44ms=0 46ms=1 48ms=0 53ms=0 57ms=0 61ms=0 65ms=0 69ms=0 73ms=0 77ms=0 81ms=0 85ms=0 89ms=0 93ms=0 97ms=0 101ms=0 105ms=0 109ms=0 113ms=0 117ms=0 121ms=0 125ms=0 129ms=0 133ms=0 150ms=0 200ms=0 250ms=0 300ms=0 350ms=0 400ms=0 450ms=0 500ms=0 550ms=0 600ms=0 650ms=0 700ms=0 750ms=0 800ms=0 850ms=0 900ms=0 950ms=0 1000ms=0 1050ms=0 1100ms=0 1150ms=0 1200ms=0 1250ms=0 1300ms=0 1350ms=0 1400ms=0 1450ms=0 1500ms=0 1550ms=0 1600ms=0 1650ms=0 1700ms=0 1750ms=0 1800ms=0 1850ms=0 1900ms=0 1950ms=0 2000ms=0 2050ms=0 2100ms=0 2150ms=0 2200ms=0 2250ms=0 2300ms=0 2350ms=0 2400ms=0 2450ms=0 2500ms=0 2550ms=0 2600ms=0 2650ms=0 2700ms=0 2750ms=0 2800ms=0 2850ms=0 2900ms=0 2950ms=0 3000ms=0 3050ms=0 3100ms=0 3150ms=0 3200ms=0 3250ms=0 3300ms=0 3350ms=0 3400ms=0 3450ms=0 3500ms=0 3550ms=0 3600ms=0 3650ms=0 3700ms=0 3750ms=0 3800ms=0 3850ms=0 3900ms=0 3950ms=0 4000ms=0 4050ms=0 4100ms=0 4150ms=0 4200ms=0 4250ms=0 4300ms=0 4350ms=0 4400ms=0 4450ms=0 4500ms=0 4550ms=0 4600ms=0 4650ms=0 4700ms=0 4750ms=0 4800ms=0 4850ms=0 4900ms=0 4950ms=0
50th gpu percentile: 15ms
90th gpu percentile: 18ms
95th gpu percentile: 22ms
99th gpu percentile: 4950ms
GPU HISTOGRAM: 1ms=0 2ms=11 3ms=1 4ms=3 5ms=0 6ms=0 7ms=0 8ms=2 9ms=0 10ms=0 11ms=4 12ms=4 13ms=6 14ms=30 15ms=19 16ms=41 17ms=10 18ms=8 19ms=5 20ms=2 21ms=0 22ms=2 23ms=1 24ms=1 25ms=0 4950ms=4

Pipeline=Skia (OpenGL)
Memory policy:
  Max surface area: 2592000
  Max resource usage: 124.42MB (x48)
  Background retention: 50% (altUiHidden = true)
  GPU Context timeout: 10
Contexts: 1 (stopped = 0)
CPU Caches:
  Glyph Cache: 33.70 KB (1 entry)
  Glyph Count: 11 
Total CPU memory usage:
  34510 bytes, 33.70 KB (0.00 bytes is purgeable)
GPU Caches:
  Other:
    Other: 26.56 KB (1 entry)
    StencilAttachment: 256.00 KB (1 entry)
    Buffer Object: 36.45 KB (3 entries)
  Image:
    Texture: 64.00 bytes (1 entry)
  Scratch:
    Buffer Object: 80.00 KB (2 entries)
    Texture: 2.00 MB (1 entry)
Total GPU memory usage:
  2505808 bytes, 2.39 MB (324.52 KB is purgeable)

GraphicBufferAllocator buffers:
        Handle |        Size |     W (Stride) x H | Layers |   Format |      Usage | Requestor
0xb400007b63ca54e0 |     unknown | 1080 (   0) x 2400 |      1 |        1 | 0x     b00 | VRI[GlassBenchmarkActivity]#0(BLAST Consumer)0
0xb400007b63cbb470 |     unknown | 1080 (   0) x 2400 |      1 |        1 | 0x     b00 | VRI[GlassBenchmarkActivity]#0(BLAST Consumer)0
0xb400007b63cbe4d0 |     unknown | 1080 (   0) x 2400 |      1 |        1 | 0x     b00 | VRI[GlassBenchmarkActivity]#0(BLAST Consumer)0
Total allocated by GraphicBufferAllocator (estimate): 0.00 KB
GoldfishAllocator::dumpDebugInfo is not implemented
Profile data in ms:

	dev.polski.grammarmatrix.benchmark/dev.polski.grammarmatrix.GlassBenchmarkActivity/android.view.ViewRootImpl@48d03b8 (visibility=0)
Window: dev.polski.grammarmatrix.benchmark/dev.polski.grammarmatrix.GlassBenchmarkActivity
Stats since: 154837533947ns
Total frames rendered: 154
Janky frames: 2 (1.30%)
Janky frames (legacy): 31 (20.13%)
50th percentile: 17ms
90th percentile: 23ms
95th percentile: 34ms
99th percentile: 42ms
Number Missed Vsync: 0
Number High input latency: 304
Number Slow UI thread: 1
Number Slow bitmap uploads: 0
Number Slow issue draw commands: 2
Number Frame deadline missed: 2
Number Frame deadline missed (legacy): 2
HISTOGRAM: 5ms=11 6ms=1 7ms=0 8ms=1 9ms=0 10ms=0 11ms=0 12ms=1 13ms=0 14ms=0 15ms=2 16ms=11 17ms=64 18ms=23 19ms=15 20ms=4 21ms=2 22ms=1 23ms=4 24ms=0 25ms=2 26ms=0 27ms=2 28ms=2 29ms=0 30ms=0 31ms=0 32ms=0 34ms=2 36ms=2 38ms=0 40ms=2 42ms=1 44ms=0 46ms=1 48ms=0 53ms=0 57ms=0 61ms=0 65ms=0 69ms=0 73ms=0 77ms=0 81ms=0 85ms=0 89ms=0 93ms=0 97ms=0 101ms=0 105ms=0 109ms=0 113ms=0 117ms=0 121ms=0 125ms=0 129ms=0 133ms=0 150ms=0 200ms=0 250ms=0 300ms=0 350ms=0 400ms=0 450ms=0 500ms=0 550ms=0 600ms=0 650ms=0 700ms=0 750ms=0 800ms=0 850ms=0 900ms=0 950ms=0 1000ms=0 1050ms=0 1100ms=0 1150ms=0 1200ms=0 1250ms=0 1300ms=0 1350ms=0 1400ms=0 1450ms=0 1500ms=0 1550ms=0 1600ms=0 1650ms=0 1700ms=0 1750ms=0 1800ms=0 1850ms=0 1900ms=0 1950ms=0 2000ms=0 2050ms=0 2100ms=0 2150ms=0 2200ms=0 2250ms=0 2300ms=0 2350ms=0 2400ms=0 2450ms=0 2500ms=0 2550ms=0 2600ms=0 2650ms=0 2700ms=0 2750ms=0 2800ms=0 2850ms=0 2900ms=0 2950ms=0 3000ms=0 3050ms=0 3100ms=0 3150ms=0 3200ms=0 3250ms=0 3300ms=0 3350ms=0 3400ms=0 3450ms=0 3500ms=0 3550ms=0 3600ms=0 3650ms=0 3700ms=0 3750ms=0 3800ms=0 3850ms=0 3900ms=0 3950ms=0 4000ms=0 4050ms=0 4100ms=0 4150ms=0 4200ms=0 4250ms=0 4300ms=0 4350ms=0 4400ms=0 4450ms=0 4500ms=0 4550ms=0 4600ms=0 4650ms=0 4700ms=0 4750ms=0 4800ms=0 4850ms=0 4900ms=0 4950ms=0
50th gpu percentile: 15ms
90th gpu percentile: 18ms
95th gpu percentile: 22ms
99th gpu percentile: 4950ms
GPU HISTOGRAM: 1ms=0 2ms=11 3ms=1 4ms=3 5ms=0 6ms=0 7ms=0 8ms=2 9ms=0 10ms=0 11ms=4 12ms=4 13ms=6 14ms=30 15ms=19 16ms=41 17ms=10 18ms=8 19ms=5 20ms=2 21ms=0 22ms=2 23ms=1 24ms=1 25ms=0 4950ms=4



---PROFILEDATA---
Flags,FrameTimelineVsyncId,IntendedVsync,Vsync,InputEventId,HandleInputStart,AnimationStart,PerformTraversalsStart,DrawStart,FrameDeadline,FrameInterval,FrameStartTime,SyncQueued,SyncStart,IssueDrawCommandsStart,SwapBuffers,FrameCompleted,DequeueBufferDuration,QueueBufferDuration,GpuCompleted,SwapBuffersCompleted,DisplayPresentTime,CommandSubmissionCompleted,
0,37951,155414064754,155414064754,0,155416648697,155416649489,155416843447,155416871447,155447398086,155416645239,16666666,155417359697,155417449864,155417516781,155418077072,155426655989,5126042,842292,155421478697,155426655989,0,155418077072,
0,37959,155430731420,155430731420,0,155436562072,155436562822,155437197572,155437276072,155464064752,155436558614,16666666,155439210281,155439962197,155440244322,155440751156,155452426614,1750,130334,155452426614,155441838697,0,155440751156,
0,37967,155447398086,155447398086,0,155449282822,155449283697,155449785822,155449816781,155480731418,155449279322,16666666,155449970072,155450135406,155450190614,155450529114,155465708656,4847416,149541,155465708656,155457877781,0,155450529114,
0,37975,155464064752,155464064752,0,155466915197,155466916114,155467086989,155467119281,155497398084,155466911614,16666666,155467321114,155467730906,155467787906,155468782864,155484322072,2492834,586417,155484322072,155472793239,0,155468782864,
0,37983,155480731418,155480731418,0,155484993614,155484994239,155485198989,155485226697,155514064750,155484990572,16666666,155485410656,155485528739,155485672364,155486414406,155499070114,585333,339791,155499070114,155488318239,0,155486414406,
0,37991,155497398084,155497398084,0,155498579822,155498580781,155498914864,155498951739,155530731416,155498575989,16666666,155499648614,155499868781,155499995197,155501301197,155514923489,2250,126084,155514923489,155502080031,0,155501301197,
0,37999,155514064750,155514064750,0,155516392572,155516393406,155516659822,155516685239,155547398082,155516389364,16666666,155516695364,155516851614,155516890197,155517825614,155533624947,290250,73500,155533624947,155518879156,0,155517825614,
0,38007,155530731416,155530731416,0,155531637656,155531638197,155531739072,155531762156,155564064748,155531634531,16666666,155531898572,155532194281,155532251781,155532728406,155548266656,1807250,101958,155548266656,155535614614,0,155532728406,
0,38015,155547398082,155547398082,0,155549152781,155549153614,155549999781,155550030614,155580731414,155549149739,16666666,155550328531,155550547364,155550637031,155550974864,155564826697,2375,101417,155564826697,155551695697,0,155550974864,
0,38023,155564064748,155564064748,0,155564910406,155564911072,155565327364,155565364322,155597398080,155564907114,16666666,155565598197,155565911156,155565965114,155566303447,155567587489,2666,367792,155567531822,155567587489,0,155566303447,
0,38031,155580731414,155580731414,0,155581976781,155581977739,155582752989,155582778447,155614064746,155581972656,16666666,155582970322,155582996031,155583035322,155583580406,155585219781,3667,583500,155585151947,155585219781,0,155583580406,
0,38039,155597398080,155597398080,0,155598345864,155598346406,155598560489,155598585531,155630731412,155598342864,16666666,155598773614,155599087031,155599141531,155599465947,155614680197,687667,196916,155614680197,155601120281,0,155599465947,
0,38047,155614064746,155614064746,0,155614882239,155614883239,155616825322,155616859031,155647398078,155614878614,16666666,155617040072,155617409447,155617516531,155618349364,155631568822,433250,234541,155631568822,155619736531,0,155618349364,
0,38055,155630731412,155630731412,0,155631915364,155631916072,155632537781,155632571031,155664064744,155631912406,16666666,155632897614,155633096531,155633131072,155633658572,155649367864,1834,210000,155649367864,155634548781,0,155633658572,
0,38063,155647398078,155647398078,0,155649068239,155649068781,155649316906,155649342447,155680731410,155649065031,16666666,155649615989,155650344072,155650391489,155650769697,155664722822,969500,207458,155664722822,155653015239,0,155650769697,
0,38071,155664064744,155664064744,0,155664964281,155664964781,155665130322,155665156781,155697398076,155664961364,16666666,155665478364,155665522322,155665566906,155666112614,155681970447,3208,314667,155681970447,155667274447,0,155666112614,
0,38079,155680731410,155680731410,0,155682005322,155682006197,155682363156,155682410906,155714064742,155682002489,16666666,155682503822,155682645447,155682684447,155683549656,155698056781,845958,107958,155698056781,155685622614,0,155683549656,
0,38087,155697398076,155697398076,0,155698562197,155698563406,155698742489,155698775239,155730731408,155698558447,16666666,155698785114,155699094906,155699151156,155699611531,155701510364,451375,522000,155701018197,155701510364,0,155699611531,
0,38095,155714064742,155714064742,0,155716389031,155716389906,155716581197,155716619864,155747398074,155716385114,16666666,155716914364,155717714072,155717760072,155718194822,155731891197,1522708,304417,155731891197,155721115364,0,155718194822,
0,38103,155730731408,155730731408,0,155732345864,155732346406,155732726197,155732766947,155764064740,155732343281,16666666,155732960531,155733154947,155733203156,155733523864,155749777406,733959,132083,155749777406,155734923406,0,155733523864,
0,38111,155747398074,155747398074,0,155749659947,155749660947,155749833489,155749865697,155780731406,155749656072,16666666,155750047406,155750517406,155750581239,155751976572,155765418322,1463209,442625,155765418322,155755016989,0,155751976572,
0,38119,155764064740,155764064740,0,155765764697,155765765406,155766238322,155766277531,155797398072,155765761447,16666666,155766571822,155766811989,155766868156,155767594281,155781529364,2167,120041,155781529364,155768621572,0,155767594281,
0,38127,155780731406,155780731406,0,155781708281,155781709239,155782293947,155782335156,155814064738,155781704822,16666666,155782507572,155782622114,155782668739,155783275114,155798146864,787708,131542,155798146864,155784806364,0,155783275114,
0,38135,155797398072,155797398072,0,155799048531,155799049489,155799450031,155799484239,155830731404,155799044989,16666666,155799687406,155799916281,155799956822,155800911072,155815240156,2959,282917,155815240156,155801863614,0,155800911072,
0,38143,155814064738,155814064738,0,155815830364,155815831031,155816577614,155816613364,155847398070,155815826614,16666666,155816844781,155817113697,155817163906,155817495072,155832938989,217125,144667,155832938989,155818542197,0,155817495072,
0,38151,155830731404,155830731404,0,155833068614,155833069156,155833290739,155833322572,155864064736,155833065614,16666666,155833515906,155833718364,155833864072,155834321864,155847762781,1916,174208,155847762781,155835057156,0,155834321864,
0,38159,155847398070,155847398070,0,155848600656,155848601364,155848715239,155848741322,155880731402,155848597281,16666666,155848926697,155849062322,155849108447,155849746239,155865973447,787625,126250,155865973447,155851445781,0,155849746239,
0,38167,155864064736,155864064736,0,155866314239,155866315156,155866478864,155866512947,155897398068,155866310489,16666666,155866632364,155866850156,155867010822,155867525197,155881214531,1708,177583,155881214531,155869088572,0,155867525197,
0,38175,155880731402,155880731402,0,155881546364,155881546947,155881676697,155881750406,155914064734,155881542447,16666666,155881760406,155882070906,155882334447,155882835989,155898195614,2250,409542,155898195614,155883947239,0,155882835989,
0,38183,155897398068,155897398068,0,155898568781,155898569447,155898648322,155898671989,155930731400,155898565906,16666666,155898823239,155898837322,155898884406,155899350781,155914948197,2542,634458,155914948197,155900574156,0,155899350781,
0,38191,155914064734,155914064734,0,155915414072,155915414864,155915595697,155915627697,155947398066,155915410489,16666666,155915778947,155916287656,155916343739,155916834114,155932128281,1708,118250,155932128281,155917889531,0,155916834114,
0,38199,155930731400,155930731400,0,155932858031,155932859031,155932985281,155933021531,155964064732,155932854197,16666666,155933185572,155933232364,155933499656,155933936531,155947905364,3125,282041,155947905364,155935169156,0,155933936531,
0,38207,155947398066,155947398066,0,155948626781,155948627322,155948771614,155948798656,155980731398,155948623656,16666666,155949153072,155949344739,155949382447,155949774489,155964968572,719667,126875,155964968572,155951223447,0,155949774489,
0,38215,155964064732,155964064732,0,155965089364,155965090322,155965310864,155965361156,155997398064,155965085947,16666666,155965542739,155965990572,155966060156,155966796947,155968819864,174666,868625,155968607114,155968819864,0,155966796947,
0,38223,155980731398,155980731398,0,155983632822,155983633739,155983746156,155983772072,156014064730,155983629447,16666666,155983939197,155984924114,155984965906,155985266822,155997950906,714750,126167,155997950906,155986748447,0,155985266822,
0,38231,155997398064,155997398064,0,155998347656,155998348406,155998645906,155998673948,156030731396,155998344531,16666666,155999555073,155999718364,155999755698,156000248323,156015091031,1792,246083,156015091031,156001176281,0,156000248323,
0,38239,156014064730,156014064730,0,156015359239,156015359906,156015444948,156015467656,156047398062,156015356031,16666666,156015598114,156016188614,156016270698,156016724739,156032605823,1262334,117625,156032605823,156018747823,0,156016724739,
0,38247,156030731396,156030731396,0,156032717698,156032718531,156032914281,156032942698,156064064728,156032714114,16666666,156033110281,156033323489,156033359989,156034028323,156048283281,327833,490417,156048283281,156036203489,0,156034028323,
0,38255,156047398062,156047398062,0,156049102031,156049102698,156049294698,156049320489,156080731394,156049098698,16666666,156049410323,156049547489,156049589406,156050173531,156066404906,2791,360250,156066404906,156051355864,0,156050173531,
0,38263,156064064728,156064064728,0,156066732489,156066732989,156066859989,156066886448,156097398060,156066729531,16666666,156066894906,156068068198,156068133823,156068729906,156081412906,1625,160084,156081412906,156069949531,0,156068729906,
0,38271,156080731394,156080731394,0,156083494448,156083495114,156083736323,156083802073,156114064726,156083491614,16666666,156084629573,156084759489,156084809198,156085553281,156098026739,1601959,297917,156098026739,156088946573,0,156085553281,
0,38279,156097398060,156097398060,0,156100457989,156100458656,156100578031,156100606489,156130731392,156100454948,16666666,156100807323,156100904906,156101017031,156101494739,156114809073,1833,98167,156114809073,156102308906,0,156101494739,
0,38287,156114064726,156114064726,0,156116455073,156116455906,156116635448,156116669364,156147398058,156116451406,16666666,156116981739,156117108239,156117144989,156117734864,156131396864,2083,683334,156131396864,156119909989,0,156117734864,
0,38295,156130731392,156130731392,0,156131945489,156131946073,156132418823,156132447114,156164064724,156131942614,16666666,156132778656,156132841364,156132887114,156133362364,156147944989,378625,414041,156147944989,156134658948,0,156133362364,
0,38303,156147398058,156147398058,0,156148316198,156148316739,156148545614,156148572948,156180731390,156148313406,16666666,156148852031,156148974364,156149061073,156149574906,156165223656,719417,302833,156165223656,156151272698,0,156149574906,
0,38311,156164064724,156164064724,0,156169489448,156169490364,156169767406,156169811198,156197398056,156169485406,16666666,156170048364,156170647281,156170698239,156174138864,156182118573,1459,209709,156182118573,156175407823,0,156174138864,
0,38319,156180731390,156180731390,0,156182625323,156182626073,156182871406,156182903864,156214064722,156182622073,16666666,156183087031,156183326073,156183365156,156184105448,156186412864,744541,505292,156185626614,156186412864,0,156184105448,
0,38327,156197398056,156197398056,0,156199678114,156199678989,156199838031,156199870906,156230731388,156199674739,16666666,156200354823,156201208698,156201341364,156201678739,156217121864,2292,285084,156217121864,156202650781,0,156201678739,
0,38335,156214064722,156214064722,0,156217159364,156217160281,156217319489,156217349198,156247398054,156217155489,16666666,156217520948,156217793073,156217841156,156218489823,156231672781,379209,108833,156231672781,156219504031,0,156218489823,
0,38343,156230731388,156230731388,0,156231755614,156231756156,156231853739,156231879198,156264064720,156231752531,16666666,156232187281,156232381531,156232428906,156233379031,156248810823,648416,155375,156248810823,156234850364,0,156233379031,
0,38351,156247398054,156247398054,0,156249112406,156249113323,156249447156,156249484531,156280731386,156249108489,16666666,156249494281,156249524406,156249665823,156250045739,156251445906,273667,477625,156251099323,156251445906,0,156250045739,
0,38359,156264064720,156264064720,0,156264998781,156265000281,156265100864,156265187323,156297398052,156264994698,16666666,156265344323,156265462948,156265509156,156265899989,156281510031,261000,319458,156281510031,156267027698,0,156265899989,
0,38367,156280731386,156280731386,0,156281641781,156281642448,156282046823,156282087031,156314064718,156281638448,16666666,156282293698,156282460948,156282539656,156282897448,156298522698,1791,243208,156298522698,156283972281,0,156282897448,
0,38375,156297398052,156297398052,0,156298861406,156298862156,156299058656,156299095198,156330731384,156298858198,16666666,156299289781,156299351323,156299406323,156299888073,156314861698,443417,300958,156314861698,156301317364,0,156299888073,
0,38383,156314064718,156314064718,0,156314919073,156314919906,156315528239,156315558531,156347398050,156314915781,16666666,156315725781,156315744906,156315779989,156316705323,156332718364,1708,247292,156332718364,156318010739,0,156316705323,
0,38391,156330731384,156330731384,0,156333087156,156333087906,156333191531,156333215614,156364064716,156333083948,16666666,156333360656,156333506614,156333543073,156333995281,156347797448,827458,241750,156347797448,156335766323,0,156333995281,
0,38399,156347398050,156347398050,0,156348412948,156348413448,156348552198,156348576073,156380731382,156348410073,16666666,156348802448,156348976531,156349076948,156349541281,156350893531,2375,422250,156350790656,156350893531,0,156349541281,
0,38407,156364064716,156364064716,0,156364803948,156364804531,156364948614,156364997156,156397398048,156364800948,16666666,156365226323,156365735198,156365806614,156366359489,156381681573,374625,504291,156381681573,156367934864,0,156366359489,
0,38415,156380731382,156380731382,0,156382371531,156382372406,156382487406,156382513114,156414064714,156382368531,16666666,156383184489,156383217864,156383287698,156383832614,156398109573,2542,192667,156398109573,156385084364,0,156383832614,
0,38423,156397398048,156397398048,0,156398277614,156398278156,156398385906,156398414156,156430731380,156398273823,16666666,156399533948,156399721114,156399787489,156400703781,156416662698,2750,436833,156416662698,156402169406,0,156400703781,
0,38431,156414064714,156414064714,0,156416795198,156416796073,156417000406,156417025489,156447398046,156416791323,16666666,156417119031,156417251864,156417315781,156418064906,156431781573,3640417,170417,156431781573,156423526739,0,156418064906,
0,38439,156430731380,156430731380,0,156433532531,156433533406,156433776864,156433817114,156464064712,156433529448,16666666,156433827114,156434123406,156434174948,156435132906,156448196698,6375,844208,156448196698,156436559239,0,156435132906,
0,38447,156447398046,156447398046,0,156451140739,156451141489,156451297781,156451330156,156480731378,156451138073,16666666,156451526989,156451612156,156451718614,156452322406,156466907448,2833,196000,156466907448,156455679114,0,156452322406,
0,38455,156464064712,156464064712,0,156468335656,156468336448,156468502156,156468531614,156497398044,156468332323,16666666,156468973698,156469928906,156470129989,156471957739,156481978156,1750,140333,156481978156,156474063031,0,156471957739,
0,38463,156480731378,156480731378,0,156482139156,156482139906,156482223198,156482249989,156514064710,156482136114,16666666,156482431531,156483013364,156483589156,156484113364,156497872614,1709,160500,156497872614,156486220489,0,156484113364,
0,38471,156497398044,156497398044,0,156500906989,156500907698,156501013906,156501038614,156530731376,156500903864,16666666,156501179906,156503061323,156503115781,156506193281,156516676406,1071208,204917,156516676406,156508122406,0,156506193281,
0,38479,156514064710,156514064710,0,156517305156,156517305573,156517407906,156517430114,156547398042,156517301948,16666666,156517547573,156517579656,156517597948,156518826864,156533505781,2250,241542,156533505781,156520059239,0,156518826864,
0,38487,156530731376,156530731376,0,156534552156,156534553114,156534648156,156534672406,156564064708,156534549198,16666666,156534896448,156535314156,156535350614,156535787948,156548489698,3625,388834,156548489698,156537449864,0,156535787948,
0,38495,156547398042,156547398042,0,156549145781,156549146406,156549306489,156549334698,156580731374,156549142531,16666666,156549500948,156550888031,156550936989,156552107614,156566817198,1530125,142000,156566817198,156554513531,0,156552107614,
0,38503,156564064708,156564064708,0,156566501114,156566501906,156566643364,156567827531,156597398040,156566497489,16666666,156568862448,156568941156,156569253156,156570458823,156581181864,2417,186709,156581181864,156571384531,0,156570458823,
0,38511,156580731374,156580731374,0,156581233989,156581234656,156581460573,156581485323,156614064706,156581230864,16666666,156581664739,156581781198,156581842406,156582907156,156600059364,1667,154500,156600059364,156584833531,0,156582907156,
0,38519,156597398040,156597398040,0,156601606531,156601607073,156601867239,156601911823,156630731372,156601603531,16666666,156602004156,156602220448,156602285864,156602647323,156621150864,1250,110834,156621150864,156603727364,0,156602647323,
0,38527,156614064706,156614064706,0,156622432781,156622433323,156622595739,156622622823,156647398038,156622429823,16666666,156622631156,156623428281,156623606364,156623934239,156631405031,1750,125000,156631405031,156624897531,0,156623934239,
0,38535,156630731372,156630731372,0,156631639614,156631640281,156631877031,156631905531,156664064704,156631636614,16666666,156632746948,156633010031,156633353823,156634120656,156649153031,1875,122375,156649153031,156634862614,0,156634120656,
0,38543,156647398038,156647398038,0,156650361239,156650361906,156650545156,156650573989,156680731370,156650356614,16666666,156650733198,156650928739,156651029114,156651739823,156666094448,1959,573709,156666094448,156652891156,0,156651739823,
0,38551,156664064704,156664064704,0,156665915073,156665915614,156666430489,156666465364,156697398036,156665912239,16666666,156666650989,156666811698,156666894323,156667374656,156670583239,2000,208666,156670537114,156670583239,0,156667374656,
0,38559,156680731370,156680731370,0,156683456073,156683456739,156683550239,156683574239,156714064702,156683452864,16666666,156683795406,156683807656,156683842614,156684178281,156698104031,1416,205875,156698104031,156684905989,0,156684178281,
0,38567,156697398036,156697398036,0,156698801990,156698802865,156698901698,156698973531,156730731368,156698798573,16666666,156699126281,156699257698,156699293906,156700955365,156714468031,279250,88000,156714468031,156702267281,0,156700955365,
0,38575,156714064702,156714064702,0,156714754740,156714755448,156715107156,156715134073,156747398034,156714751531,16666666,156715483406,156716162573,156716185198,156716881323,156732370240,2000,221125,156732370240,156718152365,0,156716881323,
0,38583,156730731368,156730731368,0,156732883198,156732883740,156733046406,156733073948,156764064700,156732879948,16666666,156733259365,156733407365,156733983323,156734659490,156748577198,933708,229084,156748577198,156738788656,0,156734659490,
0,38591,156747398034,156747398034,0,156749272906,156749273656,156749424406,156749451740,156780731366,156749269406,16666666,156749864281,156750219323,156750260115,156750824240,156764869573,363083,121541,156764869573,156752158531,0,156750824240,
0,38599,156764064700,156764064700,0,156765287198,156765288156,156765502740,156765805948,156797398032,156765283906,16666666,156766173490,156766429906,156766540740,156766926406,156782158573,1584,128334,156782158573,156767701656,0,156766926406,
0,38607,156780731366,156780731366,0,156782573198,156782573740,156782666115,156782690823,156814064698,156782570156,16666666,156782778156,156783041031,156783147281,156783625781,156785263990,2334,633334,156785231906,156785263990,0,156783625781,
0,38615,156797398032,156797398032,0,156800836198,156800836823,156800927948,156800978448,156830731364,156800833115,16666666,156800985948,156801066365,156801104531,156801573198,156816892406,2084,183375,156816892406,156802333156,0,156801573198,
0,38623,156814064698,156814064698,0,156817727573,156817728406,156817901406,156817932406,156847398030,156817724198,16666666,156818135198,156818542615,156818596823,156819084573,156822783990,3209,1112167,156822540948,156822783990,0,156819084573,
0,38631,156830731364,156830731364,0,156841142240,156841142823,156841273656,156841298156,156864064696,156841139031,16666666,156843667406,156844765740,156844834823,156850483073,156868563406,4292,13866792,156867941115,156868563406,0,156850483073,
0,38638,156847398030,156847398030,0,156854732490,156854733198,156867783698,156867818740,156897398028,156854729198,16666666,156868531573,156868586490,156868622448,156868981865,156895171740,16931166,101375,156895171740,156886836865,0,156868981865,
0,38645,156864064696,156864064696,0,156869450281,156869450406,156869487531,156869496865,156914064694,156869449240,16666666,156869533448,156886876448,156887010281,156889352906,156904542573,6287417,4353209,156904542573,156901543281,0,156889352906,
0,38653,156880731362,156880731362,0,156890734740,156890735073,156895174740,156895208156,156930731360,156890733365,16666666,156895700073,156901582115,156901619823,156902196615,156928572906,21508625,121750,156928572906,156926123365,0,156902196615,
0,38661,156897398028,156897398028,0,156902027365,156902027490,156902067781,156902085948,156947398026,156902026240,16666666,156902191198,156926157823,156926197240,156927288198,156939016948,9243792,130333,156939016948,156937991906,0,156927288198,
0,38669,156914064694,156914064694,0,156926464740,156926464865,156926565740,156926585490,156964064692,156926463406,16666666,156926680240,156938034323,156938073656,156938345073,156961506906,14870708,199459,156961506906,156955398448,0,156938345073,
0,38677,156930731360,156930731360,0,156938497406,156938497740,156938696073,156938726490,156980731358,156938495573,16666666,156938878948,156955447740,156955480448,156956133073,156975313615,10849375,4537375,156975313615,156972427948,0,156956133073,
0,38685,156947398026,156947398026,0,156958213531,156958213656,156961760615,156961791948,156997398024,156958212531,16666666,156962394073,156972511365,156972531865,156972838573,156984594073,9191750,1331583,156975326115,156984594073,0,156972838573,
0,38693,156964064692,156964064692,0,156973058698,156973058990,156975273281,156975304031,157014064690,156973057281,16666666,156975387323,156984631198,156984700156,156985500865,157002191281,13938834,123458,157002191281,157000222406,0,156985500865,
0,38701,156980731358,156980731358,0,156985189031,156985189240,156985378781,156985397406,157030731356,156985187865,16666666,156985403073,157000267031,157000299823,157000652073,157019352573,14867417,556292,157019352573,157017283948,0,157000652073,
0,38709,156997398024,156997398024,0,157001172948,157001173073,157002227323,157002268198,157047398022,157001171740,16666666,157002475698,157017320406,157017363281,157017901448,157039733240,17724708,670000,157039733240,157037167073,0,157017901448,
0,38717,157014064690,157014064690,0,157018038073,157018038156,157019410948,157019448906,157064064688,157018037073,16666666,157019684240,157037233448,157037307156,157038232365,157057364115,14297250,634958,157057364115,157054100656,0,157038232365,
0,38725,157030731356,157030731356,0,157038168073,157038168240,157038259615,157038295865,157080731354,157038166656,16666666,157038534031,157054191781,157054236490,157055267865,157081655448,11683833,381250,157081655448,157069131448,0,157055267865,
0,38733,157047398022,157047398022,0,157057881948,157057882073,157057928615,157057950615,157114064686,157057880615,16666666,157058058365,157069170573,157069332781,157072704240,157101441031,15757584,134458,157101441031,157097500406,0,157072704240,
0,38741,157064064688,157064064688,0,157073033281,157073033531,157080839490,157080876323,157130731352,157073030406,16666666,157086279281,157097554656,157097771490,157099132573,157116710906,8551833,168833,157116710906,157110905948,0,157099132573,
0,38749,157080731354,157097398020,0,157098532615,157098532740,157100762031,157100797448,157147398018,157098531365,16666666,157101179115,157111155115,157111246490,157111803490,157125426365,4987166,2316416,157125426365,157122985031,0,157111803490,
0,38758,157114064686,157114064686,0,157116488865,157116489740,157117925073,157117966031,157164064684,157116485698,16666666,157118167781,157123035281,157123093281,157124156823,157141405365,13291500,263875,157141405365,157138808573,0,157124156823,
0,38766,157130731352,157130731352,0,157135246448,157135247365,157135347781,157135375698,157180731350,157135243198,16666666,157135511281,157138855531,157138919490,157139972823,157151830865,8609375,167500,157151830865,157150113281,0,157139972823,
0,38774,157147398018,157147398018,0,157150217781,157150218406,157150357823,157150386240,157197398016,157150215031,16666666,157150487240,157150578490,157150617031,157150929365,157173250406,18824292,123958,157173250406,157170762240,0,157150929365,
0,38782,157164064684,157164064684,0,157167298406,157167299240,157167985615,157168789365,157214064682,157167295781,16666666,157168799865,157170796615,157170835531,157171340823,157184835781,10470333,145167,157184835781,157183779406,0,157171340823,
0,38790,157180731350,157180731350,0,157182152281,157182152948,157182331490,157182359740,157230731348,157182148990,16666666,157182489031,157183810406,157183845781,157184222615,157205931281,18243417,84542,157205931281,157203766573,0,157184222615,
0,38798,157197398016,157197398016,0,157200934906,157200935573,157201213240,157201244115,157247398014,157200930906,16666666,157201379740,157203915740,157204380448,157204909281,157220806115,13138334,149791,157220806115,157219169240,0,157204909281,
0,38806,157214064682,157214064682,0,157217729365,157217730156,157217916990,157217945198,157264064680,157217726490,16666666,157218075531,157219210156,157219269865,157219644698,157234753740,12930708,362459,157234753740,157233806073,0,157219644698,
0,38814,157230731348,157230731348,0,157232426823,157232427823,157232685365,157232719406,157280731346,157232423240,16666666,157232900865,157233836948,157233876490,157234183323,157251819490,15711792,106583,157251819490,157250522948,0,157234183323,
0,38822,157247398014,157247398014,0,157248216573,157248217323,157248630490,157248678948,157297398012,157248213323,16666666,157248845406,157250557740,157250594656,157250893948,157267784573,15028750,194667,157267784573,157266909448,0,157250893948,
0,38830,157264064680,157264064680,0,157265689906,157265690823,157265904281,157265931573,157314064678,157265686823,16666666,157266138615,157266936781,157266972865,157267279990,157286220073,17242583,90333,157286220073,157285082781,0,157267279990,
0,38838,157280731346,157280731346,0,157282316990,157282317990,157282440031,157282472281,157330731344,157282313573,16666666,157282702406,157285120865,157285156573,157285434906,157300958656,13350750,118500,157300958656,157299637406,0,157285434906,
0,38846,157297398012,157297398012,0,157298265740,157298266698,157298367865,157298393990,157347398010,157298262281,16666666,157298521823,157299663073,157299732740,157300120406,157318165365,16281583,94333,157318165365,157317291573,0,157300120406,
0,38854,157314064678,157314064678,0,157314960156,157314960990,157315391115,157315433573,157364064676,157314956823,16666666,157315579281,157317316573,157317349781,157317641698,157334378573,15188708,87708,157334378573,157333472490,0,157317641698,
0,38862,157330731344,157330731344,0,157332254448,157332255365,157332523156,157332577990,157380731342,157332251406,16666666,157332682031,157333492865,157333532656,157333838531,157352273656,16881958,97459,157352273656,157351314240,0,157333838531,
0,38870,157347398010,157347398010,0,157349870031,157349870698,157350097115,157350124740,157397398008,157349866531,16666666,157350133323,157351345615,157351378656,157351665531,157368140573,14835875,110458,157368140573,157367161198,0,157351665531,
0,38878,157364064676,157364064676,0,157365682656,157365683531,157365794073,157365820490,157414064674,157365679031,16666666,157365958031,157367186948,157367223615,157367493490,157384692365,15357833,225333,157384692365,157383576281,0,157367493490,
0,38886,157380731342,157380731342,0,157382123031,157382123698,157382241073,157382268615,157430731340,157382119698,16666666,157382404906,157383604865,157383640073,157383915740,157401400282,15197833,112542,157401400282,157399945698,0,157383915740,
0,38894,157397398008,157397398008,0,157398421157,157398422115,157398577073,157398604698,157447398006,157398417323,16666666,157398745282,157399978157,157400128157,157400670407,157417918948,15487541,130167,157417918948,157416946615,0,157400670407,
0,38902,157414064674,157414064674,0,157415203615,157415204365,157415293323,157415351282,157430731340,157415186782,16666666,157415502073,157416978698,157417016615,157417343532,155421178739,15016666,96333,155421178739,157433071365,0,157417343532,
---PROFILEDATA---


View hierarchy:

  dev.polski.grammarmatrix.benchmark/dev.polski.grammarmatrix.GlassBenchmarkActivity/android.view.ViewRootImpl@48d03b8
  7 views, 12.08 kB of render nodes


Total ViewRootImpl   : 1
Total attached Views : 7
Total RenderNode     : 12.08 kB (used) / 36.09 kB (capacity)