Applications Graphics Acceleration Info:
Uptime: 166785 Realtime: 166785

** Graphics info for pid 2158 [dev.polski.grammarmatrix.benchmark] **

Stats since: 164201383576ns
Total frames rendered: 156
Janky frames: 0 (0.00%)
Janky frames (legacy): 139 (89.10%)
50th percentile: 20ms
90th percentile: 26ms
95th percentile: 29ms
99th percentile: 36ms
Number Missed Vsync: 0
Number High input latency: 312
Number Slow UI thread: 0
Number Slow bitmap uploads: 0
Number Slow issue draw commands: 0
Number Frame deadline missed: 0
Number Frame deadline missed (legacy): 0
HISTOGRAM: 5ms=0 6ms=0 7ms=0 8ms=0 9ms=0 10ms=0 11ms=0 12ms=0 13ms=0 14ms=2 15ms=1 16ms=2 17ms=0 18ms=9 19ms=35 20ms=36 21ms=25 22ms=15 23ms=8 24ms=4 25ms=3 26ms=5 27ms=1 28ms=2 29ms=2 30ms=0 31ms=0 32ms=0 34ms=4 36ms=1 38ms=0 40ms=1 42ms=0 44ms=0 46ms=0 48ms=0 53ms=0 57ms=0 61ms=0 65ms=0 69ms=0 73ms=0 77ms=0 81ms=0 85ms=0 89ms=0 93ms=0 97ms=0 101ms=0 105ms=0 109ms=0 113ms=0 117ms=0 121ms=0 125ms=0 129ms=0 133ms=0 150ms=0 200ms=0 250ms=0 300ms=0 350ms=0 400ms=0 450ms=0 500ms=0 550ms=0 600ms=0 650ms=0 700ms=0 750ms=0 800ms=0 850ms=0 900ms=0 950ms=0 1000ms=0 1050ms=0 1100ms=0 1150ms=0 1200ms=0 1250ms=0 1300ms=0 1350ms=0 1400ms=0 1450ms=0 1500ms=0 1550ms=0 1600ms=0 1650ms=0 1700ms=0 1750ms=0 1800ms=0 1850ms=0 1900ms=0 1950ms=0 2000ms=0 2050ms=0 2100ms=0 2150ms=0 2200ms=0 2250ms=0 2300ms=0 2350ms=0 2400ms=0 2450ms=0 2500ms=0 2550ms=0 2600ms=0 2650ms=0 2700ms=0 2750ms=0 2800ms=0 2850ms=0 2900ms=0 2950ms=0 3000ms=0 3050ms=0 3100ms=0 3150ms=0 3200ms=0 3250ms=0 3300ms=0 3350ms=0 3400ms=0 3450ms=0 3500ms=0 3550ms=0 3600ms=0 3650ms=0 3700ms=0 3750ms=0 3800ms=0 3850ms=0 3900ms=0 3950ms=0 4000ms=0 4050ms=0 4100ms=0 4150ms=0 4200ms=0 4250ms=0 4300ms=0 4350ms=0 4400ms=0 4450ms=0 4500ms=0 4550ms=0 4600ms=0 4650ms=0 4700ms=0 4750ms=0 4800ms=0 4850ms=0 4900ms=0 4950ms=0
50th gpu percentile: 18ms
90th gpu percentile: 20ms
95th gpu percentile: 24ms
99th gpu percentile: 4950ms
GPU HISTOGRAM: 1ms=0 2ms=1 3ms=0 4ms=0 5ms=0 6ms=0 7ms=0 8ms=0 9ms=0 10ms=1 11ms=0 12ms=6 13ms=3 14ms=1 15ms=4 16ms=7 17ms=29 18ms=61 19ms=20 20ms=9 21ms=1 22ms=1 23ms=4 24ms=4 25ms=1 4950ms=3

Pipeline=Skia (OpenGL)
Memory policy:
  Max surface area: 2592000
  Max resource usage: 124.42MB (x48)
  Background retention: 50% (altUiHidden = true)
  GPU Context timeout: 10
Contexts: 1 (stopped = 0)
CPU Caches:
  Glyph Cache: 33.70 KB (1 entry)
  Glyph Count: 11 
Total CPU memory usage:
  34510 bytes, 33.70 KB (0.00 bytes is purgeable)
GPU Caches:
  Other:
    Other: 26.56 KB (1 entry)
    Buffer Object: 36.45 KB (3 entries)
    StencilAttachment: 256.00 KB (1 entry)
  Image:
    Texture: 64.00 bytes (1 entry)
  Scratch:
    RenderTarget: 320.00 KB (1 entry)
    Buffer Object: 80.00 KB (2 entries)
    Texture: 2.00 MB (1 entry)
Total GPU memory usage:
  2833488 bytes, 2.70 MB (388.52 KB is purgeable)

GraphicBufferAllocator buffers:
        Handle |        Size |     W (Stride) x H | Layers |   Format |      Usage | Requestor
0xb400007b63ca54e0 |     unknown | 1080 (   0) x 2400 |      1 |        1 | 0x     b00 | VRI[GlassBenchmarkActivity]#0(BLAST Consumer)0
0xb400007b63cbb470 |     unknown | 1080 (   0) x 2400 |      1 |        1 | 0x     b00 | VRI[GlassBenchmarkActivity]#0(BLAST Consumer)0
0xb400007b63cbe4d0 |     unknown | 1080 (   0) x 2400 |      1 |        1 | 0x     b00 | VRI[GlassBenchmarkActivity]#0(BLAST Consumer)0
Total allocated by GraphicBufferAllocator (estimate): 0.00 KB
GoldfishAllocator::dumpDebugInfo is not implemented
Profile data in ms:

	dev.polski.grammarmatrix.benchmark/dev.polski.grammarmatrix.GlassBenchmarkActivity/android.view.ViewRootImpl@48d03b8 (visibility=0)
Window: dev.polski.grammarmatrix.benchmark/dev.polski.grammarmatrix.GlassBenchmarkActivity
Stats since: 164201383076ns
Total frames rendered: 156
Janky frames: 0 (0.00%)
Janky frames (legacy): 139 (89.10%)
50th percentile: 20ms
90th percentile: 26ms
95th percentile: 29ms
99th percentile: 36ms
Number Missed Vsync: 0
Number High input latency: 312
Number Slow UI thread: 0
Number Slow bitmap uploads: 0
Number Slow issue draw commands: 0
Number Frame deadline missed: 0
Number Frame deadline missed (legacy): 0
HISTOGRAM: 5ms=0 6ms=0 7ms=0 8ms=0 9ms=0 10ms=0 11ms=0 12ms=0 13ms=0 14ms=2 15ms=1 16ms=2 17ms=0 18ms=9 19ms=35 20ms=36 21ms=25 22ms=15 23ms=8 24ms=4 25ms=3 26ms=5 27ms=1 28ms=2 29ms=2 30ms=0 31ms=0 32ms=0 34ms=4 36ms=1 38ms=0 40ms=1 42ms=0 44ms=0 46ms=0 48ms=0 53ms=0 57ms=0 61ms=0 65ms=0 69ms=0 73ms=0 77ms=0 81ms=0 85ms=0 89ms=0 93ms=0 97ms=0 101ms=0 105ms=0 109ms=0 113ms=0 117ms=0 121ms=0 125ms=0 129ms=0 133ms=0 150ms=0 200ms=0 250ms=0 300ms=0 350ms=0 400ms=0 450ms=0 500ms=0 550ms=0 600ms=0 650ms=0 700ms=0 750ms=0 800ms=0 850ms=0 900ms=0 950ms=0 1000ms=0 1050ms=0 1100ms=0 1150ms=0 1200ms=0 1250ms=0 1300ms=0 1350ms=0 1400ms=0 1450ms=0 1500ms=0 1550ms=0 1600ms=0 1650ms=0 1700ms=0 1750ms=0 1800ms=0 1850ms=0 1900ms=0 1950ms=0 2000ms=0 2050ms=0 2100ms=0 2150ms=0 2200ms=0 2250ms=0 2300ms=0 2350ms=0 2400ms=0 2450ms=0 2500ms=0 2550ms=0 2600ms=0 2650ms=0 2700ms=0 2750ms=0 2800ms=0 2850ms=0 2900ms=0 2950ms=0 3000ms=0 3050ms=0 3100ms=0 3150ms=0 3200ms=0 3250ms=0 3300ms=0 3350ms=0 3400ms=0 3450ms=0 3500ms=0 3550ms=0 3600ms=0 3650ms=0 3700ms=0 3750ms=0 3800ms=0 3850ms=0 3900ms=0 3950ms=0 4000ms=0 4050ms=0 4100ms=0 4150ms=0 4200ms=0 4250ms=0 4300ms=0 4350ms=0 4400ms=0 4450ms=0 4500ms=0 4550ms=0 4600ms=0 4650ms=0 4700ms=0 4750ms=0 4800ms=0 4850ms=0 4900ms=0 4950ms=0
50th gpu percentile: 18ms
90th gpu percentile: 20ms
95th gpu percentile: 24ms
99th gpu percentile: 4950ms
GPU HISTOGRAM: 1ms=0 2ms=1 3ms=0 4ms=0 5ms=0 6ms=0 7ms=0 8ms=0 9ms=0 10ms=1 11ms=0 12ms=6 13ms=3 14ms=1 15ms=4 16ms=7 17ms=29 18ms=61 19ms=20 20ms=9 21ms=1 22ms=1 23ms=4 24ms=4 25ms=1 4950ms=3



---PROFILEDATA---
Flags,FrameTimelineVsyncId,IntendedVsync,Vsync,InputEventId,HandleInputStart,AnimationStart,PerformTraversalsStart,DrawStart,FrameDeadline,FrameInterval,FrameStartTime,SyncQueued,SyncStart,IssueDrawCommandsStart,SwapBuffers,FrameCompleted,DequeueBufferDuration,QueueBufferDuration,GpuCompleted,SwapBuffersCompleted,DisplayPresentTime,CommandSubmissionCompleted,
0,42481,164797397712,164797397712,0,164798653702,164798654368,164798805868,164798827785,164847397710,164798650327,16666666,164799067535,164800464160,164800504452,164801056202,164817442577,14322333,96167,164817442577,164815957035,0,164801056202,
0,42489,164814064378,164814064378,0,164814667993,164814668702,164814807118,164814833743,164864064376,164814665118,16666666,164815138618,164815981243,164816297410,164816793535,164834992618,16238666,96125,164834992618,164833755993,0,164816793535,
0,42497,164830731044,164830731044,0,164831946660,164831947410,164832182202,164832207452,164880731042,164831943493,16666666,164832489827,164833783827,164833890660,164834337118,164851568160,15187792,125708,164851568160,164850235785,0,164834337118,
0,42505,164847397710,164847397710,0,164848920202,164848921077,164849088618,164849112577,164897397708,164848916743,16666666,164849399243,164850262452,164850309702,164850706702,164867984952,15019375,123458,164867984952,164866640202,0,164850706702,
0,42513,164864064376,164864064376,0,164865194077,164865194618,164865425035,164865450743,164914064374,164865191243,16666666,164865678160,164866660577,164866701118,164867226118,164885383077,15636375,110042,164885383077,164883682077,0,164867226118,
0,42521,164880731042,164880731042,0,164881739327,164881740410,164882237077,164882274868,164930731040,164881735702,16666666,164882557743,164883758577,164883804243,164884578077,164901658035,15022959,83416,164901658035,164900455327,0,164884578077,
0,42529,164897397708,164897397708,0,164898781202,164898781910,164898937368,164898962493,164947397706,164898778077,16666666,164899284368,164900471993,164900509577,164900895618,164917867410,15093292,87292,164917867410,164916803160,0,164900895618,
0,42537,164914064374,164914064374,0,164914961452,164914962410,164915221452,164915256702,164964064372,164914958202,16666666,164915586535,164916829618,164916871118,164917264118,164934244327,15173000,93167,164934244327,164933170452,0,164917264118,
0,42545,164930731040,164930731040,0,164931373535,164931374035,164931558118,164931582535,164980731038,164931370410,16666666,164931848660,164933194702,164933233243,164933680702,164950852410,15600083,101000,164950852410,164949890493,0,164933680702,
0,42553,164947397706,164947397706,0,164948922285,164948923160,164949125327,164949149410,164997397704,164948919077,16666666,164949540743,164949907618,164949939660,164950326910,164973781868,21092000,70458,164973781868,164972239618,0,164950326910,
0,42561,164964064372,164964064372,0,164970362035,164970363118,164970609202,164970641368,165014064370,164970358202,16666666,164971007493,164972296952,164972343952,164972824993,164984206368,9346958,126708,164984206368,164983181410,0,164972824993,
0,42569,164980731038,164980731038,0,164981955327,164981955868,164982101327,164982125035,165030731036,164981952452,16666666,164982378368,164983202452,164983240035,164983625910,165001186618,15662209,92209,165001186618,164999918118,0,164983625910,
0,42577,164997397704,164997397704,0,164998423827,164998424452,164998583077,164998610077,165047397702,164998420910,16666666,164998973868,164999940660,164999979660,165000543118,165018391660,15633750,121875,165018391660,165016878535,0,165000543118,
0,42585,165014064370,165014064370,0,165015113827,165015114827,165015311118,165015337285,165064064368,165015100327,16666666,165015634410,165016907910,165017002243,165017508743,165039985660,20414250,130875,165039985660,165038909452,0,165017508743,
0,42593,165030731036,165030731036,0,165037233452,165037234118,165037437285,165037462577,165080731034,165037230202,16666666,165038021243,165038931160,165038970868,165039370577,165050954452,9703625,91500,165050954452,165049738077,0,165039370577,
0,42601,165047397702,165047397702,0,165048113243,165048113868,165048395452,165048421618,165097397700,165048110660,16666666,165048636910,165049768743,165049862910,165050258035,165068808827,15911167,195541,165068808827,165066930827,0,165050258035,
0,42609,165064064368,165064064368,0,165065187618,165065188452,165065372743,165065397285,165114064366,165065184118,16666666,165065614368,165066964660,165067073993,165067596202,165085207827,14804041,562792,165085207827,165083827993,0,165067596202,
0,42617,165080731034,165080731034,0,165082290493,165082291368,165082433910,165082458743,165130731032,165082286910,16666666,165082722577,165083857077,165083896493,165084545952,165102262535,15873333,114041,165102262535,165101167244,0,165084545952,
0,42625,165097397700,165097397700,0,165098853827,165098854410,165098995160,165099019077,165147397698,165098850494,16666666,165099252327,165101185869,165101237494,165101627077,165117654327,14042292,82667,165117654327,165116485535,0,165101627077,
0,42633,165114064366,165114064366,0,165115026910,165115027535,165115202660,165115230327,165164064364,165115024077,16666666,165115644452,165116523744,165116588119,165116991785,165135466535,16301833,129375,165135466535,165134014285,0,165116991785,
0,42641,165130731032,165130731032,0,165132603952,165132604494,165132762660,165132787619,165180731030,165132600577,16666666,165133084660,165134041369,165134156869,165134608994,165152483702,15682625,105041,165152483702,165151202244,0,165134608994,
0,42649,165147397698,165147397698,0,165149553827,165149554660,165149768160,165149793910,165197397696,165149550327,16666666,165150077869,165151226744,165151263785,165151655410,165168762160,14463708,265042,165168762160,165167040869,0,165151655410,
0,42657,165164064364,165164064364,0,165165186035,165165186702,165165345785,165165370327,165214064362,165165183077,16666666,165165602744,165167095952,165167159827,165167685369,165185616869,14803500,176625,165185616869,165183626494,0,165167685369,
0,42665,165180731030,165180731030,0,165182192577,165182193494,165182346744,165182375160,165230731028,165182189035,16666666,165182667285,165183661494,165183701285,165184622660,165200612744,14890625,242209,165185628619,165200612744,0,165184622660,
0,42673,165197397696,165197397696,0,165198751160,165198752035,165198917744,165198942369,165247397694,165198747827,16666666,165199199285,165200635535,165200674119,165201073702,165217917702,14613084,96542,165217917702,165216764660,0,165201073702,
0,42681,165214064362,165214064362,0,165214862160,165214862869,165215067869,165215091952,165264064360,165214858535,16666666,165215392369,165216793285,165216832785,165217268744,165234546119,15422667,106792,165234546119,165233392994,0,165217268744,
0,42689,165230731028,165230731028,0,165232259077,165232259660,165232393952,165232417202,165280731026,165232256119,16666666,165232635702,165233408910,165233445702,165233825452,165251686577,15644083,72500,165251686577,165250245160,0,165233825452,
0,42697,165247397694,165247397694,0,165248728577,165248729410,165248907994,165248931910,165297397692,165248725035,16666666,165249162994,165250278702,165250318119,165250735869,165268381744,15204583,157167,165268381744,165267128244,0,165250735869,
0,42705,165264064360,165264064360,0,165265521660,165265522660,165265766202,165265803494,165314064358,165265517577,16666666,165266183035,165267161452,165267211785,165267695869,165284852035,15028750,104791,165284852035,165283463619,0,165267695869,
0,42713,165280731026,165280731026,0,165282245119,165282246077,165282434535,165282461535,165330731024,165282241202,16666666,165282793869,165283496035,165283535494,165283941869,165302077119,16133833,118292,165302077119,165301082244,0,165283941869,
0,42721,165297397692,165297397692,0,165298687410,165298687952,165299149452,165299177952,165347397690,165298684369,16666666,165299471494,165301109327,165301147244,165301543744,165318262494,14778666,83834,165318262494,165316976994,0,165301543744,
0,42729,165314064358,165314064358,0,165315780410,165315781285,165315958910,165315986952,165364064356,165315777202,16666666,165316447702,165317009202,165317053077,165317463827,165334322077,14883666,129333,165334322077,165333198160,0,165317463827,
0,42737,165330731024,165330731024,0,165331859744,165331860410,165332138827,165332168827,165380731022,165331856702,16666666,165332468660,165333215869,165333253494,165333651702,165351416452,15698166,104625,165351416452,165350085994,0,165333651702,
0,42745,165347397690,165347397690,0,165348456952,165348457660,165348605619,165348629410,165397397688,165348453785,16666666,165348922994,165350115619,165350153910,165350559244,165367883160,15347917,122459,165367883160,165366871910,0,165350559244,
0,42753,165364064356,165364064356,0,165365528744,165365529369,165366105869,165366134119,165414064354,165365525744,16666666,165366417827,165366890744,165366928369,165367304660,165384786994,15258416,87583,165384786994,165383196202,0,165367304660,
0,42761,165380731022,165380731022,0,165381554452,165381555160,165381772702,165381799202,165430731020,165381551202,16666666,165382109077,165383219660,165383336702,165383765369,165400965827,14736291,116125,165400965827,165399575452,0,165383765369,
0,42769,165397397688,165397397688,0,165398349202,165398349869,165398504535,165398527994,165447397686,165398346327,16666666,165398903869,165399594244,165399661077,165400351410,165417493702,15198292,116083,165417493702,165416282285,0,165400351410,
0,42777,165414064354,165414064354,0,165414769244,165414769952,165414906452,165414964244,165464064352,165414765910,16666666,165415229660,165416407369,165416446327,165416852494,165434490952,15717208,96375,165434490952,165433276410,0,165416852494,
0,42785,165430731020,165430731020,0,165431479452,165431480285,165431633827,165431656910,165480731018,165431458827,16666666,165431857077,165433321119,165433368619,165433875994,165450932744,15264083,101292,165450932744,165449816035,0,165433875994,
0,42793,165447397686,165447397686,0,165448379119,165448380160,165448882285,165448917077,165497397684,165448375119,16666666,165449191994,165449837577,165449871952,165450286327,165469317494,16242875,92291,165469317494,165467233952,0,165450286327,
0,42801,165464064352,165464064352,0,165467092369,165467093369,165467289369,165467321994,165514064350,165467088744,16666666,165467787285,165467907494,165467949660,165468747160,165484365160,13651666,81458,165484365160,165483018119,0,165468747160,
0,42809,165480731018,165480731018,0,165481792744,165481793494,165482052702,165482079160,165530731016,165481789369,16666666,165482368160,165483041410,165483079702,165483475160,165501273785,15565666,110000,165501273785,165499993077,0,165483475160,
0,42817,165497397684,165497397684,0,165498115202,165498115910,165498325619,165498348369,165547397682,165498112035,16666666,165498678910,165500153327,165500196869,165500710119,165517757494,15118125,87542,165517757494,165516443869,0,165500710119,
0,42825,165514064350,165514064350,0,165515010410,165515011119,165515151910,165515173244,165564064348,165515007660,16666666,165515428952,165516470077,165516505952,165516930619,165534868410,15432375,176334,165534868410,165533262660,0,165516930619,
0,42833,165530731016,165530731016,0,165532126160,165532126702,165532662660,165532687035,165580731014,165532123160,16666666,165532940035,165533279452,165533323119,165534042785,165553017910,16616167,121875,165553017910,165551544369,0,165534042785,
0,42841,165547397682,165547397682,0,165549982660,165549983327,165550146202,165550171994,165597397680,165549979577,16666666,165550454535,165551569410,165551605619,165552082619,165571874119,14728000,99250,165571874119,165567795660,0,165552082619,
0,42849,165564064348,165564064348,0,165566459327,165566460202,165566636910,165566661660,165614064346,165566455952,16666666,165566975952,165567817202,165567859410,165569606285,165584885702,11428041,174625,165584885702,165583365202,0,165569606285,
0,42857,165580731014,165580731014,0,165582096285,165582097160,165582376244,165582403077,165630731012,165582092827,16666666,165582709785,165583389660,165583427577,165583832410,165601307827,14728917,118459,165601307827,165599664119,0,165583832410,
0,42865,165597397680,165597397680,0,165598367619,165598368285,165598558619,165598584577,165647397678,165598364535,16666666,165598814035,165599681285,165599724119,165600835119,165619058369,16618375,113500,165619058369,165617972952,0,165600835119,
0,42873,165614064346,165614064346,0,165616106119,165616106952,165616420785,165616446577,165664064344,165616102785,16666666,165616624785,165617993285,165618027119,165618402994,165634871452,14645208,79000,165634871452,165633811244,0,165618402994,
0,42881,165630731012,165630731012,0,165632242702,165632243702,165632471660,165632503702,165680731010,165632239035,16666666,165632840577,165633841410,165633881452,165634302827,165652779660,15129750,103583,165652779660,165650067660,0,165634302827,
0,42889,165647397678,165647397678,0,165650438202,165650439119,165650641494,165650666910,165697397676,165650435369,16666666,165651057994,165651149160,165651187910,165651608035,165669493160,14917125,102500,165669493160,165667753910,0,165651608035,
0,42897,165664064344,165664064344,0,165665274994,165665275535,165665419285,165665441744,165714064342,165665271785,16666666,165665677619,165667783827,165667826452,165668631869,165687516202,14140583,150250,165687516202,165683721244,0,165668631869,
0,42905,165680731010,165680731010,0,165684563577,165684564202,165684764535,165684788702,165730731008,165684561119,16666666,165685116869,165685501869,165685574410,165686181160,165703150327,13496417,222625,165703150327,165701068535,0,165686181160,
0,42913,165697397676,165697397676,0,165698392202,165698392785,165698590327,165698613244,165747397674,165698389077,16666666,165698856035,165701102910,165701154244,165701608994,165720731744,15676083,139834,165720731744,165718906535,0,165701608994,
0,42921,165714064342,165714064342,0,165715594035,165715594577,165715729244,165715750035,165764064340,165715590952,16666666,165715974827,165718951494,165719042994,165719453035,165746375744,18884500,119417,165746375744,165739783494,0,165719453035,
0,42929,165730731008,165730731008,0,165732819952,165732820785,165732987702,165733012285,165780731006,165732816827,16666666,165733271785,165739823160,165739867952,165740458535,165758164994,6464875,569250,165758164994,165753070910,0,165740458535,
0,42937,165747397674,165747397674,0,165749514119,165749514744,165749670577,165749695994,165797397672,165749511035,16666666,165749957994,165753253660,165753310035,165756461369,165770736994,9376417,148542,165770736994,165767603327,0,165756461369,
0,42945,165764064340,165764064340,0,165765114660,165765115577,165765289994,165765314619,165814064338,165765110994,16666666,165765647785,165767633035,165767674244,165768157160,165790906994,15594959,1159750,165790906994,165786426786,0,165768157160,
0,42953,165780731006,165780731006,0,165783447369,165783447910,165783594369,165783618619,165830731004,165783444619,16666666,165783822994,165786519661,165786566161,165787371869,165824961327,33986875,387041,165815819036,165824961327,0,165787371869,
0,42961,165797397672,165797397672,0,165798328369,165798328869,165798478202,165798499536,165847397670,165798325577,16666666,165798670369,165825007411,165825469369,165829715911,165844697869,3584042,92875,165844697869,165838125494,0,165829715911,
0,42969,165814064338,165814064338,0,165826001119,165826001244,165826127286,165826147744,165864064336,165825999952,16666666,165826348536,165838370911,165838636369,165842073869,165861827786,13623417,491708,165861827786,165858774952,0,165842073869,
0,42976,165830731004,165830731004,0,165841158869,165841159202,165841736536,165841879661,165880731002,165841157077,16666666,165842166244,165858823744,165858869494,165859692911,165873883494,7567125,579875,165873883494,165869468369,0,165859692911,
0,42984,165847397670,165847397670,0,165863748452,165863748702,165863811161,165863833327,165897397668,165863747161,16666666,165864179744,165869927994,165869983327,165871990286,165887442869,11235834,133792,165887442869,165885186161,0,165871990286,
0,42992,165864064336,165864064336,0,165870306744,165870306911,165871374661,165871413536,165914064334,165870305036,16666666,165871713536,165885228286,165885270577,165886537244,165903506911,14447792,254334,165903506911,165901949619,0,165886537244,
0,43000,165880731002,165880731002,0,165885532452,165885532619,165885588494,165885610077,165930731000,165885531494,16666666,165886268327,165902018327,165902061077,165902565661,165919685411,14581542,93333,165919685411,165918165452,0,165902565661,
0,43008,165897397668,165897397668,0,165902652452,165902652619,165903066952,165903092952,165947397666,165902651202,16666666,165903294369,165918213369,165918273619,165918735327,165936616202,15246666,119709,165936616202,165935049702,0,165918735327,
0,43016,165914064334,165914064334,0,165918563827,165918563994,165918680994,165918700786,165964064332,165918562827,16666666,165918997827,165935087286,165935157327,165935594369,165953056244,14840500,102375,165953056244,165951508827,0,165935594369,
0,43024,165930731000,165930731000,0,165935434494,165935434577,165935512911,165935534744,165980730998,165935433536,16666666,165935736494,165951556911,165951606369,165952086702,165968851994,14440042,240292,165968851994,165967548411,0,165952086702,
0,43032,165947397666,165947397666,0,165952829744,165952830036,165953035161,165953059077,165997397664,165952826494,16666666,165953299411,165967586994,165967626702,165968176661,165985067911,14765833,96625,165985067911,165983667702,0,165968176661,
0,43040,165964064332,165964064332,0,165968153327,165968153619,165968245536,165968267952,166014064330,165968151952,16666666,165968432161,165983701744,165983741577,165984404077,166002196286,15782292,115833,166002196286,166000905577,0,165984404077,
0,43048,165980730998,165980730998,0,165984219702,165984219827,165984277161,165984295411,166030730996,165984218619,16666666,165984441202,166000946869,166000992869,166001432369,166019050327,15624292,96334,166019050327,166017875869,0,166001432369,
0,43056,165997397664,165997397664,0,166001292994,166001293161,166001412702,166001434286,166047397662,166001291744,16666666,166001724994,166017915619,166017954452,166018344577,166034752952,14612584,114208,166034752952,166033717619,0,166018344577,
0,43064,166014064330,166014064330,0,166018229286,166018229369,166018284411,166018304869,166064064328,166018228119,16666666,166018540536,166033752411,166033794077,166034218369,166051543911,15099417,83917,166051543911,166049911536,0,166034218369,
0,43072,166030730996,166030730996,0,166034057119,166034057244,166034117452,166034137536,166080730994,166034056036,16666666,166034366911,166049952744,166050030494,166050460327,166068360286,15438041,146875,166068360286,166067044077,0,166050460327,
0,43080,166047397662,166047397662,0,166050309411,166050309536,166050422619,166050443911,166097397660,166050308286,16666666,166050666411,166067086786,166067131494,166067535411,166085275577,15531292,94458,166085275577,166083964952,0,166067535411,
0,43088,166064064328,166064064328,0,166067421702,166067421827,166067481452,166067504619,166114064326,166067420494,16666666,166067837077,166084105702,166084145911,166084531536,166102107494,15708167,240500,166102107494,166101035369,0,166084531536,
0,43096,166080730994,166080730994,0,166085006619,166085006827,166085250744,166085276661,166130730992,166085004827,16666666,166085492952,166101071536,166101119036,166101503202,166117904702,14591125,84250,166117904702,166116797744,0,166101503202,
0,43104,166097397660,166097397660,0,166101459869,166101459994,166101517494,166101539661,166147397658,166101458827,16666666,166101761536,166116840661,166116880744,166117283369,166135571244,16180625,87833,166135571244,166134140411,0,166117283369,
0,43112,166114064326,166114064326,0,166117174786,166117174911,166117231994,166117255119,166164064324,166117173536,16666666,166117477494,166134186869,166134233244,166134748244,166152157744,15342459,233334,166152157744,166151047911,0,166134748244,
0,43120,166130730992,166130730992,0,166134686494,166134686827,166135141827,166135179786,166180730990,166134684952,16666666,166135524869,166151091827,166151133161,166151531952,166168516827,14719209,94959,166168516827,166166942661,0,166151531952,
0,43128,166147397658,166147397658,0,166151564786,166151564911,166151660994,166151684077,166197397656,166151563494,16666666,166151861327,166166986786,166167069369,166167524702,166184290911,14472833,122542,166184290911,166183045286,0,166167524702,
0,43136,166164064324,166164064324,0,166167706619,166167706786,166167928827,166167948661,166214064322,166167704869,16666666,166168222494,166183089202,166183128786,166183538827,166201969286,16582583,103875,166201969286,166200927327,0,166183538827,
0,43144,166180730990,166180730990,0,166183409286,166183409452,166183467744,166183488286,166230730988,166183408119,16666666,166183771452,166200967744,166201008494,166201398536,166223247036,19965917,88000,166223247036,166221987702,0,166201398536,
0,43152,166197397656,166197397656,0,166201294119,166201294244,166201350786,166201373536,166247397654,166201292911,16666666,166201594744,166222030744,166222122994,166222517536,166239925077,15160417,138583,166239925077,166238468411,0,166222517536,
0,43160,166214064322,166214064322,0,166222414661,166222414786,166222470077,166222491202,166264064320,166222413411,16666666,166222716911,166238505536,166238581661,166239007327,166251398994,10207333,58417,166251398994,166250234619,0,166239007327,
0,43168,166230730988,166230730988,0,166238854536,166238854619,166238971119,166238990286,166280730986,166238853369,16666666,166239227119,166250278369,166250319411,166250763786,166268519952,15595584,97708,166268519952,166267064119,0,166250763786,
0,43176,166247397654,166247397654,0,166250603369,166250603494,166250733244,166250756994,166297397652,166250601994,16666666,166251007286,166267108952,166267172744,166267678119,166284909827,15062875,166833,166284909827,166283637536,0,166267678119,
0,43184,166264064320,166264064320,0,166267830702,166267830869,166267988411,166268113952,166314064318,166267829244,16666666,166268306536,166283675411,166283712661,166284350494,166301872119,15209166,73625,166301872119,166300262286,0,166284350494,
0,43192,166280730986,166280730986,0,166284194327,166284194661,166284287036,166284311077,166330730984,166284193077,16666666,166284572411,166300319994,166300390494,166301147869,166318254411,14999542,84375,166318254411,166316926911,0,166301147869,
0,43200,166297397652,166297397652,0,166300664994,166300665161,166300765202,166300785619,166347397650,166300663994,16666666,166301002619,166316965077,166317013077,166317471077,166340240827,19967625,182291,166340240827,166338286744,0,166317471077,
0,43208,166314064318,166314064318,0,166317397161,166317397411,166317685744,166317748952,166364064316,166317395952,16666666,166318123911,166338332619,166338389452,166339369286,166350952119,9174084,122250,166350952119,166349474119,0,166339369286,
0,43216,166330730984,166330730984,0,166338816952,166338817077,166339265702,166339289994,166380730982,166338815786,16666666,166339467827,166349518202,166349561577,166350095786,166368202577,15599708,105833,166368202577,166366609369,0,166350095786,
0,43224,166347397650,166347397650,0,166350085536,166350085827,166350172202,166350192244,166397397648,166350083661,16666666,166350349786,166366647077,166366691786,166367107161,166383984702,14574042,213209,166383984702,166382831411,0,166367107161,
0,43232,166364064316,166364064316,0,166366991536,166366991661,166367052619,166367074202,166414064314,166366989869,16666666,166367343702,166382873161,166382912286,166383341952,166408817369,22726833,97042,166408817369,166406776286,0,166383341952,
0,43240,166380730982,166380730982,0,166383210286,166383210411,166383273077,166383296036,166430730980,166383209077,16666666,166383532536,166406817202,166406860827,166407537827,166418847494,7511375,204125,166418847494,166416411036,0,166407537827,
0,43248,166397397648,166397397648,0,166407246661,166407246911,166408945536,166409010661,166447397646,166407245202,16666666,166409295744,166416468952,166416636702,166417864119,166441638994,20689042,169791,166441638994,166439594244,0,166417864119,
0,43256,166414064314,166414064314,0,166417929869,166417930202,166418126119,166418150161,166464064312,166417928411,16666666,166418396036,166439629827,166439669911,166440593202,166451679744,8327459,198791,166451679744,166450028036,0,166440593202,
0,43264,166430730980,166430730980,0,166440712702,166440713286,166441137369,166441170786,166480730978,166440709411,16666666,166441501452,166450068911,166450113161,166450656577,166474836702,21758834,256750,166474836702,166473493911,0,166450656577,
0,43272,166447397646,166447397646,0,166451367702,166451368161,166451538619,166451569369,166497397644,166451365077,16666666,166452403286,166473532744,166473573077,166474092577,166489836661,12902750,177542,166489836661,166487791078,0,166474092577,
0,43280,166464064312,166464064312,0,166474058202,166474058369,166474487577,166474507744,166514064310,166474056786,16666666,166474753119,166487841369,166487884036,166489095994,166501370119,9688375,103916,166501370119,166499579453,0,166489095994,
0,43288,166480730978,166480730978,0,166488660119,166488660578,166488874411,166488898078,166530730976,166488656453,16666666,166489116453,166499619286,166499668203,166500688828,166517560661,14988459,157833,166517560661,166516417369,0,166500688828,
0,43296,166497397644,166497397644,0,166500403828,166500404036,166500618369,166500643619,166547397642,166500402161,16666666,166500887911,166516459911,166516500161,166516942578,166536458203,16751875,98125,166536458203,166534377286,0,166516942578,
0,43304,166514064310,166514064310,0,166516899453,166516899578,166517028578,166517050953,166564064308,166516898203,16666666,166517224119,166534420661,166534468411,166534933036,166551909994,14156625,1069083,166551909994,166550835786,0,166534933036,
0,43312,166530730976,166530730976,0,166535022161,166535022411,166535245411,166535268786,166580730974,166535020494,16666666,166535464494,166550879994,166550922453,166551324161,166568683869,14805834,85250,166568683869,166566771244,0,166551324161,
0,43320,166547397642,166547397642,0,166551231703,166551231869,166551292036,166551311661,166597397640,166551230578,16666666,166551525786,166566835578,166566893369,166567443703,166584614328,14479416,112542,166584614328,166583224453,0,166567443703,
0,43328,166564064308,166564064308,0,166567201744,166567201994,166567296078,166567321869,166614064306,166567200244,16666666,166567571994,166583266119,166583315619,166583902869,166601786994,15053208,227667,166601786994,166599765161,0,166583902869,
0,43336,166580730974,166580730974,0,166583779911,166583780036,166583850911,166583873411,166630730972,166583778411,16666666,166584999036,166599849453,166599894328,166600907786,166618523494,15492667,112833,166618523494,166617332619,0,166600907786,
0,43344,166597397640,166597397640,0,166600548036,166600548244,166600958369,166600987953,166647397638,166600546578,16666666,166601237869,166617377953,166617418286,166617802953,166641731619,21851667,157333,166641731619,166640427411,0,166617802953,
0,43352,166614064306,166614064306,0,166617889786,166617890078,166618247911,166618281953,166664064304,166617887869,16666666,166618634786,166640467411,166640511744,166640996994,166650845286,7812125,105000,166650845286,166649597119,0,166640996994,
0,43360,166630730972,166630730972,0,166641222161,166641222286,166641373661,166641393869,166680730970,166641220661,16666666,166641634869,166649638369,166649704994,166650127911,166673972536,21401416,185084,166673972536,166672306744,0,166650127911,
0,43368,166647397638,166647397638,0,166650011494,166650011619,166650453786,166650477119,166697397636,166650010161,16666666,166650724869,166672347869,166672390119,166673141036,166684921494,9418583,89583,166684921494,166683495536,0,166673141036,
0,43376,166664064304,166664064304,0,166672810578,166672810703,166672878286,166672900619,166714064302,166672809369,16666666,166673308078,166683538661,166683580328,166684294744,166702418911,15774292,121166,166702418911,166700771828,0,166684294744,
0,43384,166680730970,166680730970,0,166683918203,166683918328,166683985453,166684058453,166730730968,166683916911,16666666,166684270869,166700822869,166700890578,166701494119,166717522703,13454916,236708,166717522703,166715931369,0,166701494119,
0,43392,166697397636,166697397636,0,166701349161,166701349286,166701419494,166701442161,166747397634,166701347994,16666666,166701816411,166715969119,166716072411,166716765453,166734853578,15695667,183959,166734853578,166733283578,0,166716765453,
0,43400,166714064302,166714064302,0,166716725869,166716725994,166716799911,166716820119,166764064300,166716724536,16666666,166716986078,166733321994,166733365078,166733960369,166751164244,14854125,195250,166751164244,166749763619,0,166733960369,
0,43408,166730730968,166730730968,0,166733745911,166733746203,166733814494,166733836578,166780730966,166733744453,16666666,166734066494,166749812703,166749854619,166750256411,166767852453,15442917,104375,166767852453,166766698119,0,166750256411,
0,43416,166747397634,166747397634,0,166750152078,166750152203,166750214953,166750238369,166797397632,166750150453,16666666,166750494119,166766739536,166766786911,166767248078,166785811078,16401958,87084,166785811078,166784308078,0,166767248078,
0,43424,166764064300,166764064300,0,166767101453,166767101578,166767169661,166767191161,166814064298,166767100203,16666666,166767423286,166784355578,166784397286,166785034869,166800458953,13504208,173875,166800458953,166799372453,0,166785034869,
0,43432,166780730966,166780730966,0,166784673953,166784674203,166784717036,166784737953,166797397632,166784672744,16666666,166784956411,166799410786,166799452828,166799853286,164801582035,16511792,107416,164801582035,166817058828,0,166799853286,
---PROFILEDATA---


View hierarchy:

  dev.polski.grammarmatrix.benchmark/dev.polski.grammarmatrix.GlassBenchmarkActivity/android.view.ViewRootImpl@48d03b8
  7 views, 12.08 kB of render nodes


Total ViewRootImpl   : 1
Total attached Views : 7
Total RenderNode     : 12.08 kB (used) / 36.09 kB (capacity)