Applications Graphics Acceleration Info:
Uptime: 162127 Realtime: 162127

** Graphics info for pid 2158 [dev.polski.grammarmatrix.benchmark] **

Stats since: 159535778449ns
Total frames rendered: 156
Janky frames: 0 (0.00%)
Janky frames (legacy): 142 (91.03%)
50th percentile: 19ms
90th percentile: 21ms
95th percentile: 23ms
99th percentile: 27ms
Number Missed Vsync: 0
Number High input latency: 312
Number Slow UI thread: 0
Number Slow bitmap uploads: 0
Number Slow issue draw commands: 0
Number Frame deadline missed: 0
Number Frame deadline missed (legacy): 0
HISTOGRAM: 5ms=0 6ms=0 7ms=0 8ms=0 9ms=0 10ms=0 11ms=0 12ms=0 13ms=0 14ms=0 15ms=0 16ms=0 17ms=1 18ms=6 19ms=72 20ms=51 21ms=13 22ms=5 23ms=1 24ms=3 25ms=0 26ms=2 27ms=2 28ms=0 29ms=0 30ms=0 31ms=0 32ms=0 34ms=0 36ms=0 38ms=0 40ms=0 42ms=0 44ms=0 46ms=0 48ms=0 53ms=0 57ms=0 61ms=0 65ms=0 69ms=0 73ms=0 77ms=0 81ms=0 85ms=0 89ms=0 93ms=0 97ms=0 101ms=0 105ms=0 109ms=0 113ms=0 117ms=0 121ms=0 125ms=0 129ms=0 133ms=0 150ms=0 200ms=0 250ms=0 300ms=0 350ms=0 400ms=0 450ms=0 500ms=0 550ms=0 600ms=0 650ms=0 700ms=0 750ms=0 800ms=0 850ms=0 900ms=0 950ms=0 1000ms=0 1050ms=0 1100ms=0 1150ms=0 1200ms=0 1250ms=0 1300ms=0 1350ms=0 1400ms=0 1450ms=0 1500ms=0 1550ms=0 1600ms=0 1650ms=0 1700ms=0 1750ms=0 1800ms=0 1850ms=0 1900ms=0 1950ms=0 2000ms=0 2050ms=0 2100ms=0 2150ms=0 2200ms=0 2250ms=0 2300ms=0 2350ms=0 2400ms=0 2450ms=0 2500ms=0 2550ms=0 2600ms=0 2650ms=0 2700ms=0 2750ms=0 2800ms=0 2850ms=0 2900ms=0 2950ms=0 3000ms=0 3050ms=0 3100ms=0 3150ms=0 3200ms=0 3250ms=0 3300ms=0 3350ms=0 3400ms=0 3450ms=0 3500ms=0 3550ms=0 3600ms=0 3650ms=0 3700ms=0 3750ms=0 3800ms=0 3850ms=0 3900ms=0 3950ms=0 4000ms=0 4050ms=0 4100ms=0 4150ms=0 4200ms=0 4250ms=0 4300ms=0 4350ms=0 4400ms=0 4450ms=0 4500ms=0 4550ms=0 4600ms=0 4650ms=0 4700ms=0 4750ms=0 4800ms=0 4850ms=0 4900ms=0 4950ms=0
50th gpu percentile: 18ms
90th gpu percentile: 19ms
95th gpu percentile: 20ms
99th gpu percentile: 25ms
GPU HISTOGRAM: 1ms=0 2ms=3 3ms=0 4ms=0 5ms=0 6ms=0 7ms=0 8ms=0 9ms=0 10ms=1 11ms=0 12ms=1 13ms=2 14ms=0 15ms=4 16ms=3 17ms=35 18ms=65 19ms=29 20ms=7 21ms=2 22ms=0 23ms=1 24ms=1 25ms=2 4950ms=0

Pipeline=Skia (OpenGL)
Memory policy:
  Max surface area: 2592000
  Max resource usage: 124.42MB (x48)
  Background retention: 50% (altUiHidden = true)
  GPU Context timeout: 10
Contexts: 1 (stopped = 0)
CPU Caches:
  Glyph Cache: 33.70 KB (1 entry)
  Glyph Count: 11 
Total CPU memory usage:
  34510 bytes, 33.70 KB (0.00 bytes is purgeable)
GPU Caches:
  Other:
    Other: 26.56 KB (1 entry)
    Buffer Object: 36.45 KB (3 entries)
    StencilAttachment: 256.00 KB (1 entry)
  Image:
    Texture: 64.00 bytes (1 entry)
  Scratch:
    RenderTarget: 320.00 KB (1 entry)
    Buffer Object: 80.00 KB (2 entries)
    Texture: 2.00 MB (1 entry)
Total GPU memory usage:
  2833488 bytes, 2.70 MB (388.52 KB is purgeable)

GraphicBufferAllocator buffers:
        Handle |        Size |     W (Stride) x H | Layers |   Format |      Usage | Requestor
0xb400007b63ca54e0 |     unknown | 1080 (   0) x 2400 |      1 |        1 | 0x     b00 | VRI[GlassBenchmarkActivity]#0(BLAST Consumer)0
0xb400007b63cbb470 |     unknown | 1080 (   0) x 2400 |      1 |        1 | 0x     b00 | VRI[GlassBenchmarkActivity]#0(BLAST Consumer)0
0xb400007b63cbe4d0 |     unknown | 1080 (   0) x 2400 |      1 |        1 | 0x     b00 | VRI[GlassBenchmarkActivity]#0(BLAST Consumer)0
Total allocated by GraphicBufferAllocator (estimate): 0.00 KB
GoldfishAllocator::dumpDebugInfo is not implemented
Profile data in ms:

	dev.polski.grammarmatrix.benchmark/dev.polski.grammarmatrix.GlassBenchmarkActivity/android.view.ViewRootImpl@48d03b8 (visibility=0)
Window: dev.polski.grammarmatrix.benchmark/dev.polski.grammarmatrix.GlassBenchmarkActivity
Stats since: 159535777949ns
Total frames rendered: 156
Janky frames: 0 (0.00%)
Janky frames (legacy): 142 (91.03%)
50th percentile: 19ms
90th percentile: 21ms
95th percentile: 23ms
99th percentile: 27ms
Number Missed Vsync: 0
Number High input latency: 312
Number Slow UI thread: 0
Number Slow bitmap uploads: 0
Number Slow issue draw commands: 0
Number Frame deadline missed: 0
Number Frame deadline missed (legacy): 0
HISTOGRAM: 5ms=0 6ms=0 7ms=0 8ms=0 9ms=0 10ms=0 11ms=0 12ms=0 13ms=0 14ms=0 15ms=0 16ms=0 17ms=1 18ms=6 19ms=72 20ms=51 21ms=13 22ms=5 23ms=1 24ms=3 25ms=0 26ms=2 27ms=2 28ms=0 29ms=0 30ms=0 31ms=0 32ms=0 34ms=0 36ms=0 38ms=0 40ms=0 42ms=0 44ms=0 46ms=0 48ms=0 53ms=0 57ms=0 61ms=0 65ms=0 69ms=0 73ms=0 77ms=0 81ms=0 85ms=0 89ms=0 93ms=0 97ms=0 101ms=0 105ms=0 109ms=0 113ms=0 117ms=0 121ms=0 125ms=0 129ms=0 133ms=0 150ms=0 200ms=0 250ms=0 300ms=0 350ms=0 400ms=0 450ms=0 500ms=0 550ms=0 600ms=0 650ms=0 700ms=0 750ms=0 800ms=0 850ms=0 900ms=0 950ms=0 1000ms=0 1050ms=0 1100ms=0 1150ms=0 1200ms=0 1250ms=0 1300ms=0 1350ms=0 1400ms=0 1450ms=0 1500ms=0 1550ms=0 1600ms=0 1650ms=0 1700ms=0 1750ms=0 1800ms=0 1850ms=0 1900ms=0 1950ms=0 2000ms=0 2050ms=0 2100ms=0 2150ms=0 2200ms=0 2250ms=0 2300ms=0 2350ms=0 2400ms=0 2450ms=0 2500ms=0 2550ms=0 2600ms=0 2650ms=0 2700ms=0 2750ms=0 2800ms=0 2850ms=0 2900ms=0 2950ms=0 3000ms=0 3050ms=0 3100ms=0 3150ms=0 3200ms=0 3250ms=0 3300ms=0 3350ms=0 3400ms=0 3450ms=0 3500ms=0 3550ms=0 3600ms=0 3650ms=0 3700ms=0 3750ms=0 3800ms=0 3850ms=0 3900ms=0 3950ms=0 4000ms=0 4050ms=0 4100ms=0 4150ms=0 4200ms=0 4250ms=0 4300ms=0 4350ms=0 4400ms=0 4450ms=0 4500ms=0 4550ms=0 4600ms=0 4650ms=0 4700ms=0 4750ms=0 4800ms=0 4850ms=0 4900ms=0 4950ms=0
50th gpu percentile: 18ms
90th gpu percentile: 19ms
95th gpu percentile: 20ms
99th gpu percentile: 25ms
GPU HISTOGRAM: 1ms=0 2ms=3 3ms=0 4ms=0 5ms=0 6ms=0 7ms=0 8ms=0 9ms=0 10ms=1 11ms=0 12ms=1 13ms=2 14ms=0 15ms=4 16ms=3 17ms=35 18ms=65 19ms=29 20ms=7 21ms=2 22ms=0 23ms=1 24ms=1 25ms=2 4950ms=0



---PROFILEDATA---
Flags,FrameTimelineVsyncId,IntendedVsync,Vsync,InputEventId,HandleInputStart,AnimationStart,PerformTraversalsStart,DrawStart,FrameDeadline,FrameInterval,FrameStartTime,SyncQueued,SyncStart,IssueDrawCommandsStart,SwapBuffers,FrameCompleted,DequeueBufferDuration,QueueBufferDuration,GpuCompleted,SwapBuffersCompleted,DisplayPresentTime,CommandSubmissionCompleted,
0,40227,160130731232,160130731232,0,160131843783,160131844741,160132329408,160132376949,160180731230,160131840366,16666666,160132754283,160133432283,160133484199,160133954574,160151338033,15200625,220042,160151338033,160149944408,0,160133954574,
0,40235,160147397898,160147397898,0,160148704616,160148705158,160148928699,160148959658,160197397896,160148701449,16666666,160149282324,160149966741,160150045283,160150468658,160170083158,17248541,279250,160170083158,160168641908,0,160150468658,
0,40243,160164064564,160164064564,0,160166319699,160166320533,160166895283,160166933866,160214064562,160166316533,16666666,160167313866,160168671533,160168716574,160169177491,160185382574,13642500,136084,160185382574,160183779658,0,160169177491,
0,40251,160180731230,160180731230,0,160182154241,160182154949,160182300699,160182323991,160230731228,160182151324,16666666,160182517116,160183810908,160183849408,160184596158,160201698283,14450125,127417,160201698283,160199892283,0,160184596158,
0,40259,160197397896,160197397896,0,160198462241,160198463200,160198617991,160198641783,160247397894,160198459283,16666666,160198896158,160199913450,160199953200,160200682366,160218616450,15320625,143291,160218616450,160217084075,0,160200682366,
0,40267,160214064562,160214064562,0,160215017116,160215017908,160215206991,160215232783,160264064560,160215013825,16666666,160215755241,160217147116,160217195950,160217631533,160236414283,16044042,123042,160236414283,160234763033,0,160217631533,
0,40275,160230731228,160230731228,0,160232490700,160232491575,160232666700,160232693533,160280731226,160232486950,16666666,160232994991,160234797158,160234840908,160235277116,160251828700,13849709,450375,160251828700,160250373075,0,160235277116,
0,40283,160247397894,160247397894,0,160249303825,160249304575,160249515908,160249541075,160297397892,160249280700,16666666,160249808950,160250406450,160250446908,160251089783,160267692908,14707333,136167,160267692908,160266595366,0,160251089783,
0,40291,160264064560,160264064560,0,160265315533,160265316200,160265502366,160265530241,160314064558,160265311825,16666666,160265929908,160266618241,160266654950,160267029908,160285321658,15905375,65541,160285321658,160283644866,0,160267029908,
0,40299,160280731226,160280731226,0,160282039158,160282039991,160282194283,160282219116,160330731224,160282035700,16666666,160282469366,160283670241,160283737033,160284262200,160301154325,14410750,247708,160301154325,160299804325,0,160284262200,
0,40307,160297397892,160297397892,0,160298184658,160298185241,160298326325,160298353033,160347397890,160298181533,16666666,160298870825,160299825783,160299865408,160300510450,160318013033,15386791,104542,160318013033,160316607200,0,160300510450,
0,40315,160314064558,160314064558,0,160315075825,160315076408,160315219783,160315263283,160364064556,160315073408,16666666,160315618408,160316635283,160316676575,160317124075,160334771908,15123666,153833,160334771908,160333200575,0,160317124075,
0,40323,160330731224,160330731224,0,160331405741,160331406575,160331699283,160331726241,160380731222,160331402658,16666666,160332167616,160333223783,160333265450,160333847908,160358037783,21569083,270916,160358037783,160356411491,0,160333847908,
0,40331,160347397890,160347397890,0,160354515700,160354516283,160354753783,160354788616,160397397888,160354512325,16666666,160355400575,160356443116,160356504491,160356977325,160368379158,8717791,227333,160368379158,160366838241,0,160356977325,
0,40339,160364064556,160364064556,0,160365019075,160365019783,160365238116,160365270241,160414064554,160365015741,16666666,160365551950,160366879533,160366928491,160367380241,160384173408,14407792,290333,160384173408,160382845325,0,160367380241,
0,40347,160380731222,160380731222,0,160381480158,160381480658,160381638991,160381683325,160430731220,160381477283,16666666,160382010575,160382869283,160382906616,160383316616,160407642116,21807625,304375,160407642116,160406058491,0,160383316616,
0,40355,160397397888,160397397888,0,160403026991,160403027575,160403289908,160403316658,160447397886,160403023533,16666666,160403605283,160406101616,160406165241,160406699866,160419090075,9264583,167416,160419090075,160416985741,0,160406699866,
0,40363,160414064554,160414064554,0,160414970408,160414970950,160415126366,160415152116,160464064552,160414967575,16666666,160415451491,160417029241,160417092866,160418153533,160434872158,14319541,170958,160434872158,160433470450,0,160418153533,
0,40371,160430731220,160430731220,0,160432302075,160432302991,160432488075,160432529783,160480731218,160432298450,16666666,160432859950,160433487741,160433559991,160434141450,160451822158,15522750,179833,160451822158,160450457366,0,160434141450,
0,40379,160447397886,160447397886,0,160449230908,160449231700,160449441325,160449469991,160497397884,160449227575,16666666,160449777658,160450493658,160450517325,160451062033,160469377200,15609458,158209,160469377200,160467518658,0,160451062033,
0,40387,160464064552,160464064552,0,160465052741,160465053783,160465832033,160465866491,160514064550,160465049200,16666666,160466516783,160467558241,160467629241,160468171700,160484900450,13693792,438125,160484900450,160483159575,0,160468171700,
0,40395,160480731218,160480731218,0,160481535783,160481538033,160481756116,160481787366,160530731216,160481510616,16666666,160482076950,160483204616,160483274200,160483796741,160501620241,15028333,300000,160501620241,160499998658,0,160483796741,
0,40403,160497397884,160497397884,0,160498680075,160498680658,160498836616,160498862491,160547397882,160498677075,16666666,160499282575,160500221491,160500306116,160500794283,160518051033,15084000,309375,160518051033,160516760283,0,160500794283,
0,40411,160514064550,160514064550,0,160515062825,160515063741,160515289283,160515319533,160564064548,160515059033,16666666,160515812700,160516784325,160516821741,160517374075,160535046533,15550000,276291,160535046533,160533656200,0,160517374075,
0,40419,160530731216,160530731216,0,160532221866,160532222741,160532547116,160532582408,160580731214,160532218491,16666666,160532865366,160533683075,160533724866,160534141200,160550798450,14523125,202917,160550798450,160549620325,0,160534141200,
0,40427,160547397882,160547397882,0,160548228575,160548229450,160548544783,160548572033,160597397880,160548225366,16666666,160548785700,160549653325,160549692866,160550106200,160568407116,15874625,223250,160568407116,160566814325,0,160550106200,
0,40435,160564064548,160564064548,0,160565265283,160565266158,160565550158,160565582241,160614064546,160565261950,16666666,160565886283,160566838075,160566880450,160567468908,160585265950,14989708,318541,160585265950,160583470616,0,160567468908,
0,40443,160580731214,160580731214,0,160581855158,160581856200,160582078741,160582108116,160630731212,160581851408,16666666,160582447116,160583514825,160583569366,160584366491,160602059866,14607625,223708,160602059866,160599933450,0,160584366491,
0,40451,160597397880,160597397880,0,160598383616,160598384158,160598551200,160598575075,160647397878,160598380491,16666666,160598886616,160600231075,160600422575,160600939450,160619906116,16285208,249541,160619906116,160618412325,0,160600939450,
0,40459,160614064546,160614064546,0,160617122075,160617122783,160617307741,160617336241,160664064544,160617118616,16666666,160617637033,160618442033,160618481283,160618882116,160634708575,13288291,224875,160634708575,160633269491,0,160618882116,
0,40467,160630731212,160630731212,0,160631504075,160631504866,160631730991,160631812741,160680731210,160631500658,16666666,160632388908,160633305491,160633368616,160633901866,160651422616,15130500,247709,160651422616,160649913533,0,160633901866,
0,40475,160647397878,160647397878,0,160648388158,160648388866,160648575116,160648604741,160697397876,160648385241,16666666,160648924200,160649950950,160649993866,160650574825,160668941450,15876875,320459,160668941450,160667363741,0,160650574825,
0,40483,160664064544,160664064544,0,160665648700,160665649325,160665794283,160665820283,160714064542,160665645700,16666666,160666134658,160667389908,160667431408,160667882075,160682719033,13722500,270625,160668951658,160682719033,0,160667882075,
0,40491,160680731210,160680731210,0,160681426658,160681427283,160681606616,160681631950,160730731208,160681423575,16666666,160681917366,160682740241,160682779491,160683572450,160701986075,15819291,253833,160701986075,160700384241,0,160683572450,
0,40499,160697397876,160697397876,0,160698533075,160698533741,160698675866,160698699783,160747397874,160698530241,16666666,160698969741,160700412991,160700454283,160700888408,160718351325,14633958,301709,160718351325,160716700408,0,160700888408,
0,40507,160714064542,160714064542,0,160714877116,160714877700,160715025658,160715080616,160764064540,160714873866,16666666,160715445783,160716730783,160716769950,160717390575,160735935700,16156625,338333,160735935700,160734567866,0,160717390575,
0,40515,160730731208,160730731208,0,160732857408,160732858158,160733017075,160733041491,160780731206,160732854158,16666666,160733285241,160734592700,160734632408,160735080741,160751315908,13949042,308459,160751315908,160749940700,0,160735080741,
0,40523,160747397874,160747397874,0,160749274075,160749274950,160749498325,160749719908,160797397872,160749270533,16666666,160750008658,160750181950,160750216158,160750590033,160768204075,15180667,200708,160768204075,160766545741,0,160750590033,
0,40531,160764064540,160764064540,0,160764822325,160764823241,160764969450,160764992116,160814064538,160764818825,16666666,160765437283,160766568575,160766607825,160767222991,160785823408,15532959,429084,160785823408,160783827533,0,160767222991,
0,40539,160780731206,160780731206,0,160782368616,160782369366,160782683075,160782709908,160830731204,160782365241,16666666,160783000241,160783854450,160783892950,160784806991,160802241700,14791500,465833,160802241700,160800713408,0,160784806991,
0,40547,160797397872,160797397872,0,160798478658,160798479533,160799585033,160799624158,160847397870,160798475408,16666666,160800281033,160800747200,160800799408,160801275658,160818643908,14859625,304125,160818643908,160817195533,0,160801275658,
0,40555,160814064538,160814064538,0,160815404075,160815404908,160815566325,160815591658,160864064536,160815400700,16666666,160815849825,160817239491,160817304491,160817839450,160835119783,14351708,292792,160835119783,160833060741,0,160817839450,
0,40563,160830731204,160830731204,0,160831799116,160831799658,160831943991,160831967575,160880731202,160831795950,16666666,160832497658,160833077908,160833115741,160833719033,160850420450,15234291,503000,160835132783,160850420450,0,160833719033,
0,40571,160847397870,160847397870,0,160849868658,160849869325,160850020991,160850048241,160897397868,160849865366,16666666,160850323075,160850440408,160850476991,160850919908,160867637116,14345750,132125,160867637116,160866184158,0,160850919908,
0,40579,160864064536,160864064536,0,160864913700,160864914741,160865154075,160865186366,160914064534,160864910116,16666666,160865594575,160866207866,160866275575,160866718158,160885000033,15986333,132333,160885000033,160883679241,0,160866718158,
0,40587,160880731202,160880731202,0,160882388200,160882388700,160882534283,160882558200,160930731200,160882385075,16666666,160882814825,160883712616,160883758283,160884421616,160901207367,14727875,148042,160901207367,160899798283,0,160884421616,
0,40595,160897397868,160897397868,0,160898448575,160898449408,160898833908,160898885408,160947397866,160898445575,16666666,160899108992,160899852908,160899891450,160900411992,160918560450,16157708,110125,160918560450,160917418158,0,160900411992,
0,40603,160914064534,160914064534,0,160915726075,160915726867,160915949367,160915979825,160964064532,160915722325,16666666,160916358033,160917446742,160917484825,160917895950,160934378825,14676750,141833,160934378825,160933292408,0,160917895950,
0,40611,160930731200,160930731200,0,160931675867,160931676617,160931979658,160932120700,160980731198,160931672200,16666666,160932403200,160933311117,160933350033,160933786200,160951403658,15828167,100209,160951403658,160950258158,0,160933786200,
0,40619,160947397866,160947397866,0,160948916117,160948916825,160949070700,160949096367,160997397864,160948912450,16666666,160949349575,160950282283,160950328450,160950724783,160967690283,15189833,158708,160967690283,160966656325,0,160950724783,
0,40627,160964064532,160964064532,0,160965092158,160965092825,160965370075,160965395367,161014064530,160965089075,16666666,160966008825,160966673575,160966711617,160967100033,160984557950,15455959,85375,160984557950,160983213617,0,160967100033,
0,40635,160980731198,160980731198,0,160981637783,160981638617,160981770867,160981794950,161030731196,160981634367,16666666,160982124325,160983253658,160983293825,160983739450,161001436075,15143500,120750,161001436075,160999793700,0,160983739450,
0,40643,160997397864,160997397864,0,160998216450,160998217075,160998479908,160998519158,161047397862,160998213533,16666666,160998857492,160999819158,160999861450,161000803117,161017663783,15040083,132834,161017663783,161016534742,0,161000803117,
0,40651,161014064530,161014064530,0,161014872992,161014873617,161015040575,161015074200,161064064528,161014869950,16666666,161015317367,161016564533,161016604533,161017022367,161034507950,15642500,106750,161034507950,161033360575,0,161017022367,
0,40659,161030731196,161030731196,0,161032138450,161032139117,161032332408,161032361742,161080731194,161032135242,16666666,161032670992,161033381783,161033425242,161033898075,161051541075,15833584,107292,161051541075,161050396867,0,161033898075,
0,40667,161047397862,161047397862,0,161048719492,161048720325,161048872033,161048898908,161097397860,161048716158,16666666,161049172783,161050425867,161050466033,161050889742,161068268158,14904292,109167,161068268158,161066499200,0,161050889742,
0,40675,161064064528,161064064528,0,161065019075,161065019700,161065215742,161065243283,161114064526,161065015658,16666666,161065714200,161066521533,161066683533,161067102408,161085643908,15648000,114708,161085643908,161083971450,0,161067102408,
0,40683,161080731194,161080731194,0,161082063575,161082064242,161082204200,161082227325,161130731192,161082060658,16666666,161082443533,161084379117,161084420242,161084994033,161101185617,14037125,152750,161101185617,161099758867,0,161084994033,
0,40691,161097397860,161097397860,0,161098450242,161098450950,161098712908,161098758200,161147397858,161098447367,16666666,161099032242,161099782992,161099822825,161100580117,161118344367,16002000,108375,161118344367,161117241950,0,161100580117,
0,40699,161114064526,161114064526,0,161115090992,161115091575,161115245617,161115268117,161164064524,161115087950,16666666,161115539117,161117268950,161117306742,161117760242,161135416908,15248417,101417,161135416908,161133662200,0,161117760242,
0,40707,161130731192,161130731192,0,161131796492,161131797533,161132328658,161132361325,161180731190,161131793075,16666666,161132748408,161133697408,161133755242,161134327658,161152764117,15379208,159792,161152764117,161150855075,0,161134327658,
0,40715,161147397858,161147397858,0,161149388117,161149388950,161149568492,161149596367,161197397856,161149384283,16666666,161149883617,161150888325,161150959575,161151378033,161167754700,13683625,862916,161167754700,161166511825,0,161151378033,
0,40723,161164064524,161164064524,0,161165050867,161165051408,161165480367,161165520575,161214064522,161165047825,16666666,161165887408,161166535825,161166618908,161167148242,161184569033,15262625,108792,161184569033,161183114033,0,161167148242,
0,40731,161180731190,161180731190,0,161181997158,161181998033,161182312992,161182342992,161230731188,161181993117,16666666,161182613700,161183134908,161183172283,161183613700,161201382783,15686292,183083,161201382783,161200311117,0,161183613700,
0,40739,161197397856,161197397856,0,161198852825,161198853492,161199358908,161199384867,161247397854,161198846033,16666666,161199637450,161200331783,161200369783,161200782242,161218344242,15599166,97792,161218344242,161217056533,0,161200782242,
0,40747,161214064522,161214064522,0,161215509367,161215509992,161215716950,161215759408,161264064520,161215506325,16666666,161216320033,161217077492,161217116158,161217824242,161235569783,15458458,101333,161235569783,161233903117,0,161217824242,
0,40755,161230731188,161230731188,0,161232223325,161232224200,161232376533,161232401283,161280731186,161232219992,16666666,161232669783,161233933867,161233984158,161234676450,161251757658,14735208,194833,161251757658,161250361867,0,161234676450,
0,40763,161247397854,161247397854,0,161248423117,161248424117,161248855158,161248888658,161297397852,161248419617,16666666,161249212408,161250394742,161250435950,161250894408,161267669825,14608417,138875,161267669825,161266471617,0,161250894408,
0,40771,161264064520,161264064520,0,161265009992,161265010700,161265181658,161265204908,161314064518,161265006950,16666666,161265422783,161266492367,161266532700,161266969367,161285606158,16155375,120667,161285606158,161283889325,0,161266969367,
0,40779,161280731186,161280731186,0,161282344408,161282345325,161282538075,161282564658,161330731184,161282341367,16666666,161282781533,161283923658,161283968117,161284846742,161301857950,15064125,174458,161301857950,161300729075,0,161284846742,
0,40787,161297397852,161297397852,0,161298284158,161298284700,161298423158,161298445867,161347397850,161298281367,16666666,161298679992,161300762117,161300802492,161301220867,161317827450,14768709,90459,161317827450,161316676950,0,161301220867,
0,40795,161314064518,161314064518,0,161314909492,161314910117,161315152367,161315197325,161364064516,161314905742,16666666,161315587367,161316702200,161316741950,161317148950,161334746283,15424208,90167,161334746283,161333328783,0,161317148950,
0,40803,161330731184,161330731184,0,161331547450,161331548325,161331849950,161331876742,161380731182,161331544575,16666666,161332408742,161333356533,161333399033,161333861658,161351394408,15382791,134250,161351394408,161350241825,0,161333861658,
0,40811,161347397850,161347397850,0,161348705658,161348706325,161348862367,161348888325,161397397848,161348702492,16666666,161349182325,161350269158,161350308158,161350705533,161370819992,17557875,118708,161370819992,161369112283,0,161350705533,
0,40819,161364064516,161364064516,0,161367121492,161367122533,161367415825,161367449492,161414064514,161367117575,16666666,161367823408,161369156492,161369199033,161369604158,161384602283,12293334,130083,161384602283,161383217075,0,161369604158,
0,40827,161380731182,161380731182,0,161381913908,161381914450,161382096158,161382128283,161430731180,161381911242,16666666,161382366825,161383241117,161383280867,161383737533,161401663700,15295208,128541,161401663700,161399953075,0,161383737533,
0,40835,161397397848,161397397848,0,161398297242,161398298117,161398549908,161398599408,161447397846,161398294033,16666666,161399023367,161399980117,161400071492,161400942742,161418786533,15960709,142542,161418786533,161417690825,0,161400942742,
0,40843,161414064514,161414064514,0,161415552075,161415552867,161415725408,161415751992,161464064512,161415548283,16666666,161416193492,161417726242,161417766783,161418176033,161435119450,15063083,95083,161435119450,161433900492,0,161418176033,
0,40851,161430731180,161430731180,0,161432725825,161432726658,161432930825,161432957700,161480731178,161432722658,16666666,161433303825,161433927283,161433970908,161434484367,161452188117,15595333,119666,161452188117,161450774450,0,161434484367,
0,40859,161447397846,161447397846,0,161449222200,161449222950,161449414575,161449443367,161497397844,161449218742,16666666,161449707700,161450806242,161450860825,161451295908,161468673075,15233250,260166,161468673075,161467502575,0,161451295908,
0,40867,161464064512,161464064512,0,161465875408,161465876325,161466200783,161466231992,161514064510,161465871992,16666666,161466512492,161467530908,161467585533,161467982075,161486778575,16594292,88167,161486778575,161485346658,0,161467982075,
0,40875,161480731178,161480731178,0,161483563617,161483564200,161483720283,161483767408,161530731176,161483560158,16666666,161484449742,161485375033,161485411742,161485984492,161501556867,13419500,126333,161501556867,161500291617,0,161485984492,
0,40883,161497397844,161497397844,0,161498784950,161498785783,161499101450,161499128492,161547397842,161498781658,16666666,161499468783,161500325408,161500404783,161500818742,161518733200,15874709,243875,161518733200,161517492075,0,161500818742,
0,40891,161514064510,161514064510,0,161515196783,161515197658,161515484408,161515516950,161564064508,161515193325,16666666,161515873575,161517530158,161517570742,161518078367,161535090742,15000666,111458,161535090742,161533786992,0,161518078367,
0,40899,161530731176,161530731176,0,161532829325,161532830242,161533051992,161533080867,161580731174,161532825825,16666666,161533345867,161533804408,161533896117,161534305908,161551819117,15490375,119500,161551819117,161550696200,0,161534305908,
0,40907,161547397842,161547397842,0,161548900033,161548900992,161549207908,161549232825,161597397840,161548896617,16666666,161549507158,161550746867,161550789200,161551211325,161567893742,14852667,106792,161567893742,161566776658,0,161551211325,
0,40915,161564064508,161564064508,0,161565199658,161565200200,161565453325,161565482075,161614064506,161565196867,16666666,161565840617,161566797242,161566836700,161567269325,161585544575,16442333,105250,161585544575,161584408200,0,161567269325,
0,40923,161580731174,161580731174,0,161581959200,161581960117,161582432533,161582460950,161630731172,161581955825,16666666,161582884908,161584443158,161584485658,161584931617,161601475659,14523584,103666,161601475659,161600358409,0,161584931617,
0,40931,161597397840,161597397840,0,161598656617,161598657325,161598900159,161598925825,161647397838,161598653617,16666666,161599195075,161600380825,161600423034,161600845992,161617763742,15056792,102292,161617763742,161616582367,0,161600845992,
0,40939,161614064506,161614064506,0,161614913950,161614914784,161615159992,161615192117,161664064504,161614877784,16666666,161615506784,161616609325,161616708867,161617117700,161634396492,15509500,95708,161634396492,161633318784,0,161617117700,
0,40947,161630731172,161630731172,0,161631720409,161631721075,161631954325,161631983325,161680731170,161631717284,16666666,161632511700,161633339492,161633377909,161633805200,161651369992,15654458,93500,161651369992,161650105534,0,161633805200,
0,40955,161647397838,161647397838,0,161649173450,161649173992,161649530950,161649556659,161697397836,161649170534,16666666,161649740159,161650125075,161650212784,161650636784,161668781367,15516708,104666,161668781367,161666937450,0,161650636784,
0,40963,161664064504,161664064504,0,161665850117,161665850950,161666009950,161666036034,161714064502,161665846992,16666666,161666303534,161666957784,161667022992,161667445284,161684907284,14677291,86958,161684907284,161683545784,0,161667445284,
0,40971,161680731170,161680731170,0,161682805534,161682806367,161682986367,161683013200,161730731168,161682802034,16666666,161683290200,161683566659,161683606742,161684300992,161701946950,15183292,102958,161701946950,161700425075,0,161684300992,
0,40979,161697397836,161697397836,0,161698472200,161698472742,161698612409,161698722992,161747397834,161698469200,16666666,161699083075,161700614075,161700685200,161701336075,161718498034,15311666,120875,161718498034,161717319117,0,161701336075,
0,40987,161714064502,161714064502,0,161714855909,161714856534,161715241992,161715268742,161764064500,161714852867,16666666,161715561284,161717353617,161717394867,161717807075,161734309825,14624083,126750,161734309825,161733187284,0,161717807075,
0,40995,161730731168,161730731168,0,161731558450,161731559200,161731813575,161731850034,161780731166,161731554575,16666666,161732427992,161733208117,161733248075,161733694867,161751646075,15901542,107250,161751646075,161750259575,0,161733694867,
0,41003,161747397834,161747397834,0,161748899700,161748900534,161749076159,161749102242,161797397832,161748896325,16666666,161749342909,161750284284,161750326284,161750782325,161767715409,14897542,121417,161767715409,161766606450,0,161750782325,
0,41011,161764064500,161764064500,0,161765121367,161765122242,161765261700,161765288284,161814064498,161765117575,16666666,161765564367,161766633409,161766675867,161767072242,161784527075,15295833,104791,161784527075,161783124700,0,161767072242,
0,41019,161780731166,161780731166,0,161781367492,161781367992,161781724159,161781765450,161830731164,161781364575,16666666,161782123909,161783176617,161783371325,161783801617,161800973117,14950959,120333,161800973117,161799531034,0,161783801617,
0,41027,161797397832,161797397832,0,161798374367,161798375034,161798563867,161798589284,161847397830,161798370992,16666666,161798900242,161799555742,161799617867,161800119617,161817601367,14995709,119834,161817601367,161816193825,0,161800119617,
0,41035,161814064498,161814064498,0,161814760325,161814760867,161814897575,161814919950,161864064496,161814757909,16666666,161815171284,161816218825,161816241909,161816724534,161834312659,15506708,136500,161834312659,161833160825,0,161816724534,
0,41043,161830731164,161830731164,0,161831957075,161831957617,161832458742,161832497034,161880731162,161831954284,16666666,161832707325,161833181825,161833223575,161833622367,161851183450,15686208,115625,161851183450,161850056242,0,161833622367,
0,41051,161847397830,161847397830,0,161848308992,161848309575,161848452242,161848475784,161897397828,161848305742,16666666,161848781325,161850082950,161850164159,161850590992,161868517700,15683292,96333,161868517700,161866973742,0,161850590992,
0,41059,161864064496,161864064496,0,161865682784,161865683367,161865814409,161865837242,161914064494,161865679909,16666666,161866079575,161866988992,161867025909,161867432867,161884184825,14325084,201375,161884184825,161882933117,0,161867432867,
0,41067,161880731162,161880731162,0,161881808700,161881809200,161881943575,161881973617,161930731160,161881805992,16666666,161882244284,161882954825,161882992242,161883421700,161900868867,15205459,119875,161900868867,161899438867,0,161883421700,
0,41075,161897397828,161897397828,0,161897937117,161897937617,161898128992,161898152659,161947397826,161897934242,16666666,161898426409,161899458867,161899497992,161899902534,161918930534,16206042,134250,161918930534,161917141867,0,161899902534,
0,41083,161914064494,161914064494,0,161915210409,161915211367,161915394700,161915422950,161964064492,161915207575,16666666,161915741617,161917171325,161917215617,161917868325,161935043992,14839541,151250,161935043992,161933884492,0,161917868325,
0,41091,161930731160,161930731160,0,161932718575,161932719409,161932893992,161932920492,161980731158,161932715242,16666666,161933245534,161933909117,161933948367,161934343950,161952606742,16247500,120416,161952606742,161951348325,0,161934343950,
0,41099,161947397826,161947397826,0,161948563992,161948564867,161949100450,161949132659,161997397824,161948560534,16666666,161950375284,161951377284,161951415450,161951823617,161968806909,14614666,257458,161968806909,161967276492,0,161951823617,
0,41107,161964064492,161964064492,0,161966448742,161966449742,161966633825,161966660575,162014064490,161966444992,16666666,161967095659,161967290992,161967334950,161967755034,161985088075,14727625,213666,161985088075,161983616034,0,161967755034,
0,41115,161980731158,161980731158,0,161981315409,161981315909,161981530867,161981731867,162030731156,161981312492,16666666,161982095117,161983660617,161983720200,161984554992,162000955159,14421167,99125,162000955159,161999661284,0,161984554992,
0,41123,161997397824,161997397824,0,161998512075,161998512825,161998697034,161998725867,162047397822,161998508825,16666666,161999009867,161999690284,161999732409,162000194992,162018434992,16107833,148500,162018434992,162017114742,0,162000194992,
0,41131,162014064490,162014064490,0,162015244867,162015245367,162015403992,162015427367,162064064488,162015241617,16666666,162015691034,162017142909,162017181742,162017597159,162035662700,15795166,102042,162035662700,162034281117,0,162017597159,
0,41139,162030731156,162030731156,0,162032411034,162032411784,162032550242,162032574992,162080731154,162032408700,16666666,162032933825,162034305742,162034343159,162034787742,162052111534,15059417,121917,162052111534,162050812659,0,162034787742,
0,41147,162047397822,162047397822,0,162049086617,162049087492,162049236992,162049261700,162097397820,162049082909,16666666,162049542700,162050841909,162050881117,162051405075,162067752742,14255125,159834,162067752742,162066415825,0,162051405075,
0,41155,162064064488,162064064488,0,162065230575,162065231409,162065416617,162065442409,162114064486,162065227367,16666666,162065764867,162066433742,162066471159,162066860867,162085504617,16323541,156000,162085504617,162084133784,0,162066860867,
0,41163,162080731154,162080731154,0,162082009367,162082010409,162082228742,162082259784,162130731152,162082005492,16666666,162082646409,162084167325,162084223200,162084865075,162101419825,14194292,95042,162101419825,162099749034,0,162084865075,
0,41171,162097397820,162097397820,0,162098255075,162098255992,162098455700,162098483075,162147397818,162098251659,16666666,162098822742,162099776450,162099843909,162100685242,162118260659,14783667,193750,162118260659,162116295534,0,162100685242,
0,41179,162114064486,162114064486,0,162114894534,162114895492,162115112909,162115151034,162130731152,162114891367,16666666,162115646700,162116328034,162116556534,162117189825,160134690741,15646041,157458,160134690741,162133963409,0,162117189825,
---PROFILEDATA---


View hierarchy:

  dev.polski.grammarmatrix.benchmark/dev.polski.grammarmatrix.GlassBenchmarkActivity/android.view.ViewRootImpl@48d03b8
  7 views, 12.08 kB of render nodes


Total ViewRootImpl   : 1
Total attached Views : 7
Total RenderNode     : 12.08 kB (used) / 36.09 kB (capacity)