Applications Graphics Acceleration Info:
Uptime: 152761 Realtime: 152761

** Graphics info for pid 2158 [dev.polski.grammarmatrix.benchmark] **

Stats since: 150175090778ns
Total frames rendered: 155
Janky frames: 0 (0.00%)
Janky frames (legacy): 0 (0.00%)
50th percentile: 17ms
90th percentile: 18ms
95th percentile: 19ms
99th percentile: 23ms
Number Missed Vsync: 0
Number High input latency: 310
Number Slow UI thread: 0
Number Slow bitmap uploads: 0
Number Slow issue draw commands: 0
Number Frame deadline missed: 0
Number Frame deadline missed (legacy): 0
HISTOGRAM: 5ms=12 6ms=0 7ms=1 8ms=0 9ms=0 10ms=0 11ms=0 12ms=0 13ms=0 14ms=0 15ms=0 16ms=22 17ms=94 18ms=16 19ms=7 20ms=0 21ms=0 22ms=0 23ms=3 24ms=0 25ms=0 26ms=0 27ms=0 28ms=0 29ms=0 30ms=0 31ms=0 32ms=0 34ms=0 36ms=0 38ms=0 40ms=0 42ms=0 44ms=0 46ms=0 48ms=0 53ms=0 57ms=0 61ms=0 65ms=0 69ms=0 73ms=0 77ms=0 81ms=0 85ms=0 89ms=0 93ms=0 97ms=0 101ms=0 105ms=0 109ms=0 113ms=0 117ms=0 121ms=0 125ms=0 129ms=0 133ms=0 150ms=0 200ms=0 250ms=0 300ms=0 350ms=0 400ms=0 450ms=0 500ms=0 550ms=0 600ms=0 650ms=0 700ms=0 750ms=0 800ms=0 850ms=0 900ms=0 950ms=0 1000ms=0 1050ms=0 1100ms=0 1150ms=0 1200ms=0 1250ms=0 1300ms=0 1350ms=0 1400ms=0 1450ms=0 1500ms=0 1550ms=0 1600ms=0 1650ms=0 1700ms=0 1750ms=0 1800ms=0 1850ms=0 1900ms=0 1950ms=0 2000ms=0 2050ms=0 2100ms=0 2150ms=0 2200ms=0 2250ms=0 2300ms=0 2350ms=0 2400ms=0 2450ms=0 2500ms=0 2550ms=0 2600ms=0 2650ms=0 2700ms=0 2750ms=0 2800ms=0 2850ms=0 2900ms=0 2950ms=0 3000ms=0 3050ms=0 3100ms=0 3150ms=0 3200ms=0 3250ms=0 3300ms=0 3350ms=0 3400ms=0 3450ms=0 3500ms=0 3550ms=0 3600ms=0 3650ms=0 3700ms=0 3750ms=0 3800ms=0 3850ms=0 3900ms=0 3950ms=0 4000ms=0 4050ms=0 4100ms=0 4150ms=0 4200ms=0 4250ms=0 4300ms=0 4350ms=0 4400ms=0 4450ms=0 4500ms=0 4550ms=0 4600ms=0 4650ms=0 4700ms=0 4750ms=0 4800ms=0 4850ms=0 4900ms=0 4950ms=0
50th gpu percentile: 15ms
90th gpu percentile: 17ms
95th gpu percentile: 17ms
99th gpu percentile: 22ms
GPU HISTOGRAM: 1ms=0 2ms=11 3ms=2 4ms=0 5ms=0 6ms=0 7ms=0 8ms=1 9ms=0 10ms=2 11ms=0 12ms=3 13ms=4 14ms=13 15ms=58 16ms=45 17ms=12 18ms=0 19ms=1 20ms=0 21ms=0 22ms=3 23ms=0 24ms=0 25ms=0 4950ms=0

Pipeline=Skia (OpenGL)
Memory policy:
  Max surface area: 2592000
  Max resource usage: 124.42MB (x48)
  Background retention: 50% (altUiHidden = true)
  GPU Context timeout: 10
Contexts: 1 (stopped = 0)
CPU Caches:
  Glyph Cache: 33.70 KB (1 entry)
  Glyph Count: 11 
Total CPU memory usage:
  34510 bytes, 33.70 KB (0.00 bytes is purgeable)
GPU Caches:
  Other:
    Other: 26.56 KB (1 entry)
    StencilAttachment: 256.00 KB (1 entry)
    Buffer Object: 36.45 KB (3 entries)
  Image:
    Texture: 64.00 bytes (1 entry)
  Scratch:
    Buffer Object: 80.00 KB (2 entries)
    Texture: 2.00 MB (1 entry)
Total GPU memory usage:
  2505808 bytes, 2.39 MB (324.52 KB is purgeable)

GraphicBufferAllocator buffers:
        Handle |        Size |     W (Stride) x H | Layers |   Format |      Usage | Requestor
0xb400007b63ca54e0 |     unknown | 1080 (   0) x 2400 |      1 |        1 | 0x     b00 | VRI[GlassBenchmarkActivity]#0(BLAST Consumer)0
0xb400007b63cbb470 |     unknown | 1080 (   0) x 2400 |      1 |        1 | 0x     b00 | VRI[GlassBenchmarkActivity]#0(BLAST Consumer)0
0xb400007b63cbe4d0 |     unknown | 1080 (   0) x 2400 |      1 |        1 | 0x     b00 | VRI[GlassBenchmarkActivity]#0(BLAST Consumer)0
Total allocated by GraphicBufferAllocator (estimate): 0.00 KB
GoldfishAllocator::dumpDebugInfo is not implemented
Profile data in ms:

	dev.polski.grammarmatrix.benchmark/dev.polski.grammarmatrix.GlassBenchmarkActivity/android.view.ViewRootImpl@48d03b8 (visibility=0)
Window: dev.polski.grammarmatrix.benchmark/dev.polski.grammarmatrix.GlassBenchmarkActivity
Stats since: 150175090528ns
Total frames rendered: 155
Janky frames: 0 (0.00%)
Janky frames (legacy): 0 (0.00%)
50th percentile: 17ms
90th percentile: 18ms
95th percentile: 19ms
99th percentile: 23ms
Number Missed Vsync: 0
Number High input latency: 310
Number Slow UI thread: 0
Number Slow bitmap uploads: 0
Number Slow issue draw commands: 0
Number Frame deadline missed: 0
Number Frame deadline missed (legacy): 0
HISTOGRAM: 5ms=12 6ms=0 7ms=1 8ms=0 9ms=0 10ms=0 11ms=0 12ms=0 13ms=0 14ms=0 15ms=0 16ms=22 17ms=94 18ms=16 19ms=7 20ms=0 21ms=0 22ms=0 23ms=3 24ms=0 25ms=0 26ms=0 27ms=0 28ms=0 29ms=0 30ms=0 31ms=0 32ms=0 34ms=0 36ms=0 38ms=0 40ms=0 42ms=0 44ms=0 46ms=0 48ms=0 53ms=0 57ms=0 61ms=0 65ms=0 69ms=0 73ms=0 77ms=0 81ms=0 85ms=0 89ms=0 93ms=0 97ms=0 101ms=0 105ms=0 109ms=0 113ms=0 117ms=0 121ms=0 125ms=0 129ms=0 133ms=0 150ms=0 200ms=0 250ms=0 300ms=0 350ms=0 400ms=0 450ms=0 500ms=0 550ms=0 600ms=0 650ms=0 700ms=0 750ms=0 800ms=0 850ms=0 900ms=0 950ms=0 1000ms=0 1050ms=0 1100ms=0 1150ms=0 1200ms=0 1250ms=0 1300ms=0 1350ms=0 1400ms=0 1450ms=0 1500ms=0 1550ms=0 1600ms=0 1650ms=0 1700ms=0 1750ms=0 1800ms=0 1850ms=0 1900ms=0 1950ms=0 2000ms=0 2050ms=0 2100ms=0 2150ms=0 2200ms=0 2250ms=0 2300ms=0 2350ms=0 2400ms=0 2450ms=0 2500ms=0 2550ms=0 2600ms=0 2650ms=0 2700ms=0 2750ms=0 2800ms=0 2850ms=0 2900ms=0 2950ms=0 3000ms=0 3050ms=0 3100ms=0 3150ms=0 3200ms=0 3250ms=0 3300ms=0 3350ms=0 3400ms=0 3450ms=0 3500ms=0 3550ms=0 3600ms=0 3650ms=0 3700ms=0 3750ms=0 3800ms=0 3850ms=0 3900ms=0 3950ms=0 4000ms=0 4050ms=0 4100ms=0 4150ms=0 4200ms=0 4250ms=0 4300ms=0 4350ms=0 4400ms=0 4450ms=0 4500ms=0 4550ms=0 4600ms=0 4650ms=0 4700ms=0 4750ms=0 4800ms=0 4850ms=0 4900ms=0 4950ms=0
50th gpu percentile: 15ms
90th gpu percentile: 17ms
95th gpu percentile: 17ms
99th gpu percentile: 22ms
GPU HISTOGRAM: 1ms=0 2ms=11 3ms=2 4ms=0 5ms=0 6ms=0 7ms=0 8ms=1 9ms=0 10ms=2 11ms=0 12ms=3 13ms=4 14ms=13 15ms=58 16ms=45 17ms=12 18ms=0 19ms=1 20ms=0 21ms=0 22ms=3 23ms=0 24ms=0 25ms=0 4950ms=0



---PROFILEDATA---
Flags,FrameTimelineVsyncId,IntendedVsync,Vsync,InputEventId,HandleInputStart,AnimationStart,PerformTraversalsStart,DrawStart,FrameDeadline,FrameInterval,FrameStartTime,SyncQueued,SyncStart,IssueDrawCommandsStart,SwapBuffers,FrameCompleted,DequeueBufferDuration,QueueBufferDuration,GpuCompleted,SwapBuffersCompleted,DisplayPresentTime,CommandSubmissionCompleted,
0,35693,150764064940,150764064940,0,150765034237,150765034903,150765134737,150765158195,150797398272,150765031695,16666666,150765348570,150765576653,150765686903,150766069487,150781464070,370791,215959,150781464070,150767424112,0,150766069487,
0,35701,150780731606,150780731606,0,150781377695,150781378570,150781519945,150781550320,150814064938,150781374195,16666666,150781771570,150781976820,150782257695,150782853737,150799123778,537750,552500,150799123778,150785102737,0,150782853737,
0,35709,150797398272,150797398272,0,150798048487,150798049028,150798175778,150798203028,150830731604,150798045487,16666666,150798749987,150799171695,150799210195,150799788320,150802325237,331125,740750,150801958237,150802325237,0,150799788320,
0,35717,150814064938,150814064938,0,150815467695,150815468362,150815582695,150815611237,150847398270,150815464403,16666666,150815774570,150815833487,150815878903,150816921612,150833361528,330708,410042,150833361528,150818473778,0,150816921612,
0,35725,150830731604,150830731604,0,150832674945,150832675987,150832832695,150832868903,150864064936,150832671195,16666666,150833269403,150833458737,150833496612,150834636570,150847989487,1131042,290667,150847989487,150836796445,0,150834636570,
0,35733,150847398270,150847398270,0,150849016528,150849017070,150849363695,150849388778,150880731602,150849013153,16666666,150849490237,150849782403,150849870528,150850167737,150865332153,1792,76542,150865332153,150850706153,0,150850167737,
0,35741,150864064936,150864064936,0,150865343028,150865343570,150865545195,150865573278,150897398268,150865340028,16666666,150865582195,150865678028,150865732737,150866426278,150881844570,730625,110291,150881844570,150867895320,0,150866426278,
0,35749,150880731602,150880731602,0,150882218862,150882219695,150882365987,150882395362,150914064934,150882215237,16666666,150882580112,150882975153,150883013987,150883378862,150898201112,199000,572833,150898201112,150885110403,0,150883378862,
0,35757,150897398268,150897398268,0,150898266778,150898267487,150898362237,150898388612,150930731600,150898263528,16666666,150898532612,150898710737,150898753778,150899230362,150914606862,278458,728250,150914606862,150901298903,0,150899230362,
0,35765,150914064934,150914064934,0,150914869528,150914870153,150915382403,150915414320,150947398266,150914866237,16666666,150915595112,150915781695,150915818612,150916708195,150931358653,1792,90458,150931358653,150917466195,0,150916708195,
0,35773,150930731600,150930731600,0,150932099153,150932099737,150932234320,150932280237,150964064932,150932095653,16666666,150932597320,150932611903,150932651528,150933204862,150947997362,2083,159750,150947997362,150934157653,0,150933204862,
0,35781,150947398266,150947398266,0,150947921612,150947922112,150948368737,150948402695,150980731598,150947918695,16666666,150948586278,150948786612,150948856112,150949398570,150965403695,562416,126916,150965403695,150950675320,0,150949398570,
0,35789,150964064932,150964064932,0,150965499237,150965500070,150965617987,150965646362,150997398264,150965495945,16666666,150965821903,150965926612,150965998528,150966484862,150981161987,540292,181541,150981161987,150967883903,0,150966484862,
0,35797,150980731598,150980731598,0,150981544487,150981545487,150981868820,150981901195,151014064930,150981540653,16666666,150982224528,150982609237,150982648445,150983142528,150997876778,2542,169583,150997876778,150983880028,0,150983142528,
0,35805,150997398264,150997398264,0,150998470445,150998471445,150998800362,150998830112,151030731596,150998467070,16666666,150999246320,150999341778,150999477903,150999914695,151014916237,2250,202708,151014916237,151000921737,0,150999914695,
0,35813,151014064930,151014064930,0,151015238403,151015239153,151015329237,151015352903,151047398262,151015235487,16666666,151015613028,151015699612,151015763945,151016854862,151031450028,1750,109875,151031450028,151018008195,0,151016854862,
0,35821,151030731596,151030731596,0,151032105903,151032106570,151032281445,151032312278,151064064928,151032102528,16666666,151032415528,151032523820,151032566028,151033012195,151048334778,2000,355083,151048334778,151033999945,0,151033012195,
0,35829,151047398262,151047398262,0,151048127862,151048128653,151048787403,151048815195,151080731594,151048124570,16666666,151048823487,151049321112,151049461903,151050403903,151066002112,4417,222250,151066002112,151051125445,0,151050403903,
0,35837,151064064928,151064064928,0,151066195112,151066195820,151066446278,151066474695,151097398260,151066191653,16666666,151066880070,151066999945,151067054362,151067403362,151081265362,468834,199292,151081265362,151068983028,0,151067403362,
0,35845,151080731594,151080731594,0,151081627153,151081627653,151081853987,151081880445,151114064926,151081624153,16666666,151082244612,151082545487,151082656695,151083123903,151084888487,2625,809791,151084792112,151084888487,0,151083123903,
0,35853,151097398260,151097398260,0,151098460070,151098460945,151098618945,151098649987,151130731592,151098456362,16666666,151098948362,151099079612,151099118153,151099627445,151114776362,1875,279375,151114776362,151100858945,0,151099627445,
0,35861,151114064926,151114064926,0,151114739820,151114740320,151115049195,151115104112,151147398258,151114737112,16666666,151115328237,151115441612,151115480154,151115807404,151131936112,1958,242959,151131936112,151117081570,0,151115807404,
0,35869,151130731592,151130731592,0,151132071945,151132072445,151132812695,151132852445,151164064924,151132069029,16666666,151133385654,151133556779,151134179779,151134632570,151149395070,1750,167584,151149395070,151135700904,0,151134632570,
0,35877,151147398258,151147398258,0,151149638237,151149639029,151149848112,151149877029,151180731590,151149634487,16666666,151150096154,151150349820,151150682279,151151561862,151165971612,2208,326292,151165971612,151153009404,0,151151561862,
0,35885,151164064924,151164064924,0,151166119279,151166120070,151166220695,151166251404,151197398256,151166116029,16666666,151166838987,151167005695,151167118487,151167608570,151181351112,440083,145917,151181351112,151168834529,0,151167608570,
0,35893,151180731590,151180731590,0,151181628654,151181629529,151182300779,151182328112,151214064922,151181625445,16666666,151182866279,151183149654,151183188654,151183680404,151198785695,2875,267292,151198785695,151184611279,0,151183680404,
0,35901,151197398256,151197398256,0,151198919279,151198920070,151199040862,151199068904,151230731588,151198915945,16666666,151199226820,151199289737,151199514112,151199895904,151214713904,559000,264250,151214713904,151201522237,0,151199895904,
0,35909,151214064922,151214064922,0,151215378070,151215378570,151215479779,151215505445,151247398254,151215375237,16666666,151215597654,151216485237,151216508820,151217000279,151231325279,2541,99500,151231325279,151217752362,0,151217000279,
0,35917,151230731588,151230731588,0,151231538154,151231538695,151231824154,151231874612,151264064920,151231535195,16666666,151231885487,151232101529,151232123279,151232772529,151247970945,863542,179916,151247970945,151234421237,0,151232772529,
0,35925,151247398254,151247398254,0,151248094779,151248095320,151248407570,151248432570,151280731586,151248091862,16666666,151248782029,151249337612,151249511695,151250047737,151266232987,2583,148500,151266232987,151250973987,0,151250047737,
0,35933,151264064920,151264064920,0,151266857779,151266858612,151267031404,151267062487,151297398252,151266853695,16666666,151267393279,151267693070,151267740279,151268812654,151282066445,1958,187000,151282066445,151269786320,0,151268812654,
0,35941,151280731586,151280731586,0,151282421779,151282422445,151282527029,151282553487,151314064918,151282418570,16666666,151282763612,151282778654,151282826987,151283475904,151298262904,381917,210834,151298262904,151285275112,0,151283475904,
0,35949,151297398252,151297398252,0,151298560779,151298561570,151298861237,151298889529,151330731584,151298557487,16666666,151299152487,151299197195,151299229612,151299925529,151314627570,546417,191084,151314627570,151301458362,0,151299925529,
0,35957,151314064918,151314064918,0,151314930320,151314931195,151315496404,151315555070,151347398250,151314926404,16666666,151316413529,151316658487,151316691654,151317017570,151331759570,1583,80458,151331759570,151317759987,0,151317017570,
0,35965,151330731584,151330731584,0,151331984862,151331985529,151332188404,151332214487,151364064916,151331982237,16666666,151332575195,151332919987,151332965654,151333313529,151347720695,379208,294083,151347720695,151334607987,0,151333313529,
0,35973,151347398250,151347398250,0,151348144195,151348145320,151348514154,151348548070,151380731582,151348140320,16666666,151348748112,151348879154,151348920695,151349280362,151367292320,1317417,147333,151367292320,151351401487,0,151349280362,
0,35981,151364064916,151364064916,0,151367530237,151367531154,151367675612,151367702945,151397398248,151367527070,16666666,151367881029,151367906029,151367966112,151368854320,151381208195,3209,287417,151381208195,151369825487,0,151368854320,
0,35989,151380731582,151380731582,0,151381499404,151381499945,151381736195,151381759862,151414064914,151381496487,16666666,151381897404,151381914904,151382478362,151382936862,151398222445,2083,91500,151398222445,151383841904,0,151382936862,
0,35997,151397398248,151397398248,0,151398642862,151398643737,151398955362,151399009070,151430731580,151398636154,16666666,151399113445,151399469987,151399567820,151400457029,151417066695,2083,263875,151417066695,151401314779,0,151400457029,
0,36005,151414064914,151414064914,0,151417342195,151417342779,151417458612,151417486154,151447398246,151417338570,16666666,151417495445,151417729695,151417769612,151418094529,151434011987,1124875,107916,151434011987,151419990570,0,151418094529,
0,36013,151430731580,151430731580,0,151434214070,151434214779,151434369237,151434393154,151464064912,151434210904,16666666,151434535029,151434637570,151434681779,151435089029,151448282279,858583,370375,151448282279,151436883237,0,151435089029,
0,36021,151447398246,151447398246,0,151448793987,151448794612,151448906404,151448932029,151480731578,151448790904,16666666,151449094570,151449398737,151449465904,151449905279,151465651445,233834,82125,151465651445,151450894279,0,151449905279,
0,36029,151464064912,151464064912,0,151466010070,151466010612,151466142279,151466169445,151497398244,151466007195,16666666,151466553529,151466566820,151466645195,151467261570,151482170362,2125,393667,151482170362,151468295237,0,151467261570,
0,36037,151480731578,151480731578,0,151482684945,151482685779,151482799987,151482829112,151514064910,151482681945,16666666,151483112195,151483445154,151483522779,151483968612,151498073029,2167,136417,151498073029,151485086487,0,151483968612,
0,36045,151497398244,151497398244,0,151498329362,151498330445,151498823820,151498855779,151530731576,151498325945,16666666,151499002029,151499207362,151499381904,151499707945,151515021862,2208,167583,151515021862,151500663695,0,151499707945,
0,36053,151514064910,151514064910,0,151515493195,151515494112,151516383779,151516416695,151547398242,151515489737,16666666,151516587570,151516958487,151516993904,151517788820,151531849779,1917,87291,151531849779,151518494279,0,151517788820,
0,36061,151530731576,151530731576,0,151532099237,151532100070,151532233779,151532262237,151564064908,151532095945,16666666,151532482029,151532681195,151532727987,151533560195,151548389695,2167,190250,151548389695,151534692820,0,151533560195,
0,36069,151547398242,151547398242,0,151549587779,151549588570,151549796779,151549824570,151580731574,151549582320,16666666,151550172237,151550387070,151550525529,151551020987,151565363070,1667,99292,151565363070,151551944445,0,151551020987,
0,36077,151564064908,151564064908,0,151565634737,151565635654,151565764320,151565790404,151597398240,151565631404,16666666,151565929237,151566254612,151566298612,151566645487,151581085612,855542,409542,151581085612,151568587737,0,151566645487,
0,36085,151580731574,151580731574,0,151581585070,151581585945,151581859362,151581893487,151614064906,151581580487,16666666,151582143945,151582531320,151582583362,151583182154,151584691904,3208,709667,151584546570,151584691904,0,151583182154,
0,36093,151597398240,151597398240,0,151598595987,151598596612,151598882570,151598929945,151630731572,151598592987,16666666,151598941195,151599023404,151599202779,151599632529,151601362654,319000,601125,151601009070,151601362654,0,151599632529,
0,36101,151614064906,151614064906,0,151615537612,151615538195,151615671029,151615697029,151647398238,151615534195,16666666,151616464237,151616889737,151616975487,151617312112,151631873154,2166,76667,151631873154,151617781112,0,151617312112,
0,36109,151630731572,151630731572,0,151632212112,151632212820,151632365404,151632393529,151664064904,151632208029,16666666,151632868779,151632890279,151632944362,151633411362,151648836487,406791,274459,151648836487,151634618112,0,151633411362,
0,36117,151647398238,151647398238,0,151648702445,151648702904,151648946195,151648976820,151680731570,151648699529,16666666,151649105112,151649770612,151649850945,151650536779,151671778570,1791,70333,151671778570,151651019029,0,151650536779,
0,36125,151664064904,151664064904,0,151671897529,151671898320,151672898070,151672928362,151697398236,151671894404,16666666,151673197945,151673337362,151673660820,151674321904,151682167779,2333,140333,151682167779,151675018404,0,151674321904,
0,36133,151680731570,151680731570,0,151682471612,151682472404,151682638987,151682666904,151714064902,151682468945,16666666,151682950195,151683144029,151683185404,151683979529,151698254820,1583,509167,151698254820,151685195320,0,151683979529,
0,36141,151697398236,151697398236,0,151698592737,151698593404,151699171112,151699202237,151730731568,151698589695,16666666,151699504070,151699912195,151699954487,151700732737,151714370737,1750,128625,151714370737,151701414529,0,151700732737,
0,36149,151714064902,151714064902,0,151715453445,151715454445,151715559570,151715588029,151747398234,151715450154,16666666,151715990695,151716625362,151716705654,151717280945,151731704529,1625,181500,151731704529,151717996529,0,151717280945,
0,36157,151730731568,151730731568,0,151731829612,151731830320,151731972737,151732092904,151764064900,151731826404,16666666,151732257987,151732311987,151732379862,151732946904,151734499529,229709,668417,151734239070,151734499529,0,151732946904,
0,36165,151747398234,151747398234,0,151748321695,151748322529,151748433945,151748459320,151780731566,151748318404,16666666,151748603570,151748917154,151748967862,151749641404,151766383154,2000,112042,151766383154,151750306570,0,151749641404,
0,36173,151764064900,151764064900,0,151766830029,151766830862,151767078987,151767117445,151797398232,151766826112,16666666,151767276070,151767563362,151767641445,151772655029,151784306612,1917,165167,151784306612,151773386862,0,151772655029,
0,36181,151780731566,151780731566,0,151784982862,151784983737,151785270112,151785486154,151814064898,151784979070,16666666,151785499612,151785938612,151786013362,151786721529,151798024987,747500,269667,151798024987,151788748779,0,151786721529,
0,36189,151797398232,151797398232,0,151798490820,151798491695,151799032779,151799072029,151830731564,151798487695,16666666,151799446112,151799525487,151799600654,151799953029,151815420112,1916,233333,151815420112,151800991195,0,151799953029,
0,36197,151814064898,151814064898,0,151816348112,151816348904,151816619154,151816658487,151847398230,151816343529,16666666,151817010321,151817934446,151818009529,151819036612,151831213946,436875,207042,151831213946,151822305654,0,151819036612,
0,36205,151830731564,151830731564,0,151831314571,151831315196,151831423196,151831448654,151864064896,151831311529,16666666,151831652654,151831760987,151831818654,151832647946,151847990487,2125,169834,151847990487,151833555612,0,151832647946,
0,36213,151847398230,151847398230,0,151848258654,151848259612,151848430696,151848456904,151880731562,151848255487,16666666,151848756362,151848860404,151848896987,151849481446,151864819446,222958,115041,151864819446,151850698029,0,151849481446,
0,36221,151864064896,151864064896,0,151865722154,151865722946,151866017279,151866053696,151897398228,151865718196,16666666,151866293446,151866463904,151866688446,151867191196,151881642071,3458,522833,151881642071,151868556279,0,151867191196,
0,36229,151880731562,151880731562,0,151881867904,151881868654,151882023404,151882065279,151914064894,151881864571,16666666,151882232821,151882330696,151882574404,151883192987,151898102654,4750,509166,151898102654,151884559654,0,151883192987,
0,36237,151897398228,151897398228,0,151898279821,151898280321,151898379446,151898406654,151930731560,151898276946,16666666,151898606779,151898865529,151898913446,151899642112,151914783196,1750,162917,151914783196,151900461737,0,151899642112,
0,36245,151914064894,151914064894,0,151914836154,151914836737,151914943529,151914968737,151947398226,151914833029,16666666,151915448321,151915595404,151915712821,151916937237,151931416112,2542,131583,151931416112,151917609279,0,151916937237,
0,36253,151930731560,151930731560,0,151931796237,151931797154,151931963154,151931991154,151964064892,151931793071,16666666,151932203987,151932508487,151932583821,151933537529,151947949029,1916,175583,151947949029,151934436821,0,151933537529,
0,36261,151947398226,151947398226,0,151948286237,151948286946,151948477154,151948503654,151980731558,151948283029,16666666,151948601696,151949096946,151949224362,151950182946,151964858112,2334,115083,151964858112,151950905779,0,151950182946,
0,36269,151964064892,151964064892,0,151965156071,151965156904,151965284987,151965312696,151997398224,151965153029,16666666,151965322237,151966428071,151966498112,151966839904,151981278654,2417,385667,151981278654,151967905279,0,151966839904,
0,36277,151980731558,151980731558,0,151981511154,151981511779,151981812112,151981838654,152014064890,151981508529,16666666,151981978737,151982199862,151982396529,151982836279,151998402029,439875,98375,151998402029,151984280654,0,151982836279,
0,36285,151997398224,151997398224,0,151998754612,151998755487,151999192321,151999229071,152030731556,151998751279,16666666,151999387654,151999531154,151999567904,152000700696,152014909904,1791,453334,152014909904,152001873946,0,152000700696,
0,36293,152014064890,152014064890,0,152015135529,152015136112,152015224446,152015247029,152047398222,152015132904,16666666,152015560279,152016288237,152016327529,152016735821,152031332279,1917,74708,152031332279,152017256196,0,152016735821,
0,36301,152030731556,152030731556,0,152031463321,152031464071,152031563154,152031588737,152064064888,152031460154,16666666,152031731362,152031763404,152031825321,152033208279,152048760446,2041,152083,152048760446,152033930821,0,152033208279,
0,36309,152047398222,152047398222,0,152049094446,152049095154,152049212946,152049240071,152080731554,152049091196,16666666,152049422654,152049516321,152049676654,152050144279,152064656487,380167,113750,152064656487,152051549446,0,152050144279,
0,36317,152064064888,152064064888,0,152065077446,152065078279,152065558446,152065590987,152097398220,152065073404,16666666,152065795904,152065988154,152066177112,152066535737,152081894779,445375,259708,152081894779,152067993654,0,152066535737,
0,36325,152080731554,152080731554,0,152082427862,152082428362,152082589196,152082620654,152114064886,152082425279,16666666,152082810779,152083062779,152083111446,152083692987,152097824196,6833,123042,152097824196,152084658154,0,152083692987,
0,36333,152097398220,152097398220,0,152098533696,152098534362,152098628946,152098653237,152130731552,152098530404,16666666,152099368196,152099483237,152099670487,152100575904,152114672071,2208,213708,152114672071,152101408862,0,152100575904,
0,36341,152114064886,152114064886,0,152114896071,152114896987,152115691862,152115726779,152147398218,152114892362,16666666,152115884696,152116120862,152116211862,152116784612,152132312654,1875,79666,152132312654,152117536237,0,152116784612,
0,36349,152130731552,152130731552,0,152132616404,152132617196,152132783987,152132817321,152164064884,152132612321,16666666,152132936237,152133192404,152133248446,152134168571,152149015696,2875,234500,152149015696,152135384862,0,152134168571,
0,36357,152147398218,152147398218,0,152149094196,152149094696,152149505154,152149533696,152180731550,152149091237,16666666,152149542154,152149657154,152149695612,152150520779,152165730279,685292,112083,152165730279,152151897737,0,152150520779,
0,36365,152164064884,152164064884,0,152166159571,152166160612,152166356654,152166392821,152197398216,152166156154,16666666,152166563737,152166596946,152166652862,152167143237,152181211696,2416,383417,152181211696,152168193154,0,152167143237,
0,36373,152180731550,152180731550,0,152181575362,152181575862,152181919529,152181945321,152214064882,152181572112,16666666,152182080904,152182803279,152182853737,152183196446,152184464946,2458,558625,152184421571,152184464946,0,152183196446,
0,36381,152197398216,152197398216,0,152198286821,152198287487,152198392154,152198420154,152230731548,152198283779,16666666,152199273071,152199291862,152199361654,152199827654,152221242821,191875,185083,152221242821,152201261362,0,152199827654,
0,36389,152214064882,152214064882,0,152221665612,152221666321,152221909112,152221938862,152247398214,152221662446,16666666,152222223612,152222440696,152222484737,152223202821,152232261154,1625,167792,152232261154,152223943487,0,152223202821,
0,36397,152230731548,152230731548,0,152232330029,152232330612,152232534237,152232566112,152264064880,152232326196,16666666,152233222946,152233478737,152233537571,152234318237,152247926362,2834,216750,152247926362,152235082279,0,152234318237,
0,36405,152247398214,152247398214,0,152248219904,152248220529,152248570862,152248597821,152280731546,152248216821,16666666,152248822654,152248941446,152248995654,152249332112,152265049112,580500,145708,152265049112,152250629696,0,152249332112,
0,36413,152264064880,152264064880,0,152265286612,152265287154,152265547571,152265589987,152297398212,152265283779,16666666,152265772237,152266064737,152266102196,152266714654,152269218487,2291,1709167,152269163737,152269218487,0,152266714654,
0,36421,152280731546,152280731546,0,152281677154,152281677696,152281798571,152281823696,152314064878,152281674071,16666666,152282949487,152283382862,152283443779,152283883237,152299486446,1583,99542,152299486446,152284701571,0,152283883237,
0,36429,152297398212,152297398212,0,152299797029,152299797696,152299887821,152299913779,152330731544,152299794529,16666666,152300496571,152300786571,152300920279,152301391029,152314790196,4916,281083,152314790196,152302497196,0,152301391029,
0,36437,152314064878,152314064878,0,152315296779,152315297737,152315428696,152315459821,152347398210,152315292904,16666666,152315564946,152315977154,152316848029,152317157196,152331307154,2167,106875,152331307154,152317858862,0,152317157196,
0,36445,152330731544,152330731544,0,152331659862,152331660362,152331758404,152331782571,152364064876,152331656946,16666666,152331790904,152331950071,152332311071,152332747571,152348248237,1009667,113958,152348248237,152334374154,0,152332747571,
0,36453,152347398210,152347398210,0,152348100862,152348101571,152348317112,152348356196,152380731542,152348097946,16666666,152348899904,152348917404,152349213904,152349952237,152351616696,495292,377208,152351075696,152351616696,0,152349952237,
0,36461,152364064876,152364064876,0,152364807696,152364808279,152364912154,152364938321,152397398208,152364804737,16666666,152365224487,152365342154,152365400821,152366126321,152381946237,2042,188792,152381946237,152367158487,0,152366126321,
0,36469,152380731542,152380731542,0,152382315737,152382316279,152382420612,152382447404,152414064874,152382312821,16666666,152382902446,152383037904,152383097112,152383422946,152398116029,322167,88542,152398116029,152384871946,0,152383422946,
0,36477,152397398208,152397398208,0,152398286279,152398287279,152398495196,152398521529,152430731540,152398282946,16666666,152398791487,152399143946,152399183987,152399783821,152414912196,2750,211959,152414912196,152400902154,0,152399783821,
0,36485,152414064874,152414064874,0,152415012862,152415013362,152415264987,152415290071,152447398206,152415010029,16666666,152415740446,152415764612,152415806987,152417466362,152431383487,400125,81708,152431383487,152418681279,0,152417466362,
0,36493,152430731540,152430731540,0,152431931654,152431932112,152432340904,152432367362,152464064872,152431928654,16666666,152432526654,152432985279,152433117904,152433494696,152448476779,1917,129667,152448476779,152434274529,0,152433494696,
0,36501,152447398206,152447398206,0,152448904029,152448905071,152449267696,152449303987,152480731538,152448900029,16666666,152449545404,152449680946,152449771487,152450410904,152465328196,2625,395500,152465328196,152451890946,0,152450410904,
0,36509,152464064872,152464064872,0,152465382196,152465382737,152465567737,152465595987,152497398204,152465379071,16666666,152466149696,152466195821,152466295029,152466656237,152481319071,755041,214958,152481319071,152468244071,0,152466656237,
0,36517,152480731538,152480731538,0,152481921862,152481922529,152482030404,152482056779,152514064870,152481918946,16666666,152482184237,152482293362,152482436487,152483292904,152484529112,2166,580209,152484428196,152484529112,0,152483292904,
0,36525,152497398204,152497398204,0,152498636529,152498637237,152498750279,152498775279,152530731536,152498633321,16666666,152499093237,152499582029,152499630612,152500721737,152514940321,1708,173500,152514940321,152501406987,0,152500721737,
0,36533,152514064870,152514064870,0,152515046029,152515046904,152515173404,152515203279,152547398202,152515042363,16666666,152515213196,152515337321,152515396696,152515946488,152517555488,223583,391292,152517296904,152517555488,0,152515946488,
0,36541,152530731536,152530731536,0,152531599238,152531599904,152531783071,152531817196,152564064868,152531595071,16666666,152532130863,152532880113,152532972238,152533389571,152547938363,2458,273208,152547938363,152534186279,0,152533389571,
0,36549,152547398202,152547398202,0,152548129821,152548130529,152548410863,152548445821,152580731534,152548126696,16666666,152548613529,152548836321,152549013238,152549475029,152564954029,2083,202541,152564954029,152550568779,0,152549475029,
0,36557,152564064868,152564064868,0,152565151821,152565152404,152565286238,152565312071,152597398200,152565148946,16666666,152565470488,152565681738,152565727571,152566300113,152581978279,465666,102333,152581978279,152567785238,0,152566300113,
0,36565,152580731534,152580731534,0,152582480196,152582480738,152582611321,152582637571,152614064866,152582477321,16666666,152582775821,152583041196,152583085071,152583885363,152600859488,1625,97875,152600859488,152584711071,0,152583885363,
0,36573,152597398200,152597398200,0,152601153654,152601154529,152601253779,152601279529,152630731532,152601150488,16666666,152601423863,152601801113,152601848654,152602744946,152614643196,1958,132416,152614643196,152603320654,0,152602744946,
0,36581,152614064866,152614064866,0,152614932029,152614932863,152615027029,152615054279,152647398198,152614928904,16666666,152615240738,152615348196,152615394404,152615888988,152632876988,2250,228875,152632876988,152617237696,0,152615888988,
0,36589,152630731532,152630731532,0,152633085154,152633086029,152633208196,152633239988,152664064864,152633081779,16666666,152633803821,152633876196,152633941696,152634769654,152647806113,1833,140833,152647806113,152635621821,0,152634769654,
0,36597,152647398198,152647398198,0,152648624613,152648625821,152648819571,152648857571,152680731530,152648617779,16666666,152649215779,152649344238,152649713404,152650184571,152664718113,1750,105083,152664718113,152650802571,0,152650184571,
0,36605,152664064864,152664064864,0,152664925154,152664925946,152665106321,152665156863,152697398196,152664921654,16666666,152665398529,152665421154,152665465529,152665899321,152682267321,183292,645041,152682267321,152667440321,0,152665899321,
0,36613,152680731530,152680731530,0,152682479779,152682480529,152682578488,152682605446,152714064862,152682476404,16666666,152682712488,152682898904,152683099238,152685462071,152698062363,1875,115000,152698062363,152686203279,0,152685462071,
0,36621,152697398196,152697398196,0,152698316488,152698317196,152698844821,152698878446,152730731528,152698312321,16666666,152698886988,152699176488,152699215821,152700397154,152715819821,2083,162791,152715819821,152701062863,0,152700397154,
0,36629,152714064862,152714064862,0,152715236696,152715237321,152715511988,152715536321,152747398194,152715233571,16666666,152715674988,152715757238,152715819613,152716728238,152731612946,1051625,81625,152731612946,152719224071,0,152716728238,
0,36637,152730731528,152730731528,0,152731983154,152731983904,152732416738,152732442529,152764064860,152731979446,16666666,152733150696,152733352404,152733408404,152733786904,152747875654,1667,209834,152747875654,152734967821,0,152733786904,
0,36645,152747398194,152747398194,0,152748225988,152748226654,152748312613,152748339446,152764064860,152748222738,16666666,152748904404,152749404779,152749493446,152749860654,152764809946,1875,95916,152764809946,152750651029,0,152749860654,
---PROFILEDATA---


View hierarchy:

  dev.polski.grammarmatrix.benchmark/dev.polski.grammarmatrix.GlassBenchmarkActivity/android.view.ViewRootImpl@48d03b8
  7 views, 12.08 kB of render nodes


Total ViewRootImpl   : 1
Total attached Views : 7
Total RenderNode     : 12.08 kB (used) / 36.09 kB (capacity)