Applications Graphics Acceleration Info:
Uptime: 176174 Realtime: 176174

** Graphics info for pid 2158 [dev.polski.grammarmatrix.benchmark] **

Stats since: 173586287539ns
Total frames rendered: 144
Janky frames: 7 (4.86%)
Janky frames (legacy): 12 (8.33%)
50th percentile: 17ms
90th percentile: 21ms
95th percentile: 31ms
99th percentile: 109ms
Number Missed Vsync: 2
Number High input latency: 245
Number Slow UI thread: 2
Number Slow bitmap uploads: 0
Number Slow issue draw commands: 7
Number Frame deadline missed: 7
Number Frame deadline missed (legacy): 7
HISTOGRAM: 5ms=10 6ms=0 7ms=1 8ms=2 9ms=0 10ms=0 11ms=0 12ms=0 13ms=0 14ms=0 15ms=3 16ms=16 17ms=56 18ms=22 19ms=9 20ms=8 21ms=3 22ms=1 23ms=1 24ms=0 25ms=2 26ms=1 27ms=1 28ms=0 29ms=0 30ms=0 31ms=1 32ms=1 34ms=0 36ms=0 38ms=0 40ms=1 42ms=1 44ms=0 46ms=0 48ms=0 53ms=0 57ms=0 61ms=1 65ms=0 69ms=1 73ms=0 77ms=0 81ms=0 85ms=0 89ms=0 93ms=0 97ms=0 101ms=0 105ms=0 109ms=2 113ms=0 117ms=0 121ms=0 125ms=0 129ms=0 133ms=0 150ms=0 200ms=0 250ms=0 300ms=0 350ms=0 400ms=0 450ms=0 500ms=0 550ms=0 600ms=0 650ms=0 700ms=0 750ms=0 800ms=0 850ms=0 900ms=0 950ms=0 1000ms=0 1050ms=0 1100ms=0 1150ms=0 1200ms=0 1250ms=0 1300ms=0 1350ms=0 1400ms=0 1450ms=0 1500ms=0 1550ms=0 1600ms=0 1650ms=0 1700ms=0 1750ms=0 1800ms=0 1850ms=0 1900ms=0 1950ms=0 2000ms=0 2050ms=0 2100ms=0 2150ms=0 2200ms=0 2250ms=0 2300ms=0 2350ms=0 2400ms=0 2450ms=0 2500ms=0 2550ms=0 2600ms=0 2650ms=0 2700ms=0 2750ms=0 2800ms=0 2850ms=0 2900ms=0 2950ms=0 3000ms=0 3050ms=0 3100ms=0 3150ms=0 3200ms=0 3250ms=0 3300ms=0 3350ms=0 3400ms=0 3450ms=0 3500ms=0 3550ms=0 3600ms=0 3650ms=0 3700ms=0 3750ms=0 3800ms=0 3850ms=0 3900ms=0 3950ms=0 4000ms=0 4050ms=0 4100ms=0 4150ms=0 4200ms=0 4250ms=0 4300ms=0 4350ms=0 4400ms=0 4450ms=0 4500ms=0 4550ms=0 4600ms=0 4650ms=0 4700ms=0 4750ms=0 4800ms=0 4850ms=0 4900ms=0 4950ms=0
50th gpu percentile: 15ms
90th gpu percentile: 19ms
95th gpu percentile: 23ms
99th gpu percentile: 4950ms
GPU HISTOGRAM: 1ms=0 2ms=9 3ms=3 4ms=2 5ms=0 6ms=0 7ms=1 8ms=0 9ms=4 10ms=1 11ms=5 12ms=3 13ms=8 14ms=14 15ms=35 16ms=27 17ms=14 18ms=3 19ms=3 20ms=1 21ms=1 22ms=2 23ms=2 24ms=0 25ms=0 4950ms=6

Pipeline=Skia (OpenGL)
Memory policy:
  Max surface area: 2592000
  Max resource usage: 124.42MB (x48)
  Background retention: 50% (altUiHidden = true)
  GPU Context timeout: 10
Contexts: 1 (stopped = 0)
CPU Caches:
  Glyph Cache: 33.70 KB (1 entry)
  Glyph Count: 11 
Total CPU memory usage:
  34510 bytes, 33.70 KB (0.00 bytes is purgeable)
GPU Caches:
  Other:
    Other: 26.56 KB (1 entry)
    Buffer Object: 36.45 KB (3 entries)
    StencilAttachment: 256.00 KB (1 entry)
  Image:
    Texture: 64.00 bytes (1 entry)
  Scratch:
    RenderTarget: 320.00 KB (1 entry)
    Buffer Object: 80.00 KB (2 entries)
    Texture: 2.00 MB (1 entry)
Total GPU memory usage:
  2833488 bytes, 2.70 MB (388.52 KB is purgeable)

GraphicBufferAllocator buffers:
        Handle |        Size |     W (Stride) x H | Layers |   Format |      Usage | Requestor
0xb400007b63ca54e0 |     unknown | 1080 (   0) x 2400 |      1 |        1 | 0x     b00 | VRI[GlassBenchmarkActivity]#0(BLAST Consumer)0
0xb400007b63cbb470 |     unknown | 1080 (   0) x 2400 |      1 |        1 | 0x     b00 | VRI[GlassBenchmarkActivity]#0(BLAST Consumer)0
0xb400007b63cbe4d0 |     unknown | 1080 (   0) x 2400 |      1 |        1 | 0x     b00 | VRI[GlassBenchmarkActivity]#0(BLAST Consumer)0
Total allocated by GraphicBufferAllocator (estimate): 0.00 KB
GoldfishAllocator::dumpDebugInfo is not implemented
Profile data in ms:

	dev.polski.grammarmatrix.benchmark/dev.polski.grammarmatrix.GlassBenchmarkActivity/android.view.ViewRootImpl@48d03b8 (visibility=0)
Window: dev.polski.grammarmatrix.benchmark/dev.polski.grammarmatrix.GlassBenchmarkActivity
Stats since: 173586286664ns
Total frames rendered: 144
Janky frames: 7 (4.86%)
Janky frames (legacy): 12 (8.33%)
50th percentile: 17ms
90th percentile: 21ms
95th percentile: 31ms
99th percentile: 109ms
Number Missed Vsync: 2
Number High input latency: 245
Number Slow UI thread: 2
Number Slow bitmap uploads: 0
Number Slow issue draw commands: 7
Number Frame deadline missed: 7
Number Frame deadline missed (legacy): 7
HISTOGRAM: 5ms=10 6ms=0 7ms=1 8ms=2 9ms=0 10ms=0 11ms=0 12ms=0 13ms=0 14ms=0 15ms=3 16ms=16 17ms=56 18ms=22 19ms=9 20ms=8 21ms=3 22ms=1 23ms=1 24ms=0 25ms=2 26ms=1 27ms=1 28ms=0 29ms=0 30ms=0 31ms=1 32ms=1 34ms=0 36ms=0 38ms=0 40ms=1 42ms=1 44ms=0 46ms=0 48ms=0 53ms=0 57ms=0 61ms=1 65ms=0 69ms=1 73ms=0 77ms=0 81ms=0 85ms=0 89ms=0 93ms=0 97ms=0 101ms=0 105ms=0 109ms=2 113ms=0 117ms=0 121ms=0 125ms=0 129ms=0 133ms=0 150ms=0 200ms=0 250ms=0 300ms=0 350ms=0 400ms=0 450ms=0 500ms=0 550ms=0 600ms=0 650ms=0 700ms=0 750ms=0 800ms=0 850ms=0 900ms=0 950ms=0 1000ms=0 1050ms=0 1100ms=0 1150ms=0 1200ms=0 1250ms=0 1300ms=0 1350ms=0 1400ms=0 1450ms=0 1500ms=0 1550ms=0 1600ms=0 1650ms=0 1700ms=0 1750ms=0 1800ms=0 1850ms=0 1900ms=0 1950ms=0 2000ms=0 2050ms=0 2100ms=0 2150ms=0 2200ms=0 2250ms=0 2300ms=0 2350ms=0 2400ms=0 2450ms=0 2500ms=0 2550ms=0 2600ms=0 2650ms=0 2700ms=0 2750ms=0 2800ms=0 2850ms=0 2900ms=0 2950ms=0 3000ms=0 3050ms=0 3100ms=0 3150ms=0 3200ms=0 3250ms=0 3300ms=0 3350ms=0 3400ms=0 3450ms=0 3500ms=0 3550ms=0 3600ms=0 3650ms=0 3700ms=0 3750ms=0 3800ms=0 3850ms=0 3900ms=0 3950ms=0 4000ms=0 4050ms=0 4100ms=0 4150ms=0 4200ms=0 4250ms=0 4300ms=0 4350ms=0 4400ms=0 4450ms=0 4500ms=0 4550ms=0 4600ms=0 4650ms=0 4700ms=0 4750ms=0 4800ms=0 4850ms=0 4900ms=0 4950ms=0
50th gpu percentile: 15ms
90th gpu percentile: 19ms
95th gpu percentile: 23ms
99th gpu percentile: 4950ms
GPU HISTOGRAM: 1ms=0 2ms=9 3ms=3 4ms=2 5ms=0 6ms=0 7ms=1 8ms=0 9ms=4 10ms=1 11ms=5 12ms=3 13ms=8 14ms=14 15ms=35 16ms=27 17ms=14 18ms=3 19ms=3 20ms=1 21ms=1 22ms=2 23ms=2 24ms=0 25ms=0 4950ms=6



---PROFILEDATA---
Flags,FrameTimelineVsyncId,IntendedVsync,Vsync,InputEventId,HandleInputStart,AnimationStart,PerformTraversalsStart,DrawStart,FrameDeadline,FrameInterval,FrameStartTime,SyncQueued,SyncStart,IssueDrawCommandsStart,SwapBuffers,FrameCompleted,DequeueBufferDuration,QueueBufferDuration,GpuCompleted,SwapBuffersCompleted,DisplayPresentTime,CommandSubmissionCompleted,
0,46931,174014064010,174014064010,0,174015127331,174015127998,174015881248,174015920623,174047397342,174015123623,16666666,174016965789,174017106164,174017152831,174017466581,174032717498,1792,156209,174032717498,174018229164,0,174017466581,
0,46939,174030730676,174030730676,0,174032865664,174032866581,174033241873,174033281498,174064064008,174032862123,16666666,174033645539,174033748373,174033788164,174034493748,174048170748,2458,155583,174048170748,174035117039,0,174034493748,
0,46947,174047397342,174047397342,0,174048300831,174048301748,174048714414,174048762748,174080730674,174048297373,16666666,174048919206,174049057623,174049099456,174049553623,174064603581,2083,106084,174064603581,174050388914,0,174049553623,
0,46955,174064064008,174064064008,0,174065073039,174065073581,174065176539,174065200748,174097397340,174065069664,16666666,174065288123,174065435123,174065477498,174066000664,174082318164,7625,122584,174082318164,174067230248,0,174066000664,
0,46963,174080730674,174080730674,0,174083435373,174083436081,174083549873,174083576081,174114064006,174083431998,16666666,174083584998,174084080539,174084104289,174084794623,174097851706,1916,180250,174097851706,174085698914,0,174084794623,
0,46971,174097397340,174097397340,0,174098258331,174098258873,174098348998,174098371748,174130730672,174098254998,16666666,174098516289,174098785456,174098877414,174099470789,174114470623,2250,147958,174114470623,174100494498,0,174099470789,
0,46979,174114064006,174114064006,0,174115131581,174115132081,174115417831,174115468248,174147397338,174115128373,16666666,174115838456,174115870123,174116293539,174116917498,174131337456,2208,166458,174131337456,174117831498,0,174116917498,
0,46987,174130730672,174130730672,0,174131575498,174131576123,174131715081,174131745789,174164064004,174131572498,16666666,174131904373,174131925206,174132278373,174132986998,174147959123,2250,250833,174147959123,174133950456,0,174132986998,
0,46995,174147397338,174147397338,0,174149940123,174149941081,174150101581,174150134831,174180730670,174149936373,16666666,174150338623,174150444164,174150488331,174150848873,174165477539,2084,150459,174165477539,174151614123,0,174150848873,
0,47003,174164064004,174164064004,0,174166553623,174166554164,174166791623,174166821206,174197397336,174166550664,16666666,174166985914,174167271873,174167310206,174167806748,174183515623,4083,378167,174183515623,174169358373,0,174167806748,
0,47011,174180730670,174180730670,0,174182281081,174182281790,174182437956,174182461790,174214064002,174182277998,16666666,174182674040,174182929956,174182971665,174183629665,174189107915,1692792,2025000,174187357873,174189107915,0,174183629665,
0,47019,174197397336,174197397336,0,174198521998,174198522665,174198629998,174198665706,174230730668,174198519040,16666666,174199107956,174199337790,174199376081,174199849581,174216583248,1064583,259958,174216583248,174203351956,0,174199849581,
0,47027,174214064002,174214064002,0,174219045123,174219045623,174228541165,174228636956,174247397334,174219041831,16666666,174228801206,174228814665,174228835123,174230310873,174239253623,3208,1329292,174239253623,174237876373,0,174230310873,
0,47034,174230730668,174230730668,0,174237488081,174237489040,174237674165,174237707790,174264064000,174237484456,16666666,174237867540,174237911540,174237988081,174238361290,174263640706,16715167,170667,174263640706,174256347248,0,174238361290,
0,47042,174247397334,174247397334,0,174250868456,174250868956,174250976915,174251003206,174280730666,174250865831,16666666,174252747623,174256392790,174256568331,174260234331,174282615540,14273583,145917,174282615540,174277981081,0,174260234331,
0,47050,174264064000,174264064000,0,174266310040,174266310665,174266471373,174266499123,174314063998,174266306665,16666666,174266508248,174278018206,174278062748,174278854998,174301546706,18848250,207125,174299625956,174301546706,0,174278854998,
0,47058,174280730666,174280730666,0,174286912373,174286912915,174287058123,174287082706,174330730664,174286909081,16666666,174287192123,174301601956,174301657206,174307347415,174338182706,13166958,84917,174338182706,174334701081,0,174307347415,
0,47066,174297397332,174314063998,0,174323928540,174323929081,174334310373,174334348581,174364063996,174323925998,16666666,174334486540,174334723498,174334759873,174335265373,174359198040,20943750,155000,174338195206,174359198040,0,174335265373,
0,47074,174347397330,174347397330,0,174351940206,174351941040,174352139248,174352169790,174380730662,174351936998,16666666,174352303415,174359239665,174359281206,174359554373,174372756290,8602875,148000,174372756290,174369481290,0,174359554373,
0,47082,174364063996,174364063996,0,174367456415,174367457040,174367598665,174367628123,174397397328,174367453498,16666666,174367825123,174369835415,174370122123,174371049998,174392247748,16348167,802750,174392247748,174389179540,0,174371049998,
0,47090,174380730662,174380730662,0,174384648165,174384648873,174384802040,174384835623,174414063994,174384644165,16666666,174385026498,174389229290,174389294831,174391338915,174425404998,19354709,146167,174425404998,174414495706,0,174391338915,
0,47098,174397397328,174397397328,0,174399934956,174399935748,174400164706,174400192290,174447397326,174399931540,16666666,174400331331,174414546623,174414591623,174423149623,174483260081,34305917,109167,174483260081,174470801248,0,174423149623,
0,47106,174414063994,174447397326,0,174457657498,174457658290,174457997706,174458027915,174514063990,174457652915,16666666,174459141248,174470937915,174471503415,174484096831,174537707456,30975708,467167,174531252915,174537707456,0,174484096831,
0,47115,174480730658,174530730656,0,174545137915,174545138581,174552506748,174552544081,174564063988,174545134748,16666666,174552629790,174552652373,174552675706,174555057123,174591291956,323125,11958292,174591291956,174581897831,0,174555057123,
0,47122,174547397322,174564063988,0,174570919623,174570920165,174580422165,174581530665,174564063988,174570916331,16666666,174581540290,174581944540,174582034956,174587147998,171732380330,11914917,126500,171732380330,174603308331,0,174587147998,
0,47131,174597397320,174597397320,0,174598909248,174598909831,174599013123,174599038248,174614063986,174598906165,16666666,174599195248,174603364373,174603438248,174604196165,174617521331,2500,1501542,174617521331,174607205956,0,174604196165,
0,47139,174614063986,174614063986,0,174617584915,174617585623,174617692790,174617724456,174647397318,174617581790,16666666,174617943373,174618058040,174618100040,174619338581,174634298665,2208,206834,174634298665,174622532623,0,174619338581,
0,47147,174630730652,174630730652,0,174633908331,174633909248,174634420123,174634465206,174664063984,174633905165,16666666,174634644623,174634868873,174635067373,174639421956,174650394873,2750,290083,174650394873,174640319081,0,174639421956,
0,47155,174647397318,174647397318,0,174651527706,174651528373,174651642915,174651670123,174680730650,174651524581,16666666,174651756415,174652085748,174652990165,174653698456,174666186998,2218875,89042,174666186998,174658659248,0,174653698456,
0,47163,174664063984,174664063984,0,174665004123,174665004790,174665457456,174665487540,174697397316,174665000998,16666666,174665496373,174665980206,174666039123,174667678040,174682017748,2969167,186416,174682017748,174673062498,0,174667678040,
0,47171,174680730650,174680730650,0,174682540540,174682541415,174682683165,174682713623,174714063982,174682536998,16666666,174682877456,174682903165,174682929373,174683572040,174700969790,322208,118292,174700969790,174685385290,0,174683572040,
0,47179,174697397316,174697397316,0,174700881373,174700882165,174700994623,174701018206,174730730648,174700878123,16666666,174701200415,174701273665,174701309956,174701616123,174703139998,322292,388750,174702747415,174703139998,0,174701616123,
0,47187,174714063982,174714063982,0,174719141956,174719142998,174719305998,174719337456,174747397314,174719138373,16666666,174719711081,174719922790,174720320915,174721135956,174731205831,1792,129208,174731205831,174722220540,0,174721135956,
0,47195,174730730648,174730730648,0,174732300623,174732301456,174732422040,174732448498,174764063980,174732297165,16666666,174732969373,174733305498,174733548456,174734330123,174747993831,1584,123208,174747993831,174735113581,0,174734330123,
0,47203,174747397314,174747397314,0,174749181623,174749182623,174749368998,174749403123,174780730646,174749177748,16666666,174749640456,174749978373,174750031290,174750348498,174766566790,362042,274541,174766566790,174752189581,0,174750348498,
0,47211,174764063980,174764063980,0,174766552040,174766552748,174767004956,174767059623,174797397312,174766548748,16666666,174767383998,174768804915,174768852873,174769281165,174782476456,862375,219833,174782476456,174772283498,0,174769281165,
0,47219,174780730646,174780730646,0,174782757540,174782758248,174782922998,174782979831,174814063978,174782754415,16666666,174783270873,174783916706,174784999081,174785308165,174797949831,1542,84333,174797949831,174786036540,0,174785308165,
0,47227,174797397312,174797397312,0,174798199498,174798200498,174798461956,174798496498,174830730644,174798195748,16666666,174798725498,174799034290,174799402873,174799740998,174815682623,1709,99667,174815682623,174800791665,0,174799740998,
0,47235,174814063978,174814063978,0,174816450248,174816451206,174816570165,174816614623,174847397310,174816447331,16666666,174816750540,174817228123,174817264665,174817633665,174832549040,978000,130625,174832549040,174819442123,0,174817633665,
0,47243,174830730644,174830730644,0,174832176540,174832177206,174832336165,174832362623,174864063976,174832173248,16666666,174832455248,174834206540,174837532040,174838248748,174849283206,287541,319250,174849283206,174839460290,0,174838248748,
0,47251,174847397310,174847397310,0,174851585331,174851586373,174851717373,174851748831,174880730642,174851581665,16666666,174851759248,174851891498,174851930498,174852470040,174866973498,1958,113167,174866973498,174853436706,0,174852470040,
0,47259,174864063976,174864063976,0,174869637123,174869638123,174871647581,174871789956,174897397308,174869633206,16666666,174872144998,174872242456,174872283665,174873251207,174881890832,1750,96334,174881890832,174874407665,0,174873251207,
0,47267,174880730642,174880730642,0,174883426165,174883426873,174883999207,174884139498,174914063974,174883422373,16666666,174884321832,174884551123,174884578332,174885239873,174898165707,1292,84041,174898165707,174886142457,0,174885239873,
0,47275,174897397308,174897397308,0,174898513457,174898514123,174898654040,174898686832,174930730640,174898509790,16666666,174898900540,174899004790,174899047165,174899850707,174902815165,2209,680041,174902684290,174902815165,0,174899850707,
0,47283,174914063974,174914063974,0,174916195082,174916195873,174917114082,174917156582,174947397306,174916190998,16666666,174917496915,174919083165,174919130498,174919478123,174931593082,284334,168417,174931593082,174921257790,0,174919478123,
0,47291,174930730640,174930730640,0,174931688123,174931689040,174931836957,174931869540,174964063972,174931684123,16666666,174932165373,174932297832,174932344873,174932753040,174951394832,2967625,202292,174951394832,174936844165,0,174932753040,
0,47299,174947397306,174947397306,0,174951197040,174951197623,174951319165,174951343748,174980730638,174951193832,16666666,174951506332,174951604165,174951638957,174952457290,174965165207,1665084,115584,174965165207,174955080415,0,174952457290,
0,47307,174964063972,174964063972,0,174965500207,174965501040,174965619457,174965650040,174997397304,174965496415,16666666,174965853665,174965889207,174965952040,174966958707,174981418748,888125,164291,174981418748,174968619040,0,174966958707,
0,47315,174980730638,174980730638,0,174982368498,174982369165,174982489082,174982515165,175014063970,174982365498,16666666,174983365832,174983602540,174983651332,174984176457,174997996082,2500,326791,174997996082,174985537373,0,174984176457,
0,47323,174997397304,174997397304,0,174998347457,174998347957,174998979665,174999012915,175030730636,174998344457,16666666,174999209623,174999460582,175000945998,175001562832,175014807998,4293250,2012167,175014807998,175009211623,0,175001562832,
0,47331,175014063970,175014063970,0,175014957623,175014958540,175016845790,175016887373,175047397302,175014947832,16666666,175016996665,175017225082,175017280290,175017947748,175032790165,818709,127667,175032790165,175019303248,0,175017947748,
0,47339,175030730636,175030730636,0,175034233998,175034234832,175034400165,175034485123,175064063968,175034230207,16666666,175034495082,175035669832,175035756707,175040698457,175049351498,4331292,191917,175049351498,175048108457,0,175040698457,
0,47347,175047397302,175047397302,0,175049613748,175049614248,175050211248,175050239082,175080730634,175049611165,16666666,175050380040,175050525832,175050559915,175051035582,175052896457,438417,605708,175052374707,175052896457,0,175051035582,
0,47355,175064063968,175064063968,0,175066385207,175066386165,175066534498,175066569082,175097397300,175066381873,16666666,175066787498,175067049790,175067101957,175067627915,175084184748,707792,147833,175084184748,175069269998,0,175067627915,
0,47363,175080730634,175080730634,0,175082564123,175082565123,175082756707,175082783207,175114063966,175082560957,16666666,175082926248,175083049873,175083088207,175083450457,175107944498,17847792,1680792,175105882790,175107944498,0,175083450457,
0,47371,175097397300,175097397300,0,175105598790,175105599498,175105714998,175105741207,175130730632,175105595873,16666666,175105916457,175107983665,175108116582,175108715332,175115000873,1875,151458,175115000873,175109711498,0,175108715332,
0,47379,175114063966,175114063966,0,175114990582,175114991332,175115115665,175115142623,175147397298,175114987373,16666666,175115272457,175115478957,175115586248,175116203832,175117942873,445750,517375,175117457457,175117942873,0,175116203832,
0,47387,175130730632,175130730632,0,175136397665,175136398207,175136529207,175136559248,175164063964,175136394498,16666666,175136872957,175137170790,175137210873,175137701373,175139292957,373125,420125,175138869915,175139292957,0,175137701373,
0,47395,175147397298,175147397298,0,175151614498,175151614998,175151765873,175151808332,175180730630,175151611540,16666666,175151972165,175151994415,175152192082,175152634540,175166992040,2917,100750,175166992040,175153249290,0,175152634540,
0,47403,175164063964,175164063964,0,175167280332,175167281332,175167474707,175167508165,175197397296,175167276623,16666666,175167772873,175168473957,175168514290,175168967207,175181052540,1584,95500,175181052540,175169521707,0,175168967207,
0,47411,175180730630,175180730630,0,175181369290,175181369957,175181580498,175181631415,175214063962,175181366457,16666666,175181850165,175182137582,175182176082,175182744915,175198111832,2083,85834,175198111832,175183499082,0,175182744915,
0,47419,175197397296,175197397296,0,175198153582,175198154457,175198287123,175198487957,175230730628,175198150165,16666666,175198569540,175198694290,175198754332,175199222457,175215480873,3959,515292,175215480873,175200534873,0,175199222457,
0,47427,175214063962,175214063962,0,175215580915,175215581582,175215816707,175215845415,175247397294,175215577707,16666666,175215854457,175216650332,175216671707,175217224790,175231961998,2167,131709,175231961998,175218098998,0,175217224790,
0,47435,175230730628,175230730628,0,175232145207,175232146123,175232259248,175232286165,175264063960,175232141998,16666666,175232426207,175232810623,175232852748,175233585373,175247983373,542250,95250,175247983373,175234866248,0,175233585373,
0,47443,175247397294,175247397294,0,175248350082,175248350748,175248543290,175248569540,175280730626,175248346998,16666666,175249008832,175249072415,175249108748,175249649207,175264902498,2042,151250,175264902498,175250590832,0,175249649207,
0,47451,175264063960,175264063960,0,175265333540,175265334123,175265561748,175265591623,175297397292,175265330790,16666666,175266308040,175266352748,175266463457,175266900498,175282357373,2334,157042,175282357373,175267761540,0,175266900498,
0,47459,175280730626,175280730626,0,175282223123,175282223665,175282343623,175282370207,175314063958,175282220332,16666666,175282511873,175282575290,175282681957,175283146665,175297920165,357000,322666,175297920165,175284476790,0,175283146665,
0,47467,175297397292,175297397292,0,175298177165,175298177957,175298446915,175298477582,175330730624,175298173665,16666666,175298597123,175298786540,175298826457,175299151790,175315091332,720875,229917,175315091332,175300725873,0,175299151790,
0,47475,175314063958,175314063958,0,175315337790,175315338540,175315486165,175315519915,175347397290,175315334540,16666666,175315729582,175315886707,175315930623,175316622790,175332519915,205083,267042,175332519915,175317647123,0,175316622790,
0,47483,175330730624,175330730624,0,175332800540,175332801332,175332956582,175332985957,175364063956,175332797373,16666666,175333151707,175333162665,175333316415,175333864998,175347948498,428125,88458,175347948498,175335292248,0,175333864998,
0,47491,175347397290,175347397290,0,175348437373,175348438082,175348545957,175348571290,175380730622,175348434290,16666666,175348727748,175348744748,175349010998,175349564290,175364798707,1959,310167,175364798707,175350520123,0,175349564290,
0,47499,175364063956,175364063956,0,175365171707,175365172457,175365275582,175365304498,175397397288,175365168832,16666666,175365598040,175365877957,175365916998,175366427332,175381100790,2666,253375,175381100790,175367338123,0,175366427332,
0,47507,175380730622,175380730622,0,175381473498,175381474040,175381599373,175381625248,175414063954,175381470373,16666666,175381735915,175381906207,175381974540,175382459207,175398090498,170125,204209,175398090498,175383398040,0,175382459207,
0,47515,175397397288,175397397288,0,175398465040,175398465623,175398574998,175398599707,175430730620,175398461582,16666666,175398608165,175399109915,175399618915,175400113373,175414547790,1500,94709,175414547790,175401007790,0,175400113373,
0,47523,175414063954,175414063954,0,175415134040,175415134707,175415233873,175415262165,175447397286,175415130790,16666666,175415479373,175415691832,175415743415,175416799707,175431503207,2042,90333,175431503207,175417611540,0,175416799707,
0,47531,175430730620,175430730620,0,175431661748,175431662498,175431781040,175431808540,175464063952,175431658832,16666666,175432512707,175432717332,175432754082,175433446748,175448264290,1833,101958,175448264290,175434079748,0,175433446748,
0,47539,175447397286,175447397286,0,175448564707,175448565623,175448722207,175448769082,175480730618,175448560873,16666666,175448987582,175449282290,175449327915,175450124248,175465836332,1792,92417,175465836332,175450701790,0,175450124248,
0,47547,175464063952,175464063952,0,175465949665,175465950582,175466119415,175466146873,175497397284,175465946207,16666666,175466723123,175466965040,175467245373,175467671290,175483297082,2333,125625,175483297082,175468588290,0,175467671290,
0,47555,175480730618,175480730618,0,175483605540,175483606123,175483726248,175483753748,175514063950,175483602748,16666666,175484172665,175484669040,175484707123,175485616123,175498674665,2000,89000,175498674665,175486287332,0,175485616123,
0,47563,175497397284,175497397284,0,175498975373,175498975998,175500505748,175500539707,175530730616,175498972498,16666666,175500699832,175500938832,175500976540,175501376748,175514728123,1708,95292,175514728123,175502125123,0,175501376748,
0,47571,175514063950,175514063950,0,175514935998,175514936707,175515374873,175515420040,175547397282,175514932332,16666666,175515685915,175515899207,175516547373,175516895707,175531950332,1958,105167,175531950332,175517674582,0,175516895707,
0,47579,175530730616,175530730616,0,175532595623,175532596373,175532794998,175532821332,175564063948,175532591957,16666666,175532979332,175533130373,175533174415,175533631540,175549917332,1417,79708,175549917332,175534368248,0,175533631540,
0,47587,175547397282,175547397282,0,175549875623,175549876373,175549987332,175550013457,175580730614,175549872873,16666666,175550136998,175550195998,175550244623,175551945165,175565278290,421000,262708,175565278290,175553241165,0,175551945165,
0,47595,175564063948,175564063948,0,175565433373,175565434082,175565642873,175565674123,175597397280,175565430123,16666666,175565790998,175565912165,175565962498,175566501707,175581268874,1625,81709,175581268874,175567334165,0,175566501707,
0,47603,175580730614,175580730614,0,175581398207,175581399124,175581683915,175581723457,175614063946,175581394249,16666666,175581733207,175582086249,175582127207,175583078624,175599855332,2792,174125,175599855332,175583972457,0,175583078624,
0,47611,175597397280,175597397280,0,175600153124,175600153665,175600306415,175600330249,175630730612,175600149957,16666666,175600756624,175600978582,175601015082,175601471582,175615366624,1792,81792,175615366624,175602251082,0,175601471582,
0,47619,175614063946,175614063946,0,175615650415,175615651082,175615829790,175615856249,175647397278,175615647332,16666666,175616267124,175616554249,175616592082,175617394957,175631942790,1709,108708,175631942790,175618304874,0,175617394957,
0,47627,175630730612,175630730612,0,175633162124,175633162665,175633504999,175633548999,175664063944,175633159290,16666666,175633761790,175633866457,175633910707,175634287332,175648264624,1750,77000,175648264624,175634824832,0,175634287332,
0,47635,175647397278,175647397278,0,175648809290,175648810249,175649042874,175649073415,175680730610,175648805540,16666666,175649305082,175649617582,175649663082,175650018749,175665651249,2041,96416,175665651249,175650652832,0,175650018749,
0,47643,175664063944,175664063944,0,175665970332,175665971290,175666128582,175666155707,175697397276,175665966874,16666666,175666371290,175666464207,175666520415,175667131374,175681256499,526291,227791,175681256499,175668412540,0,175667131374,
0,47651,175680730610,175680730610,0,175681647457,175681648082,175681816624,175681841332,175714063942,175681644374,16666666,175682040665,175682188915,175682224249,175683130790,175698353665,2125,115542,175698353665,175684101999,0,175683130790,
0,47659,175697397276,175697397276,0,175698837082,175698837624,175698930874,175698955999,175730730608,175698832582,16666666,175699129665,175699238124,175699307290,175700556457,175719478957,1375,125709,175719478957,175701187582,0,175700556457,
0,47667,175714063942,175714063942,0,175719773749,175719774499,175719887040,175719914665,175747397274,175719770707,16666666,175720361540,175720591749,175720651040,175721861499,175731752915,1708,72333,175731752915,175722643707,0,175721861499,
0,47675,175730730608,175730730608,0,175732370540,175732371249,175732483457,175732531999,175764063940,175732367415,16666666,175732649999,175732663290,175732702540,175733296915,175749493124,2666,93666,175749493124,175733887790,0,175733296915,
0,47683,175747397274,175747397274,0,175749641832,175749642457,175749743499,175749771165,175780730606,175749638874,16666666,175749866249,175750017915,175750177082,175750699874,175752357457,536208,107208,175751736374,175752357457,0,175750699874,
0,47691,175764063940,175764063940,0,175764894332,175764894915,175764978624,175765003999,175797397272,175764891624,16666666,175765012290,175765254082,175765300999,175766330207,175781196290,2709,138291,175781196290,175767115207,0,175766330207,
0,47699,175780730606,175780730606,0,175781505582,175781506124,175781738540,175781763832,175814063938,175781502915,16666666,175781903624,175781975374,175782042415,175782536540,175798163624,694417,130167,175798163624,175783880790,0,175782536540,
0,47707,175797397272,175797397272,0,175798336707,175798337290,175799071207,175799116165,175830730604,175798333749,16666666,175799335374,175799398249,175799503040,175799856082,175815233082,1792,114791,175815233082,175800720457,0,175799856082,
0,47715,175814063938,175814063938,0,175815186082,175815186582,175815279749,175815302582,175847397270,175815183290,16666666,175815526707,175815555665,175815603790,175815971999,175831444624,954708,243958,175831444624,175818044290,0,175815971999,
0,47723,175830730604,175830730604,0,175831898832,175831899665,175832145790,175832180124,175864063936,175831895249,16666666,175832513915,175832545457,175832654624,175833450415,175847786374,1917,91458,175847786374,175834172707,0,175833450415,
0,47731,175847397270,175847397270,0,175848108749,175848109790,175848432374,175848473207,175880730602,175848105332,16666666,175848696249,175848860874,175848909290,175849807999,175866296415,1667,78333,175866296415,175850627499,0,175849807999,
0,47739,175864063936,175864063936,0,175866741124,175866741707,175866843415,175866881707,175897397268,175866737415,16666666,175867045165,175867239374,175867721874,175868241832,175885218207,2167,86416,175885218207,175869081332,0,175868241832,
0,47747,175880730602,175880730602,0,175885494415,175885495332,175885668915,175885700999,175914063934,175885491207,16666666,175885892915,175885954832,175885994040,175887754290,175902113415,2209,152041,175902113415,175888756832,0,175887754290,
0,47755,175897397268,175897397268,0,175902609249,175902610165,175902885832,175902922249,175930730600,175902605624,16666666,175903091749,175903153790,175903212915,175903752999,175916647290,1537625,171625,175916647290,175906416415,0,175903752999,
0,47763,175914063934,175914063934,0,175916740374,175916740957,175916867332,175916892457,175947397266,175916736332,16666666,175917067790,175917116124,175917186915,175917758582,175919049332,2292,388000,175919009499,175919049332,0,175917758582,
0,47771,175930730600,175930730600,0,175935317165,175935318290,175935555624,175935590082,175964063932,175935313832,16666666,175935709540,175935923332,175935981707,175937067832,175952447374,104541,876041,175952447374,175938895082,0,175937067832,
0,47779,175947397266,175947397266,0,175952692124,175952692790,175952838665,175952867332,175980730598,175952688665,16666666,175952875707,175953092040,175953140999,175953818707,175965019999,1792,120583,175965019999,175955456207,0,175953818707,
0,47787,175964063932,175964063932,0,175969538290,175969538832,175969654415,175969680999,175997397264,175969535457,16666666,175969822999,175969843415,175969879457,175970624165,175981468582,1625,142750,175981468582,175972535749,0,175970624165,
0,47795,175980730598,175980730598,0,175981694290,175981694999,175982217207,175982242165,176014063930,175981691415,16666666,175982384582,175982416665,175982451915,175982864999,176000905332,1286625,101125,176000905332,175984781749,0,175982864999,
0,47803,175997397264,175997397264,0,175999652832,175999653415,175999826249,175999852249,176030730596,175999649874,16666666,175999996874,176000115624,176000148707,176001086040,176016235915,3746625,229750,176016235915,176005646540,0,176001086040,
0,47811,176014063930,176014063930,0,176015838707,176015839290,176015972499,176015999082,176047397262,176015835499,16666666,176016271332,176016461707,176016479915,176016990790,176021816457,480125,2936042,176020306832,176021816457,0,176016990790,
0,47819,176030730596,176030730596,0,176031483040,176031483915,176031882207,176031916415,176064063928,176031479165,16666666,176032404707,176032721415,176032760874,176033551124,176047912540,1917,79542,176047912540,176034116540,0,176033551124,
0,47827,176047397262,176047397262,0,176049344707,176049345249,176049446957,176049471165,176080730594,176049341957,16666666,176049631915,176049962374,176050008290,176050448207,176065336415,1583,83209,176065336415,176051294332,0,176050448207,
0,47835,176064063928,176064063928,0,176065571290,176065572207,176066033790,176066063832,176097397260,176065568165,16666666,176067501665,176067604290,176067640165,176068108040,176084988457,528500,308416,176084988457,176070631832,0,176068108040,
0,47843,176080730594,176080730594,0,176085798957,176085799832,176085910290,176085936707,176114063926,176085795707,16666666,176086846124,176087307124,176087715582,176088376082,176098413499,1875,426417,176098413499,176090813165,0,176088376082,
0,47851,176097397260,176097397260,0,176098774165,176098774832,176098881207,176098905707,176130730592,176098771124,16666666,176099071749,176099541249,176099647665,176100767165,176117073582,1833,99959,176117073582,176101480040,0,176100767165,
0,47859,176114063926,176114063926,0,176117054082,176117054832,176117158499,176117184124,176147397258,176117051624,16666666,176117277540,176117445540,176117488415,176118362332,176131490915,1584,78916,176131490915,176118864707,0,176118362332,
0,47867,176130730592,176130730592,0,176131574624,176131575249,176131779999,176131805165,176164063924,176131571665,16666666,176131813040,176132062332,176132085457,176132878582,176149191040,427833,117708,176149191040,176134214124,0,176132878582,
0,47875,176147397258,176147397258,0,176149504915,176149505582,176149743082,176149769040,176180730590,176149501165,16666666,176149986957,176150148665,176150273082,176150656499,176153120124,2166,456792,176153073415,176153120124,0,176150656499,
0,47883,176164063924,176164063924,0,176165164915,176165165790,176165306082,176165339749,176180730590,176165160624,16666666,176165571082,176165591165,176165618749,176166178540,174014777748,1833,137542,174014777748,176167452707,0,176166178540,
---PROFILEDATA---


View hierarchy:

  dev.polski.grammarmatrix.benchmark/dev.polski.grammarmatrix.GlassBenchmarkActivity/android.view.ViewRootImpl@48d03b8
  7 views, 12.08 kB of render nodes


Total ViewRootImpl   : 1
Total attached Views : 7
Total RenderNode     : 12.08 kB (used) / 36.09 kB (capacity)