Applications Graphics Acceleration Info:
Uptime: 148082 Realtime: 148082

** Graphics info for pid 2158 [dev.polski.grammarmatrix.benchmark] **

Stats since: 145485640442ns
Total frames rendered: 157
Janky frames: 0 (0.00%)
Janky frames (legacy): 129 (82.17%)
50th percentile: 19ms
90th percentile: 22ms
95th percentile: 24ms
99th percentile: 27ms
Number Missed Vsync: 0
Number High input latency: 314
Number Slow UI thread: 0
Number Slow bitmap uploads: 0
Number Slow issue draw commands: 0
Number Frame deadline missed: 0
Number Frame deadline missed (legacy): 0
HISTOGRAM: 5ms=0 6ms=0 7ms=0 8ms=0 9ms=0 10ms=0 11ms=0 12ms=0 13ms=0 14ms=0 15ms=2 16ms=1 17ms=5 18ms=30 19ms=62 20ms=23 21ms=14 22ms=7 23ms=2 24ms=7 25ms=1 26ms=1 27ms=1 28ms=0 29ms=0 30ms=1 31ms=0 32ms=0 34ms=0 36ms=0 38ms=0 40ms=0 42ms=0 44ms=0 46ms=0 48ms=0 53ms=0 57ms=0 61ms=0 65ms=0 69ms=0 73ms=0 77ms=0 81ms=0 85ms=0 89ms=0 93ms=0 97ms=0 101ms=0 105ms=0 109ms=0 113ms=0 117ms=0 121ms=0 125ms=0 129ms=0 133ms=0 150ms=0 200ms=0 250ms=0 300ms=0 350ms=0 400ms=0 450ms=0 500ms=0 550ms=0 600ms=0 650ms=0 700ms=0 750ms=0 800ms=0 850ms=0 900ms=0 950ms=0 1000ms=0 1050ms=0 1100ms=0 1150ms=0 1200ms=0 1250ms=0 1300ms=0 1350ms=0 1400ms=0 1450ms=0 1500ms=0 1550ms=0 1600ms=0 1650ms=0 1700ms=0 1750ms=0 1800ms=0 1850ms=0 1900ms=0 1950ms=0 2000ms=0 2050ms=0 2100ms=0 2150ms=0 2200ms=0 2250ms=0 2300ms=0 2350ms=0 2400ms=0 2450ms=0 2500ms=0 2550ms=0 2600ms=0 2650ms=0 2700ms=0 2750ms=0 2800ms=0 2850ms=0 2900ms=0 2950ms=0 3000ms=0 3050ms=0 3100ms=0 3150ms=0 3200ms=0 3250ms=0 3300ms=0 3350ms=0 3400ms=0 3450ms=0 3500ms=0 3550ms=0 3600ms=0 3650ms=0 3700ms=0 3750ms=0 3800ms=0 3850ms=0 3900ms=0 3950ms=0 4000ms=0 4050ms=0 4100ms=0 4150ms=0 4200ms=0 4250ms=0 4300ms=0 4350ms=0 4400ms=0 4450ms=0 4500ms=0 4550ms=0 4600ms=0 4650ms=0 4700ms=0 4750ms=0 4800ms=0 4850ms=0 4900ms=0 4950ms=0
50th gpu percentile: 18ms
90th gpu percentile: 20ms
95th gpu percentile: 23ms
99th gpu percentile: 4950ms
GPU HISTOGRAM: 1ms=0 2ms=2 3ms=0 4ms=0 5ms=0 6ms=0 7ms=0 8ms=0 9ms=1 10ms=0 11ms=1 12ms=3 13ms=4 14ms=1 15ms=2 16ms=10 17ms=39 18ms=49 19ms=24 20ms=7 21ms=3 22ms=2 23ms=3 24ms=4 25ms=0 4950ms=2

Pipeline=Skia (OpenGL)
Memory policy:
  Max surface area: 2592000
  Max resource usage: 124.42MB (x48)
  Background retention: 50% (altUiHidden = true)
  GPU Context timeout: 10
Contexts: 1 (stopped = 0)
CPU Caches:
  Glyph Cache: 33.70 KB (1 entry)
  Glyph Count: 11 
Total CPU memory usage:
  34510 bytes, 33.70 KB (0.00 bytes is purgeable)
GPU Caches:
  Other:
    Other: 26.56 KB (1 entry)
    Buffer Object: 36.45 KB (3 entries)
    StencilAttachment: 256.00 KB (1 entry)
  Image:
    Texture: 64.00 bytes (1 entry)
  Scratch:
    RenderTarget: 320.00 KB (1 entry)
    Buffer Object: 80.00 KB (2 entries)
    Texture: 2.00 MB (1 entry)
Total GPU memory usage:
  2833488 bytes, 2.70 MB (388.52 KB is purgeable)

GraphicBufferAllocator buffers:
        Handle |        Size |     W (Stride) x H | Layers |   Format |      Usage | Requestor
0xb400007b63ca54e0 |     unknown | 1080 (   0) x 2400 |      1 |        1 | 0x     b00 | VRI[GlassBenchmarkActivity]#0(BLAST Consumer)0
0xb400007b63cbb470 |     unknown | 1080 (   0) x 2400 |      1 |        1 | 0x     b00 | VRI[GlassBenchmarkActivity]#0(BLAST Consumer)0
0xb400007b63cbe4d0 |     unknown | 1080 (   0) x 2400 |      1 |        1 | 0x     b00 | VRI[GlassBenchmarkActivity]#0(BLAST Consumer)0
Total allocated by GraphicBufferAllocator (estimate): 0.00 KB
GoldfishAllocator::dumpDebugInfo is not implemented
Profile data in ms:

	dev.polski.grammarmatrix.benchmark/dev.polski.grammarmatrix.GlassBenchmarkActivity/android.view.ViewRootImpl@48d03b8 (visibility=0)
Window: dev.polski.grammarmatrix.benchmark/dev.polski.grammarmatrix.GlassBenchmarkActivity
Stats since: 145485639609ns
Total frames rendered: 157
Janky frames: 0 (0.00%)
Janky frames (legacy): 129 (82.17%)
50th percentile: 19ms
90th percentile: 22ms
95th percentile: 24ms
99th percentile: 27ms
Number Missed Vsync: 0
Number High input latency: 314
Number Slow UI thread: 0
Number Slow bitmap uploads: 0
Number Slow issue draw commands: 0
Number Frame deadline missed: 0
Number Frame deadline missed (legacy): 0
HISTOGRAM: 5ms=0 6ms=0 7ms=0 8ms=0 9ms=0 10ms=0 11ms=0 12ms=0 13ms=0 14ms=0 15ms=2 16ms=1 17ms=5 18ms=30 19ms=62 20ms=23 21ms=14 22ms=7 23ms=2 24ms=7 25ms=1 26ms=1 27ms=1 28ms=0 29ms=0 30ms=1 31ms=0 32ms=0 34ms=0 36ms=0 38ms=0 40ms=0 42ms=0 44ms=0 46ms=0 48ms=0 53ms=0 57ms=0 61ms=0 65ms=0 69ms=0 73ms=0 77ms=0 81ms=0 85ms=0 89ms=0 93ms=0 97ms=0 101ms=0 105ms=0 109ms=0 113ms=0 117ms=0 121ms=0 125ms=0 129ms=0 133ms=0 150ms=0 200ms=0 250ms=0 300ms=0 350ms=0 400ms=0 450ms=0 500ms=0 550ms=0 600ms=0 650ms=0 700ms=0 750ms=0 800ms=0 850ms=0 900ms=0 950ms=0 1000ms=0 1050ms=0 1100ms=0 1150ms=0 1200ms=0 1250ms=0 1300ms=0 1350ms=0 1400ms=0 1450ms=0 1500ms=0 1550ms=0 1600ms=0 1650ms=0 1700ms=0 1750ms=0 1800ms=0 1850ms=0 1900ms=0 1950ms=0 2000ms=0 2050ms=0 2100ms=0 2150ms=0 2200ms=0 2250ms=0 2300ms=0 2350ms=0 2400ms=0 2450ms=0 2500ms=0 2550ms=0 2600ms=0 2650ms=0 2700ms=0 2750ms=0 2800ms=0 2850ms=0 2900ms=0 2950ms=0 3000ms=0 3050ms=0 3100ms=0 3150ms=0 3200ms=0 3250ms=0 3300ms=0 3350ms=0 3400ms=0 3450ms=0 3500ms=0 3550ms=0 3600ms=0 3650ms=0 3700ms=0 3750ms=0 3800ms=0 3850ms=0 3900ms=0 3950ms=0 4000ms=0 4050ms=0 4100ms=0 4150ms=0 4200ms=0 4250ms=0 4300ms=0 4350ms=0 4400ms=0 4450ms=0 4500ms=0 4550ms=0 4600ms=0 4650ms=0 4700ms=0 4750ms=0 4800ms=0 4850ms=0 4900ms=0 4950ms=0
50th gpu percentile: 18ms
90th gpu percentile: 20ms
95th gpu percentile: 23ms
99th gpu percentile: 4950ms
GPU HISTOGRAM: 1ms=0 2ms=2 3ms=0 4ms=0 5ms=0 6ms=0 7ms=0 8ms=0 9ms=1 10ms=0 11ms=1 12ms=3 13ms=4 14ms=1 15ms=2 16ms=10 17ms=39 18ms=49 19ms=24 20ms=7 21ms=3 22ms=2 23ms=3 24ms=4 25ms=0 4950ms=2



---PROFILEDATA---
Flags,FrameTimelineVsyncId,IntendedVsync,Vsync,InputEventId,HandleInputStart,AnimationStart,PerformTraversalsStart,DrawStart,FrameDeadline,FrameInterval,FrameStartTime,SyncQueued,SyncStart,IssueDrawCommandsStart,SwapBuffers,FrameCompleted,DequeueBufferDuration,QueueBufferDuration,GpuCompleted,SwapBuffersCompleted,DisplayPresentTime,CommandSubmissionCompleted,
0,33432,146097398460,146097398460,0,146097985318,146097986234,146098146943,146098176193,146147398458,146097981984,16666666,146098321026,146100601734,146100641526,146100908859,146117771859,15083375,89417,146117771859,146116725401,0,146100908859,
0,33440,146114065126,146114065126,0,146114835109,146114835693,146114937068,146114963484,146164065124,146114831943,16666666,146115148901,146116754234,146116788526,146117066109,146134093568,15145208,123125,146134093568,146132967818,0,146117066109,
0,33448,146130731792,146130731792,0,146131598901,146131599484,146131716276,146131744734,146180731790,146131595609,16666666,146131918484,146132991484,146133030484,146133347359,146150649484,15494875,153417,146150649484,146149647526,0,146133347359,
0,33456,146147398458,146147398458,0,146148338609,146148339276,146148439484,146148469943,146197398456,146148335443,16666666,146148607359,146149681443,146149719484,146150067693,146168896026,16942334,110375,146168896026,146167643734,0,146150067693,
0,33464,146164065124,146164065124,0,146166194234,146166194901,146166309318,146166356818,146214065122,146166191359,16666666,146166526318,146167673818,146167712859,146168134443,146183845859,13827583,110709,146183845859,146182777318,0,146168134443,
0,33472,146180731790,146180731790,0,146181312359,146181313193,146181445484,146181472984,146230731788,146181308818,16666666,146181590193,146182803943,146182841693,146183222943,146200663443,15469000,150500,146200663443,146199369318,0,146183222943,
0,33480,146197398456,146197398456,0,146198122818,146198123359,146198228318,146198254484,146247398454,146198119984,16666666,146198263151,146199389443,146199424776,146199773609,146217841068,15855126,252708,146217841068,146216618651,0,146199773609,
0,33488,146214065122,146214065122,0,146214703610,146214704235,146214813901,146214840276,146264065120,146214700193,16666666,146215072943,146216670443,146216753485,146217102110,146233978485,14943833,176125,146233978485,146232853026,0,146217102110,
0,33496,146230731788,146230731788,0,146231505818,146231506568,146231612235,146231637860,146280731786,146231502818,16666666,146231854693,146232879110,146232919151,146233342360,146250851943,15676000,153333,146250851943,146249739943,0,146233342360,
0,33504,146247398454,146247398454,0,146248461276,146248462026,146248604943,146248631818,146297398452,146248457651,16666666,146248771360,146249774360,146249812985,146250219318,146267906318,15854333,145917,146267906318,146266790985,0,146250219318,
0,33512,146264065120,146264065120,0,146265236151,146265236818,146265554901,146265593610,146314065118,146265233443,16666666,146265753860,146266830860,146266889360,146267249651,146285464235,16275875,150334,146285464235,146284243026,0,146267249651,
0,33520,146280731786,146280731786,0,146282543610,146282544485,146282696485,146282731068,146330731784,146282539818,16666666,146282909943,146284283860,146284435985,146284809985,146301311235,14422750,159625,146301311235,146299942318,0,146284809985,
0,33528,146297398452,146297398452,0,146298618485,146298619026,146298745360,146298771443,146347398450,146298615276,16666666,146298949110,146299968526,146300180193,146300685818,146317247026,14650667,169375,146317247026,146316168610,0,146300685818,
0,33536,146314065118,146314065118,0,146314782568,146314783110,146314882360,146314908026,146364065116,146314779943,16666666,146315045568,146316191985,146316227860,146316686193,146335471735,17117917,95041,146335471735,146334417151,0,146316686193,
0,33544,146330731784,146330731784,0,146332728401,146332729193,146332848401,146332876068,146380731782,146332725026,16666666,146333006568,146334442818,146334479610,146334893651,146351614485,14893583,138833,146351614485,146350450401,0,146334893651,
0,33552,146347398450,146347398450,0,146349686235,146349687193,146349836110,146349867318,146397398448,146349682818,16666666,146350034151,146350489110,146350541776,146350957318,146367661985,15017250,158791,146367661985,146366691568,0,146350957318,
0,33560,146364065116,146364065116,0,146365011693,146365012568,146365117151,146365143901,146414065114,146365008443,16666666,146365235651,146366723651,146366764276,146367069943,146384571193,15488625,150833,146384571193,146383203901,0,146367069943,
0,33568,146380731782,146380731782,0,146381749360,146381750110,146381856901,146381881735,146430731780,146381746068,16666666,146381889485,146383233735,146383338110,146383682526,146401840693,16135084,381625,146401840693,146400801651,0,146383682526,
0,33576,146397398448,146397398448,0,146399126735,146399127651,146399263485,146399292151,146447398446,146399123776,16666666,146399461276,146400846568,146400914151,146401297360,146417916276,14854750,162542,146417916276,146416827610,0,146401297360,
0,33584,146414065114,146414065114,0,146414919235,146414919818,146415014860,146415041568,146464065112,146414916401,16666666,146415161860,146416856568,146416893943,146417270235,146439577568,19355000,102333,146439577568,146437398651,0,146417270235,
0,33592,146430731780,146430731780,0,146431616943,146431617776,146431753818,146431781651,146480731778,146431613401,16666666,146434813276,146437495776,146437565568,146438545735,146453918735,13236250,125334,146453918735,146452874318,0,146438545735,
0,33600,146447398446,146447398446,0,146451183026,146451183693,146451385360,146451425110,146497398444,146451180026,16666666,146451557276,146452900110,146452949318,146453262401,146467828485,12630125,165833,146467828485,146466634151,0,146453262401,
0,33608,146464065112,146464065112,0,146464730110,146464730610,146464955985,146464983318,146514065110,146464727026,16666666,146465114276,146466658151,146466694693,146467016485,146485646110,16730459,131459,146485646110,146484643651,0,146467016485,
0,33616,146480731778,146480731778,0,146482454235,146482455026,146482842068,146482872568,146530731776,146482450985,16666666,146483055276,146484677735,146484713235,146484998818,146501332026,14163042,102000,146501332026,146499913943,0,146484998818,
0,33624,146497398444,146497398444,0,146498174068,146498174901,146498457360,146498485735,146547398442,146498170985,16666666,146498662360,146499999026,146500231110,146500644776,146518293151,15756916,152625,146518293151,146517178151,0,146500644776,
0,33632,146514065110,146514065110,0,146515120235,146515120776,146515225818,146515248901,146564065108,146515117110,16666666,146515573901,146517221860,146517279068,146517642860,146534583735,15177250,153417,146534583735,146533524735,0,146517642860,
0,33640,146530731776,146530731776,0,146532138360,146532139068,146532248193,146532274485,146580731774,146532135026,16666666,146532420276,146533547318,146533597151,146534073193,146551041818,15306583,89666,146551041818,146549944610,0,146534073193,
0,33648,146547398442,146547398442,0,146548274860,146548275568,146548624360,146548652901,146597398440,146548271568,16666666,146548771985,146549966568,146550044776,146550317318,146568440860,15870459,214709,146568440860,146566974443,0,146550317318,
0,33656,146564065108,146564065108,0,146565320401,146565320943,146565584651,146565623735,146614065106,146565317235,16666666,146565635110,146567007735,146567047193,146567543568,146585182276,15147333,118917,146585182276,146583641568,0,146567543568,
0,33664,146580731774,146580731774,0,146582132860,146582133568,146582317943,146582347860,146630731772,146582129401,16666666,146582520110,146583678901,146583719235,146584074818,146599649276,14416917,240917,146585192110,146599649276,0,146584074818,
0,33672,146597398440,146597398440,0,146598167610,146598168318,146598527401,146598561318,146647398438,146598164568,16666666,146598698485,146599667443,146599702151,146599966985,146618976985,16737625,72583,146618976985,146617453735,0,146599966985,
0,33680,146614065106,146614065106,0,146617186443,146617187276,146617751860,146617785401,146664065104,146617183235,16666666,146617956401,146618039568,146618079026,146618400151,146634345110,14336417,86125,146634345110,146633365568,0,146618400151,
0,33688,146630731772,146630731772,0,146631430485,146631431276,146631714693,146631744610,146680731770,146631426818,16666666,146633069526,146633386693,146633423026,146633782110,146651551776,15894666,98375,146651551776,146650292901,0,146633782110,
0,33696,146647398438,146647398438,0,146648469276,146648469985,146648566443,146648589526,146697398436,146648465985,16666666,146648740193,146650326151,146650362735,146650698776,146668578526,15276708,194166,146668578526,146667002485,0,146650698776,
0,33704,146664065104,146664065104,0,146665500943,146665501610,146665588401,146665614360,146714065102,146665498026,16666666,146665771485,146667021610,146667144401,146667645735,146686324401,16551166,176750,146686324401,146685187610,0,146667645735,
0,33712,146680731770,146680731770,0,146682666485,146682667276,146682861943,146682891901,146730731768,146682663193,16666666,146683049276,146685220193,146685255610,146685593151,146701992401,13663708,108791,146701992401,146700498526,0,146685593151,
0,33720,146697398436,146697398436,0,146699024651,146699025401,146699351943,146699392985,146747398434,146699021776,16666666,146699567693,146700521818,146700561610,146700884026,146718227610,14871959,134792,146718227610,146717045526,0,146700884026,
0,33728,146714065102,146714065102,0,146715315485,146715316068,146715422693,146715449276,146764065100,146715312526,16666666,146715675943,146717078818,146717118776,146717425651,146734720568,15027375,102708,146734720568,146733304776,0,146717425651,
0,33736,146730731768,146730731768,0,146731904193,146731904818,146732400485,146732441651,146780731766,146731901693,16666666,146732533568,146733325110,146733467360,146733949985,146751690860,15371792,119042,146751690860,146750148610,0,146733949985,
0,33744,146747398434,146747398434,0,146748395651,146748396151,146748582193,146748611526,146797398432,146748392485,16666666,146748620026,146750183151,146750238526,146750715901,146768373901,15115083,300625,146768373901,146766960943,0,146750715901,
0,33752,146764065100,146764065100,0,146765016110,146765016610,146765294318,146765322235,146814065098,146765013151,16666666,146765454735,146767002568,146767064693,146767464735,146785016818,15149708,402833,146785016818,146783583068,0,146767464735,
0,33760,146780731766,146780731766,0,146781892276,146781892985,146782227360,146782259443,146830731764,146781888776,16666666,146782403776,146783615110,146783741818,146784178610,146801244901,14706625,293541,146801244901,146799875360,0,146784178610,
0,33768,146797398432,146797398432,0,146798434151,146798434860,146798556651,146798585318,146847398430,146798420610,16666666,146798727651,146799901651,146799941318,146800488110,146817846026,15653292,286708,146817846026,146816953985,0,146800488110,
0,33776,146814065098,146814065098,0,146814877526,146814878276,146815372401,146815402985,146864065096,146814874276,16666666,146815574776,146816973985,146817006360,146817323818,146839863568,20769833,79291,146839863568,146838672943,0,146817323818,
0,33784,146830731764,146830731764,0,146832491068,146832491610,146832594901,146832620360,146880731762,146832487943,16666666,146832747151,146838713776,146838761193,146839101860,146852249026,10212958,96042,146852249026,146850139901,0,146839101860,
0,33792,146847398430,146847398430,0,146848524901,146848525610,146848767068,146848796901,146897398428,146848521693,16666666,146848977276,146850179860,146850224235,146851038818,146868545151,14761250,472333,146868545151,146867083526,0,146851038818,
0,33800,146864065096,146864065096,0,146864865568,146864866318,146865078485,146865116276,146914065094,146864861776,16666666,146865332110,146867126151,146867179235,146867550610,146884645818,14714958,277958,146884645818,146883351068,0,146867550610,
0,33808,146880731762,146880731762,0,146881803818,146881804485,146882144735,146882172901,146930731760,146881800443,16666666,146882349485,146883393610,146883451568,146883833568,146902847860,16806125,217750,146902847860,146901508068,0,146883833568,
0,33816,146897398428,146897398428,0,146901196860,146901197526,146901295110,146901320693,146947398426,146901193193,16666666,146901446943,146901537735,146901574193,146901888026,146917748818,13782667,258917,146917748818,146916691235,0,146901888026,
0,33824,146914065094,146914065094,0,146914714902,146914715443,146914794277,146914818568,146964065092,146914712110,16666666,146915037318,146916718485,146916824110,146917109485,146934255110,15384916,196750,146934255110,146933201860,0,146917109485,
0,33832,146930731760,146930731760,0,146931681527,146931682110,146931785860,146931813402,146980731758,146931678277,16666666,146931822110,146933227152,146933313693,146933619027,146951481568,15709125,198375,146951481568,146950031652,0,146933619027,
0,33840,146947398426,146947398426,0,146949778610,146949779193,146949893110,146949922527,146997398424,146949774985,16666666,146950059152,146950203235,146950245068,146950630360,146969201735,16261917,313917,146969201735,146967826193,0,146950630360,
0,33848,146964065092,146964065092,0,146966041443,146966042402,146966176485,146966203443,147014065090,146966038110,16666666,146966332485,146967857985,146967896193,146968561235,146983812860,13609833,153166,146983812860,146982866777,0,146968561235,
0,33856,146980731758,146980731758,0,146981817027,146981817652,146981949443,146981976527,147030731756,146981813777,16666666,146982166860,146982887443,146982922943,146983262527,147001079735,15755459,95875,147001079735,146999650818,0,146983262527,
0,33864,146997398424,146997398424,0,146998808277,146998809277,146999122235,146999286860,147047398422,146998804318,16666666,146999445110,146999687902,146999741610,147000202985,147018811735,16577250,129916,147018811735,147017736693,0,147000202985,
0,33872,147014065090,147014065090,0,147015839735,147015840402,147015957485,147015985152,147064065088,147015836360,16666666,147016688610,147017778610,147017829235,147018169485,147034870152,15175250,149750,147034870152,147034039943,0,147018169485,
0,33880,147030731756,147030731756,0,147032799402,147032799902,147032968443,147032997652,147080731754,147032796527,16666666,147033209943,147034054943,147034116485,147034412735,147051041693,15097125,72583,147051041693,147050035985,0,147034412735,
0,33888,147047398422,147047398422,0,147048164360,147048165193,147048280443,147048307818,147097398420,147048161193,16666666,147048886068,147050074110,147050126110,147050435527,147068661193,16502833,137500,147068661193,147067637693,0,147050435527,
0,33896,147064065088,147064065088,0,147066263568,147066264443,147066418152,147066449985,147114065086,147066259902,16666666,147066622568,147067670818,147067707443,147068097610,147084349693,14327958,73208,147084349693,147083103360,0,147068097610,
0,33904,147080731754,147080731754,0,147081454402,147081455152,147081565527,147081604193,147130731752,147081451360,16666666,147081731902,147083126568,147083162527,147083460735,147101824943,16124375,111125,147101824943,147100537568,0,147083460735,
0,33912,147097398420,147097398420,0,147098119652,147098120443,147098247610,147098274110,147147398418,147098116568,16666666,147098790485,147100571360,147100613027,147100966110,147117763777,14760250,189583,147117763777,147116665193,0,147100966110,
0,33920,147114065086,147114065086,0,147115185443,147115186693,147115351735,147115385110,147164065084,147115180777,16666666,147115396485,147116710110,147116765485,147117095443,147134362735,15443166,193250,147134362735,147133263485,0,147117095443,
0,33928,147130731752,147130731752,0,147131670152,147131670527,147131782568,147131807902,147180731750,147131667068,16666666,147132144568,147133286402,147133325027,147133673568,147152251568,16504334,155958,147152251568,147151003902,0,147133673568,
0,33936,147147398418,147147398418,0,147148614777,147148615402,147148742402,147148773027,147197398416,147148611902,16666666,147149045110,147151046277,147151085068,147151427027,147168233777,15094084,71041,147168233777,147167397443,0,147151427027,
0,33944,147164065084,147164065084,0,147165234402,147165234943,147165585027,147165612235,147214065082,147165231568,16666666,147165806902,147167424110,147167461318,147167734152,147184264527,15026125,81250,147184264527,147183310110,0,147167734152,
0,33952,147180731750,147180731750,0,147181896360,147181897110,147182001568,147182027193,147230731748,147181892943,16666666,147182160277,147183338818,147183372110,147183633527,147209550152,23992625,87833,147209550152,147208314110,0,147183633527,
0,33960,147197398416,147197398416,0,147205442402,147205443277,147205637068,147205674860,147247398414,147205438235,16666666,147205905818,147208353860,147208392193,147208725527,147218866860,8323083,110292,147218866860,147217930860,0,147208725527,
0,33968,147214065082,147214065082,0,147215517818,147215518652,147215636568,147215662068,147264065080,147215514443,16666666,147215833277,147217960277,147217997985,147218271277,147234526277,14564083,105000,147234526277,147233561235,0,147218271277,
0,33976,147230731748,147230731748,0,147231758027,147231758568,147231883902,147231913318,147280731746,147231754693,16666666,147232130068,147233619277,147233660902,147233965068,147250495610,14910375,93667,147250495610,147249485610,0,147233965068,
0,33984,147247398414,147247398414,0,147248373693,147248374568,147248724902,147248800027,147297398412,147248369902,16666666,147248964402,147249504193,147249546152,147249902860,147268145568,16614917,115666,147268145568,147267167943,0,147249902860,
0,33992,147264065080,147264065080,0,147265820360,147265821152,147265980527,147266008360,147314065078,147265817068,16666666,147266150485,147267196152,147267255693,147267542818,147284581068,15438166,166333,147284581068,147283632527,0,147267542818,
0,34000,147280731746,147280731746,0,147281819652,147281820152,147281919568,147281944943,147330731744,147281816443,16666666,147282030027,147283650568,147283688985,147283970193,147302668568,16812459,143833,147302668568,147301454777,0,147283970193,
0,34008,147297398412,147297398412,0,147298535443,147298536193,147298717902,147298751568,147347398410,147298532027,16666666,147298761235,147301501943,147301543693,147301877193,147317596235,13966667,108334,147317596235,147316700110,0,147301877193,
0,34016,147314065078,147314065078,0,147314772360,147314772943,147314874110,147314900193,147364065076,147314769443,16666666,147315034985,147316727402,147316764943,147317087485,147336253985,17143666,89041,147336253985,147334794277,0,147317087485,
0,34024,147330731744,147330731744,0,147333614985,147333615902,147333774152,147333807777,147380731742,147333611193,16666666,147333975568,147334823568,147334859277,147335414277,147353650818,15893750,101417,147353650818,147352248152,0,147335414277,
0,34032,147347398410,147347398410,0,147350178985,147350180027,147350346943,147350379318,147397398408,147350174943,16666666,147350545943,147352293735,147352350235,147352728360,147368783027,14076000,210375,147368783027,147367782027,0,147352728360,
0,34040,147364065076,147364065076,0,147366283902,147366284735,147366398277,147366428193,147414065074,147366280318,16666666,147366565068,147367807027,147367841652,147368221693,147383954277,14223791,90417,147383954277,147383087902,0,147368221693,
0,34048,147380731742,147380731742,0,147381682610,147381683193,147381857610,147381902360,147430731740,147381679610,16666666,147382066943,147383110277,147383147235,147383422610,147401196777,16178875,85334,147401196777,147400182610,0,147383422610,
0,34056,147397398408,147397398408,0,147398839735,147398840485,147398942777,147398969652,147447398406,147398836527,16666666,147399150235,147400234610,147400292860,147400633735,147418007902,15387875,126041,147418007902,147416696943,0,147400633735,
0,34064,147414065074,147414065074,0,147415004860,147415005652,147415148443,147415182527,147464065072,147415001110,16666666,147415387777,147416734193,147416811110,147417154360,147435067610,16092875,152750,147435067610,147434193860,0,147417154360,
0,34072,147430731740,147430731740,0,147432257735,147432258443,147432389568,147432417818,147480731738,147432254110,16666666,147432556902,147434224402,147434261777,147434542652,147450895777,14831166,91458,147450895777,147449950027,0,147434542652,
0,34080,147447398406,147447398406,0,147448434652,147448435360,147448571485,147448599068,147497398404,147448431693,16666666,147448812360,147449996943,147450076110,147450364485,147468228735,16283042,92000,147468228735,147467229818,0,147450364485,
0,34088,147464065072,147464065072,0,147466029443,147466029943,147466133110,147466159485,147514065070,147466026402,16666666,147466265110,147467253068,147467292777,147467616235,147483865360,14359500,129416,147483865360,147482668235,0,147467616235,
0,34096,147480731738,147480731738,0,147481379318,147481380027,147481540610,147481581527,147530731736,147481374235,16666666,147481591652,147482708568,147482771443,147483136152,147500951693,15550500,237417,147500951693,147499476777,0,147483136152,
0,34104,147497398404,147497398404,0,147498597277,147498598152,147498725818,147498770860,147547398402,147498593943,16666666,147498920068,147499506110,147499542818,147499865277,147518582152,16640417,157834,147518582152,147517655152,0,147499865277,
0,34112,147514065070,147514065070,0,147515606568,147515607443,147515858818,147515884527,147564065068,147515603193,16666666,147516117818,147517690485,147517731610,147518040402,147534202693,14568250,93542,147534202693,147533206110,0,147518040402,
0,34120,147530731736,147530731736,0,147531720568,147531721110,147531825735,147531850652,147580731734,147531717652,16666666,147531971735,147533231277,147533321485,147533637902,147551414568,16165500,98000,147551414568,147550427193,0,147533637902,
0,34128,147547398402,147547398402,0,147548840152,147548840985,147548970318,147548998902,147597398400,147548836485,16666666,147549188568,147550463318,147550502402,147550798527,147567565110,15225417,95167,147567565110,147566688235,0,147550798527,
0,34136,147564065068,147564065068,0,147565309277,147565310152,147565452943,147565483943,147614065066,147565305902,16666666,147565728485,147566716568,147566749693,147567067902,147584288318,15872375,79500,147584288318,147583480110,0,147567067902,
0,34144,147580731734,147580731734,0,147581732068,147581732568,147581876902,147581898902,147630731732,147581728943,16666666,147582079860,147583494068,147583526777,147583793735,147600981318,15494750,76292,147600981318,147599833818,0,147583793735,
0,34152,147597398400,147597398400,0,147598174527,147598175110,147598488485,147598520277,147647398398,147598171860,16666666,147598674068,147599865110,147599902193,147600455152,147617422360,15476083,98875,147617422360,147616511444,0,147600455152,
0,34160,147614065066,147614065066,0,147614916319,147614917152,147615012027,147615040069,147664065064,147614913027,16666666,147615189777,147616534569,147616556235,147616851610,147634654527,16299208,129125,147634654527,147633806110,0,147616851610,
0,34168,147630731732,147630731732,0,147632139777,147632140319,147632243152,147632270694,147680731730,147632136694,16666666,147632407485,147633834777,147633872777,147634151902,147651460360,15455167,85459,147651460360,147650162194,0,147634151902,
0,34176,147647398398,147647398398,0,147648655277,147648656152,147648747277,147648772402,147697398396,147648651985,16666666,147649179985,147650182360,147650224985,147650527860,147667556277,14835166,306167,147667556277,147666355027,0,147650527860,
0,34184,147664065064,147664065064,0,147665026735,147665027527,147665279152,147665313569,147714065062,147665023610,16666666,147665323277,147666385735,147666421027,147666734985,147690347652,21773000,219375,147690347652,147689390194,0,147666734985,
0,34192,147680731730,147680731730,0,147685346610,147685347402,147685739485,147685779194,147730731728,147685342485,16666666,147686093777,147689442527,147689481777,147689778027,147701174944,9474541,93875,147701174944,147699872152,0,147689778027,
0,34200,147697398396,147697398396,0,147698025777,147698026319,147698364527,147698389360,147747398394,147698022360,16666666,147698503360,147699905360,147699981902,147700546485,147720845110,18429250,102417,147720845110,147719681985,0,147700546485,
0,34208,147714065062,147714065062,0,147718610027,147718610944,147718838402,147718876402,147764065060,147718605735,16666666,147719176402,147719706902,147719744694,147720156694,147738802027,16599875,90667,147738802027,147737496485,0,147720156694,
0,34216,147730731728,147730731728,0,147734900069,147734900819,147735179610,147735219069,147780731726,147734895985,16666666,147735459277,147737534735,147737682944,147738123110,147755530319,14937000,85125,147755530319,147753795319,0,147738123110,
0,34224,147747398394,147747398394,0,147749824985,147749826069,147749994360,147750023777,147797398392,147749821152,16666666,147750144694,147753830610,147753871319,147754874069,147767541277,10726334,123208,147767541277,147766441277,0,147754874069,
0,34232,147764065060,147764065060,0,147764890694,147764891319,147764999819,147765078694,147814065058,147764887694,16666666,147765402194,147766472569,147766510444,147766822152,147784234110,15796000,98833,147784234110,147783386860,0,147766822152,
0,34240,147780731726,147780731726,0,147781542902,147781543527,147781666735,147781704402,147830731724,147781540277,16666666,147781936319,147783403944,147783439194,147783719360,147812391110,26864667,84208,147812391110,147811205902,0,147783719360,
0,34248,147797398392,147797398392,0,147803125819,147803126694,147803716652,147803780277,147847398390,147803121694,16666666,147809482652,147811239069,147811275402,147811580610,147820495610,6160667,155875,147820495610,147818632194,0,147811580610,
0,34256,147814065058,147814065058,0,147815704985,147815705777,147816358069,147816398985,147864065056,147815700985,16666666,147816649902,147818669485,147818744944,147819771110,147841034569,16085583,210458,147841034569,147836696777,0,147819771110,
0,34264,147830731724,147830731724,0,147834998027,147834998902,147835124735,147835153319,147880731722,147834994235,16666666,147835262860,147836741360,147836791902,147839173235,147851481694,9388750,248750,147851481694,147850491194,0,147839173235,
0,34272,147847398390,147847398390,0,147849198652,147849199152,147849304902,147849330777,147897398388,147849195610,16666666,147849339527,147850514027,147850597235,147850948777,147873507694,20173833,92709,147873507694,147871743444,0,147850948777,
0,34280,147864065056,147864065056,0,147866828735,147866829569,147867602444,147867643819,147914065054,147866824819,16666666,147867980069,147871801985,147871883402,147872812319,147885644569,11027208,165875,147885644569,147884641110,0,147872812319,
0,34288,147880731722,147880731722,0,147882662152,147882662777,147882774194,147882801319,147930731720,147882658735,16666666,147882931985,147884668902,147884704944,147885031402,147904875902,18011375,205417,147904875902,147903719402,0,147885031402,
0,34296,147897398388,147897398388,0,147901511069,147901511985,147901949652,147901987735,147947398386,147901506985,16666666,147902337985,147903760652,147903800569,147904200069,147923080944,17218625,94584,147923080944,147922177860,0,147904200069,
0,34304,147914065054,147914065054,0,147921182485,147921183194,147921480777,147921515860,147964065052,147921178444,16666666,147921650069,147922197110,147922232444,147922520944,147934657819,10636959,83334,147934657819,147933766444,0,147922520944,
0,34312,147930731720,147930731720,0,147932439777,147932440360,147932515485,147932540610,147980731718,147932437069,16666666,147932659944,147933789694,147933838360,147934108235,147952106152,16444541,107792,147952106152,147951154485,0,147934108235,
0,34320,147947398386,147947398386,0,147949416444,147949417152,147949535444,147949563069,147997398384,147949413194,16666666,147949752069,147951177402,147951212152,147951504027,147967997777,14447166,148541,147967997777,147966634360,0,147951504027,
0,34328,147964065052,147964065052,0,147965092735,147965093610,147965246985,147965278902,148014065050,147965088694,16666666,147965525360,147966678902,147966732985,147967145902,147984533860,14883042,208833,147984533860,147983065277,0,147967145902,
0,34336,147980731718,147980731718,0,147981462819,147981463360,147981556194,147981580152,148030731716,147981459985,16666666,147981924694,147983092610,147983135735,147983632652,148006698444,20509625,260334,148006698444,148005141735,0,147983632652,
0,34344,147997398384,147997398384,0,148002801319,148002802152,148002911402,148002941569,148047398382,148002798194,16666666,148003105652,148005178402,148005216444,148005681485,148021906944,13584917,354417,148021906944,148020345735,0,148005681485,
0,34352,148014065050,148014065050,0,148017967819,148017968527,148018200152,148018226402,148064065048,148017964735,16666666,148018311360,148020369277,148020411610,148021030402,148037328152,13092333,224916,148037328152,148035086319,0,148021030402,
0,34360,148030731716,148030731716,0,148032544319,148032545277,148032869985,148032907110,148080731714,148032540360,16666666,148032915819,148035130527,148035196860,148035679527,148052594652,13864917,382583,148052594652,148051295485,0,148035679527,
0,34368,148047398382,148047398382,0,148049696985,148049697819,148049860569,148049890110,148097398380,148049694194,16666666,148050037027,148051322902,148051360944,148051667694,148068622569,14216833,382084,148068622569,148066897319,0,148051667694,
0,34376,148064065048,148064065048,0,148065300610,148065301485,148065455235,148065486485,148114065046,148065296735,16666666,148065665610,148066956527,148066997360,148067307360,148089038819,16068875,654791,148089038819,148084863860,0,148067307360,
0,34384,148080731714,148080731714,0,148081943444,148081944194,148082049485,148082075110,148097398380,148081939944,16666666,148082211152,148084886027,148084965069,148085725944,146101562068,10439666,159750,146101562068,148099543652,0,148085725944,
---PROFILEDATA---


View hierarchy:

  dev.polski.grammarmatrix.benchmark/dev.polski.grammarmatrix.GlassBenchmarkActivity/android.view.ViewRootImpl@48d03b8
  7 views, 12.08 kB of render nodes


Total ViewRootImpl   : 1
Total attached Views : 7
Total RenderNode     : 12.08 kB (used) / 36.09 kB (capacity)