Applications Graphics Acceleration Info:
Uptime: 171480 Realtime: 171480

** Graphics info for pid 2158 [dev.polski.grammarmatrix.benchmark] **

Stats since: 168885231370ns
Total frames rendered: 157
Janky frames: 0 (0.00%)
Janky frames (legacy): 120 (76.43%)
50th percentile: 19ms
90th percentile: 20ms
95th percentile: 22ms
99th percentile: 26ms
Number Missed Vsync: 0
Number High input latency: 314
Number Slow UI thread: 0
Number Slow bitmap uploads: 0
Number Slow issue draw commands: 0
Number Frame deadline missed: 0
Number Frame deadline missed (legacy): 0
HISTOGRAM: 5ms=0 6ms=0 7ms=0 8ms=0 9ms=0 10ms=0 11ms=0 12ms=0 13ms=0 14ms=0 15ms=0 16ms=0 17ms=2 18ms=46 19ms=69 20ms=25 21ms=5 22ms=5 23ms=1 24ms=2 25ms=0 26ms=1 27ms=1 28ms=0 29ms=0 30ms=0 31ms=0 32ms=0 34ms=0 36ms=0 38ms=0 40ms=0 42ms=0 44ms=0 46ms=0 48ms=0 53ms=0 57ms=0 61ms=0 65ms=0 69ms=0 73ms=0 77ms=0 81ms=0 85ms=0 89ms=0 93ms=0 97ms=0 101ms=0 105ms=0 109ms=0 113ms=0 117ms=0 121ms=0 125ms=0 129ms=0 133ms=0 150ms=0 200ms=0 250ms=0 300ms=0 350ms=0 400ms=0 450ms=0 500ms=0 550ms=0 600ms=0 650ms=0 700ms=0 750ms=0 800ms=0 850ms=0 900ms=0 950ms=0 1000ms=0 1050ms=0 1100ms=0 1150ms=0 1200ms=0 1250ms=0 1300ms=0 1350ms=0 1400ms=0 1450ms=0 1500ms=0 1550ms=0 1600ms=0 1650ms=0 1700ms=0 1750ms=0 1800ms=0 1850ms=0 1900ms=0 1950ms=0 2000ms=0 2050ms=0 2100ms=0 2150ms=0 2200ms=0 2250ms=0 2300ms=0 2350ms=0 2400ms=0 2450ms=0 2500ms=0 2550ms=0 2600ms=0 2650ms=0 2700ms=0 2750ms=0 2800ms=0 2850ms=0 2900ms=0 2950ms=0 3000ms=0 3050ms=0 3100ms=0 3150ms=0 3200ms=0 3250ms=0 3300ms=0 3350ms=0 3400ms=0 3450ms=0 3500ms=0 3550ms=0 3600ms=0 3650ms=0 3700ms=0 3750ms=0 3800ms=0 3850ms=0 3900ms=0 3950ms=0 4000ms=0 4050ms=0 4100ms=0 4150ms=0 4200ms=0 4250ms=0 4300ms=0 4350ms=0 4400ms=0 4450ms=0 4500ms=0 4550ms=0 4600ms=0 4650ms=0 4700ms=0 4750ms=0 4800ms=0 4850ms=0 4900ms=0 4950ms=0
50th gpu percentile: 18ms
90th gpu percentile: 19ms
95th gpu percentile: 20ms
99th gpu percentile: 25ms
GPU HISTOGRAM: 1ms=0 2ms=0 3ms=1 4ms=0 5ms=0 6ms=0 7ms=0 8ms=0 9ms=0 10ms=0 11ms=1 12ms=1 13ms=1 14ms=1 15ms=5 16ms=5 17ms=40 18ms=64 19ms=28 20ms=3 21ms=2 22ms=2 23ms=1 24ms=0 25ms=1 4950ms=1

Pipeline=Skia (OpenGL)
Memory policy:
  Max surface area: 2592000
  Max resource usage: 124.42MB (x48)
  Background retention: 50% (altUiHidden = true)
  GPU Context timeout: 10
Contexts: 1 (stopped = 0)
CPU Caches:
  Glyph Cache: 33.70 KB (1 entry)
  Glyph Count: 11 
Total CPU memory usage:
  34510 bytes, 33.70 KB (0.00 bytes is purgeable)
GPU Caches:
  Other:
    Other: 26.56 KB (1 entry)
    Buffer Object: 36.45 KB (3 entries)
    StencilAttachment: 256.00 KB (1 entry)
  Image:
    Texture: 64.00 bytes (1 entry)
  Scratch:
    RenderTarget: 320.00 KB (1 entry)
    Buffer Object: 80.00 KB (2 entries)
    Texture: 2.00 MB (1 entry)
Total GPU memory usage:
  2833488 bytes, 2.70 MB (388.52 KB is purgeable)

GraphicBufferAllocator buffers:
        Handle |        Size |     W (Stride) x H | Layers |   Format |      Usage | Requestor
0xb400007b63ca54e0 |     unknown | 1080 (   0) x 2400 |      1 |        1 | 0x     b00 | VRI[GlassBenchmarkActivity]#0(BLAST Consumer)0
0xb400007b63cbb470 |     unknown | 1080 (   0) x 2400 |      1 |        1 | 0x     b00 | VRI[GlassBenchmarkActivity]#0(BLAST Consumer)0
0xb400007b63cbe4d0 |     unknown | 1080 (   0) x 2400 |      1 |        1 | 0x     b00 | VRI[GlassBenchmarkActivity]#0(BLAST Consumer)0
Total allocated by GraphicBufferAllocator (estimate): 0.00 KB
GoldfishAllocator::dumpDebugInfo is not implemented
Profile data in ms:

	dev.polski.grammarmatrix.benchmark/dev.polski.grammarmatrix.GlassBenchmarkActivity/android.view.ViewRootImpl@48d03b8 (visibility=0)
Window: dev.polski.grammarmatrix.benchmark/dev.polski.grammarmatrix.GlassBenchmarkActivity
Stats since: 168885231162ns
Total frames rendered: 157
Janky frames: 0 (0.00%)
Janky frames (legacy): 120 (76.43%)
50th percentile: 19ms
90th percentile: 20ms
95th percentile: 22ms
99th percentile: 26ms
Number Missed Vsync: 0
Number High input latency: 314
Number Slow UI thread: 0
Number Slow bitmap uploads: 0
Number Slow issue draw commands: 0
Number Frame deadline missed: 0
Number Frame deadline missed (legacy): 0
HISTOGRAM: 5ms=0 6ms=0 7ms=0 8ms=0 9ms=0 10ms=0 11ms=0 12ms=0 13ms=0 14ms=0 15ms=0 16ms=0 17ms=2 18ms=46 19ms=69 20ms=25 21ms=5 22ms=5 23ms=1 24ms=2 25ms=0 26ms=1 27ms=1 28ms=0 29ms=0 30ms=0 31ms=0 32ms=0 34ms=0 36ms=0 38ms=0 40ms=0 42ms=0 44ms=0 46ms=0 48ms=0 53ms=0 57ms=0 61ms=0 65ms=0 69ms=0 73ms=0 77ms=0 81ms=0 85ms=0 89ms=0 93ms=0 97ms=0 101ms=0 105ms=0 109ms=0 113ms=0 117ms=0 121ms=0 125ms=0 129ms=0 133ms=0 150ms=0 200ms=0 250ms=0 300ms=0 350ms=0 400ms=0 450ms=0 500ms=0 550ms=0 600ms=0 650ms=0 700ms=0 750ms=0 800ms=0 850ms=0 900ms=0 950ms=0 1000ms=0 1050ms=0 1100ms=0 1150ms=0 1200ms=0 1250ms=0 1300ms=0 1350ms=0 1400ms=0 1450ms=0 1500ms=0 1550ms=0 1600ms=0 1650ms=0 1700ms=0 1750ms=0 1800ms=0 1850ms=0 1900ms=0 1950ms=0 2000ms=0 2050ms=0 2100ms=0 2150ms=0 2200ms=0 2250ms=0 2300ms=0 2350ms=0 2400ms=0 2450ms=0 2500ms=0 2550ms=0 2600ms=0 2650ms=0 2700ms=0 2750ms=0 2800ms=0 2850ms=0 2900ms=0 2950ms=0 3000ms=0 3050ms=0 3100ms=0 3150ms=0 3200ms=0 3250ms=0 3300ms=0 3350ms=0 3400ms=0 3450ms=0 3500ms=0 3550ms=0 3600ms=0 3650ms=0 3700ms=0 3750ms=0 3800ms=0 3850ms=0 3900ms=0 3950ms=0 4000ms=0 4050ms=0 4100ms=0 4150ms=0 4200ms=0 4250ms=0 4300ms=0 4350ms=0 4400ms=0 4450ms=0 4500ms=0 4550ms=0 4600ms=0 4650ms=0 4700ms=0 4750ms=0 4800ms=0 4850ms=0 4900ms=0 4950ms=0
50th gpu percentile: 18ms
90th gpu percentile: 19ms
95th gpu percentile: 20ms
99th gpu percentile: 25ms
GPU HISTOGRAM: 1ms=0 2ms=0 3ms=1 4ms=0 5ms=0 6ms=0 7ms=0 8ms=0 9ms=0 10ms=0 11ms=1 12ms=1 13ms=1 14ms=1 15ms=5 16ms=5 17ms=40 18ms=64 19ms=28 20ms=3 21ms=2 22ms=2 23ms=1 24ms=0 25ms=1 4950ms=1



---PROFILEDATA---
Flags,FrameTimelineVsyncId,IntendedVsync,Vsync,InputEventId,HandleInputStart,AnimationStart,PerformTraversalsStart,DrawStart,FrameDeadline,FrameInterval,FrameStartTime,SyncQueued,SyncStart,IssueDrawCommandsStart,SwapBuffers,FrameCompleted,DequeueBufferDuration,QueueBufferDuration,GpuCompleted,SwapBuffersCompleted,DisplayPresentTime,CommandSubmissionCompleted,
0,44742,169497397524,169497397524,0,169498079454,169498079954,169498542329,169498574079,169530730856,169498076454,16666666,169498725829,169500255787,169500280704,169500630121,169518083371,15550250,267792,169518083371,169517060454,0,169500630121,
0,44750,169514064190,169514064190,0,169515556204,169515556871,169515665579,169515690412,169547397522,169515552454,16666666,169515822204,169517086204,169517123037,169517405662,169534377412,15139292,122375,169534377412,169533276579,0,169517405662,
0,44758,169530730856,169530730856,0,169531896121,169531896871,169532089704,169532165079,169564064188,169531892579,16666666,169532316537,169533299037,169533337246,169533752871,169551792329,15905000,120209,169551792329,169550364954,0,169533752871,
0,44766,169547397522,169547397522,0,169547939037,169547939621,169548120954,169548219954,169580730854,169547936412,16666666,169548327496,169550398954,169550521454,169550841871,169567729871,14638625,139667,169567729871,169566484829,0,169550841871,
0,44774,169564064188,169564064188,0,169564736746,169564737537,169564832829,169564857496,169597397520,169564733537,16666666,169564865829,169566512412,169566548287,169566937787,169584386246,15712083,126750,169584386246,169583497079,0,169566937787,
0,44782,169580730854,169580730854,0,169581650496,169581651204,169581893162,169581927121,169614064186,169581647162,16666666,169582438662,169583528246,169583563204,169583843912,169601422996,15490375,97334,169601422996,169599925871,0,169583843912,
0,44790,169597397520,169597397520,0,169598987412,169598999621,169599087996,169599115037,169630730852,169598984204,16666666,169599246454,169599946287,169599982746,169600606704,169617397287,14946083,117208,169617397287,169616428246,0,169600606704,
0,44798,169614064186,169614064186,0,169614838454,169614838996,169614946996,169614974162,169647397518,169614835787,16666666,169615124537,169616459871,169616495537,169616806246,169634274329,15641625,140083,169634274329,169633104537,0,169616806246,
0,44806,169630730852,169630730852,0,169632553996,169632554871,169632749371,169632790912,169664064184,169632550121,16666666,169632921246,169633124954,169633163662,169633499829,169650848204,15704708,128041,169650848204,169650029746,0,169633499829,
0,44814,169647397518,169647397518,0,169648721954,169648722537,169648846704,169648871579,169680730850,169648718912,16666666,169649013912,169650054079,169650089412,169650357204,169668435621,16274416,100667,169668435621,169667184496,0,169650357204,
0,44822,169664064184,169664064184,0,169665961787,169665962496,169666084621,169666113246,169697397516,169665958412,16666666,169666297537,169667210204,169667247871,169667554162,169685794204,16209667,105167,169685794204,169684768912,0,169667554162,
0,44830,169680730850,169680730850,0,169682193621,169682194329,169682309496,169682340829,169714064182,169682190329,16666666,169682518621,169684810537,169684848912,169685129037,169701335371,13951333,157250,169701335371,169699806371,0,169685129037,
0,44838,169697397516,169697397516,0,169698277079,169698277579,169698651871,169698680121,169730730848,169698273996,16666666,169698858371,169699827954,169699885662,169700484246,169717967871,15368125,135125,169717967871,169716759371,0,169700484246,
0,44846,169714064182,169714064182,0,169714731746,169714732371,169714865704,169714893787,169747397514,169714729371,16666666,169715081662,169716791996,169716832412,169717163246,169734340746,15213208,99417,169734340746,169733234954,0,169717163246,
0,44854,169730730848,169730730848,0,169731818621,169731819204,169731938746,169732358329,169764064180,169731816037,16666666,169732469371,169733258496,169733299371,169733631662,169750789662,15417541,110250,169750789662,169749843162,0,169733631662,
0,44862,169747397514,169747397514,0,169748852287,169748853162,169749017329,169749046912,169780730846,169748849037,16666666,169749056329,169749871162,169749910121,169750234496,169768923496,16767166,105334,169768923496,169767622162,0,169750234496,
0,44870,169764064180,169764064180,0,169765626621,169765627496,169765794871,169765825621,169797397512,169765622912,16666666,169765974162,169767665829,169767709412,169768124829,169784137787,13778333,112667,169784137787,169782794287,0,169768124829,
0,44878,169780730846,169780730846,0,169781228537,169781229246,169781501579,169781532537,169814064178,169781225121,16666666,169781716079,169782823371,169782861954,169783566662,169801859037,16664125,169417,169801859037,169800880496,0,169783566662,
0,44886,169797397512,169797397512,0,169799595204,169799595746,169799705662,169799732454,169830730844,169799592079,16666666,169799863371,169800907412,169800948579,169801285496,169818065746,15042166,100583,169818065746,169816956162,0,169801285496,
0,44894,169814064178,169814064178,0,169815558579,169815559287,169815653162,169815682829,169847397510,169815555121,16666666,169815836621,169816995787,169817035579,169817363162,169835613287,16536834,130875,169835613287,169834653246,0,169817363162,
0,44902,169830730844,169830730844,0,169833425621,169833426287,169833524996,169833548954,169864064176,169833422496,16666666,169833690746,169834670121,169834704871,169834997621,169851175746,14455458,105000,169851175746,169850124662,0,169834997621,
0,44910,169847397510,169847397510,0,169848519954,169848520746,169848705246,169848740829,169880730842,169848516371,16666666,169848979246,169850164954,169850205037,169850524912,169867794537,15413708,115500,169867794537,169866697287,0,169850524912,
0,44918,169864064176,169864064176,0,169865191204,169865191954,169865334746,169865365829,169897397508,169865187829,16666666,169865538871,169866735662,169866775954,169867081871,169884340496,15232750,230583,169884340496,169883138912,0,169867081871,
0,44926,169880730842,169880730842,0,169882002329,169882002912,169882110454,169882136037,169914064174,169881999454,16666666,169882262204,169883161121,169883195871,169883500787,169901038579,15467125,184208,169901038579,169899914246,0,169883500787,
0,44934,169897397508,169897397508,0,169898564662,169898565204,169898776162,169898805329,169930730840,169898561621,16666666,169898931996,169899936787,169899976996,169900496996,169917729371,15703666,110541,169917729371,169916798162,0,169900496996,
0,44942,169914064174,169914064174,0,169914849496,169914850329,169915062537,169915093204,169947397506,169914846204,16666666,169915194412,169916831246,169916871496,169917163079,169934763412,15801167,106541,169934763412,169933639121,0,169917163079,
0,44950,169930730840,169930730840,0,169932411954,169932412871,169932535621,169932563371,169964064172,169932408329,16666666,169932572287,169933676871,169933724454,169934126912,169951335496,15672583,172375,169951335496,169950503746,0,169934126912,
0,44958,169947397506,169947397506,0,169948927996,169948928829,169949129204,169949155079,169980730838,169948924496,16666666,169949285454,169950534037,169950571204,169950849746,169967733162,15272250,80125,169967733162,169966749121,0,169950849746,
0,44966,169964064172,169964064172,0,169964893579,169964894079,169964994329,169965017704,169997397504,169964890954,16666666,169965127454,169966789579,169966847912,169967160579,169984224288,15261251,117125,169984224288,169983175996,0,169967160579,
0,44974,169980730838,169980730838,0,169981476538,169981477204,169981655954,169981688454,170014064170,169981473746,16666666,169981850913,169983233621,169983272621,169983573829,170002403288,16744125,112584,170002403288,170001030996,0,169983573829,
0,44982,169997397504,169997397504,0,169999392204,169999393079,169999501579,169999529163,170030730836,169999389079,16666666,169999662288,170001060329,170001130163,170001404871,170017751996,14250292,258292,170017751996,170016713246,0,170001404871,
0,44990,170014064170,170014064170,0,170015048829,170015049704,170015182704,170015211663,170047397502,170015045204,16666666,170015362204,170016751371,170016788454,170017119871,170035038788,16221666,110917,170035038788,170034025788,0,170017119871,
0,44998,170030730836,170030730836,0,170032742996,170032743704,170032863788,170032916621,170064064168,170032739788,16666666,170033133454,170034051496,170034087913,170034408246,170051903246,15619250,113500,170051903246,170050710038,0,170034408246,
0,45006,170047397502,170047397502,0,170048417746,170048418496,170048603788,170049263913,170080730834,170048414288,16666666,170049644246,170050740329,170050775913,170051127746,170071057621,16873375,127416,170071057621,170068834038,0,170051127746,
0,45014,170064064168,170064064168,0,170066304329,170066304829,170066401371,170066426246,170097397500,170066301496,16666666,170066566246,170068870163,170068909663,170070083871,170084641746,12133458,207792,170084641746,170083276329,0,170070083871,
0,45022,170080730834,170080730834,0,170082393288,170082393829,170082511871,170082537579,170114064166,170082390079,16666666,170082680954,170083300413,170083336829,170083624329,170101479871,15723166,153208,170101479871,170100463288,0,170083624329,
0,45030,170097397500,170097397500,0,170098411621,170098412454,170098574121,170098606204,170130730832,170098408246,16666666,170098719496,170100501413,170100541954,170100877829,170117368621,14939083,110042,170117368621,170116471329,0,170100877829,
0,45038,170114064166,170114064166,0,170114871038,170114871579,170114962038,170114984579,170147397498,170114868163,16666666,170114991871,170116502579,170116536996,170116847704,170134242246,15881167,88042,170134242246,170133299079,0,170116847704,
0,45046,170130730832,170130730832,0,170132175413,170132175996,170132619079,170132647746,170164064164,170132172204,16666666,170132772913,170133319496,170133356288,170133706288,170151210746,15916459,101667,170151210746,170150213829,0,170133706288,
0,45054,170147397498,170147397498,0,170148671079,170148672038,170148777413,170148802788,170180730830,170148667788,16666666,170149085996,170150237413,170150273746,170150549496,170168693538,15697500,70833,170168693538,170166979079,0,170150549496,
0,45062,170164064164,170164064164,0,170165011871,170165012413,170165191621,170165215579,170197397496,170165008954,16666666,170165325788,170167021496,170167091038,170167390829,170184217746,14596750,415417,170184217746,170183340621,0,170167390829,
0,45070,170180730830,170180730830,0,170182024413,170182025288,170182215204,170182245996,170214064162,170182021121,16666666,170182372329,170183361579,170183395079,170183675163,170201674329,16440666,91500,170201674329,170200720413,0,170183675163,
0,45078,170197397496,170197397496,0,170198324329,170198325038,170198446913,170198472663,170230730828,170198321163,16666666,170198986538,170200757038,170200796663,170201079621,170217703496,14616542,93416,170217703496,170216391871,0,170201079621,
0,45086,170214064162,170214064162,0,170215191288,170215191829,170215298913,170215325204,170247397494,170215188288,16666666,170215493371,170216417121,170216485038,170216915746,170234270621,15555000,124333,170234270621,170233315788,0,170216915746,
0,45094,170230730828,170230730828,0,170231661579,170231662079,170231866829,170231900704,170264064160,170231658246,16666666,170232155663,170233346871,170233382871,170233688788,170251257454,15885041,109375,170251257454,170250214038,0,170233688788,
0,45102,170247397494,170247397494,0,170248211746,170248212288,170248462288,170248505954,170280730826,170248208579,16666666,170248655996,170250256454,170250297954,170250684121,170267156913,14988458,117125,170267156913,170266309663,0,170250684121,
0,45110,170264064160,170264064160,0,170265045204,170265045788,170265188496,170265215954,170297397492,170265042204,16666666,170265361788,170266328454,170266364413,170266654329,170285058954,16548125,84625,170285058954,170283772663,0,170266654329,
0,45118,170280730826,170280730826,0,170282312788,170282313829,170282518496,170282553204,170314064158,170282308913,16666666,170282675871,170283812163,170283853038,170284427079,170300961663,14687625,105542,170300961663,170299839329,0,170284427079,
0,45126,170297397492,170297397492,0,170298345621,170298346288,170298471746,170298497704,170330730824,170298342288,16666666,170298506038,170299864996,170299904121,170300370954,170317797746,15542625,110542,170317797746,170316577246,0,170300370954,
0,45134,170314064158,170314064158,0,170314667038,170314667538,170314776038,170314801454,170347397490,170314664204,16666666,170314978871,170316620121,170316670121,170317133496,170333850663,14859583,103334,170333850663,170332782996,0,170317133496,
0,45142,170330730824,170330730824,0,170331443538,170331444204,170331647746,170331674204,170364064156,170331440954,16666666,170331929829,170332802329,170332882329,170333164163,170351730829,16903583,111542,170351730829,170350808663,0,170333164163,
0,45150,170347397490,170347397490,0,170348687496,170348688496,170348926163,170348953954,170380730822,170348683954,16666666,170349072746,170350839704,170350876288,170351153496,170368400413,15509958,93250,170368400413,170367291329,0,170351153496,
0,45158,170364064156,170364064156,0,170365353121,170365353954,170365712371,170365763871,170397397488,170365349121,16666666,170365888329,170367316079,170367352121,170367637954,170385882371,15272375,95167,170385882371,170383721579,0,170367637954,
0,45166,170380730822,170380730822,0,170381834288,170381835079,170381939121,170381969371,170414064154,170381831038,16666666,170382094871,170383757621,170383795204,170385233246,170401415496,13987750,127500,170401415496,170399956496,0,170385233246,
0,45174,170397397488,170397397488,0,170398371288,170398371871,170398469788,170398494413,170430730820,170398368413,16666666,170398707288,170399983413,170400098704,170400574579,170425346954,21518166,131667,170425346954,170422999454,0,170400574579,
0,45182,170414064154,170414064154,0,170419277038,170419277704,170419383704,170419412204,170447397486,170419274079,16666666,170419698829,170423044121,170423083038,170423851079,170435273496,8799209,103833,170435273496,170434198204,0,170423851079,
0,45190,170430730820,170430730820,0,170432100663,170432101204,170432211871,170432292496,170464064152,170432097579,16666666,170432481579,170434228288,170434269954,170434556329,170451317954,14735875,109708,170451317954,170450061329,0,170434556329,
0,45198,170447397486,170447397486,0,170448387996,170448388579,170448506538,170448620538,170480730818,170448385038,16666666,170448798746,170450095579,170450130704,170450519163,170467815996,15449875,114958,170467815996,170466821954,0,170450519163,
0,45206,170464064152,170464064152,0,170465104329,170465104954,170465200413,170465225621,170497397484,170465101163,16666666,170465371954,170466865079,170466907579,170467192288,170484618663,15568875,109583,170484618663,170483517246,0,170467192288,
0,45214,170480730818,170480730818,0,170481884871,170481885496,170482001121,170482033496,170514064150,170481881496,16666666,170482043621,170483556413,170483593704,170483975788,170501194954,15041833,168916,170501194954,170499736829,0,170483975788,
0,45222,170497397484,170497397484,0,170497967954,170497968663,170498196913,170498224371,170530730816,170497964871,16666666,170498355371,170499765704,170499804954,170500506704,170517409454,15287417,135125,170517409454,170516537538,0,170500506704,
0,45230,170514064150,170514064150,0,170514895788,170514896621,170515154371,170515190913,170547397482,170514892329,16666666,170515339204,170516568746,170516605579,170516887079,170534192413,15710417,96667,170534192413,170533189246,0,170516887079,
0,45238,170530730816,170530730816,0,170531343829,170531344538,170531733246,170531773329,170564064148,170531340829,16666666,170531934954,170533222371,170533260871,170533602579,170550781371,15686417,118083,170550781371,170549928579,0,170533602579,
0,45246,170547397482,170547397482,0,170548634121,170548635121,170548800121,170548829704,170580730814,170548630663,16666666,170548986413,170549960788,170549998246,170550272204,170568200746,16026833,93125,170568200746,170566858121,0,170550272204,
0,45254,170564064148,170564064148,0,170565670704,170565671288,170565969704,170566290079,170597397480,170565667454,16666666,170566472788,170566875871,170566913204,170567247246,170584165038,14868459,252000,170584165038,170583123579,0,170567247246,
0,45262,170580730814,170580730814,0,170581921704,170581922746,170582133996,170582166038,170614064146,170581918329,16666666,170582340704,170583148704,170583181788,170583475413,170601447538,15624125,218458,170601447538,170599839538,0,170583475413,
0,45270,170597397480,170597397480,0,170598717871,170598718538,170598840996,170598873996,170630730812,170598714746,16666666,170599047913,170599858579,170599894746,170600779913,170617804329,15233834,106166,170617804329,170616743871,0,170600779913,
0,45278,170614064146,170614064146,0,170615436038,170615436913,170615662871,170615700204,170647397478,170615432329,16666666,170615832038,170616772163,170616809746,170617124621,170634183371,15323625,86459,170634183371,170633216079,0,170617124621,
0,45286,170630730812,170630730812,0,170631855538,170631856163,170632239204,170632276538,170664064144,170631852496,16666666,170632421746,170633239204,170633277121,170633626163,170651094204,15995584,101208,170651094204,170650232288,0,170633626163,
0,45294,170647397478,170647397478,0,170648437121,170648438204,170648639371,170648724079,170680730810,170648433954,16666666,170648824246,170650273038,170650312079,170650597038,170667629704,15380750,97542,170667629704,170666528663,0,170650597038,
0,45302,170664064144,170664064144,0,170665119829,170665120413,170665232454,170665259454,170697397476,170665115829,16666666,170665267579,170666556621,170666592204,170666895288,170685253371,16462042,128166,170685253371,170684244955,0,170666895288,
0,45310,170680730810,170680730810,0,170682033830,170682034496,170682135330,170682158371,170714064142,170682030913,16666666,170682278580,170684286413,170684336205,170684673413,170700474288,14215667,133250,170700474288,170699523413,0,170684673413,
0,45318,170697397476,170697397476,0,170698281580,170698282413,170698438830,170698473330,170730730808,170698278080,16666666,170698657246,170699553746,170699608288,170699890163,170717427121,15946583,84375,170717427121,170716470205,0,170699890163,
0,45326,170714064142,170714064142,0,170714858538,170714859288,170714964413,170714989330,170747397474,170714855621,16666666,170715120663,170716502288,170716537996,170716876621,170734265913,15582167,98333,170734265913,170733055413,0,170716876621,
0,45334,170730730808,170730730808,0,170731886996,170731887663,170732285538,170732315538,170764064140,170731602621,16666666,170732443038,170733073121,170733110705,170733527663,170751057496,15757167,107791,170751057496,170750091996,0,170733527663,
0,45342,170747397474,170747397474,0,170748092746,170748093288,170748251830,170748282621,170780730806,170748089830,16666666,170748637705,170750123996,170750164455,170750507371,170768478830,16015208,125833,170768478830,170767128330,0,170750507371,
0,45350,170764064140,170764064140,0,170764839955,170764840580,170764930871,170764956330,170797397472,170764836705,16666666,170765234871,170767165205,170767202246,170767481121,170784339080,14534292,203209,170784339080,170783108538,0,170767481121,
0,45358,170780730806,170780730806,0,170781753538,170781754288,170781898830,170781930788,170814064138,170781750121,16666666,170782098621,170783145163,170783180955,170783502246,170801540913,15912000,366083,170801540913,170800368288,0,170783502246,
0,45366,170797397472,170797397472,0,170798837996,170798838705,170798960830,170798988621,170830730804,170798834621,16666666,170799127746,170800402705,170800497663,170800897538,170817921080,15400875,97708,170817921080,170816999080,0,170800897538,
0,45374,170814064138,170814064138,0,170814759830,170814760371,170815112413,170815152955,170847397470,170814756788,16666666,170815327705,170817041413,170817082621,170817370955,170834337121,15381125,94458,170834337121,170833353496,0,170817370955,
0,45382,170830730804,170830730804,0,170831704996,170831705538,170832186955,170832384871,170864064136,170831701746,16666666,170832498288,170833375746,170833412413,170833756913,170851285038,15698416,99875,170851285038,170850084913,0,170833756913,
0,45390,170847397470,170847397470,0,170848406580,170848407121,170848512455,170848535913,170880730802,170848403871,16666666,170848543788,170850119330,170850156538,170850499330,170870083830,17780208,126708,170870083830,170869146371,0,170850499330,
0,45398,170864064136,170864064136,0,170867789663,170867790246,170867997163,170868235830,170897397468,170867786663,16666666,170868450413,170869173246,170869211288,170869558330,170887043455,16047375,89667,170887043455,170886199830,0,170869558330,
0,45406,170880730802,170880730802,0,170884445080,170884445621,170884538496,170884564246,170914064134,170884441996,16666666,170884677996,170886235288,170886271205,170886567121,170903567038,15505167,78834,170903567038,170902599163,0,170886567121,
0,45414,170897397468,170897397468,0,170901315246,170901315830,170901429913,170901458913,170930730800,170901312205,16666666,170901587996,170902624871,170902712746,170903026913,170917732080,13212667,102458,170917732080,170916830163,0,170903026913,
0,45422,170914064134,170914064134,0,170915033621,170915034496,170915173913,170915202455,170947397466,170915030496,16666666,170915345746,170916868288,170916904996,170917192705,170937374080,18150917,126625,170937374080,170935931413,0,170917192705,
0,45430,170930730800,170930730800,0,170934632580,170934633580,170934773996,170934801163,170964064132,170934629288,16666666,170934944246,170935962830,170936226413,170936697205,170954388288,16050750,256375,170954388288,170953479538,0,170936697205,
0,45438,170947397466,170947397466,0,170952205413,170952206121,170952344330,170952377080,170980730798,170952201996,16666666,170952667621,170953504663,170953540746,170953815080,170967969371,12515291,156875,170967969371,170966953746,0,170953815080,
0,45446,170964064132,170964064132,0,170965799621,170965800163,170965953413,170965981163,170997397464,170965795871,16666666,170966130705,170966975788,170967013913,170967298955,170984104038,14925042,204416,170984104038,170983041996,0,170967298955,
0,45454,170980730798,170980730798,0,170981570330,170981570830,170981738163,170981762705,171014064130,170981567330,16666666,170981892580,170983066830,170983101788,170983389496,171003259371,17901875,239208,171003259371,171002054913,0,170983389496,
0,45462,170997397464,170997397464,0,170999458830,170999459746,170999659330,170999689955,171030730796,170999455746,16666666,171000751163,171002084955,171002122746,171002485371,171017405413,13126375,183042,171017405413,171016436788,0,171002485371,
0,45470,171014064130,171014064130,0,171015103913,171015104580,171015202288,171015227913,171047397462,171015100871,16666666,171015322455,171016460913,171016501038,171016802746,171034383496,15797083,175750,171034383496,171033314080,0,171016802746,
0,45478,171030730796,171030730796,0,171032333288,171032333830,171032441538,171032469621,171064064128,171032329705,16666666,171032478705,171033335538,171033372663,171033670830,171050933538,15657833,203583,171050933538,171050093913,0,171033670830,
0,45486,171047397462,171047397462,0,171049380580,171049381455,171049518705,171049544455,171080730794,171049377246,16666666,171049664621,171050114288,171050146746,171050418913,171068757038,16407750,148542,171068757038,171067415996,0,171050418913,
0,45494,171064064128,171064064128,0,171066413413,171066414288,171066618496,171066649080,171097397460,171066410038,16666666,171066807288,171067451246,171067507246,171067852996,171085226580,15123042,442334,171085226580,171083931788,0,171067852996,
0,45502,171080730794,171080730794,0,171082612788,171082613621,171082832121,171082863371,171114064126,171082609705,16666666,171083000246,171083958538,171083994371,171084432205,171101378830,15064833,195417,171101378830,171100404455,0,171084432205,
0,45510,171097397460,171097397460,0,171098622121,171098622746,171098714455,171098738996,171130730792,171098618663,16666666,171098862121,171100433413,171100472288,171100767996,171117437580,15242666,170708,171117437580,171116667330,0,171100767996,
0,45518,171114064126,171114064126,0,171115193913,171115194746,171115316496,171115341663,171147397458,171115190705,16666666,171115479788,171116688705,171116723288,171116994038,171134294913,15646750,70625,171134294913,171133148663,0,171116994038,
0,45526,171130730792,171130730792,0,171131512121,171131512746,171131618621,171131645663,171164064124,171131508580,16666666,171131809746,171133176705,171133214996,171133527913,171151646788,16162834,126250,171151646788,171150515913,0,171133527913,
0,45534,171147397458,171147397458,0,171148763038,171148763580,171148871163,171148899330,171180730790,171148759830,16666666,171149039413,171150550205,171150584413,171150927121,171167113205,14407791,100792,171167113205,171166113246,0,171150927121,
0,45542,171164064124,171164064124,0,171164995830,171164996705,171165161330,171165198538,171197397456,171164992246,16666666,171165326121,171166184955,171166225663,171166547205,171184577413,16159791,96667,171184577413,171183373955,0,171166547205,
0,45550,171180730790,171180730790,0,171181514663,171181515371,171181623205,171181647246,171214064122,171181511496,16666666,171182036246,171183408871,171183445038,171183747288,171200977955,15107542,111209,171200977955,171199765413,0,171183747288,
0,45558,171197397456,171197397456,0,171198216621,171198217163,171198314038,171198337371,171230730788,171198213746,16666666,171198420955,171199781330,171199819746,171200375871,171217613663,15391500,88625,171217613663,171216507455,0,171200375871,
0,45566,171214064122,171214064122,0,171214899121,171214899746,171214986996,171215009871,171247397454,171214895913,16666666,171215017246,171216563580,171216616413,171216991496,171234589455,15875041,163958,171234589455,171233593580,0,171216991496,
0,45574,171230730788,171230730788,0,171231857746,171231858163,171231959621,171231982705,171264064120,171231854913,16666666,171232257038,171233616038,171233654205,171233943121,171251494246,15621750,77250,171251494246,171250299080,0,171233943121,
0,45582,171247397454,171247397454,0,171248144830,171248145455,171248251371,171248277205,171280730786,171248142163,16666666,171248421205,171250369580,171250414496,171250855246,171267752538,15072958,116291,171267752538,171266626496,0,171250855246,
0,45590,171264064120,171264064120,0,171265167538,171265168246,171265261121,171265287038,171297397452,171265164496,16666666,171265548830,171266647996,171266686288,171267056246,171285674913,16649209,100833,171285674913,171284465746,0,171267056246,
0,45598,171280730786,171280730786,0,171282528538,171282529455,171282647163,171282678788,171314064118,171282524913,16666666,171282843621,171284514163,171284560163,171285003705,171300999621,14017000,94167,171300999621,171299751288,0,171285003705,
0,45606,171297397452,171297397452,0,171298200288,171298200871,171298364538,171298434955,171330730784,171298197205,16666666,171298591621,171299771330,171299820996,171300384871,171317406413,15455542,175000,171317406413,171316518080,0,171300384871,
0,45614,171314064118,171314064118,0,171315028080,171315028871,171315233288,171315260871,171347397450,171315024788,16666666,171315449830,171316555163,171316589705,171316866205,171334819330,16492458,98834,171334819330,171333985955,0,171316866205,
0,45622,171330730784,171330730784,0,171332217413,171332218246,171332342955,171332371746,171364064116,171332213913,16666666,171332638121,171334013955,171334049663,171334332788,171351076413,15127709,85250,171351076413,171350002538,0,171334332788,
0,45630,171347397450,171347397450,0,171348612246,171348613246,171348741955,171348780871,171380730782,171348608621,16666666,171348939330,171350041330,171350078205,171350355246,171369039413,16782583,93167,171369039413,171367907080,0,171350355246,
0,45638,171364064116,171364064116,0,171366399663,171366400163,171366509288,171366535746,171397397448,171366396205,16666666,171366666871,171367931788,171367968163,171368491038,171385472997,14562792,96792,171385472997,171383669372,0,171368491038,
0,45646,171380730782,171380730782,0,171381555663,171381556538,171381769622,171381798997,171414064114,171381552747,16666666,171381884038,171383716497,171383763622,171384652913,171401463288,14500375,125041,171401463288,171400311747,0,171384652913,
0,45654,171397397448,171397397448,0,171398322913,171398323580,171398463372,171398604330,171430730780,171398319413,16666666,171398612038,171400357955,171400564038,171400887747,171418265455,15604291,114167,171418265455,171417164955,0,171400887747,
0,45662,171414064114,171414064114,0,171415303413,171415303955,171415397205,171415423705,171447397446,171415300455,16666666,171415628372,171417200455,171417237830,171417697663,171438950497,19070083,111292,171438950497,171437538413,0,171417697663,
0,45670,171430730780,171430730780,0,171434803580,171434804122,171434969580,171434996580,171464064112,171434800330,16666666,171435118580,171437676872,171437756705,171438147330,171451840580,11033500,148500,171451840580,171450043288,0,171438147330,
0,45678,171447397446,171447397446,0,171448957080,171448957622,171449060372,171449085288,171480730778,171448954288,16666666,171449209455,171450067788,171450105330,171450774330,171468210080,14474583,213666,171468210080,171466373997,0,171450774330,
0,45686,171464064112,171464064112,0,171465504122,171465504663,171465634955,171465674580,171497397444,171465501663,16666666,171465799080,171466401872,171466434038,171466905913,171485125663,15737209,368667,171485125663,171484150955,0,171466905913,
0,45694,171480730778,171480730778,0,171481403413,171481403997,171481505705,171481528830,171497397444,171481400580,16666666,171482757413,171484176830,171484214705,171484576122,169501442746,15680083,75500,169501442746,171500880163,0,171484576122,
---PROFILEDATA---


View hierarchy:

  dev.polski.grammarmatrix.benchmark/dev.polski.grammarmatrix.GlassBenchmarkActivity/android.view.ViewRootImpl@48d03b8
  7 views, 12.08 kB of render nodes


Total ViewRootImpl   : 1
Total attached Views : 7
Total RenderNode     : 12.08 kB (used) / 36.09 kB (capacity)