Applications Graphics Acceleration Info:
Uptime: 180911 Realtime: 180911

** Graphics info for pid 2158 [dev.polski.grammarmatrix.benchmark] **

Stats since: 178311863916ns
Total frames rendered: 154
Janky frames: 2 (1.30%)
Janky frames (legacy): 119 (77.27%)
50th percentile: 19ms
90th percentile: 23ms
95th percentile: 27ms
99th percentile: 44ms
Number Missed Vsync: 0
Number High input latency: 304
Number Slow UI thread: 0
Number Slow bitmap uploads: 0
Number Slow issue draw commands: 2
Number Frame deadline missed: 2
Number Frame deadline missed (legacy): 2
HISTOGRAM: 5ms=0 6ms=0 7ms=1 8ms=0 9ms=0 10ms=0 11ms=1 12ms=0 13ms=0 14ms=0 15ms=0 16ms=3 17ms=8 18ms=22 19ms=51 20ms=29 21ms=18 22ms=4 23ms=3 24ms=3 25ms=2 26ms=1 27ms=2 28ms=1 29ms=0 30ms=0 31ms=0 32ms=1 34ms=0 36ms=0 38ms=1 40ms=0 42ms=1 44ms=1 46ms=0 48ms=0 53ms=0 57ms=0 61ms=0 65ms=0 69ms=1 73ms=0 77ms=0 81ms=0 85ms=0 89ms=0 93ms=0 97ms=0 101ms=0 105ms=0 109ms=0 113ms=0 117ms=0 121ms=0 125ms=0 129ms=0 133ms=0 150ms=0 200ms=0 250ms=0 300ms=0 350ms=0 400ms=0 450ms=0 500ms=0 550ms=0 600ms=0 650ms=0 700ms=0 750ms=0 800ms=0 850ms=0 900ms=0 950ms=0 1000ms=0 1050ms=0 1100ms=0 1150ms=0 1200ms=0 1250ms=0 1300ms=0 1350ms=0 1400ms=0 1450ms=0 1500ms=0 1550ms=0 1600ms=0 1650ms=0 1700ms=0 1750ms=0 1800ms=0 1850ms=0 1900ms=0 1950ms=0 2000ms=0 2050ms=0 2100ms=0 2150ms=0 2200ms=0 2250ms=0 2300ms=0 2350ms=0 2400ms=0 2450ms=0 2500ms=0 2550ms=0 2600ms=0 2650ms=0 2700ms=0 2750ms=0 2800ms=0 2850ms=0 2900ms=0 2950ms=0 3000ms=0 3050ms=0 3100ms=0 3150ms=0 3200ms=0 3250ms=0 3300ms=0 3350ms=0 3400ms=0 3450ms=0 3500ms=0 3550ms=0 3600ms=0 3650ms=0 3700ms=0 3750ms=0 3800ms=0 3850ms=0 3900ms=0 3950ms=0 4000ms=0 4050ms=0 4100ms=0 4150ms=0 4200ms=0 4250ms=0 4300ms=0 4350ms=0 4400ms=0 4450ms=0 4500ms=0 4550ms=0 4600ms=0 4650ms=0 4700ms=0 4750ms=0 4800ms=0 4850ms=0 4900ms=0 4950ms=0
50th gpu percentile: 18ms
90th gpu percentile: 21ms
95th gpu percentile: 24ms
99th gpu percentile: 4950ms
GPU HISTOGRAM: 1ms=0 2ms=2 3ms=1 4ms=0 5ms=0 6ms=1 7ms=1 8ms=0 9ms=0 10ms=1 11ms=2 12ms=3 13ms=0 14ms=3 15ms=9 16ms=11 17ms=26 18ms=53 19ms=17 20ms=8 21ms=2 22ms=4 23ms=2 24ms=2 25ms=2 4950ms=4

Pipeline=Skia (OpenGL)
Memory policy:
  Max surface area: 2592000
  Max resource usage: 124.42MB (x48)
  Background retention: 50% (altUiHidden = true)
  GPU Context timeout: 10
Contexts: 1 (stopped = 0)
CPU Caches:
  Glyph Cache: 33.70 KB (1 entry)
  Glyph Count: 11 
Total CPU memory usage:
  34510 bytes, 33.70 KB (0.00 bytes is purgeable)
GPU Caches:
  Other:
    Other: 27.16 KB (1 entry)
    StencilAttachment: 256.00 KB (1 entry)
    Buffer Object: 36.45 KB (3 entries)
  Image:
    Texture: 64.00 bytes (1 entry)
  Scratch:
    Buffer Object: 80.00 KB (2 entries)
    Texture: 2.00 MB (1 entry)
Total GPU memory usage:
  2506416 bytes, 2.39 MB (324.52 KB is purgeable)

GraphicBufferAllocator buffers:
        Handle |        Size |     W (Stride) x H | Layers |   Format |      Usage | Requestor
0xb400007b63ca54e0 |     unknown | 1080 (   0) x 2400 |      1 |        1 | 0x     b00 | VRI[GlassBenchmarkActivity]#0(BLAST Consumer)0
0xb400007b63cbb470 |     unknown | 1080 (   0) x 2400 |      1 |        1 | 0x     b00 | VRI[GlassBenchmarkActivity]#0(BLAST Consumer)0
0xb400007b63cbe4d0 |     unknown | 1080 (   0) x 2400 |      1 |        1 | 0x     b00 | VRI[GlassBenchmarkActivity]#0(BLAST Consumer)0
Total allocated by GraphicBufferAllocator (estimate): 0.00 KB
GoldfishAllocator::dumpDebugInfo is not implemented
Profile data in ms:

	dev.polski.grammarmatrix.benchmark/dev.polski.grammarmatrix.GlassBenchmarkActivity/android.view.ViewRootImpl@48d03b8 (visibility=0)
Window: dev.polski.grammarmatrix.benchmark/dev.polski.grammarmatrix.GlassBenchmarkActivity
Stats since: 178311863750ns
Total frames rendered: 154
Janky frames: 2 (1.30%)
Janky frames (legacy): 119 (77.27%)
50th percentile: 19ms
90th percentile: 23ms
95th percentile: 27ms
99th percentile: 44ms
Number Missed Vsync: 0
Number High input latency: 304
Number Slow UI thread: 0
Number Slow bitmap uploads: 0
Number Slow issue draw commands: 2
Number Frame deadline missed: 2
Number Frame deadline missed (legacy): 2
HISTOGRAM: 5ms=0 6ms=0 7ms=1 8ms=0 9ms=0 10ms=0 11ms=1 12ms=0 13ms=0 14ms=0 15ms=0 16ms=3 17ms=8 18ms=22 19ms=51 20ms=29 21ms=18 22ms=4 23ms=3 24ms=3 25ms=2 26ms=1 27ms=2 28ms=1 29ms=0 30ms=0 31ms=0 32ms=1 34ms=0 36ms=0 38ms=1 40ms=0 42ms=1 44ms=1 46ms=0 48ms=0 53ms=0 57ms=0 61ms=0 65ms=0 69ms=1 73ms=0 77ms=0 81ms=0 85ms=0 89ms=0 93ms=0 97ms=0 101ms=0 105ms=0 109ms=0 113ms=0 117ms=0 121ms=0 125ms=0 129ms=0 133ms=0 150ms=0 200ms=0 250ms=0 300ms=0 350ms=0 400ms=0 450ms=0 500ms=0 550ms=0 600ms=0 650ms=0 700ms=0 750ms=0 800ms=0 850ms=0 900ms=0 950ms=0 1000ms=0 1050ms=0 1100ms=0 1150ms=0 1200ms=0 1250ms=0 1300ms=0 1350ms=0 1400ms=0 1450ms=0 1500ms=0 1550ms=0 1600ms=0 1650ms=0 1700ms=0 1750ms=0 1800ms=0 1850ms=0 1900ms=0 1950ms=0 2000ms=0 2050ms=0 2100ms=0 2150ms=0 2200ms=0 2250ms=0 2300ms=0 2350ms=0 2400ms=0 2450ms=0 2500ms=0 2550ms=0 2600ms=0 2650ms=0 2700ms=0 2750ms=0 2800ms=0 2850ms=0 2900ms=0 2950ms=0 3000ms=0 3050ms=0 3100ms=0 3150ms=0 3200ms=0 3250ms=0 3300ms=0 3350ms=0 3400ms=0 3450ms=0 3500ms=0 3550ms=0 3600ms=0 3650ms=0 3700ms=0 3750ms=0 3800ms=0 3850ms=0 3900ms=0 3950ms=0 4000ms=0 4050ms=0 4100ms=0 4150ms=0 4200ms=0 4250ms=0 4300ms=0 4350ms=0 4400ms=0 4450ms=0 4500ms=0 4550ms=0 4600ms=0 4650ms=0 4700ms=0 4750ms=0 4800ms=0 4850ms=0 4900ms=0 4950ms=0
50th gpu percentile: 18ms
90th gpu percentile: 21ms
95th gpu percentile: 24ms
99th gpu percentile: 4950ms
GPU HISTOGRAM: 1ms=0 2ms=2 3ms=1 4ms=0 5ms=0 6ms=1 7ms=1 8ms=0 9ms=0 10ms=1 11ms=2 12ms=3 13ms=0 14ms=3 15ms=9 16ms=11 17ms=26 18ms=53 19ms=17 20ms=8 21ms=2 22ms=4 23ms=2 24ms=2 25ms=2 4950ms=4



---PROFILEDATA---
Flags,FrameTimelineVsyncId,IntendedVsync,Vsync,InputEventId,HandleInputStart,AnimationStart,PerformTraversalsStart,DrawStart,FrameDeadline,FrameInterval,FrameStartTime,SyncQueued,SyncStart,IssueDrawCommandsStart,SwapBuffers,FrameCompleted,DequeueBufferDuration,QueueBufferDuration,GpuCompleted,SwapBuffersCompleted,DisplayPresentTime,CommandSubmissionCompleted,
0,49183,178880730482,178880730482,0,178882568417,178882568958,178882686375,178882713000,178930730480,178882564167,16666666,178882952542,178884704667,178884795625,178885100083,178902425583,15243250,118875,178902425583,178901100292,0,178885100083,
0,49191,178897397148,178897397148,0,178898985542,178898986417,178899119208,178899147750,178947397146,178898982042,16666666,178899292792,178901137875,178901180417,178901504000,178922104958,16716125,178792,178922104958,178919239375,0,178901504000,
0,49199,178914063814,178914063814,0,178916083667,178916084167,178918618125,178918651833,178964063812,178916080750,16666666,178918735167,178919265667,178919304000,178919597792,178935349917,11819583,120334,178935349917,178934016250,0,178919597792,
0,49207,178930730480,178930730480,0,178932642625,178932643583,178932771125,178932801792,178980730478,178932638875,16666666,178932811667,178934054458,178934093333,178934424083,178956905208,18658625,102625,178956905208,178954478750,0,178934424083,
0,49215,178947397146,178947397146,0,178951966958,178951967833,178952348667,178952380792,178997397144,178951963000,16666666,178952540667,178954525083,178954569583,178955481000,178969398250,11236375,141917,178969398250,178968232958,0,178955481000,
0,49223,178964063812,178964063812,0,178966577667,178966578292,178966697708,178966723042,179014063810,178966574417,16666666,178966853625,178968257750,178968324708,178968676875,178984756667,13826875,161750,178984756667,178983281125,0,178968676875,
0,49231,178980730478,178980730478,0,178982093375,178982093917,178982205000,178982230083,179030730476,178982090250,16666666,178982350542,178983306292,178983341208,178983643542,179001491708,15498208,284292,179001491708,179000353458,0,178983643542,
0,49239,178997397144,178997397144,0,178998570833,178998571542,178998675417,178998703417,179047397142,178998567583,16666666,178998854667,179000396292,179000443917,179000752958,179018694917,15946500,232292,179018694917,179017520292,0,179000752958,
0,49247,179014063810,179014063810,0,179015497667,179015498167,179015605375,179015630875,179064063808,179015494458,16666666,179015779958,179017563000,179017619375,179017941417,179035319000,15567833,299125,179035319000,179034319042,0,179017941417,
0,49255,179030730476,179030730476,0,179031787500,179031788500,179032636375,179032710208,179080730474,179031783875,16666666,179032911333,179034346125,179034381625,179034668833,179050974792,14440917,184000,179050974792,179049856417,0,179034668833,
0,49263,179047397142,179047397142,0,179048564167,179048564792,179048749875,179048779000,179097397140,179048560875,16666666,179049003542,179049881375,179049915000,179050245750,179067957334,15960666,225875,179067957334,179066985458,0,179050245750,
0,49271,179064063808,179064063808,0,179065567500,179065568458,179065675667,179065702167,179114063806,179065554833,16666666,179065817458,179067006625,179067049958,179067330292,179084399875,14961791,193792,179084399875,179082972084,0,179067330292,
0,49279,179080730474,179080730474,0,179081628167,179081629209,179082083667,179082123084,179130730472,179081624334,16666666,179082257834,179083001500,179083036042,179083372417,179102689584,16900000,109875,179102689584,179101352834,0,179083372417,
0,49287,179097397140,179097397140,0,179098998250,179098998959,179099104750,179099132209,179147397138,179098994959,16666666,179099217834,179101383459,179101425792,179101773250,179117841500,13829042,108375,179117841500,179116594459,0,179101773250,
0,49295,179114063806,179114063806,0,179114848042,179114848875,179115041834,179115069292,179164063804,179114845209,16666666,179115077167,179116643042,179116680334,179117064750,179143052000,23936166,148792,179143052000,179141832334,0,179117064750,
0,49303,179130730472,179130730472,0,179138396709,179138397334,179138528250,179138557292,179180730470,179138393750,16666666,179138680959,179141875875,179141917584,179142228625,179151257709,7279500,183334,179151257709,179150384000,0,179142228625,
0,49311,179147397138,179147397138,0,179149551000,179149551750,179150077917,179150104667,179197397136,179149548042,16666666,179150226625,179150400250,179150433709,179150759709,179170112209,17904917,77292,179170112209,179169215042,0,179150759709,
0,49319,179164063804,179164063804,0,179166504917,179166505417,179166618084,179166642584,179214063802,179166501834,16666666,179166766792,179169251084,179169292834,179169571167,179187632000,15297959,64750,179187632000,179185518792,0,179169571167,
0,49334,179180730470,179180730470,0,179182195250,179182195667,179182314542,179182333292,179230730468,179182192834,16666666,179182467584,179185565417,179185834417,179186555709,179202670084,13827083,207333,179202670084,179201616500,0,179186555709,
0,49342,179197397136,179197397136,0,179199202459,179199203125,179199306542,179199334250,179247397134,179199199250,16666666,179199463084,179201658209,179201696709,179202011292,179220337167,16490292,157167,179220337167,179219218084,0,179202011292,
0,49350,179214063802,179214063802,0,179217963709,179217964250,179218078792,179218102375,179264063800,179217961167,16666666,179218264917,179219236084,179219324625,179219617625,179238511625,16257334,89542,179238511625,179236685084,0,179219617625,
0,49358,179230730468,179230730468,0,179234560542,179234561375,179234670000,179234696584,179280730466,179234557000,16666666,179234843709,179236726792,179236765375,179237096042,179252881000,12966833,159167,179252881000,179251559167,0,179237096042,
0,49366,179247397134,179247397134,0,179248539000,179248539542,179248761417,179248790042,179297397132,179248536625,16666666,179248912042,179251596875,179251661167,179251953125,179276790709,22673584,385458,179276790709,179275620500,0,179251953125,
0,49374,179264063800,179264063800,0,179273098417,179273099125,179273318209,179273342459,179314063798,179273095625,16666666,179273575750,179275665875,179275705792,179276121000,179286819334,8908041,130416,179286819334,179285756917,0,179276121000,
0,49382,179280730466,179280730466,0,179284282584,179284283417,179284394875,179284419750,179330730464,179284279209,16666666,179284510417,179285781709,179285857125,179286146167,179309092459,20728583,98292,179309092459,179307610834,0,179286146167,
0,49390,179297397132,179297397132,0,179302011209,179302011750,179302113917,179302137375,179347397130,179302008209,16666666,179302144542,179307661584,179307700459,179308272625,179322678959,9657417,124541,179322678959,179318880584,0,179308272625,
0,49398,179314063798,179314063798,0,179316954542,179316955334,179317110000,179317138167,179364063796,179316931417,16666666,179317273042,179318916209,179318965000,179319337542,179334824417,10899542,2698792,179334824417,179333644167,0,179319337542,
0,49406,179330730464,179330730464,0,179331845834,179331846542,179332092125,179332118875,179380730462,179331842417,16666666,179332262334,179333676084,179333860250,179334172667,179351774042,15739000,94209,179351774042,179350657250,0,179334172667,
0,49414,179347397130,179347397130,0,179349041584,179349042542,179349291167,179349323750,179397397128,179349037959,16666666,179349480500,179350750834,179350819125,179351204584,179372306875,18505000,107500,179372306875,179370392167,0,179351204584,
0,49422,179364063796,179364063796,0,179365911542,179365912042,179366020959,179366046334,179414063794,179365908625,16666666,179366220584,179370439459,179370480459,179371101875,179384471375,10917875,168166,179384471375,179383367625,0,179371101875,
0,49430,179380730462,179380730462,0,179381972375,179382016834,179382178834,179382207459,179430730460,179381969625,16666666,179382332417,179383390417,179383424375,179383728584,179403615084,17255417,127417,179403615084,179401801584,0,179383728584,
0,49438,179397397128,179397397128,0,179399496084,179399496959,179399758250,179399792875,179447397126,179399492500,16666666,179400228334,179401851042,179401922625,179402260750,179467971167,49028875,275875,179467971167,179452821375,0,179402260750,
0,49446,179414063794,179414063794,0,179428365000,179428365542,179428590709,179428619209,179497397124,179428362250,16666666,179429063375,179452867167,179452890084,179464552417,179476525292,1177459,171209,179476525292,179474589250,0,179464552417,
0,49454,179430730460,179447397126,0,179455966334,179455966834,179458131709,179458164500,179514063790,179455963167,16666666,179459554750,179474629334,179474667875,179475561209,179489055334,9607625,237375,179489055334,179486285709,0,179475561209,
0,49464,179480730458,179480730458,0,179483299542,179483300375,179483577750,179483639084,179530730456,179483295792,16666666,179483853292,179486328417,179486367834,179487100375,179501254500,10633708,550750,179501254500,179499862459,0,179487100375,
0,49472,179497397124,179497397124,0,179499124917,179499125542,179499228292,179499268792,179547397122,179499121792,16666666,179499278625,179499881042,179499918542,179500555334,179518051209,15576792,130125,179518051209,179516895125,0,179500555334,
0,49480,179514063790,179514063790,0,179515177292,179515177917,179515430667,179515458334,179564063788,179515174084,16666666,179515622000,179516925167,179516963584,179517248875,179541170167,17247708,107708,179541170167,179535420209,0,179517248875,
0,49488,179530730456,179530730456,0,179533244417,179533245125,179533366417,179533395000,179580730454,179533241292,16666666,179533526709,179535461209,179535500709,179535855834,179557124709,13990875,1314416,179557124709,179555242334,0,179535855834,
0,49496,179547397122,179547397122,0,179551229459,179551230084,179551332542,179551360625,179597397120,179551226500,16666666,179551477834,179555296917,179555343709,179556211042,179572538667,9895709,110750,179572538667,179567077625,0,179556211042,
0,49504,179564063788,179564063788,0,179569869292,179569869959,179570024792,179570062625,179614063786,179569865959,16666666,179570377875,179570520375,179570558084,179571646875,179585931792,11618666,172542,179585931792,179584337125,0,179571646875,
0,49512,179580730454,179580730454,0,179582981500,179582982167,179583090334,179583115709,179630730452,179582978250,16666666,179583292917,179584360125,179584393167,179584864292,179600897584,13795625,156333,179600897584,179599786709,0,179584864292,
0,49520,179597397120,179597397120,0,179598870125,179598870792,179598991334,179599020000,179647397118,179598867292,16666666,179599180125,179599803834,179599838334,179600316667,179617092834,14984083,95000,179617092834,179615933625,0,179600316667,
0,49528,179614063786,179614063786,0,179615032000,179615032709,179615119917,179615145459,179664063784,179615029125,16666666,179615291084,179615960459,179615995750,179616507917,179634265084,15790958,105875,179634265084,179632985875,0,179616507917,
0,49536,179630730452,179630730452,0,179631619709,179631620292,179631817917,179631844625,179680730450,179631616625,16666666,179631976917,179633026250,179633087917,179633436125,179651901750,16733209,150542,179651901750,179651057250,0,179633436125,
0,49544,179647397118,179647397118,0,179649896542,179649897417,179650062000,179650090167,179697397116,179649893209,16666666,179650200959,179651081459,179651121584,179651396834,179669918000,16969292,88250,179669918000,179668928042,0,179651396834,
0,49552,179664063784,179664063784,0,179666787334,179666787959,179666888250,179666963209,179714063782,179666784334,16666666,179666971792,179668967000,179669005750,179669298667,179683916459,12792584,135958,179683916459,179682766334,0,179669298667,
0,49560,179680730450,179680730450,0,179681510209,179681510959,179681786584,179681813542,179730730448,179681506875,16666666,179681965417,179682792000,179682848584,179683223625,179703099917,17786292,191708,179703099917,179701777292,0,179683223625,
0,49568,179697397116,179697397116,0,179698676042,179698676750,179698781959,179698806334,179747397114,179698673000,16666666,179698946292,179701817542,179701861584,179702548417,179717677750,13501000,99833,179717677750,179716660459,0,179702548417,
0,49576,179714063782,179714063782,0,179715008459,179715009209,179715154000,179715181209,179764063780,179715005625,16666666,179715323209,179716696042,179716734834,179717017042,179734860250,16127167,115708,179734860250,179733859959,0,179717017042,
0,49584,179730730448,179730730448,0,179731689125,179731689875,179732150375,179732187125,179780730446,179731686042,16666666,179732353709,179733890875,179733928084,179734223250,179751791750,15839917,111250,179751791750,179750754667,0,179734223250,
0,49592,179747397114,179747397114,0,179748520084,179748520792,179748696292,179748722584,179797397112,179748516875,16666666,179748859667,179750784625,179750819542,179751164500,179768533542,15648167,89958,179768533542,179767492667,0,179751164500,
0,49600,179764063780,179764063780,0,179766028750,179766029709,179766150209,179766178501,179814063778,179766025250,16666666,179766360167,179767521334,179767558376,179767864376,179783818251,14237500,102417,179783818251,179782845501,0,179767864376,
0,49608,179780730446,179780730446,0,179781403751,179781404626,179781539584,179781569792,179830730444,179781400209,16666666,179781718501,179782886126,179782925167,179783208334,179801002751,15570250,93375,179801002751,179799437459,0,179783208334,
0,49616,179797397112,179797397112,0,179797979626,179797980167,179798256042,179798283376,179847397110,179797976792,16666666,179798431209,179799460626,179799499501,179799821834,179816761667,15454667,286792,179801013626,179816761667,0,179799821834,
0,49624,179814063778,179814063778,0,179814926876,179814927709,179815040376,179815067251,179864063776,179814923792,16666666,179815236501,179816795292,179816837334,179817199792,179834180209,15226958,268708,179834180209,179833184834,0,179817199792,
0,49632,179830730444,179830730444,0,179831676626,179831677334,179831784917,179831811209,179880730442,179831673667,16666666,179831895501,179833201584,179833238667,179833509042,179851118584,15827000,186250,179851118584,179850062917,0,179833509042,
0,49640,179847397110,179847397110,0,179848161626,179848162251,179849010501,179849055917,179897397108,179848158459,16666666,179849065376,179850100251,179850135126,179850453792,179866984542,14946750,210083,179866984542,179866138126,0,179850453792,
0,49648,179864063776,179864063776,0,179865026292,179865026876,179865239626,179865268459,179914063774,179865023667,16666666,179865392917,179866156459,179866192917,179866478501,179884734834,16472792,143416,179884734834,179883511084,0,179866478501,
0,49656,179880730442,179880730442,0,179882094167,179882095126,179882304251,179882337834,179930730440,179882090084,16666666,179882491584,179883552292,179883591459,179883923709,179901182209,15060917,213166,179901182209,179899846917,0,179883923709,
0,49664,179897397108,179897397108,0,179898198751,179898199292,179898531126,179898566709,179947397106,179898195709,16666666,179898739834,179899867126,179899902792,179900445626,179918304042,15664708,282500,179918304042,179916903417,0,179900445626,
0,49672,179914063774,179914063774,0,179915086959,179915087917,179915229126,179915466417,179964063772,179915084001,16666666,179915611876,179916932167,179916967834,179917354792,179935682042,15971041,240209,179935682042,179934332917,0,179917354792,
0,49680,179930730440,179930730440,0,179932652834,179932653876,179932777834,179932803667,179980730438,179932649251,16666666,179932930542,179934361376,179934401209,179934799001,179951531667,14815000,349208,179951531667,179950581167,0,179934799001,
0,49688,179947397106,179947397106,0,179949396584,179949397084,179949521626,179949552334,179997397104,179949393459,16666666,179949799709,179950603501,179950636209,179950904584,179970023834,15814292,200833,179970023834,179967411959,0,179950904584,
0,49696,179964063772,179964063772,0,179964881417,179964881792,179964988334,179965014126,180014063770,179964878459,16666666,179965144251,179967448334,179967494876,179968813959,179984242792,13043167,385041,179984242792,179983122376,0,179968813959,
0,49704,179980730438,179980730438,0,179981684042,179981684959,179981824709,179981850751,180030730436,179981680334,16666666,179982016917,179983148459,179983185584,179983510959,180001283084,15655541,269917,180001283084,179999947417,0,179983510959,
0,49712,179997397104,179997397104,0,179999180251,179999181001,179999282751,179999309501,180047397102,179999176876,16666666,179999428334,179999964542,180000350292,180000720376,180017341417,15037959,184542,180017341417,180016379876,0,180000720376,
0,49720,180014063770,180014063770,0,180014812042,180014812792,180014992376,180015018209,180064063768,180014808876,16666666,180015097376,180016408876,180016449084,180016726376,180034558709,16187500,203041,180034558709,180033580334,0,180016726376,
0,49728,180030730436,180030730436,0,180032368417,180032369167,180032466542,180032495584,180080730434,180032365417,16666666,180032504751,180033601917,180033637001,180033965376,180050950292,15392667,178834,180050950292,180050042084,0,180033965376,
0,49736,180047397102,180047397102,0,180047932376,180047933042,180048188334,180048214084,180097397100,180047929459,16666666,180048331709,180050077126,180050113084,180050388542,180068301001,16097125,143250,180068301001,180067152876,0,180050388542,
0,49744,180064063768,180064063768,0,180066450334,180066450834,180066582084,180066610334,180114063766,180066447292,16666666,180066725292,180067169709,180067231417,180067729459,180085110292,15518791,132292,180085110292,180083870209,0,180067729459,
0,49752,180080730434,180080730434,0,180082304001,180082304584,180082413251,180082438751,180130730432,180082301417,16666666,180082556209,180083899584,180083933251,180084481501,180100466251,14274000,191917,180100466251,180099435126,0,180084481501,
0,49760,180097397100,180097397100,0,180098418584,180098419167,180098516751,180098541542,180147397098,180098415376,16666666,180098661417,180099455167,180099491667,180099805209,180117637584,16125833,138208,180117637584,180116649834,0,180099805209,
0,49768,180114063766,180114063766,0,180114900084,180114901126,180115015542,180115039876,180164063764,180114897251,16666666,180115189251,180116679167,180116714334,180116994917,180134648292,15692250,200041,180134648292,180133380751,0,180116994917,
0,49776,180130730432,180130730432,0,180131802292,180131803126,180131953251,180131982626,180180730430,180131799001,16666666,180132667501,180133405584,180133442459,180133827209,180153446709,17542708,236750,180153446709,180152304417,0,180133827209,
0,49784,180147397098,180147397098,0,180150062084,180150062959,180150301709,180150347334,180197397096,180150058459,16666666,180150534709,180152346667,180152385126,180152724167,180167719501,12975750,129750,180167719501,180166477167,0,180152724167,
0,49792,180164063764,180164063764,0,180165455334,180165456001,180165563417,180165591626,180214063762,180165451834,16666666,180165851626,180166523001,180166616417,180166998751,180185116834,15912667,229708,180185116834,180183706417,0,180166998751,
0,49800,180180730430,180180730430,0,180182165501,180182166334,180182279334,180182305584,180230730428,180182161959,16666666,180182439126,180183742459,180183785751,180184195834,180201247667,14739875,274583,180201247667,180199914876,0,180184195834,
0,49808,180197397096,180197397096,0,180198680042,180198680751,180198812917,180198839376,180247397094,180198649501,16666666,180198933209,180199937501,180199986417,180200588084,180217944001,15389208,214667,180217944001,180216690834,0,180200588084,
0,49816,180214063762,180214063762,0,180214907542,180214908376,180215091501,180215118626,180264063760,180214903792,16666666,180215127167,180216728376,180216817334,180217114126,180234737709,15452917,106458,180234737709,180233455126,0,180217114126,
0,49824,180230730428,180230730428,0,180231766084,180231766959,180231890209,180231918084,180280730426,180231762626,16666666,180232174459,180233492209,180233545376,180233858501,180251307584,15604875,120375,180251307584,180250399459,0,180233858501,
0,49832,180247397094,180247397094,0,180248830459,180248831001,180249017876,180249044626,180297397092,180248827042,16666666,180249170667,180250437542,180250476292,180250767667,180268363376,15856875,96708,180268363376,180267215459,0,180250767667,
0,49840,180264063760,180264063760,0,180265417167,180265418126,180265512834,180265538751,180314063758,180265413751,16666666,180265773667,180267246042,180267283459,180267563209,180284570542,14947291,248750,180284570542,180283383584,0,180267563209,
0,49848,180280730426,180280730426,0,180281863626,180281864251,180282117042,180282155251,180330730424,180281860959,16666666,180282315167,180283415459,180283500667,180283833834,180307181001,21319250,103292,180307181001,180305942084,0,180283833834,
0,49856,180297397092,180297397092,0,180304679876,180304680917,180304858292,180304890792,180347397090,180304676334,16666666,180305057209,180305973209,180306010751,180306301917,180317911834,9565083,159459,180317911834,180316802542,0,180306301917,
0,49864,180314063758,180314063758,0,180315068126,180315068917,180315259001,180315282667,180364063756,180315064209,16666666,180315504417,180316833501,180316868334,180317202709,180336098459,16777167,203833,180336098459,180334751042,0,180317202709,
0,49872,180330730424,180330730424,0,180333015792,180333016542,180333173709,180333208334,180380730422,180333012001,16666666,180333409917,180334804959,180334868167,180335448292,180352708501,15168291,188500,180352708501,180351339959,0,180335448292,
0,49880,180347397090,180347397090,0,180349519042,180349520042,180349755542,180349787667,180397397088,180349515542,16666666,180349927292,180351374542,180351411667,180351716959,180369312209,14770167,229834,180369312209,180367629917,0,180351716959,
0,49888,180364063756,180364063756,0,180366246376,180366246917,180366370126,180366399584,180414063754,180366242709,16666666,180366553334,180367663584,180367700251,180368138501,180385985417,15515875,396708,180385985417,180384898834,0,180368138501,
0,49896,180380730422,180380730422,0,180382724834,180382725751,180383158709,180383193042,180430730420,180382721459,16666666,180383301584,180384940834,180384983542,180385291792,180402270459,15043042,93917,180402270459,180401076251,0,180385291792,
0,49904,180397397088,180397397088,0,180398972001,180398972709,180399082251,180399112584,180447397086,180398968709,16666666,180399122876,180401106334,180401147251,180401579292,180420617667,16173750,114000,180420617667,180418515042,0,180401579292,
0,49912,180414063754,180414063754,0,180415759334,180415760167,180415886042,180415915251,180464063752,180415755542,16666666,180417125459,180418550251,180418588751,180418923459,180436392584,14620208,266083,180436392584,180435298626,0,180418923459,
0,49920,180430730420,180430730420,0,180433416417,180433417084,180433536584,180433572334,180480730418,180433413084,16666666,180433717292,180435329709,180435367334,180435711501,180453891751,15935417,234917,180453891751,180452523167,0,180435711501,
0,49928,180447397086,180447397086,0,180450435709,180450436459,180451348792,180451379376,180497397084,180450432751,16666666,180451510042,180452550876,180452624584,180453100751,180469772834,14834917,126833,180469772834,180468787584,0,180453100751,
0,49936,180464063752,180464063752,0,180465486626,180465487334,180465649543,180465677584,180514063750,180465483209,16666666,180465812043,180468826543,180468862626,180469204501,180484298293,13277083,101833,180484298293,180483120709,0,180469204501,
0,49944,180480730418,180480730418,0,180481999459,180482000418,180482293293,180482327918,180530730416,180481995626,16666666,180482500209,180483152626,180483186918,180483509376,180504656834,16894542,110292,180504656834,180501315959,0,180483509376,
0,49952,180497397084,180497397084,0,180498415543,180498416293,180498600834,180498638001,180547397082,180498411793,16666666,180498943418,180501365793,180501420959,180501929584,180522639959,14210125,686416,180522639959,180518929584,0,180501929584,
0,49960,180514063750,180514063750,0,180515871251,180515872043,180516690251,180516731959,180564063748,180515868001,16666666,180518073918,180518978209,180519015126,180519537876,180536454793,12352334,176708,180536454793,180535052293,0,180519537876,
0,49968,180530730416,180530730416,0,180532450043,180532450709,180532544459,180532569376,180580730414,180532446959,16666666,180532697418,180535133709,180535373834,180535705209,180551585209,13907500,108167,180551585209,180550419626,0,180535705209,
0,49976,180547397082,180547397082,0,180549125668,180549126584,180549286459,180549319709,180597397080,180549121876,16666666,180549493876,180550460168,180550496293,180550787876,180569445126,16203750,106541,180569445126,180567843251,0,180550787876,
0,49984,180564063748,180564063748,0,180566698584,180566699293,180566835793,180566861959,180614063746,180566695501,16666666,180566975209,180567864001,180567906876,180568555584,180585406418,14928500,151000,180585406418,180584435543,0,180568555584,
0,49992,180580730414,180580730414,0,180581528543,180581529001,180581816084,180581955793,180630730412,180581525334,16666666,180581967668,180584474209,180584511876,180584823251,180601184168,14434083,101875,180601184168,180599891376,0,180584823251,
0,50000,180597397080,180597397080,0,180598543251,180598544209,180598836418,180598869876,180647397078,180598539584,16666666,180598999959,180599915376,180599952209,180600376293,180618333376,15585959,119125,180618333376,180616855001,0,180600376293,
0,50008,180614063746,180614063746,0,180614976459,180614977334,180615101626,180615128751,180664063744,180614972709,16666666,180615263793,180616910584,180616968501,180617581251,180634253168,14844750,120541,180634253168,180633350251,0,180617581251,
0,50016,180630730412,180630730412,0,180631495168,180631495751,180631598709,180631622876,180680730410,180631492126,16666666,180631803668,180633379001,180633417876,180633722709,180651062876,15861583,87500,180651062876,180650163668,0,180633722709,
0,50024,180647397078,180647397078,0,180649074126,180649074626,180649232668,180649262709,180697397076,180649071084,16666666,180649388293,180650187459,180650269293,180650544126,180669312584,16744041,72958,180669312584,180667920584,0,180650544126,
0,50032,180664063744,180664063744,0,180665209876,180665210918,180665402209,180665436209,180714063742,180665206084,16666666,180665606251,180667967626,180668114376,180668499168,180684668251,13907375,116625,180684668251,180683286001,0,180668499168,
0,50040,180680730410,180680730410,0,180681721793,180681722709,180681949209,180681977543,180730730408,180681718584,16666666,180682289251,180683465084,180683510043,180683920584,180701484084,15038750,218750,180701484084,180699759168,0,180683920584,
0,50048,180697397076,180697397076,0,180698530126,180698530834,180698674376,180698705084,180747397074,180698527043,16666666,180698872626,180699792751,180699829834,180700706918,180718575959,15654167,189500,180718575959,180717210168,0,180700706918,
0,50056,180714063742,180714063742,0,180715606626,180715607251,180715710918,180715736709,180764063740,180715603251,16666666,180715869376,180717239668,180717276876,180717935043,180734589334,14994250,145500,180734589334,180733687293,0,180717935043,
0,50064,180730730408,180730730408,0,180731952834,180731953501,180732195668,180732231709,180780730406,180731949376,16666666,180732413084,180733722876,180733763168,180734055501,180751964168,16232833,86375,180751964168,180750882751,0,180734055501,
0,50072,180747397074,180747397074,0,180750074334,180750074959,180750185209,180750209626,180797397072,180750071168,16666666,180750300293,180750909876,180750949793,180751317626,180768159293,15048625,122834,180768159293,180767080834,0,180751317626,
0,50080,180764063740,180764063740,0,180765322418,180765323459,180765476001,180765508376,180814063738,180765318626,16666666,180765519251,180767120459,180767162793,180767492918,180786380668,16961417,222000,180786380668,180785203418,0,180767492918,
0,50088,180780730406,180780730406,0,180782809251,180782810001,180782925709,180782952918,180830730404,180782805543,16666666,180783169209,180785237543,180785273334,180785617918,180801720418,14304500,92834,180801720418,180800735459,0,180785617918,
0,50096,180797397072,180797397072,0,180799025126,180799025876,180799214918,180799270793,180847397070,180799021668,16666666,180799411293,180800761626,180800813709,180801113751,180818440251,15529292,103334,180818440251,180817310376,0,180801113751,
0,50104,180814063738,180814063738,0,180815216334,180815217293,180815384251,180815417043,180864063736,180815212418,16666666,180815569459,180817354376,180817390834,180817708584,180834461376,15034834,109458,180834461376,180833528709,0,180817708584,
0,50112,180830730404,180830730404,0,180831319501,180831320126,180831427626,180831454043,180880730402,180831316543,16666666,180831575793,180833560626,180833598126,180833900334,180852729084,16167292,95875,180852729084,180850688918,0,180833900334,
0,50120,180847397070,180847397070,0,180848785543,180848786334,180848922209,180848950584,180897397068,180848782293,16666666,180849079459,180850733584,180850771584,180851180293,180867955793,14059791,186833,180867955793,180866860668,0,180851180293,
0,50128,180864063736,180864063736,0,180865153834,180865154376,180865263459,180865286876,180914063734,180865150918,16666666,180865545168,180866897584,180866946251,180867280293,180884929918,15405583,152375,180884929918,180883443043,0,180867280293,
0,50136,180880730402,180880730402,0,180881674959,180881675793,180881791209,180881818668,180930730400,180881671334,16666666,180881958209,180883479251,180883523793,180884084918,180902001709,15282958,130250,180902001709,180900438626,0,180884084918,
0,50144,180897397068,180897397068,0,180898529376,180898530376,180898712418,180898745959,180914063734,180898525668,16666666,180898924709,180900483626,180900725543,180901148293,178885706000,15048833,124417,178885706000,180917119251,0,180901148293,
---PROFILEDATA---


View hierarchy:

  dev.polski.grammarmatrix.benchmark/dev.polski.grammarmatrix.GlassBenchmarkActivity/android.view.ViewRootImpl@48d03b8
  7 views, 12.08 kB of render nodes


Total ViewRootImpl   : 1
Total attached Views : 7
Total RenderNode     : 12.08 kB (used) / 36.09 kB (capacity)