Applications Graphics Acceleration Info:
Uptime: 143295 Realtime: 143295

** Graphics info for pid 2158 [dev.polski.grammarmatrix.benchmark] **

Stats since: 140701451482ns
Total frames rendered: 156
Janky frames: 0 (0.00%)
Janky frames (legacy): 135 (86.54%)
50th percentile: 19ms
90th percentile: 22ms
95th percentile: 22ms
99th percentile: 25ms
Number Missed Vsync: 0
Number High input latency: 312
Number Slow UI thread: 0
Number Slow bitmap uploads: 0
Number Slow issue draw commands: 0
Number Frame deadline missed: 0
Number Frame deadline missed (legacy): 0
HISTOGRAM: 5ms=0 6ms=0 7ms=0 8ms=0 9ms=0 10ms=0 11ms=0 12ms=0 13ms=0 14ms=0 15ms=0 16ms=0 17ms=4 18ms=28 19ms=64 20ms=33 21ms=10 22ms=10 23ms=1 24ms=1 25ms=4 26ms=1 27ms=0 28ms=0 29ms=0 30ms=0 31ms=0 32ms=0 34ms=0 36ms=0 38ms=0 40ms=0 42ms=0 44ms=0 46ms=0 48ms=0 53ms=0 57ms=0 61ms=0 65ms=0 69ms=0 73ms=0 77ms=0 81ms=0 85ms=0 89ms=0 93ms=0 97ms=0 101ms=0 105ms=0 109ms=0 113ms=0 117ms=0 121ms=0 125ms=0 129ms=0 133ms=0 150ms=0 200ms=0 250ms=0 300ms=0 350ms=0 400ms=0 450ms=0 500ms=0 550ms=0 600ms=0 650ms=0 700ms=0 750ms=0 800ms=0 850ms=0 900ms=0 950ms=0 1000ms=0 1050ms=0 1100ms=0 1150ms=0 1200ms=0 1250ms=0 1300ms=0 1350ms=0 1400ms=0 1450ms=0 1500ms=0 1550ms=0 1600ms=0 1650ms=0 1700ms=0 1750ms=0 1800ms=0 1850ms=0 1900ms=0 1950ms=0 2000ms=0 2050ms=0 2100ms=0 2150ms=0 2200ms=0 2250ms=0 2300ms=0 2350ms=0 2400ms=0 2450ms=0 2500ms=0 2550ms=0 2600ms=0 2650ms=0 2700ms=0 2750ms=0 2800ms=0 2850ms=0 2900ms=0 2950ms=0 3000ms=0 3050ms=0 3100ms=0 3150ms=0 3200ms=0 3250ms=0 3300ms=0 3350ms=0 3400ms=0 3450ms=0 3500ms=0 3550ms=0 3600ms=0 3650ms=0 3700ms=0 3750ms=0 3800ms=0 3850ms=0 3900ms=0 3950ms=0 4000ms=0 4050ms=0 4100ms=0 4150ms=0 4200ms=0 4250ms=0 4300ms=0 4350ms=0 4400ms=0 4450ms=0 4500ms=0 4550ms=0 4600ms=0 4650ms=0 4700ms=0 4750ms=0 4800ms=0 4850ms=0 4900ms=0 4950ms=0
50th gpu percentile: 18ms
90th gpu percentile: 20ms
95th gpu percentile: 21ms
99th gpu percentile: 24ms
GPU HISTOGRAM: 1ms=0 2ms=1 3ms=0 4ms=0 5ms=0 6ms=0 7ms=0 8ms=0 9ms=0 10ms=0 11ms=0 12ms=2 13ms=0 14ms=4 15ms=9 16ms=6 17ms=37 18ms=56 19ms=20 20ms=11 21ms=4 22ms=2 23ms=1 24ms=2 25ms=1 4950ms=0

Pipeline=Skia (OpenGL)
Memory policy:
  Max surface area: 2592000
  Max resource usage: 124.42MB (x48)
  Background retention: 50% (altUiHidden = true)
  GPU Context timeout: 10
Contexts: 1 (stopped = 0)
CPU Caches:
  Glyph Cache: 33.70 KB (1 entry)
  Glyph Count: 11 
Total CPU memory usage:
  34510 bytes, 33.70 KB (0.00 bytes is purgeable)
GPU Caches:
  Other:
    Other: 26.56 KB (1 entry)
    Buffer Object: 36.45 KB (3 entries)
    StencilAttachment: 256.00 KB (1 entry)
  Image:
    Texture: 64.00 bytes (1 entry)
  Scratch:
    RenderTarget: 320.00 KB (1 entry)
    Buffer Object: 80.00 KB (2 entries)
    Texture: 2.00 MB (1 entry)
Total GPU memory usage:
  2833488 bytes, 2.70 MB (388.52 KB is purgeable)

GraphicBufferAllocator buffers:
        Handle |        Size |     W (Stride) x H | Layers |   Format |      Usage | Requestor
0xb400007b63ca54e0 |     unknown | 1080 (   0) x 2400 |      1 |        1 | 0x     b00 | VRI[GlassBenchmarkActivity]#0(BLAST Consumer)0
0xb400007b63cbb470 |     unknown | 1080 (   0) x 2400 |      1 |        1 | 0x     b00 | VRI[GlassBenchmarkActivity]#0(BLAST Consumer)0
0xb400007b63cbe4d0 |     unknown | 1080 (   0) x 2400 |      1 |        1 | 0x     b00 | VRI[GlassBenchmarkActivity]#0(BLAST Consumer)0
Total allocated by GraphicBufferAllocator (estimate): 0.00 KB
GoldfishAllocator::dumpDebugInfo is not implemented
Profile data in ms:

	dev.polski.grammarmatrix.benchmark/dev.polski.grammarmatrix.GlassBenchmarkActivity/android.view.ViewRootImpl@48d03b8 (visibility=0)
Window: dev.polski.grammarmatrix.benchmark/dev.polski.grammarmatrix.GlassBenchmarkActivity
Stats since: 140701451065ns
Total frames rendered: 156
Janky frames: 0 (0.00%)
Janky frames (legacy): 135 (86.54%)
50th percentile: 19ms
90th percentile: 22ms
95th percentile: 22ms
99th percentile: 25ms
Number Missed Vsync: 0
Number High input latency: 312
Number Slow UI thread: 0
Number Slow bitmap uploads: 0
Number Slow issue draw commands: 0
Number Frame deadline missed: 0
Number Frame deadline missed (legacy): 0
HISTOGRAM: 5ms=0 6ms=0 7ms=0 8ms=0 9ms=0 10ms=0 11ms=0 12ms=0 13ms=0 14ms=0 15ms=0 16ms=0 17ms=4 18ms=28 19ms=64 20ms=33 21ms=10 22ms=10 23ms=1 24ms=1 25ms=4 26ms=1 27ms=0 28ms=0 29ms=0 30ms=0 31ms=0 32ms=0 34ms=0 36ms=0 38ms=0 40ms=0 42ms=0 44ms=0 46ms=0 48ms=0 53ms=0 57ms=0 61ms=0 65ms=0 69ms=0 73ms=0 77ms=0 81ms=0 85ms=0 89ms=0 93ms=0 97ms=0 101ms=0 105ms=0 109ms=0 113ms=0 117ms=0 121ms=0 125ms=0 129ms=0 133ms=0 150ms=0 200ms=0 250ms=0 300ms=0 350ms=0 400ms=0 450ms=0 500ms=0 550ms=0 600ms=0 650ms=0 700ms=0 750ms=0 800ms=0 850ms=0 900ms=0 950ms=0 1000ms=0 1050ms=0 1100ms=0 1150ms=0 1200ms=0 1250ms=0 1300ms=0 1350ms=0 1400ms=0 1450ms=0 1500ms=0 1550ms=0 1600ms=0 1650ms=0 1700ms=0 1750ms=0 1800ms=0 1850ms=0 1900ms=0 1950ms=0 2000ms=0 2050ms=0 2100ms=0 2150ms=0 2200ms=0 2250ms=0 2300ms=0 2350ms=0 2400ms=0 2450ms=0 2500ms=0 2550ms=0 2600ms=0 2650ms=0 2700ms=0 2750ms=0 2800ms=0 2850ms=0 2900ms=0 2950ms=0 3000ms=0 3050ms=0 3100ms=0 3150ms=0 3200ms=0 3250ms=0 3300ms=0 3350ms=0 3400ms=0 3450ms=0 3500ms=0 3550ms=0 3600ms=0 3650ms=0 3700ms=0 3750ms=0 3800ms=0 3850ms=0 3900ms=0 3950ms=0 4000ms=0 4050ms=0 4100ms=0 4150ms=0 4200ms=0 4250ms=0 4300ms=0 4350ms=0 4400ms=0 4450ms=0 4500ms=0 4550ms=0 4600ms=0 4650ms=0 4700ms=0 4750ms=0 4800ms=0 4850ms=0 4900ms=0 4950ms=0
50th gpu percentile: 18ms
90th gpu percentile: 20ms
95th gpu percentile: 21ms
99th gpu percentile: 24ms
GPU HISTOGRAM: 1ms=0 2ms=1 3ms=0 4ms=0 5ms=0 6ms=0 7ms=0 8ms=0 9ms=0 10ms=0 11ms=0 12ms=2 13ms=0 14ms=4 15ms=9 16ms=6 17ms=37 18ms=56 19ms=20 20ms=11 21ms=4 22ms=2 23ms=1 24ms=2 25ms=1 4950ms=0



---PROFILEDATA---
Flags,FrameTimelineVsyncId,IntendedVsync,Vsync,InputEventId,HandleInputStart,AnimationStart,PerformTraversalsStart,DrawStart,FrameDeadline,FrameInterval,FrameStartTime,SyncQueued,SyncStart,IssueDrawCommandsStart,SwapBuffers,FrameCompleted,DequeueBufferDuration,QueueBufferDuration,GpuCompleted,SwapBuffersCompleted,DisplayPresentTime,CommandSubmissionCompleted,
0,31275,141297398652,141297398652,0,141298682149,141298682815,141299108940,141299144774,141330731984,141298678607,16666666,141299347857,141300347149,141300397232,141300685524,141318187232,15677750,97792,141318187232,141317066065,0,141300685524,
0,31283,141314065318,141314065318,0,141314980607,141314981440,141315451732,141315491607,141347398650,141314975524,16666666,141315695357,141317104940,141317157899,141317493857,141340801774,21301459,141750,141340801774,141339628982,0,141317493857,
0,31291,141330731984,141330731984,0,141338349274,141338350191,141338492316,141338521357,141364065316,141338345482,16666666,141338681691,141339661399,141339697107,141340111441,141351947941,9684542,84666,141351947941,141350536649,0,141340111441,
0,31299,141347398650,141347398650,0,141349788316,141349789024,141349918649,141349944982,141380731982,141349784982,16666666,141350072357,141350554066,141350593857,141350907566,141367881982,14906541,179708,141367881982,141366922316,0,141350907566,
0,31307,141364065316,141364065316,0,141365971649,141365972482,141366069649,141366105899,141397398648,141365967899,16666666,141366209732,141366944316,141366986524,141367286149,141383802857,14883000,88167,141383802857,141382824691,0,141367286149,
0,31315,141380731982,141380731982,0,141382175732,141382176441,141382351441,141382378399,141414065314,141382171691,16666666,141382389649,141382852191,141382891191,141383231649,141400922774,15903334,85834,141400922774,141399755274,0,141383231649,
0,31323,141397398648,141397398648,0,141398065941,141398066649,141398256316,141398282857,141430731980,141398062191,16666666,141398412066,141399780732,141399815566,141400259316,141417827107,15840292,97167,141417827107,141416836691,0,141400259316,
0,31331,141414065314,141414065314,0,141415211899,141415212566,141415386191,141415413857,141447398646,141415208691,16666666,141415601524,141416866857,141416907149,141417256566,141434839982,16066500,108833,141434839982,141433972816,0,141417256566,
0,31339,141430731980,141430731980,0,141432502774,141432503607,141432623649,141432648899,141464065312,141432499274,16666666,141432774857,141433997316,141434032899,141434319232,141450959732,15177917,84542,141450959732,141450070691,0,141434319232,
0,31347,141447398646,141447398646,0,141448343607,141448344274,141448428691,141448943607,141480731978,141448340399,16666666,141449153066,141450097566,141450188607,141450471899,141468227107,16131208,86667,141468227107,141467137857,0,141450471899,
0,31355,141464065312,141464065312,0,141465622399,141465623232,141465857149,141465896441,141497398644,141465618566,16666666,141466072607,141467164774,141467198149,141467467691,141485815816,15980042,308875,141485815816,141484444732,0,141467467691,
0,31363,141480731978,141480731978,0,141483459774,141483460316,141483535399,141483560274,141514065310,141483456399,16666666,141483868732,141484462816,141484500774,141484958107,141501214524,14036458,215250,141501214524,141499905982,0,141484958107,
0,31371,141497398644,141497398644,0,141498470482,141498471191,141498662524,141498694482,141530731976,141498466816,16666666,141498850482,141499931982,141499967357,141500587357,141517942316,15413083,89000,141517942316,141516709107,0,141500587357,
0,31379,141514065310,141514065310,0,141514981316,141514981941,141515139107,141515187441,141547398642,141514978232,16666666,141515375441,141516742232,141516799399,141517112691,141537980566,18409792,122208,141537980566,141536442982,0,141517112691,
0,31387,141530731976,141530731976,0,141534869274,141534869982,141534994232,141535018732,141564065308,141534865774,16666666,141535171774,141536501816,141536552524,141536849024,141551823732,12817375,259791,141551823732,141550869941,0,141536849024,
0,31395,141547398642,141547398642,0,141549321024,141549321566,141549416732,141549442524,141580731974,141549318024,16666666,141549530274,141550887774,141550926607,141551260024,141569258982,16237958,82541,141569258982,141568138149,0,141551260024,
0,31403,141564065308,141564065308,0,141566682732,141566683399,141566798232,141566824357,141597398640,141566679524,16666666,141566833232,141568161816,141568324191,141568598899,141587025941,14633917,166500,141587025941,141584111441,0,141568598899,
0,31411,141580731974,141580731974,0,141581604357,141581605274,141581834274,141581864899,141614065306,141581601024,16666666,141581999024,141584157732,141584282566,141585519024,141601716232,12942208,177375,141601716232,141600095066,0,141585519024,
0,31419,141597398640,141597398640,0,141598856149,141598857191,141599266691,141599299399,141630731972,141598852732,16666666,141599445066,141600122107,141600154982,141600752441,141623872357,20782834,252417,141623872357,141622628107,0,141600752441,
0,31427,141614065306,141614065306,0,141617097566,141617098357,141617364274,141617403732,141647398638,141617093149,16666666,141617642607,141622664482,141622703107,141623120274,141637095066,11745083,124542,141637095066,141635816982,0,141623120274,
0,31435,141630731972,141630731972,0,141632898566,141632899357,141633115399,141633152982,141664065304,141632894232,16666666,141633385399,141635854857,141635895941,141636495357,141651417441,13238667,82875,141651417441,141650390607,0,141636495357,
0,31443,141647398638,141647398638,0,141648827066,141648827941,141649045066,141649076649,141680731970,141648823232,16666666,141649242149,141650422149,141650457649,141650742232,141669444191,15242750,106709,141669444191,141666714482,0,141650742232,
0,31451,141664065304,141664065304,0,141665214482,141665215441,141665347607,141665375899,141697398636,141665211357,16666666,141665593649,141666787607,141666859607,141668269774,141685899774,15318583,184209,141685899774,141684816524,0,141668269774,
0,31459,141680731970,141680731970,0,141682637941,141682638399,141682727982,141682754191,141714065302,141682634774,16666666,141682889941,141684835232,141684879024,141685174191,141703166857,16140459,78833,141703166857,141702092691,0,141685174191,
0,31467,141697398636,141697398636,0,141699426316,141699427066,141699654732,141699693357,141730731968,141699422274,16666666,141701011399,141702126149,141702161732,141702524732,141718467691,14331334,80042,141718467691,141717552816,0,141702524732,
0,31475,141714065302,141714065302,0,141717009524,141717010232,141717112191,141717136982,141747398634,141717006649,16666666,141717264066,141717578316,141717640524,141717949899,141736985357,16871583,85916,141736985357,141735397524,0,141717949899,
0,31483,141730731968,141730731968,0,141733278232,141733279316,141733453691,141733485941,141764065300,141733273482,16666666,141733607482,141735433232,141735473649,141736197649,141750843524,12956625,113500,141750843524,141749993857,0,141736197649,
0,31491,141747398634,141747398634,0,141748733274,141748733816,141748861941,141748886691,141780731966,141748730191,16666666,141748895149,141750011649,141750044691,141750355274,141767611732,15679500,77125,141767611732,141766575149,0,141750355274,
0,31499,141764065300,141764065300,0,141764818774,141764819524,141764928732,141764954441,141797398632,141764815441,16666666,141765080024,141766603982,141766639857,141766928274,141786154441,16129208,146916,141786154441,141783859274,0,141766928274,
0,31507,141780731966,141780731966,0,141783369191,141783369732,141783462357,141783486232,141814065298,141783366191,16666666,141783606024,141783875191,141783907566,141785167399,141801690649,14342958,160584,141801690649,141800563941,0,141785167399,
0,31515,141797398632,141797398632,0,141798581107,141798581691,141798694316,141798719691,141830731964,141798578649,16666666,141798894857,141800596982,141800632774,141800909274,141825254774,22252416,112375,141825254774,141823996649,0,141800909274,
0,31523,141814065298,141814065298,0,141822745649,141822746316,141822897816,141822927191,141847398630,141822742357,16666666,141823081982,141824104399,141824388066,141824673316,141836424941,9375208,99292,141836424941,141834682982,0,141824673316,
0,31531,141830731964,141830731964,0,141834617274,141834617816,141834707107,141834731941,141864065296,141834613566,16666666,141834882524,141834958566,141834990316,141835494857,141853356149,15442125,90333,141853356149,141851939357,0,141835494857,
0,31539,141847398630,141847398630,0,141851257191,141851258066,141851367774,141851391274,141880731962,141851254607,16666666,141851556024,141851974691,141852177066,141852593024,141867868316,13500209,150042,141867868316,141866918524,0,141852593024,
0,31547,141864065296,141864065296,0,141865669774,141865670524,141865777649,141865807691,141897398628,141865666441,16666666,141865967107,141866943691,141867010899,141867300149,141883868107,15060833,100166,141883868107,141882978066,0,141867300149,
0,31555,141880731962,141880731962,0,141881305982,141881306857,141881451232,141881481149,141914065294,141881302149,16666666,141881639691,141883007941,141883045524,141883339482,141903405107,18580792,82292,141903405107,141902503191,0,141883339482,
0,31563,141897398628,141897398628,0,141900852857,141900853774,141901014816,141901043649,141930731960,141900849357,16666666,141901190649,141902533107,141902569649,141902850982,141919194066,14650250,87584,141919194066,141918107482,0,141902850982,
0,31571,141914065294,141914065294,0,141915613482,141915614441,141915861024,141915892941,141947398626,141915609107,16666666,141916265774,141918137149,141918180399,141918444316,141935613649,15019458,117833,141935613649,141934270816,0,141918444316,
0,31579,141930731960,141930731960,0,141932520649,141932521399,141932624024,141932847274,141964065292,141932517191,16666666,141932861232,141934310732,141934391357,141934804982,141950805774,14177958,141083,141950805774,141949845149,0,141934804982,
0,31587,141947398626,141947398626,0,141948145524,141948146107,141948574191,141948614649,141980731958,141948142149,16666666,141948773982,141949864316,141949898649,141950162774,141967550857,15625125,84334,141967550857,141966522774,0,141950162774,
0,31595,141964065292,141964065292,0,141964904482,141964905316,141965006357,141965031357,141997398624,141964901107,16666666,141965149857,141966549232,141966584149,141966965107,141983875566,15297542,103916,141983875566,141982900649,0,141966965107,
0,31603,141980731958,141980731958,0,141981756941,141981757607,141981860232,141981884649,142014065290,141981754107,16666666,141982035566,141982920482,141982981149,141983325524,142001027816,15811834,99917,142001027816,141999736441,0,141983325524,
0,31611,141997398624,141997398624,0,141998461524,141998462066,141998547941,141998571941,142030731956,141998458857,16666666,141998754441,141999760316,141999893232,142000487024,142017292941,15387583,101541,142017292941,142016497399,0,142000487024,
0,31619,142014065290,142014065290,0,142015109316,142015110066,142015227774,142015255482,142047398622,142015105524,16666666,142015399982,142016524232,142016559149,142016824441,142035129316,16621084,77166,142035129316,142033967774,0,142016824441,
0,31627,142030731956,142030731956,0,142032456316,142032457191,142032574066,142032600983,142064065288,142032452524,16666666,142032782733,142033993483,142034087316,142034386483,142051662774,15196500,114000,142051662774,142050383274,0,142034386483,
0,31635,142047398622,142047398622,0,142048490691,142048491233,142048570816,142048598316,142080731954,142048487691,16666666,142048762691,142050410358,142050447191,142050774441,142068157774,15272459,120458,142068157774,142066995816,0,142050774441,
0,31643,142064065288,142064065288,0,142065708233,142065709024,142065901358,142065932108,142097398620,142065704774,16666666,142066076858,142067029274,142067067358,142067410566,142084315441,15044833,300458,142084315441,142083251983,0,142067410566,
0,31651,142080731954,142080731954,0,142081905441,142081906066,142081980524,142082004233,142114065286,142081902483,16666666,142082114816,142083267316,142083304024,142083614316,142103576483,18184292,103291,142103576483,142102546399,0,142083614316,
0,31659,142097398620,142097398620,0,142099552858,142099553358,142099673649,142099696816,142130731952,142099549858,16666666,142099783983,142102575649,142102613191,142102885066,142117936066,13143833,152167,142117936066,142116820108,0,142102885066,
0,31667,142114065286,142114065286,0,142114764899,142114765566,142114862858,142114887066,142147398618,142114761899,16666666,142114895274,142116848233,142116889983,142117173358,142134867816,15657958,173041,142134867816,142133663941,0,142117173358,
0,31675,142130731952,142130731952,0,142131655774,142131656316,142131754399,142131778733,142164065284,142131652858,16666666,142131894483,142133705941,142133760858,142134142441,142151516733,15386000,184500,142151516733,142150309316,0,142134142441,
0,31683,142147398618,142147398618,0,142148343691,142148344233,142148855983,142148892983,142180731950,142148340774,16666666,142149046108,142150336858,142150376941,142150741066,142168113691,15269833,260750,142168113691,142166843024,0,142150741066,
0,31691,142164065284,142164065284,0,142165017983,142165018733,142165179483,142165207649,142197398616,142165014358,16666666,142165360316,142166875691,142166910899,142167190691,142184661316,14681875,254000,142184661316,142182846066,0,142167190691,
0,31699,142180731950,142180731950,0,142181378233,142181378774,142181469441,142181493191,142214065282,142181375399,16666666,142181637066,142182864649,142183000941,142183348483,142200895191,15052375,457125,142200895191,142199810316,0,142183348483,
0,31707,142197398616,142197398616,0,142198245274,142198246149,142198347066,142198372816,142230731948,142198242191,16666666,142198497233,142199836816,142199870483,142200282816,142219605149,17267125,111458,142219605149,142218219816,0,142200282816,
0,31715,142214065282,142214065282,0,142215351691,142215352274,142216145316,142216177233,142247398614,142215348691,16666666,142216460483,142218249983,142218289233,142218695441,142235275399,14462542,261292,142235275399,142234179983,0,142218695441,
0,31723,142230731948,142230731948,0,142232938066,142232938733,142233061524,142233091066,142264065280,142232934858,16666666,142233239816,142234240191,142234278024,142234665024,142251876691,15617625,117916,142251876691,142250978233,0,142234665024,
0,31731,142247398614,142247398614,0,142249429316,142249430066,142249556066,142249581691,142280731946,142249426358,16666666,142249712483,142250996066,142251030733,142251335483,142270838941,17714625,91209,142270838941,142269678233,0,142251335483,
0,31739,142264065280,142264065280,0,142267223066,142267223899,142267358566,142267386483,142297398612,142267219649,16666666,142267537399,142269722108,142269764149,142270080941,142291396566,19689458,100125,142291396566,142290589899,0,142270080941,
0,31747,142280731946,142280731946,0,142287413066,142287413733,142288266524,142288301483,142314065278,142287410108,16666666,142288456399,142290614691,142290653983,142290935441,142304357483,11172208,76750,142304357483,142302649066,0,142290935441,
0,31755,142297398612,142297398612,0,142299342899,142299343566,142299479483,142299507733,142330731944,142299339483,16666666,142299516399,142302707858,142302765024,142303146483,142318099358,12637708,166208,142318099358,142317053816,0,142303146483,
0,31763,142314065278,142314065278,0,142315144316,142315144816,142315246691,142315271316,142347398610,142315141316,16666666,142315411524,142317083191,142317121899,142317507774,142338858566,19754750,112041,142338858566,142337910316,0,142317507774,
0,31771,142330731944,142330731944,0,142336863483,142336863983,142337003524,142337056566,142364065276,142336860066,16666666,142337185649,142337932149,142337966816,142338254024,142354310149,13031917,83541,142354310149,142351937941,0,142338254024,
0,31779,142347398610,142347398610,0,142350461649,142350462441,142350618441,142350645649,142380731942,142350458233,16666666,142350770149,142351958608,142351995608,142353025399,142369727774,14159917,522459,142369727774,142368546774,0,142353025399,
0,31787,142364065276,142364065276,0,142365625483,142365626358,142365867941,142365897858,142397398608,142365621691,16666666,142366053566,142368590983,142368632899,142368957066,142385139983,13916833,153334,142385139983,142383726191,0,142368957066,
0,31795,142380731942,142380731942,0,142382037774,142382038691,142382192399,142382222441,142414065274,142382033899,16666666,142382390233,142383770566,142383828774,142384253899,142402305774,15898458,156917,142402305774,142401151774,0,142384253899,
0,31803,142397398608,142397398608,0,142398381399,142398381899,142398503858,142398528441,142430731940,142398378399,16666666,142398808566,142401197608,142401235899,142401527024,142419224149,15600542,98917,142419224149,142417956649,0,142401527024,
0,31811,142414065274,142414065274,0,142415931233,142415931983,142416844024,142416891483,142447398606,142415928608,16666666,142417269191,142417975149,142418023441,142418307233,142437448274,16386000,402042,142437448274,142435792233,0,142418307233,
0,31819,142430731940,142430731940,0,142434206483,142434207358,142434324024,142434349899,142464065272,142434203691,16666666,142434476108,142435841149,142435878316,142436589899,142451271149,12618625,194958,142451271149,142450151649,0,142436589899,
0,31827,142447398606,142447398606,0,142448726524,142448727316,142448821691,142448845399,142480731938,142448723149,16666666,142448968149,142450185358,142450245233,142450594149,142470044858,16993625,137667,142470044858,142468459941,0,142450594149,
0,31835,142464065272,142464065272,0,142466244483,142466245024,142466358649,142466386899,142497398604,142466241024,16666666,142466500316,142468513858,142468580733,142468936733,142484953483,13742834,212375,142484953483,142483891483,0,142468936733,
0,31843,142480731938,142480731938,0,142483342524,142483343066,142483446858,142483473066,142514065270,142483339524,16666666,142483481733,142483911108,142483981566,142484391733,142501396816,14981917,94208,142501396816,142499987233,0,142484391733,
0,31851,142497398604,142497398604,0,142498383983,142498384941,142498892483,142498953899,142530731936,142498381274,16666666,142499140733,142500464358,142500506108,142500814191,142518213858,15700792,115917,142518213858,142517242066,0,142500814191,
0,31859,142514065270,142514065270,0,142515963483,142515964399,142516747608,142516839691,142547398602,142515960191,16666666,142516993899,142517259858,142517296233,142517646691,142536800899,17239792,95750,142536800899,142535500899,0,142517646691,
0,31867,142530731936,142530731936,0,142535141691,142535142483,142535249816,142535274691,142564065268,142535138733,16666666,142535399983,142535521191,142535554816,142535874941,142555225399,15891792,169292,142555225399,142552872774,0,142535874941,
0,31875,142547398602,142547398602,0,142550540858,142550541441,142550774566,142550800941,142580731934,142550537733,16666666,142550982358,142552898149,142552932483,142553937733,142570797524,14403792,134334,142570797524,142569693899,0,142553937733,
0,31883,142564065268,142564065268,0,142567789149,142567789899,142567892524,142568572816,142597398600,142567786108,16666666,142568732774,142569720524,142569865191,142570158274,142584456566,12322959,100500,142584456566,142583179441,0,142570158274,
0,31891,142580731934,142580731934,0,142581500816,142581501524,142581582858,142581607816,142614065266,142581498108,16666666,142581819108,142583204024,142583245191,142583643566,142601790066,16243125,176042,142601790066,142600755399,0,142583643566,
0,31899,142597398600,142597398600,0,142598841149,142598841983,142598968608,142598999149,142630731932,142598837816,16666666,142599166899,142600786608,142600822691,142601114941,142619352316,16389166,104875,142619352316,142618228566,0,142601114941,
0,31907,142614065266,142614065266,0,142616691316,142616692191,142616811733,142616918233,142647398598,142616687816,16666666,142617056649,142618245899,142618280608,142618632191,142635620983,15333417,152000,142635620983,142634737858,0,142618632191,
0,31915,142630731932,142630731932,0,142633799691,142633800233,142633933274,142633961774,142664065264,142633796608,16666666,142634093524,142634760358,142634793524,142635097608,142651935941,14944459,88250,142651935941,142650729399,0,142635097608,
0,31923,142647398598,142647398598,0,142649044733,142649045358,142649166733,142649193399,142680731930,142649042108,16666666,142649334024,142650754441,142650900149,142651207649,142667511108,14595916,94375,142667511108,142666593399,0,142651207649,
0,31931,142664065264,142664065264,0,142664857608,142664858233,142664972899,142665001608,142697398596,142664854774,16666666,142665009608,142666623691,142666658399,142666993358,142685024316,15660792,84917,142685024316,142683220899,0,142666993358,
0,31939,142680731930,142680731930,0,142681687608,142681688399,142681783483,142681808233,142714065262,142681684274,16666666,142681934066,142683241858,142683274566,142683834524,142701591899,15547000,134084,142701591899,142700624691,0,142683834524,
0,31947,142697398596,142697398596,0,142699438649,142699439191,142699583733,142699610483,142730731928,142699436024,16666666,142699746441,142700647483,142700680399,142701013649,142717606941,15008792,98042,142717606941,142716649441,0,142701013649,
0,31955,142714065262,142714065262,0,142715212024,142715212941,142715352524,142715382066,142747398594,142715208858,16666666,142715535733,142716677608,142716732691,142717041233,142735906108,17166042,98750,142735906108,142734828775,0,142717041233,
0,31963,142730731928,142730731928,0,142732645441,142732645941,142732901608,142732940275,142764065260,142732642275,16666666,142733068066,142734869816,142734909233,142735259025,142751560983,14441917,132042,142751560983,142750465691,0,142735259025,
0,31971,142747398594,142747398594,0,142748460816,142748461691,142748680150,142748713775,142780731926,142748457150,16666666,142748872858,142750506233,142750549025,142750900108,142768339191,15393875,95750,142768339191,142767008608,0,142750900108,
0,31979,142764065260,142764065260,0,142766571150,142766571816,142766652525,142766678691,142797398592,142766568483,16666666,142766956650,142767027566,142767060233,142767387233,142783878191,14577625,127292,142783878191,142782972733,0,142767387233,
0,31987,142780731926,142780731926,0,142781587650,142781588358,142781722483,142781752900,142814065258,142781584441,16666666,142781907691,142783003025,142783042066,142783328483,142801412400,16533916,113083,142801412400,142800466983,0,142783328483,
0,31995,142797398592,142797398592,0,142798614733,142798615441,142799627233,142799662066,142830731924,142798611608,16666666,142799919441,142800489191,142800576775,142800878150,142817657858,15140750,85417,142817657858,142816603566,0,142800878150,
0,32003,142814065258,142814065258,0,142815199233,142815199858,142815425066,142815453358,142847398590,142815196400,16666666,142815609775,142816622775,142816657066,142816981233,142834504816,15640834,116084,142834504816,142833372816,0,142816981233,
0,32011,142830731924,142830731924,0,142831757066,142831757983,142832571191,142832612483,142864065256,142831753233,16666666,142832731316,142833419566,142833490400,142833946858,142851874275,15891833,167750,142851874275,142850466150,0,142833946858,
0,32019,142847398590,142847398590,0,142848677233,142848677733,142849130483,142849170441,142880731922,142848674483,16666666,142849186983,142850499025,142850542275,142850892775,142867162108,14510708,143458,142867162108,142866443608,0,142850892775,
0,32027,142864065256,142864065256,0,142865132441,142865132983,142865228483,142865251400,142897398588,142865129691,16666666,142865361608,142866462608,142866495358,142866765441,142885026858,16591542,71250,142885026858,142883829983,0,142866765441,
0,32035,142880731922,142880731922,0,142882141483,142882142150,142882235150,142882261316,142914065254,142882138983,16666666,142882386816,142883868275,142883933191,142884413525,142901147066,14738291,100916,142901147066,142899820858,0,142884413525,
0,32043,142897398588,142897398588,0,142898455025,142898456025,142898604941,142898635441,142930731920,142898450941,16666666,142898796316,142899921441,142899960191,142900539650,142918053650,15937209,105667,142918053650,142917135358,0,142900539650,
0,32051,142914065254,142914065254,0,142916189858,142916190733,142916308066,142916334983,142947398586,142916186316,16666666,142916471858,142917153858,142917191358,142917493525,142934788275,15692750,98875,142934788275,142933822358,0,142917493525,
0,32059,142930731920,142930731920,0,142932550191,142932550983,142932676775,142932704108,142964065252,142932546691,16666666,142932828983,142933846358,142933880150,142934194816,142951002108,15221666,88791,142951002108,142950060483,0,142934194816,
0,32067,142947398586,142947398586,0,142948521525,142948522150,142948639858,142948666733,142980731918,142948518233,16666666,142948823191,142950075733,142950108025,142950378233,142967495608,15390458,163167,142967495608,142966442650,0,142950378233,
0,32075,142964065252,142964065252,0,142964990275,142964991233,142965190483,142965223941,142997398584,142964987025,16666666,142965385608,142966465483,142966499441,142966776191,142984683733,15852666,87083,142984683733,142983458483,0,142966776191,
0,32083,142980731918,142980731918,0,142981829150,142981829733,142982429525,142982454775,143014065250,142981826816,16666666,142982576316,142983476066,142983573816,142983935108,143001562983,15467792,87209,143001562983,143000436025,0,142983935108,
0,32091,142997398584,142997398584,0,142998582150,142998582816,142998745358,142998797650,143030731916,142998579233,16666666,142998980691,143000472275,143000510900,143000812858,143017738733,15014917,116833,143017738733,143016672150,0,143000812858,
0,32099,143014065250,143014065250,0,143014982816,143014983316,143015118108,143015149066,143047398582,143014979941,16666666,143015234733,143016696566,143016735941,143017005358,143035834858,17108250,119208,143035834858,143034981108,0,143017005358,
0,32107,143030731916,143030731916,0,143034094066,143034095025,143034250733,143034282066,143064065248,143034090233,16666666,143034291733,143035013233,143035046733,143035315191,143051091316,14256125,81000,143051091316,143050142900,0,143035315191,
0,32115,143047398582,143047398582,0,143048960316,143048961191,143049102650,143049136525,143080731914,143048956775,16666666,143049334483,143050169066,143050205025,143050519108,143068986191,16436500,100666,143068986191,143067576066,0,143050519108,
0,32123,143064065248,143064065248,0,143066320316,143066321066,143066407900,143066433650,143097398580,143066317525,16666666,143066553233,143067610358,143067654650,143067961483,143083386483,14317167,196083,143068996233,143083386483,0,143067961483,
0,32131,143080731914,143080731914,0,143081728608,143081729275,143081864566,143081894191,143114065246,143081725775,16666666,143082046941,143083418108,143083455483,143083826483,143101723358,16045833,218208,143101723358,143100699108,0,143083826483,
0,32139,143097398580,143097398580,0,143099174941,143099175650,143099358816,143099386233,143130731912,143099172441,16666666,143099512691,143100721983,143100786483,143101069483,143117995066,15181083,199625,143117995066,143116954525,0,143101069483,
0,32147,143114065246,143114065246,0,143114653358,143114654316,143114732066,143114987358,143147398578,143114650441,16666666,143115171108,143116978441,143117012025,143117288441,143135260566,16086250,210834,143135260566,143134142566,0,143117288441,
0,32155,143130731912,143130731912,0,143132164900,143132165858,143132253441,143132277858,143164065244,143132161691,16666666,143132462650,143134180358,143134217566,143134557941,143153129275,16335375,221208,143153129275,143151737858,0,143134557941,
0,32163,143147398578,143147398578,0,143149030691,143149031233,143149171816,143149203608,143180731910,143149027858,16666666,143149365108,143151777150,143151817316,143152458858,143168219650,13622834,213041,143168219650,143166843441,0,143152458858,
0,32171,143164065244,143164065244,0,143165088025,143165088650,143165207775,143165235108,143197398576,143165085191,16666666,143165359816,143166884691,143166919733,143167260025,143183927358,14710250,278375,143183927358,143182980483,0,143167260025,
0,32179,143180731910,143180731910,0,143181547191,143181547983,143181656733,143181684691,143214065242,143181544108,16666666,143181819650,143183003191,143183039650,143183333983,143204328441,18941834,178083,143204328441,143202917900,0,143183333983,
0,32187,143197398576,143197398576,0,143201500983,143201501650,143201622608,143201652066,143230731908,143201497900,16666666,143201774400,143202941233,143202979566,143203292858,143218085691,12114791,194209,143218085691,143216504483,0,143203292858,
0,32195,143214065242,143214065242,0,143215222316,143215223191,143215413775,143215445108,143247398574,143215219150,16666666,143215455733,143216541900,143216789441,143217136358,143235658358,16257250,247667,143235658358,143234404441,0,143217136358,
0,32203,143230731908,143230731908,0,143232801650,143232802566,143232936608,143232962733,143264065240,143232798108,16666666,143233086566,143234434691,143234472733,143234867025,143257105150,18605542,238542,143257105150,143254392316,0,143234867025,
0,32211,143247398574,143247398574,0,143249310858,143249311650,143249432608,143249463608,143280731906,143249307483,16666666,143249613441,143254479775,143254525566,143255833233,143269500941,11351541,331375,143269500941,143268526316,0,143255833233,
0,32219,143264065240,143264065240,0,143264957650,143264958316,143265062066,143265085858,143297398572,143264954691,16666666,143265201400,143268563233,143268607816,143268905525,143287493525,16663250,77542,143287493525,143286226191,0,143268905525,
0,32227,143280731906,143280731906,0,143285141691,143285142525,143285243816,143285268691,143297398572,143285138816,16666666,143285401316,143286314858,143286357900,143286691608,141301313940,12438542,210917,141301313940,143299988525,0,143286691608,
---PROFILEDATA---


View hierarchy:

  dev.polski.grammarmatrix.benchmark/dev.polski.grammarmatrix.GlassBenchmarkActivity/android.view.ViewRootImpl@48d03b8
  7 views, 12.08 kB of render nodes


Total ViewRootImpl   : 1
Total attached Views : 7
Total RenderNode     : 12.08 kB (used) / 36.09 kB (capacity)