Applications Graphics Acceleration Info:
Uptime: 128412 Realtime: 128412

** Graphics info for pid 2158 [dev.polski.grammarmatrix.benchmark] **

Stats since: 125694720641ns
Total frames rendered: 154
Janky frames: 3 (1.95%)
Janky frames (legacy): 124 (80.52%)
50th percentile: 19ms
90th percentile: 22ms
95th percentile: 24ms
99th percentile: 57ms
Number Missed Vsync: 1
Number High input latency: 302
Number Slow UI thread: 1
Number Slow bitmap uploads: 0
Number Slow issue draw commands: 3
Number Frame deadline missed: 3
Number Frame deadline missed (legacy): 3
HISTOGRAM: 5ms=0 6ms=0 7ms=0 8ms=0 9ms=0 10ms=0 11ms=0 12ms=0 13ms=1 14ms=0 15ms=0 16ms=1 17ms=5 18ms=26 19ms=59 20ms=31 21ms=12 22ms=6 23ms=3 24ms=3 25ms=0 26ms=1 27ms=1 28ms=0 29ms=0 30ms=0 31ms=0 32ms=0 34ms=2 36ms=0 38ms=0 40ms=0 42ms=0 44ms=0 46ms=1 48ms=0 53ms=0 57ms=1 61ms=0 65ms=0 69ms=0 73ms=0 77ms=0 81ms=0 85ms=0 89ms=0 93ms=0 97ms=0 101ms=0 105ms=0 109ms=0 113ms=0 117ms=0 121ms=0 125ms=0 129ms=0 133ms=0 150ms=0 200ms=0 250ms=1 300ms=0 350ms=0 400ms=0 450ms=0 500ms=0 550ms=0 600ms=0 650ms=0 700ms=0 750ms=0 800ms=0 850ms=0 900ms=0 950ms=0 1000ms=0 1050ms=0 1100ms=0 1150ms=0 1200ms=0 1250ms=0 1300ms=0 1350ms=0 1400ms=0 1450ms=0 1500ms=0 1550ms=0 1600ms=0 1650ms=0 1700ms=0 1750ms=0 1800ms=0 1850ms=0 1900ms=0 1950ms=0 2000ms=0 2050ms=0 2100ms=0 2150ms=0 2200ms=0 2250ms=0 2300ms=0 2350ms=0 2400ms=0 2450ms=0 2500ms=0 2550ms=0 2600ms=0 2650ms=0 2700ms=0 2750ms=0 2800ms=0 2850ms=0 2900ms=0 2950ms=0 3000ms=0 3050ms=0 3100ms=0 3150ms=0 3200ms=0 3250ms=0 3300ms=0 3350ms=0 3400ms=0 3450ms=0 3500ms=0 3550ms=0 3600ms=0 3650ms=0 3700ms=0 3750ms=0 3800ms=0 3850ms=0 3900ms=0 3950ms=0 4000ms=0 4050ms=0 4100ms=0 4150ms=0 4200ms=0 4250ms=0 4300ms=0 4350ms=0 4400ms=0 4450ms=0 4500ms=0 4550ms=0 4600ms=0 4650ms=0 4700ms=0 4750ms=0 4800ms=0 4850ms=0 4900ms=0 4950ms=0
50th gpu percentile: 18ms
90th gpu percentile: 19ms
95th gpu percentile: 23ms
99th gpu percentile: 4950ms
GPU HISTOGRAM: 1ms=0 2ms=2 3ms=0 4ms=0 5ms=0 6ms=0 7ms=0 8ms=0 9ms=1 10ms=0 11ms=1 12ms=1 13ms=1 14ms=2 15ms=2 16ms=14 17ms=25 18ms=70 19ms=20 20ms=5 21ms=0 22ms=1 23ms=4 24ms=0 25ms=2 4950ms=3

Pipeline=Skia (OpenGL)
Memory policy:
  Max surface area: 2592000
  Max resource usage: 124.42MB (x48)
  Background retention: 50% (altUiHidden = true)
  GPU Context timeout: 10
Contexts: 1 (stopped = 0)
CPU Caches:
  Glyph Cache: 33.70 KB (1 entry)
  Glyph Count: 11 
Total CPU memory usage:
  34510 bytes, 33.70 KB (0.00 bytes is purgeable)
GPU Caches:
  Other:
    Other: 26.56 KB (1 entry)
    Buffer Object: 36.45 KB (3 entries)
    StencilAttachment: 256.00 KB (1 entry)
  Image:
    Texture: 64.00 bytes (1 entry)
  Scratch:
    RenderTarget: 320.00 KB (1 entry)
    Buffer Object: 80.00 KB (2 entries)
    Texture: 2.00 MB (1 entry)
Total GPU memory usage:
  2833488 bytes, 2.70 MB (388.52 KB is purgeable)

GraphicBufferAllocator buffers:
        Handle |        Size |     W (Stride) x H | Layers |   Format |      Usage | Requestor
0xb400007b63ca54e0 |     unknown | 1080 (   0) x 2400 |      1 |        1 | 0x     b00 | VRI[GlassBenchmarkActivity]#0(BLAST Consumer)0
0xb400007b63cbb470 |     unknown | 1080 (   0) x 2400 |      1 |        1 | 0x     b00 | VRI[GlassBenchmarkActivity]#0(BLAST Consumer)0
0xb400007b63cbe4d0 |     unknown | 1080 (   0) x 2400 |      1 |        1 | 0x     b00 | VRI[GlassBenchmarkActivity]#0(BLAST Consumer)0
Total allocated by GraphicBufferAllocator (estimate): 0.00 KB
GoldfishAllocator::dumpDebugInfo is not implemented
Profile data in ms:

	dev.polski.grammarmatrix.benchmark/dev.polski.grammarmatrix.GlassBenchmarkActivity/android.view.ViewRootImpl@48d03b8 (visibility=0)
Window: dev.polski.grammarmatrix.benchmark/dev.polski.grammarmatrix.GlassBenchmarkActivity
Stats since: 125694719558ns
Total frames rendered: 154
Janky frames: 3 (1.95%)
Janky frames (legacy): 124 (80.52%)
50th percentile: 19ms
90th percentile: 22ms
95th percentile: 24ms
99th percentile: 57ms
Number Missed Vsync: 1
Number High input latency: 302
Number Slow UI thread: 1
Number Slow bitmap uploads: 0
Number Slow issue draw commands: 3
Number Frame deadline missed: 3
Number Frame deadline missed (legacy): 3
HISTOGRAM: 5ms=0 6ms=0 7ms=0 8ms=0 9ms=0 10ms=0 11ms=0 12ms=0 13ms=1 14ms=0 15ms=0 16ms=1 17ms=5 18ms=26 19ms=59 20ms=31 21ms=12 22ms=6 23ms=3 24ms=3 25ms=0 26ms=1 27ms=1 28ms=0 29ms=0 30ms=0 31ms=0 32ms=0 34ms=2 36ms=0 38ms=0 40ms=0 42ms=0 44ms=0 46ms=1 48ms=0 53ms=0 57ms=1 61ms=0 65ms=0 69ms=0 73ms=0 77ms=0 81ms=0 85ms=0 89ms=0 93ms=0 97ms=0 101ms=0 105ms=0 109ms=0 113ms=0 117ms=0 121ms=0 125ms=0 129ms=0 133ms=0 150ms=0 200ms=0 250ms=1 300ms=0 350ms=0 400ms=0 450ms=0 500ms=0 550ms=0 600ms=0 650ms=0 700ms=0 750ms=0 800ms=0 850ms=0 900ms=0 950ms=0 1000ms=0 1050ms=0 1100ms=0 1150ms=0 1200ms=0 1250ms=0 1300ms=0 1350ms=0 1400ms=0 1450ms=0 1500ms=0 1550ms=0 1600ms=0 1650ms=0 1700ms=0 1750ms=0 1800ms=0 1850ms=0 1900ms=0 1950ms=0 2000ms=0 2050ms=0 2100ms=0 2150ms=0 2200ms=0 2250ms=0 2300ms=0 2350ms=0 2400ms=0 2450ms=0 2500ms=0 2550ms=0 2600ms=0 2650ms=0 2700ms=0 2750ms=0 2800ms=0 2850ms=0 2900ms=0 2950ms=0 3000ms=0 3050ms=0 3100ms=0 3150ms=0 3200ms=0 3250ms=0 3300ms=0 3350ms=0 3400ms=0 3450ms=0 3500ms=0 3550ms=0 3600ms=0 3650ms=0 3700ms=0 3750ms=0 3800ms=0 3850ms=0 3900ms=0 3950ms=0 4000ms=0 4050ms=0 4100ms=0 4150ms=0 4200ms=0 4250ms=0 4300ms=0 4350ms=0 4400ms=0 4450ms=0 4500ms=0 4550ms=0 4600ms=0 4650ms=0 4700ms=0 4750ms=0 4800ms=0 4850ms=0 4900ms=0 4950ms=0
50th gpu percentile: 18ms
90th gpu percentile: 19ms
95th gpu percentile: 23ms
99th gpu percentile: 4950ms
GPU HISTOGRAM: 1ms=0 2ms=2 3ms=0 4ms=0 5ms=0 6ms=0 7ms=0 8ms=0 9ms=1 10ms=0 11ms=1 12ms=1 13ms=1 14ms=2 15ms=2 16ms=14 17ms=25 18ms=70 19ms=20 20ms=5 21ms=0 22ms=1 23ms=4 24ms=0 25ms=2 4950ms=3



---PROFILEDATA---
Flags,FrameTimelineVsyncId,IntendedVsync,Vsync,InputEventId,HandleInputStart,AnimationStart,PerformTraversalsStart,DrawStart,FrameDeadline,FrameInterval,FrameStartTime,SyncQueued,SyncStart,IssueDrawCommandsStart,SwapBuffers,FrameCompleted,DequeueBufferDuration,QueueBufferDuration,GpuCompleted,SwapBuffersCompleted,DisplayPresentTime,CommandSubmissionCompleted,
0,24518,126414065914,126414065914,0,126415223225,126415223767,126415387975,126415413683,126447399246,126415220142,16666666,126415531933,126417282350,126417316767,126417603767,126435160350,16041917,82667,126435160350,126434269017,0,126417603767,
0,24526,126430732580,126430732580,0,126432579058,126432580058,126432741808,126432773017,126464065912,126432575767,16666666,126432997475,126434298767,126434336517,126434626225,126452422892,14612208,109125,126452422892,126449969433,0,126434626225,
0,24534,126447399246,126447399246,0,126448470767,126448471475,126448627642,126448655350,126480732578,126448467350,16666666,126448803725,126449996892,126450030850,126451348850,126469639642,15883667,527833,126469639642,126468502642,0,126451348850,
0,24542,126464065912,126464065912,0,126466551767,126466552350,126466656267,126466685808,126497399244,126466548475,16666666,126466825058,126468563975,126468686267,126469026392,126485083850,14318292,153250,126485083850,126484057308,0,126469026392,
0,24550,126480732578,126480732578,0,126481872517,126481873433,126482760392,126482802475,126514065910,126481868933,16666666,126482989100,126484090850,126484126017,126484471058,126501574225,14482292,97500,126501574225,126499620183,0,126484471058,
0,24558,126497399244,126497399244,0,126498677225,126498678058,126498989267,126499022392,126530732576,126498673475,16666666,126499136975,126499648600,126499747392,126500839058,126517919933,15257542,179875,126517919933,126516894725,0,126500839058,
0,24566,126514065910,126514065910,0,126514891725,126514892392,126515169850,126515203642,126547399242,126514888183,16666666,126515212600,126516934017,126516969933,126517316433,126535373558,16461541,107625,126535373558,126534458517,0,126517316433,
0,24574,126530732576,126530732576,0,126532418017,126532418808,126532598142,126532668058,126564065908,126532414600,16666666,126533060517,126534487058,126534525600,126534822975,126551098850,14633375,88000,126551098850,126550059392,0,126534822975,
0,24582,126547399242,126547399242,0,126549327142,126549327975,126549594600,126549637642,126580732574,126549323808,16666666,126549814767,126550083100,126550125267,126550434642,126567977392,15329250,187792,126567977392,126566484600,0,126550434642,
0,24590,126564065908,126564065908,0,126565004558,126565005100,126565147475,126565172142,126597399240,126565001392,16666666,126565291058,126566504517,126566543017,126566833350,126583304183,15269667,384666,126567988975,126583304183,0,126566833350,
0,24598,126580732574,126580732574,0,126581352683,126581353225,126581610267,126581635767,126614065906,126581349558,16666666,126581780142,126583332183,126583446058,126583779767,126601610017,15952167,203458,126601610017,126600458433,0,126583779767,
0,24606,126597399240,126597399240,0,126598873308,126598874017,126599115808,126599151475,126630732572,126598869642,16666666,126599357767,126600481517,126600518933,126600834267,126618088767,14610292,110459,126618088767,126616339975,0,126600834267,
0,24614,126614065906,126614065906,0,126614806850,126614807475,126614993142,126615019642,126647399238,126614803433,16666666,126615213850,126616365558,126616406267,126616857433,126634453767,15305333,127041,126634453767,126633446017,0,126616857433,
0,24622,126630732572,126630732572,0,126631744350,126631744975,126631929892,126631972058,126664065904,126631741058,16666666,126632291892,126633472850,126633515475,126633861058,126651787017,16062292,109167,126651787017,126650572100,0,126633861058,
0,24630,126647399238,126647399238,0,126648132267,126648132809,126648610934,126648645309,126680732570,126648129309,16666666,126649133267,126650606059,126650711767,126651064767,126668277184,15121417,185333,126668277184,126666992309,0,126651064767,
0,24638,126664065904,126664065904,0,126665310642,126665311184,126665634559,126665675225,126697399236,126665307934,16666666,126665863350,126667033725,126667096059,126667471475,126684226600,14622666,344792,126684226600,126682955684,0,126667471475,
0,24646,126680732570,126680732570,0,126681808434,126681809059,126681901725,126681927017,126714065902,126681805475,16666666,126682018100,126682975684,126683056392,126683343350,126701079434,15520667,369208,126701079434,126699800767,0,126683343350,
0,24654,126697399236,126697399236,0,126698373475,126698374225,126698489392,126698517225,126730732568,126698370559,16666666,126698526600,126699832517,126699869100,126700393767,126719613392,17143333,215833,126719613392,126718283642,0,126700393767,
0,24662,126714065902,126714065902,0,126715282267,126715283184,126715567684,126715604017,126747399234,126715278475,16666666,126715783725,126718331684,126718372350,126718692850,126735882725,14887542,254875,126735882725,126734589559,0,126718692850,
0,24670,126730732568,126730732568,0,126732619184,126732620017,126732741684,126732769517,126764065900,126732615809,16666666,126732971600,126734628892,126734690309,126735098725,126751550642,14546250,291125,126751550642,126750512059,0,126735098725,
0,24678,126747399234,126747399234,0,126749405975,126749406642,126749511059,126749536684,126780732566,126749402892,16666666,126749670725,126750556309,126750614517,126751020850,126770162767,16376208,153042,126770162767,126769005642,0,126751020850,
0,24686,126764065900,126764065900,0,126766591017,126766591600,126766818225,126766861600,126797399232,126766587975,16666666,126767027267,126769047725,126769102267,126769457475,126786535600,14637750,240333,126786535600,126784908975,0,126769457475,
0,24694,126780732566,126780732566,0,126781507600,126781508225,126781654517,126781679225,126814065898,126781504392,16666666,126782151684,126784961600,126785070850,126785706809,126801476142,13549041,262542,126801476142,126800184934,0,126785706809,
0,24702,126797399232,126797399232,0,126799645725,126799646600,126799762059,126799791059,126830732564,126799642392,16666666,126799966934,126800201225,126800245225,126800655892,126817958850,15300167,113834,126817958850,126816828059,0,126800655892,
0,24710,126814065898,126814065898,0,126815066142,126815066684,126815260017,126815287934,126847399230,126815063184,16666666,126815460559,126816856934,126816947267,126817225142,126834288725,15301500,106542,126834288725,126833317850,0,126817225142,
0,24718,126830732564,126830732564,0,126831689392,126831690350,126831844767,126831871184,126864065896,126831686100,16666666,126832297100,126833345934,126833386642,126833711392,126851685559,15734959,100209,126851685559,126850116184,0,126833711392,
0,24726,126847399230,126847399230,0,126848802309,126848803267,126849375892,126849417475,126880732562,126848798642,16666666,126849590475,126850145975,126850201184,126850652267,126868213059,15139792,335667,126868213059,126866884267,0,126850652267,
0,24734,126864065896,126864065896,0,126865848392,126865848975,126866188725,126866218142,126897399228,126865845559,16666666,126866309642,126866902350,126866945934,126867392225,126884294934,14631709,336000,126884294934,126883063934,0,126867392225,
0,24742,126880732562,126880732562,0,126881672017,126881672684,126881938975,126881966475,126914065894,126881669017,16666666,126881974809,126883108559,126883159100,126883478934,126901253600,15354417,302000,126901253600,126899806475,0,126883478934,
0,24750,126897399228,126897399228,0,126898486059,126898487142,126898703309,126898735767,126930732560,126898482892,16666666,126898875392,126899844975,126899907767,126900504850,126917877350,15269542,202166,126917877350,126916663350,0,126900504850,
0,24758,126914065894,126914065894,0,126914920642,126914921350,126915034017,126915059142,126947399226,126914916892,16666666,126915340017,126916692059,126916729767,126917032809,126934951642,15949083,197042,126934951642,126933907642,0,126917032809,
0,24766,126930732560,126930732560,0,126932637850,126932638809,126932821892,126932855767,126964065892,126932634267,16666666,126933040809,126933951059,126934013600,126934385892,126951989684,15847459,163708,126951989684,126950867184,0,126934385892,
0,24774,126947399226,126947399226,0,126948895642,126948896184,126948991934,126949016725,126980732558,126948892809,16666666,126949141350,126950905892,126950955267,126951332975,126968910684,15173750,187250,126968910684,126967415600,0,126951332975,
0,24782,126964065892,126964065892,0,126966526475,126966527100,126966641475,126966672934,126997399224,126966523434,16666666,126966802892,126967432684,126967499309,126967910559,126985056642,14430500,235625,126985056642,126983425684,0,126967910559,
0,24790,126980732558,126980732558,0,126981825309,126981826309,126981977600,126982009350,127014065890,126981822100,16666666,126982274892,126983468642,126983525642,126983918892,126999645684,14538708,346666,126985066392,126999645684,0,126983918892,
0,24798,126997399224,126997399224,0,126998239684,126998240350,126998345517,126998394434,127030732556,126998236559,16666666,126998545350,126999666100,126999702017,126999974350,127017948934,15774750,309042,127017948934,127016695309,0,126999974350,
0,24806,127014065890,127014065890,0,127015152934,127015153475,127015281934,127015307767,127047399222,127015150059,16666666,127015433100,127016725934,127016789267,127017201059,127035919309,16632208,341333,127035919309,127034644934,0,127017201059,
0,24814,127030732556,127030732556,0,127032830184,127032831017,127032929850,127032955434,127064065888,127032826767,16666666,127033085350,127034673517,127034712475,127035146850,127052145559,14845333,288625,127052145559,127050857309,0,127035146850,
0,24822,127047399222,127047399222,0,127048816475,127048817225,127048981142,127049032559,127080732554,127048813559,16666666,127049161100,127050891142,127050932309,127051234684,127068684225,15045500,261959,127068684225,127067266142,0,127051234684,
0,24830,127064065888,127064065888,0,127065193850,127065194350,127065626475,127065655184,127097399220,127065190850,16666666,127065663850,127067301600,127067353642,127067701684,127083531392,13931583,355958,127083531392,127082670934,0,127067701684,
0,24838,127080732554,127080732554,0,127082018434,127082018975,127082395600,127082421725,127114065886,127082015475,16666666,127082561892,127082688892,127082719684,127083020559,127101230684,16323250,94125,127101230684,127099904434,0,127083020559,
0,24846,127097399220,127097399220,0,127098540850,127098541475,127098651725,127098677559,127130732552,127098537267,16666666,127098806934,127099925267,127099961100,127100692517,127123321267,20187500,100958,127123321267,127121475475,0,127100692517,
0,24854,127114065886,127114065886,0,127119957892,127119958809,127120358517,127120391142,127147399218,127119954100,16666666,127120527517,127121500350,127121929934,127122321100,127134935850,10608875,356583,127134935850,127133988892,0,127122321100,
0,24862,127130732552,127130732552,0,127132738100,127132738850,127132912892,127132942225,127164065884,127132734642,16666666,127133077059,127134010184,127134098892,127134372975,127152667600,16506417,97542,127152667600,127151510059,0,127134372975,
0,24870,127147399218,127147399218,0,127149567267,127149567975,127149680434,127149709767,127180732550,127149564100,16666666,127149836392,127151536517,127151571934,127151861434,127169523142,15315209,83291,127169523142,127168122600,0,127151861434,
0,24878,127164065884,127164065884,0,127166062142,127166062975,127166330600,127166367225,127197399216,127166058892,16666666,127166591225,127168153434,127168195767,127168526684,127184453059,13666958,248458,127184453059,127183262850,0,127168526684,
0,24886,127180732550,127180732550,0,127181598350,127181598767,127181764267,127181790559,127214065882,127181594309,16666666,127181955100,127183301350,127183338059,127183627225,127201363725,15737041,116625,127201363725,127200285184,0,127183627225,
0,24894,127197399216,127197399216,0,127198647225,127198647809,127198858684,127198894642,127230732548,127198644059,16666666,127199045767,127200309142,127200351809,127200787350,127218018059,15085917,140833,127218018059,127216549309,0,127200787350,
0,24902,127214065882,127214065882,0,127215219892,127215220600,127215332350,127215357267,127247399214,127215216850,16666666,127215484850,127216574850,127216613225,127217173017,127235585809,16335667,141542,127235585809,127234442809,0,127217173017,
0,24910,127230732548,127230732548,0,127232242142,127232242725,127232349559,127232387392,127264065880,127232238559,16666666,127232503934,127234478725,127234522684,127234844142,127251360392,14423042,94291,127251360392,127250100809,0,127234844142,
0,24918,127247399214,127247399214,0,127248269100,127248269767,127248515184,127248542267,127280732546,127248266017,16666666,127248550725,127250136225,127250198434,127250578142,127270009100,17715542,122417,127270009100,127269141142,0,127250578142,
0,24926,127264065880,127264065880,0,127266329725,127266330684,127266458934,127266484184,127297399212,127266326392,16666666,127266613309,127269178059,127269216892,127269503142,127285422725,14384125,79042,127285422725,127284452017,0,127269503142,
0,24934,127280732546,127280732546,0,127282403309,127282404309,127282501850,127282529934,127314065878,127282332350,16666666,127282657142,127284482934,127284517184,127284860767,127302527684,15946083,99750,127302527684,127301481559,0,127284860767,
0,24942,127297399212,127297399212,0,127299366059,127299366642,127299593475,127299622684,127330732544,127299362850,16666666,127299765309,127301513309,127301553184,127301827059,127318294434,14571666,235083,127318294434,127317161142,0,127301827059,
0,24950,127314065878,127314065878,0,127315636267,127315636975,127315903642,127315939600,127347399210,127315633517,16666666,127316809809,127317182475,127317216767,127317531309,127335309059,15864292,236833,127335309059,127334211809,0,127317531309,
0,24958,127330732544,127330732544,0,127332383392,127332384267,127332503600,127332661225,127364065876,127332380017,16666666,127332902225,127334236100,127334272725,127334584892,127350778392,14557584,174250,127350778392,127349914142,0,127334584892,
0,24966,127347399210,127347399210,0,127348791184,127348791726,127348940392,127348968934,127380732542,127348788351,16666666,127349150976,127349932351,127349962809,127350226226,127368716184,16685375,104541,127368716184,127367572184,0,127350226226,
0,24974,127364065876,127364065876,0,127366123267,127366124059,127366237726,127366266809,127397399208,127366120017,16666666,127366430184,127367613309,127367651101,127367924934,127384712517,14696417,275959,127384712517,127383465351,0,127367924934,
0,24982,127380732542,127380732542,0,127381792017,127381792559,127381961851,127381987809,127414065874,127381789267,16666666,127382139351,127383486184,127383594434,127383872351,127401047101,14891625,177375,127401047101,127399654392,0,127383872351,
0,24990,127397399208,127397399208,0,127398388726,127398389517,127398868976,127398897809,127430732540,127398385434,16666666,127399047517,127399676642,127399768309,127400226851,127418216351,15933542,212416,127418216351,127417043392,0,127400226851,
0,24998,127414065874,127414065874,0,127414902059,127414902934,127415000934,127415026142,127447399206,127414898726,16666666,127415247809,127417107517,127417153226,127417478017,127434695142,15052792,210375,127434695142,127433346767,0,127417478017,
0,25006,127430732540,127430732540,0,127431771934,127431773017,127431950226,127431982601,127464065872,127431768184,16666666,127431992976,127433381726,127433420351,127433767142,127451437934,15731417,210792,127451437934,127450489226,0,127433767142,
0,25014,127447399206,127447399206,0,127448252934,127448253642,127448362267,127448388017,127480732538,127448249726,16666666,127448517726,127450524809,127450577142,127450875517,127468210351,15401083,92334,127468210351,127466966101,0,127450875517,
0,25022,127464065872,127464065872,0,127465704601,127465705267,127465819142,127465845976,127497399204,127465701517,16666666,127465978267,127466987392,127467022601,127467351017,127483893851,14612917,218542,127483893851,127482891392,0,127467351017,
0,25030,127480732538,127480732538,0,127481442559,127481443309,127481839101,127481866601,127514065870,127481439767,16666666,127482025392,127482927684,127482972434,127483264142,127501512101,16631375,111375,127501512101,127500582559,0,127483264142,
0,25038,127497399204,127497399204,0,127498429851,127498430601,127498595434,127498624767,127530732536,127498426517,16666666,127498768142,127500603059,127500644976,127500964267,127517623059,14906750,93750,127517623059,127516504517,0,127500964267,
0,25046,127514065870,127514065870,0,127515088309,127515088976,127515202934,127515229851,127547399202,127515084517,16666666,127515365184,127516536017,127516571767,127516869226,127535411309,16695416,212375,127535411309,127534381309,0,127516869226,
0,25054,127530732536,127530732536,0,127532692351,127532693184,127532808017,127532834684,127564065868,127532689101,16666666,127533024684,127534408642,127534457767,127534867517,127551048851,14472292,91542,127551048851,127549965017,0,127534867517,
0,25062,127547399202,127547399202,0,127548744309,127548745101,127548899976,127548933101,127580732534,127548740976,16666666,127549143434,127550013017,127550074392,127550426892,127567794059,15494708,138542,127567794059,127566599101,0,127550426892,
0,25070,127564065868,127564065868,0,127564984267,127564984976,127565198642,127565231017,127597399200,127564980642,16666666,127565407351,127566630892,127566668642,127567100184,127584319851,15379083,165250,127584319851,127583230559,0,127567100184,
0,25078,127580732534,127580732534,0,127581927101,127581928059,127582148684,127582178142,127614065866,127581923351,16666666,127582343851,127583256559,127583291726,127583595101,127600992517,15202958,113125,127600992517,127599656351,0,127583595101,
0,25086,127597399200,127597399200,0,127598281184,127598281726,127598391476,127598417392,127630732532,127598278059,16666666,127598531767,127599678476,127599720101,127599995392,127617918392,15677833,122708,127617918392,127616725184,0,127599995392,
0,25094,127614065866,127614065866,0,127615274101,127615274976,127615436434,127615467892,127647399198,127615270726,16666666,127615478059,127616762351,127616797684,127617124976,127634400101,15216125,103291,127634400101,127633182809,0,127617124976,
0,25102,127630732532,127630732532,0,127631884434,127631885184,127632371309,127632408726,127664065864,127631881059,16666666,127632549642,127633204434,127633249226,127633719684,127651392684,15712625,171958,127651392684,127650291851,0,127633719684,
0,25110,127647399198,127647399198,0,127648544517,127648545142,127648730059,127648767642,127680732530,127648541434,16666666,127648928267,127650320934,127650356184,127650622309,127667411351,14952416,87959,127667411351,127666394059,0,127650622309,
0,25118,127664065864,127664065864,0,127665349392,127665349934,127665584017,127665619684,127697399196,127665346934,16666666,127665761726,127666413434,127666451267,127666736351,127683863059,15266083,148500,127683863059,127682786851,0,127666736351,
0,25126,127680732530,127680732530,0,127681638851,127681639726,127681773309,127681798226,127714065862,127681635351,16666666,127681946892,127682821434,127682858434,127683270767,127701293351,15803958,162583,127701293351,127699720726,0,127683270767,
0,25134,127697399196,127697399196,0,127698417642,127698418476,127698541934,127698566892,127730732528,127698414892,16666666,127698716059,127699752601,127699793226,127700523851,127718488851,15899042,101750,127718488851,127717325934,0,127700523851,
0,25142,127714065862,127714065862,0,127714734684,127714735226,127714971934,127715023351,127747399194,127714731559,16666666,127715230434,127717362684,127717400392,127717735267,127734097434,14678250,112125,127734097434,127733217351,0,127717735267,
0,25150,127730732528,127730732528,0,127731953142,127731953684,127732098226,127732127392,127764065860,127731950476,16666666,127732277726,127733237017,127733272059,127733547559,127751117976,16161500,87792,127751117976,127750307059,0,127733547559,
0,25158,127747399194,127747399194,0,127748993517,127748994184,127749096226,127749124101,127780732526,127748991059,16666666,127749266934,127750332101,127750366892,127750651309,127768408767,15824125,80292,127768408767,127767017101,0,127750651309,
0,25166,127764065860,127764065860,0,127765218809,127765219684,127765328184,127765376934,127797399192,127765215184,16666666,127765516892,127767051559,127767101017,127767475517,127785596809,15273625,432500,127785596809,127783744601,0,127767475517,
0,25174,127780732526,127780732526,0,127781596726,127781597392,127781766142,127781790184,127814065858,127781593642,16666666,127781910267,127783785726,127783827976,127784660142,127801155559,13999583,185458,127801155559,127799668101,0,127784660142,
0,25182,127797399192,127797399192,0,127798949142,127798949851,127799096559,127799124101,127830732524,127798946101,16666666,127799131767,127799684476,127799717226,127800292017,127822882976,18783416,135334,127822882976,127820870601,0,127800292017,
0,25190,127814065858,127814065858,0,127815491476,127815492017,127815615184,127815642476,127847399190,127815488309,16666666,127815799184,127821160309,127821375392,127822048642,127835443851,11511250,217958,127835443851,127834458684,0,127822048642,
0,25198,127830732524,127830732524,0,127831461642,127831462559,127831582851,127831608517,127864065856,127831458517,16666666,127831746267,127834498684,127834542684,127834837976,127853115726,15991167,95917,127853115726,127851506184,0,127834837976,
0,25206,127847399190,127847399190,0,127849976309,127849977142,127850350226,127850376726,127880732522,127849972934,16666666,127850517601,127851541392,127851592434,127852280892,127869913017,15513500,92708,127869913017,127868679184,0,127852280892,
0,25214,127864065856,127864065856,0,127866638892,127866639767,127866763726,127866791726,127897399188,127866635559,16666666,127866972017,127868704934,127868740392,127869158351,127885477267,14320166,162208,127885477267,127884465142,0,127869158351,
0,25222,127880732522,127880732522,0,127881808767,127881809267,127882006892,127882041851,127914065854,127881805142,16666666,127882216726,127884508851,127884546851,127884898642,127902210476,15275667,138959,127902210476,127900809226,0,127884898642,
0,25230,127897399188,127897399188,0,127898536684,127898537351,127898795934,127898825684,127930732520,127898533309,16666666,127899023226,127900842142,127900882392,127901269892,127919440601,15960291,99875,127919440601,127918222934,0,127901269892,
0,25238,127914065854,127914065854,0,127915742809,127915743726,127915852809,127915880559,127947399186,127915739309,16666666,127916306767,127918256726,127918291934,127918699976,127936446351,15149792,109166,127936446351,127934672809,0,127918699976,
0,25246,127930732520,127930732520,0,127932971476,127932972267,127933094767,127933121976,127964065852,127932968309,16666666,127933259517,127934710434,127934770392,127935231517,127953576226,15846959,557375,127953576226,127952365517,0,127935231517,
0,25254,127947399186,127947399186,0,127948590892,127948591767,127948982059,127949007642,127980732518,127948588017,16666666,127949144684,127952406642,127952456809,127952923726,127968518642,13880625,107375,127968518642,127967506392,0,127952923726,
0,25262,127964065852,127964065852,0,127965635476,127965636392,127965783517,127965812684,127997399184,127965631976,16666666,127965912309,127967534059,127967571934,127967888934,127985467351,16053667,80042,127985467351,127984621434,0,127967888934,
0,25270,127980732518,127980732518,0,127982667226,127982667726,127982767559,127982791851,128014065850,127982664434,16666666,127982800059,127984647726,127984681892,127984953017,128000858184,14131708,93166,128000858184,127999646642,0,127984953017,
0,25278,127997399184,127997399184,0,127998476184,127998476892,127998576642,127998603017,128030732516,127998473184,16666666,127998869142,127999667851,127999731892,128000195351,128018171892,16219542,98208,128018171892,128017129434,0,128000195351,
0,25286,128014065850,128014065850,0,128015235851,128015236392,128015329351,128015353351,128047399182,128015233434,16666666,128015469559,128017161351,128017195726,128017649434,128035601976,16404542,105500,128035601976,128034660226,0,128017649434,
0,25294,128030732516,128030732516,0,128033581392,128033581934,128033724601,128033752142,128064065848,128033578559,16666666,128033897142,128034680351,128034718267,128035107392,128050796726,14034000,88375,128050796726,128049690059,0,128035107392,
0,25302,128047399182,128047399182,0,128048472726,128048473476,128048967601,128048996059,128080732514,128048469351,16666666,128049574268,128049711684,128049765643,128050088518,128074904559,22833500,223875,128074904559,128073684059,0,128050088518,
0,25310,128064065848,128064065848,0,128071603559,128071604101,128071946518,128071976101,128097399180,128071600601,16666666,128072530476,128073709809,128073781143,128074185934,128087783559,11743917,233167,128087783559,128086702851,0,128074185934,
0,25318,128080732514,128080732514,0,128085593434,128085594101,128085698143,128085725518,128114065846,128085590393,16666666,128085884476,128086720434,128086807851,128087123893,128102509643,13359250,193958,128102509643,128101227934,0,128087123893,
0,25326,128097399180,128097399180,0,128098362893,128098363476,128099856934,128099892768,128130732512,128098359184,16666666,128100257393,128101256143,128101310893,128101629434,128118460809,14685291,275417,128118460809,128117286184,0,128101629434,
0,25334,128114065846,128114065846,0,128115459143,128115459809,128115568059,128115594184,128147399178,128115455726,16666666,128115736518,128117315184,128117351393,128117631768,128135601976,15952959,195833,128135601976,128134466393,0,128117631768,
0,25342,128130732512,128130732512,0,128132965643,128132966518,128133167434,128133195518,128164065844,128132962643,16666666,128133332476,128134489518,128134534393,128134885809,128151893059,14932834,257750,128151893059,128150640851,0,128134885809,
0,25350,128147399178,128147399178,0,128149361684,128149362726,128149505851,128149535518,128180732510,128149358309,16666666,128149631518,128150666893,128150705268,128151020643,128167581268,14416708,231375,128167581268,128166366768,0,128151020643,
0,25358,128164065844,128164065844,0,128165109476,128165110018,128165220934,128165246434,128197399176,128165106559,16666666,128165254226,128166387434,128166475559,128166830851,128184742476,15700292,217041,128184742476,128183335893,0,128166830851,
0,25366,128180732510,128180732510,0,128181672851,128181673643,128181948101,128181974934,128214065842,128181669809,16666666,128182238309,128183361851,128183401143,128183692976,128200840768,14629125,300750,128200840768,128199428851,0,128183692976,
0,25374,128197399176,128197399176,0,128198302851,128198303726,128198415643,128198441601,128230732508,128198299684,16666666,128198640268,128199447976,128199486809,128199854018,128218538726,16609667,226458,128218538726,128217504976,0,128199854018,
0,25382,128214065842,128214065842,0,128215895809,128215896601,128216862101,128216896101,128247399174,128215892559,16666666,128217310101,128217526268,128217596809,128217880893,128235008434,15096458,191375,128235008434,128233698934,0,128217880893,
0,25390,128230732508,128230732508,0,128231733976,128231734518,128231875851,128231901976,128264065840,128231731101,16666666,128232174226,128233729226,128233773643,128234102934,128251820393,15666167,229834,128251820393,128250775768,0,128234102934,
0,25398,128247399174,128247399174,0,128249095643,128249096434,128249215059,128249243934,128280732506,128249092768,16666666,128249380726,128250803601,128250838893,128251110101,128271036351,17274791,166667,128271036351,128269206184,0,128251110101,
0,25406,128264065840,128264065840,0,128267854351,128267855101,128268238018,128268278184,128297399172,128267850726,16666666,128268829601,128269238059,128269292351,128270102934,128286431143,14385000,263750,128286431143,128285477143,0,128270102934,
0,25414,128280732506,128280732506,0,128284166518,128284167518,128284275018,128284304726,128314065838,128284163226,16666666,128284468309,128285502351,128285542476,128285861726,128301168393,13762583,91000,128301168393,128300266851,0,128285861726,
0,25422,128297399172,128297399172,0,128298867393,128298868226,128298971851,128298997351,128330732504,128298863934,16666666,128299130684,128300290476,128300326768,128300617851,128318071101,15698792,88125,128318071101,128316917059,0,128300617851,
0,25430,128314065838,128314065838,0,128314930059,128314930809,128315253268,128315278809,128347399170,128314926309,16666666,128315465268,128316945809,128317034976,128317316976,128334200226,14998083,107833,128334200226,128333116184,0,128317316976,
0,25438,128330732504,128330732504,0,128331734518,128331735059,128331858934,128331883851,128364065836,128331731601,16666666,128331968976,128333136476,128333194684,128333493184,128350771976,15491875,107833,128350771976,128349752101,0,128333493184,
0,25446,128347399170,128347399170,0,128347985893,128347986393,128348164684,128348191143,128380732502,128347983059,16666666,128348199393,128349787518,128349824268,128350175226,128367950601,16122250,94625,128367950601,128366947393,0,128350175226,
0,25454,128364065836,128364065836,0,128365059976,128365060726,128365195684,128365223143,128397399168,128365056434,16666666,128365365893,128366979226,128367018309,128367376351,128384465643,15375417,108708,128384465643,128383399268,0,128367376351,
0,25462,128380732502,128380732502,0,128381419559,128381420101,128381967726,128381993976,128414065834,128381416726,16666666,128382116268,128383443434,128383497059,128383850601,128401159393,15092833,75833,128401159393,128399629893,0,128383850601,
0,25470,128397399168,128397399168,0,128398407351,128398408059,128398507101,128398534726,128414065834,128398404184,16666666,128398774476,128399652268,128399689268,128400067643,126418157517,15926083,182375,126418157517,128417142351,0,128400067643,
---PROFILEDATA---


View hierarchy:

  dev.polski.grammarmatrix.benchmark/dev.polski.grammarmatrix.GlassBenchmarkActivity/android.view.ViewRootImpl@48d03b8
  7 views, 12.08 kB of render nodes


Total ViewRootImpl   : 1
Total attached Views : 7
Total RenderNode     : 12.08 kB (used) / 36.09 kB (capacity)