Applications Graphics Acceleration Info:
Uptime: 133381 Realtime: 133381

** Graphics info for pid 2158 [dev.polski.grammarmatrix.benchmark] **

Stats since: 130501101977ns
Total frames rendered: 152
Janky frames: 15 (9.87%)
Janky frames (legacy): 147 (96.71%)
50th percentile: 20ms
90th percentile: 44ms
95th percentile: 57ms
99th percentile: 113ms
Number Missed Vsync: 7
Number High input latency: 273
Number Slow UI thread: 9
Number Slow bitmap uploads: 0
Number Slow issue draw commands: 15
Number Frame deadline missed: 15
Number Frame deadline missed (legacy): 16
HISTOGRAM: 5ms=0 6ms=0 7ms=0 8ms=0 9ms=0 10ms=0 11ms=0 12ms=0 13ms=0 14ms=0 15ms=0 16ms=0 17ms=1 18ms=13 19ms=33 20ms=32 21ms=25 22ms=8 23ms=3 24ms=3 25ms=1 26ms=1 27ms=2 28ms=1 29ms=2 30ms=1 31ms=0 32ms=1 34ms=3 36ms=3 38ms=1 40ms=1 42ms=1 44ms=2 46ms=1 48ms=0 53ms=3 57ms=3 61ms=0 65ms=0 69ms=1 73ms=2 77ms=0 81ms=0 85ms=0 89ms=1 93ms=1 97ms=0 101ms=0 105ms=0 109ms=0 113ms=1 117ms=0 121ms=0 125ms=0 129ms=0 133ms=0 150ms=1 200ms=0 250ms=0 300ms=0 350ms=0 400ms=0 450ms=0 500ms=0 550ms=0 600ms=0 650ms=0 700ms=0 750ms=0 800ms=0 850ms=0 900ms=0 950ms=0 1000ms=0 1050ms=0 1100ms=0 1150ms=0 1200ms=0 1250ms=0 1300ms=0 1350ms=0 1400ms=0 1450ms=0 1500ms=0 1550ms=0 1600ms=0 1650ms=0 1700ms=0 1750ms=0 1800ms=0 1850ms=0 1900ms=0 1950ms=0 2000ms=0 2050ms=0 2100ms=0 2150ms=0 2200ms=0 2250ms=0 2300ms=0 2350ms=0 2400ms=0 2450ms=0 2500ms=0 2550ms=0 2600ms=0 2650ms=0 2700ms=0 2750ms=0 2800ms=0 2850ms=0 2900ms=0 2950ms=0 3000ms=0 3050ms=0 3100ms=0 3150ms=0 3200ms=0 3250ms=0 3300ms=0 3350ms=0 3400ms=0 3450ms=0 3500ms=0 3550ms=0 3600ms=0 3650ms=0 3700ms=0 3750ms=0 3800ms=0 3850ms=0 3900ms=0 3950ms=0 4000ms=0 4050ms=0 4100ms=0 4150ms=0 4200ms=0 4250ms=0 4300ms=0 4350ms=0 4400ms=0 4450ms=0 4500ms=0 4550ms=0 4600ms=0 4650ms=0 4700ms=0 4750ms=0 4800ms=0 4850ms=0 4900ms=0 4950ms=0
50th gpu percentile: 18ms
90th gpu percentile: 4950ms
95th gpu percentile: 4950ms
99th gpu percentile: 4950ms
GPU HISTOGRAM: 1ms=0 2ms=5 3ms=0 4ms=1 5ms=0 6ms=0 7ms=0 8ms=1 9ms=0 10ms=1 11ms=0 12ms=1 13ms=3 14ms=1 15ms=1 16ms=13 17ms=24 18ms=36 19ms=23 20ms=13 21ms=4 22ms=4 23ms=0 24ms=1 25ms=1 4950ms=19

Pipeline=Skia (OpenGL)
Memory policy:
  Max surface area: 2592000
  Max resource usage: 124.42MB (x48)
  Background retention: 50% (altUiHidden = true)
  GPU Context timeout: 10
Contexts: 1 (stopped = 0)
CPU Caches:
  Glyph Cache: 33.70 KB (1 entry)
  Glyph Count: 11 
Total CPU memory usage:
  34510 bytes, 33.70 KB (0.00 bytes is purgeable)
GPU Caches:
  Other:
    Other: 26.56 KB (1 entry)
    Buffer Object: 36.45 KB (3 entries)
    StencilAttachment: 256.00 KB (1 entry)
  Image:
    Texture: 64.00 bytes (1 entry)
  Scratch:
    RenderTarget: 320.00 KB (1 entry)
    Buffer Object: 80.00 KB (2 entries)
    Texture: 2.00 MB (1 entry)
Total GPU memory usage:
  2833488 bytes, 2.70 MB (388.52 KB is purgeable)

GraphicBufferAllocator buffers:
        Handle |        Size |     W (Stride) x H | Layers |   Format |      Usage | Requestor
0xb400007b63ca54e0 |     unknown | 1080 (   0) x 2400 |      1 |        1 | 0x     b00 | VRI[GlassBenchmarkActivity]#0(BLAST Consumer)0
0xb400007b63cbb470 |     unknown | 1080 (   0) x 2400 |      1 |        1 | 0x     b00 | VRI[GlassBenchmarkActivity]#0(BLAST Consumer)0
0xb400007b63cbe4d0 |     unknown | 1080 (   0) x 2400 |      1 |        1 | 0x     b00 | VRI[GlassBenchmarkActivity]#0(BLAST Consumer)0
Total allocated by GraphicBufferAllocator (estimate): 0.00 KB
GoldfishAllocator::dumpDebugInfo is not implemented
Profile data in ms:

	dev.polski.grammarmatrix.benchmark/dev.polski.grammarmatrix.GlassBenchmarkActivity/android.view.ViewRootImpl@48d03b8 (visibility=0)
Window: dev.polski.grammarmatrix.benchmark/dev.polski.grammarmatrix.GlassBenchmarkActivity
Stats since: 130501101810ns
Total frames rendered: 152
Janky frames: 15 (9.87%)
Janky frames (legacy): 147 (96.71%)
50th percentile: 20ms
90th percentile: 44ms
95th percentile: 57ms
99th percentile: 113ms
Number Missed Vsync: 7
Number High input latency: 273
Number Slow UI thread: 9
Number Slow bitmap uploads: 0
Number Slow issue draw commands: 15
Number Frame deadline missed: 15
Number Frame deadline missed (legacy): 16
HISTOGRAM: 5ms=0 6ms=0 7ms=0 8ms=0 9ms=0 10ms=0 11ms=0 12ms=0 13ms=0 14ms=0 15ms=0 16ms=0 17ms=1 18ms=13 19ms=33 20ms=32 21ms=25 22ms=8 23ms=3 24ms=3 25ms=1 26ms=1 27ms=2 28ms=1 29ms=2 30ms=1 31ms=0 32ms=1 34ms=3 36ms=3 38ms=1 40ms=1 42ms=1 44ms=2 46ms=1 48ms=0 53ms=3 57ms=3 61ms=0 65ms=0 69ms=1 73ms=2 77ms=0 81ms=0 85ms=0 89ms=1 93ms=1 97ms=0 101ms=0 105ms=0 109ms=0 113ms=1 117ms=0 121ms=0 125ms=0 129ms=0 133ms=0 150ms=1 200ms=0 250ms=0 300ms=0 350ms=0 400ms=0 450ms=0 500ms=0 550ms=0 600ms=0 650ms=0 700ms=0 750ms=0 800ms=0 850ms=0 900ms=0 950ms=0 1000ms=0 1050ms=0 1100ms=0 1150ms=0 1200ms=0 1250ms=0 1300ms=0 1350ms=0 1400ms=0 1450ms=0 1500ms=0 1550ms=0 1600ms=0 1650ms=0 1700ms=0 1750ms=0 1800ms=0 1850ms=0 1900ms=0 1950ms=0 2000ms=0 2050ms=0 2100ms=0 2150ms=0 2200ms=0 2250ms=0 2300ms=0 2350ms=0 2400ms=0 2450ms=0 2500ms=0 2550ms=0 2600ms=0 2650ms=0 2700ms=0 2750ms=0 2800ms=0 2850ms=0 2900ms=0 2950ms=0 3000ms=0 3050ms=0 3100ms=0 3150ms=0 3200ms=0 3250ms=0 3300ms=0 3350ms=0 3400ms=0 3450ms=0 3500ms=0 3550ms=0 3600ms=0 3650ms=0 3700ms=0 3750ms=0 3800ms=0 3850ms=0 3900ms=0 3950ms=0 4000ms=0 4050ms=0 4100ms=0 4150ms=0 4200ms=0 4250ms=0 4300ms=0 4350ms=0 4400ms=0 4450ms=0 4500ms=0 4550ms=0 4600ms=0 4650ms=0 4700ms=0 4750ms=0 4800ms=0 4850ms=0 4900ms=0 4950ms=0
50th gpu percentile: 18ms
90th gpu percentile: 4950ms
95th gpu percentile: 4950ms
99th gpu percentile: 4950ms
GPU HISTOGRAM: 1ms=0 2ms=5 3ms=0 4ms=1 5ms=0 6ms=0 7ms=0 8ms=1 9ms=0 10ms=1 11ms=0 12ms=1 13ms=3 14ms=1 15ms=1 16ms=13 17ms=24 18ms=36 19ms=23 20ms=13 21ms=4 22ms=4 23ms=0 24ms=1 25ms=1 4950ms=19



---PROFILEDATA---
Flags,FrameTimelineVsyncId,IntendedVsync,Vsync,InputEventId,HandleInputStart,AnimationStart,PerformTraversalsStart,DrawStart,FrameDeadline,FrameInterval,FrameStartTime,SyncQueued,SyncStart,IssueDrawCommandsStart,SwapBuffers,FrameCompleted,DequeueBufferDuration,QueueBufferDuration,GpuCompleted,SwapBuffersCompleted,DisplayPresentTime,CommandSubmissionCompleted,
0,26756,131047399062,131047399062,0,131048209936,131048210936,131048428477,131048452519,131080732394,131048206519,16666666,131048771936,131049634811,131049719311,131050274769,131068284811,15992833,150666,131068284811,131067009644,0,131050274769,
0,26764,131064065728,131064065728,0,131065275352,131065275811,131065465769,131065494602,131097399060,131065272519,16666666,131065788936,131067031811,131067072644,131067495519,131084906269,15316000,183375,131084906269,131083657811,0,131067495519,
0,26772,131080732394,131080732394,0,131082407144,131082407686,131082540394,131082566811,131114065726,131082403977,16666666,131082862019,131083676519,131083713894,131084357686,131103951727,17360250,82209,131103951727,131102339102,0,131084357686,
0,26780,131097399060,131097399060,0,131100975894,131100976769,131101110852,131101137227,131130732392,131100973102,16666666,131101533894,131102430102,131102519644,131103026852,131118379894,12852709,304625,131118379894,131116861227,0,131103026852,
0,26788,131114065726,131114065726,0,131115241519,131115242436,131115497602,131115547311,131147399058,131115238269,16666666,131115934061,131116891269,131116930061,131117327227,131135595602,15776583,302583,131135595602,131134213102,0,131117327227,
0,26796,131130732392,131130732392,0,131132431561,131132432227,131132575936,131132601977,131164065724,131132428227,16666666,131132882686,131134235686,131134277061,131134720269,131154477102,17561208,219542,131154477102,131153208394,0,131134720269,
0,26804,131147399058,131147399058,0,131151527561,131151528102,131151663936,131151687811,131180732390,131151524561,16666666,131151938311,131153233686,131153300061,131153750311,131169752977,13652375,182709,131169752977,131168185019,0,131153750311,
0,26812,131164065724,131164065724,0,131166722227,131166722936,131166891394,131166918144,131197399056,131166719061,16666666,131167168311,131168214727,131168265227,131168702102,131184821311,13770000,209208,131184821311,131183576311,0,131168702102,
0,26820,131180732390,131180732390,0,131181615477,131181616227,131181897811,131181927519,131214065722,131181612019,16666666,131182184519,131183610186,131183650269,131184190311,131210977352,24552959,95084,131210977352,131209508561,0,131184190311,
0,26828,131197399056,131197399056,0,131205064311,131205064936,131205499727,131205533186,131230732388,131205061061,16666666,131205923727,131209551436,131209595227,131210268061,131219439977,6882542,144334,131219439977,131217927644,0,131210268061,
0,26836,131214065722,131214065722,0,131215504811,131215505436,131215772477,131215802394,131247399054,131215501144,16666666,131216445894,131217959686,131218038686,131218617311,131237414769,15972167,196041,131237414769,131235497352,0,131218617311,
0,26844,131230732388,131230732388,0,131233869977,131233870811,131234219727,131234255894,131264065720,131233866519,16666666,131234570436,131235535061,131235600061,131236171852,131249736644,12261458,293500,131237427936,131249736644,0,131236171852,
0,26852,131247399054,131247399054,0,131248499436,131248500186,131248659019,131248753477,131280732386,131248496602,16666666,131249195477,131249756102,131249796394,131250254852,131269011811,15928084,232459,131269011811,131267476894,0,131250254852,
0,26860,131264065720,131264065720,0,131264870727,131264871311,131265044102,131265072561,131297399052,131264867769,16666666,131265442436,131267516602,131267576769,131268403727,131287183186,15236125,112959,131287183186,131284319394,0,131268403727,
0,26868,131280732386,131280732386,0,131281593602,131281594144,131281830311,131281853977,131314065718,131281590561,16666666,131282142019,131284349811,131284407561,131286028852,131301760102,13012541,478375,131301760102,131300259019,0,131286028852,
0,26876,131297399052,131297399052,0,131298388227,131298388894,131298537936,131298564602,131330732384,131298385311,16666666,131298841352,131300280436,131300341436,131301005311,131317903269,14836625,93583,131317903269,131316672311,0,131301005311,
0,26884,131314065718,131314065718,0,131314694477,131314695102,131314840477,131314865686,131347399050,131314691811,16666666,131315130811,131316709686,131316796019,131317229477,131337188936,17407333,117250,131337188936,131335378686,0,131317229477,
0,26892,131330732384,131330732384,0,131332253811,131332254602,131332569352,131332654977,131364065716,131332250519,16666666,131333199269,131335412394,131335456811,131336468019,131351495727,12707541,142625,131351495727,131349960436,0,131336468019,
0,26900,131347399050,131347399050,0,131348122644,131348123144,131348387227,131348425936,131380732382,131348119352,16666666,131348695561,131350045852,131350140727,131350600852,131368885936,15329208,132042,131368885936,131366888352,0,131350600852,
0,26908,131364065716,131364065716,0,131365021394,131365021936,131365258811,131365300519,131397399048,131365017977,16666666,131365564352,131366930936,131367017394,131367858102,131399433102,30472375,134375,131398832186,131399433102,0,131367858102,
0,26916,131380732382,131380732382,0,131397240061,131397240769,131397696602,131397721936,131430732380,131397237019,16666666,131397969061,131399483436,131399909769,131400790394,131404572144,755125,208458,131404572144,131402677561,0,131400790394,
0,26924,131397399048,131397399048,0,131400923269,131400923436,131401016186,131401108977,131447399046,131400921769,16666666,131401499352,131402713394,131402759269,131403389936,131417025936,12324000,642666,131404645811,131417025936,0,131403389936,
0,26932,131414065714,131414065714,0,131415349894,131415350477,131415524936,131415548894,131464065712,131415346727,16666666,131415845686,131417051894,131417092727,131417569519,131435965061,15059250,162584,131435965061,131433702227,0,131417569519,
0,26940,131430732380,131430732380,0,131431678061,131431678852,131431867894,131431895561,131480732378,131431674311,16666666,131432372269,131433861394,131433946936,131434582561,131452139477,14533083,436125,131452139477,131450666019,0,131434582561,
0,26948,131447399046,131447399046,0,131448594477,131448595394,131449486269,131449525686,131497399044,131448590644,16666666,131449854186,131450694436,131450738602,131451313602,131470626686,15564417,205041,131470626686,131467797061,0,131451313602,
0,26956,131464065712,131464065712,0,131466281352,131466282269,131466490311,131466523936,131514065710,131466277602,16666666,131466862394,131467923352,131467977811,131469008269,131486407644,14139166,683375,131486407644,131484861686,0,131469008269,
0,26964,131480732378,131480732378,0,131482388102,131482389102,131482678227,131482712061,131530732376,131482384477,16666666,131483071227,131484897352,131484938519,131485527102,131502224436,14291250,133958,131502224436,131500756019,0,131485527102,
0,26972,131497399044,131497399044,0,131498619936,131498620561,131498794102,131498816936,131547399042,131498616686,16666666,131499466019,131500784936,131500826561,131501317769,131518402436,14589709,135250,131518402436,131516918186,0,131501317769,
0,26980,131514065710,131514065710,0,131515548394,131515549227,131515785894,131515817852,131564065708,131515544644,16666666,131516444144,131516946394,131516989519,131517476436,131535799728,15805792,170750,131535799728,131534373144,0,131517476436,
0,26988,131530732376,131530732376,0,131532848228,131532849353,131533036853,131533067394,131580732374,131532844478,16666666,131533725769,131534403561,131534447311,131534848478,131551962019,14913292,153875,131551962019,131550790311,0,131534848478,
0,26996,131547399042,131547399042,0,131549147894,131549148436,131549303644,131549329811,131597399040,131549144561,16666666,131549664769,131550815644,131550857103,131551319061,131569801144,16057583,109167,131569801144,131568074186,0,131551319061,
0,27004,131564065708,131564065708,0,131566482311,131566482853,131567138728,131567163561,131614065706,131566479144,16666666,131567475103,131568093311,131568169644,131568585228,131584954603,13397917,249750,131584954603,131583258519,0,131568585228,
0,27012,131580732374,131580732374,0,131581620353,131581621394,131581794019,131581818061,131630732372,131581616353,16666666,131582082061,131583275394,131583315936,131583725686,131602777603,16045958,211958,131602777603,131601082603,0,131583725686,
0,27020,131597399040,131597399040,0,131598394728,131598395436,131598805644,131598834019,131647399038,131598391269,16666666,131599168353,131601122978,131601261936,131601861436,131618119061,13914000,180416,131618119061,131616768519,0,131601861436,
0,27028,131614065706,131614065706,0,131614769228,131614770186,131615151019,131615288853,131664065704,131614765519,16666666,131615637769,131616803644,131616865478,131617309519,131635291853,15064625,165667,131635291853,131633268436,0,131617309519,
0,27036,131630732372,131630732372,0,131631635186,131631635978,131631863144,131631893603,131680732370,131631631394,16666666,131632568144,131633307561,131633372228,131634047436,131652219603,15010916,137291,131652219603,131650425853,0,131634047436,
0,27044,131647399038,131647399038,0,131648594019,131648594561,131648797853,131648821353,131697399036,131648590811,16666666,131649056769,131650445394,131650483436,131650938353,131667382103,15092417,524500,131652230936,131667382103,0,131650938353,
0,27052,131664065704,131664065704,0,131665615644,131665616436,131665775478,131665802394,131714065702,131665612186,16666666,131666077186,131667408603,131667473644,131667944561,131685906644,15258375,111791,131685906644,131684512144,0,131667944561,
0,27060,131680732370,131680732370,0,131682450894,131682451478,131682662853,131682688561,131730732368,131682447894,16666666,131682936603,131684548769,131684607103,131685092144,131701271061,13442125,78459,131701271061,131699402061,0,131685092144,
0,27068,131697399036,131697399036,0,131698307853,131698308769,131698448561,131698472061,131747399034,131698304519,16666666,131698757103,131699422978,131699461103,131700385519,131718127811,15269959,150000,131718127811,131716598061,0,131700385519,
0,27076,131714065702,131714065702,0,131714923186,131714924353,131715078936,131715135519,131764065700,131714919811,16666666,131715347561,131716620228,131716667269,131717127228,131735378394,16051750,186541,131735378394,131734239478,0,131717127228,
0,27084,131730732368,131730732368,0,131732763394,131732763978,131732969853,131732993894,131780732366,131732760186,16666666,131733183561,131734263478,131734353894,131734784644,131752610478,15472792,88709,131752610478,131750911019,0,131734784644,
0,27092,131747399034,131747399034,0,131749781686,131749782478,131749936311,131749960811,131797399032,131749778644,16666666,131750257019,131750928728,131750972144,131751363311,131769431269,15434000,712791,131769431269,131768122561,0,131751363311,
0,27100,131764065700,131764065700,0,131766673103,131766674019,131766924311,131766957144,131814065698,131766668936,16666666,131767345353,131768152478,131768193353,131768792811,131785991561,14805459,94708,131785991561,131784338978,0,131768792811,
0,27108,131780732366,131780732366,0,131782648353,131782649186,131783297769,131783322311,131830732364,131782645186,16666666,131783595561,131784380019,131784546769,131785049894,131801114686,13551625,162375,131801114686,131799597353,0,131785049894,
0,27116,131797399032,131797399032,0,131798687061,131798687728,131798878228,131798907644,131847399030,131798682644,16666666,131799259978,131799626478,131799671811,131800454311,131819974061,16676416,149041,131819974061,131817872186,0,131800454311,
0,27124,131814065698,131814065698,0,131816118519,131816119478,131816290853,131816317311,131864065696,131816114894,16666666,131816628603,131817908311,131817967269,131818478686,131836606936,14822417,150125,131836606936,131834884394,0,131818478686,
0,27132,131830732364,131830732364,0,131832578478,131832579103,131832725019,131832750061,131880732362,131832575561,16666666,131833248936,131834918769,131834957769,131835401644,131851591853,13666209,157541,131851591853,131850348061,0,131835401644,
0,27140,131847399030,131847399030,0,131849415686,131849416394,131849560853,131849586394,131897399028,131849412353,16666666,131850056436,131850380269,131850437144,131850882519,131871935728,18299166,136083,131871935728,131869963478,0,131850882519,
0,27148,131864065696,131864065696,0,131868923103,131868923811,131869264394,131869308311,131914065694,131868919603,16666666,131869631269,131869987811,131870053186,131870989769,131885870103,12597750,119416,131885870103,131884589144,0,131870989769,
0,27156,131880732362,131880732362,0,131883195311,131883195936,131883374728,131883402394,131930732360,131883191853,16666666,131883837019,131884613978,131884657228,131885169394,131901685853,14431500,94625,131901685853,131900449936,0,131885169394,
0,27164,131897399028,131897399028,0,131898426728,131898427311,131898672769,131898699603,131947399026,131898423644,16666666,131898897144,131900476769,131900517103,131900926894,131920141103,16941541,175625,131920141103,131918684686,0,131900926894,
0,27172,131914065694,131914065694,0,131915563394,131915564269,131915854269,131915887311,131964065692,131915559686,16666666,131918457436,131918707144,131918766019,131919304644,131936631186,15157875,308416,131936631186,131935353769,0,131919304644,
0,27180,131930732360,131930732360,0,131933325353,131933326228,131933695936,131933735186,131980732358,131933321978,16666666,131934088061,131935390394,131935432436,131935918061,131951199728,13353084,94750,131951199728,131950032728,0,131935918061,
0,27188,131947399026,131947399026,0,131948606853,131948607436,131948778769,131948807478,131997399024,131948603894,16666666,131949105811,131950058394,131950095061,131950545978,131970013769,16848292,102167,131970013769,131968154519,0,131950545978,
0,27196,131964065692,131964065692,0,131967886519,131967887186,131968390936,131968417269,132014065690,131967883311,16666666,131968662519,131968743894,131968777436,131969175978,131984962144,13131125,103292,131984962144,131983200603,0,131969175978,
0,27204,131980732358,131980732358,0,131982072686,131982073269,131982344353,131982388603,132030732356,131982069644,16666666,131982766894,131983218686,131983358728,131983834228,132000171936,15107875,267958,131984973394,132000171936,0,131983834228,
0,27212,131997399024,131997399024,0,131998318894,131998319644,131998812269,131998854853,132047399022,131998314728,16666666,131999221311,132000202394,132000451936,132001024228,132018185686,14656417,206958,132018185686,132016836186,0,132001024228,
0,27220,132014065690,132014065690,0,132015081061,132015081728,132015336769,132015365394,132064065688,132015077936,16666666,132015721769,132016858728,132016899561,132017326769,132034457644,14959209,238167,132034457644,132033193811,0,132017326769,
0,27228,132030732356,132030732356,0,132031751936,132031752811,132032301478,132032336019,132080732354,132031747978,16666666,132032631603,132033215353,132033249978,132033711394,132052858144,15887459,236791,132052858144,132050398853,0,132033711394,
0,27236,132047399022,132047399022,0,132048779311,132048779894,132049180186,132049218436,132097399020,132048775436,16666666,132049579519,132050424311,132050474144,132051281019,132067509894,14570916,373541,132052869144,132067509894,0,132051281019,
0,27244,132064065688,132064065688,0,132065048603,132065049186,132065228478,132065252186,132114065686,132065046061,16666666,132065560686,132067552603,132067608894,132068328644,132084544478,13457000,224500,132084544478,132082620228,0,132068328644,
0,27252,132080732354,132080732354,0,132081573269,132081574186,132082045978,132082071644,132130732352,132081519061,16666666,132082472019,132082635811,132082785311,132083482561,132101706269,15937000,164042,132101706269,132100531103,0,132083482561,
0,27260,132097399020,132097399020,0,132098785894,132098786603,132098908603,132098933311,132147399018,132098782853,16666666,132099127561,132100554644,132100592103,132101025353,132118212644,15142709,175125,132118212644,132116902561,0,132101025353,
0,27268,132114065686,132114065686,0,132115042269,132115043311,132115338686,132115372644,132164065684,132115038394,16666666,132115725478,132116936353,132116987978,132117492644,132142407603,22679292,200375,132142407603,132140945811,0,132117492644,
0,27276,132130732352,132130732352,0,132137598311,132137599269,132138670769,132138703728,132180732350,132137594436,16666666,132139004978,132140976144,132141012228,132141391519,132152528686,8764542,220250,132152528686,132151224269,0,132141391519,
0,27284,132147399018,132147399018,0,132149575269,132149575978,132149754436,132149779853,132197399016,132149571603,16666666,132150066769,132151255894,132151353561,132151789353,132169918519,15183958,213417,132169918519,132167792853,0,132151789353,
0,27292,132164065684,132164065684,0,132166193519,132166194269,132166349019,132166373103,132214065682,132166190311,16666666,132166658061,132167832436,132167892769,132168761978,132184724519,12943916,194958,132184724519,132182913811,0,132168761978,
0,27300,132180732350,132180732350,0,132181451728,132181452228,132181640311,132181670769,132230732348,132181446978,16666666,132182023936,132182940978,132182983478,132183493769,132203488394,17325625,173541,132203488394,132202172228,0,132183493769,
0,27308,132197399016,132197399016,0,132199996644,132199997353,132200688478,132200716311,132247399014,132199993228,16666666,132200988311,132202200853,132202254853,132202779311,132223288269,18358583,196250,132223288269,132221915769,0,132202779311,
0,27316,132214065682,132214065682,0,132219588186,132219588978,132219766394,132219794019,132264065680,132219584478,16666666,132221921686,132221956811,132222009061,132222698853,132235464478,10712042,162667,132235464478,132234055311,0,132222698853,
0,27324,132230732348,132230732348,0,132232391436,132232392270,132232634520,132232664395,132280732346,132232387936,16666666,132233105145,132234090186,132234165436,132234654436,132252339270,15334959,144792,132252339270,132250877436,0,132234654436,
0,27332,132247399014,132247399014,0,132248542603,132248543353,132249108561,132249139936,132297399012,132248539186,16666666,132249410936,132250915645,132250976395,132251527895,132268562020,14664167,179167,132268562020,132267067353,0,132251527895,
0,27340,132264065680,132264065680,0,132265098978,132265099603,132265442811,132265470520,132314065678,132265095936,16666666,132265726228,132267099311,132267140228,132267568478,132285685103,15673667,121125,132285685103,132284323228,0,132267568478,
0,27348,132280732346,132280732346,0,132282482478,132282483395,132282676770,132282706853,132330732344,132282478936,16666666,132282949270,132284358978,132284412895,132284900520,132302198728,15103500,146208,132302198728,132300845561,0,132284900520,
0,27356,132297399012,132297399012,0,132298768436,132298769020,132299060853,132299088603,132347399010,132298765186,16666666,132299363853,132300877145,132300926895,132301333020,132317859061,14445500,101333,132317859061,132316764186,0,132301333020,
0,27364,132314065678,132314065678,0,132315254770,132315255478,132315548436,132315577811,132364065676,132315251145,16666666,132316254895,132316812686,132316883020,132317400020,132335759436,16577417,76833,132335759436,132334479728,0,132317400020,
0,27372,132330732344,132330732344,0,132332636561,132332637103,132333226811,132333279103,132380732342,132332633520,16666666,132334290853,132334500936,132334560728,132335071686,132352472228,14986041,75292,132352472228,132350842978,0,132335071686,
0,27380,132347399010,132347399010,0,132349262353,132349263353,132349605395,132349674395,132397399008,132349258436,16666666,132350068020,132350878186,132350937020,132351455061,132369750228,15198667,173750,132369750228,132367731186,0,132351455061,
0,27388,132364065676,132364065676,0,132366192436,132366193353,132366432520,132366463103,132414065674,132366188478,16666666,132366779395,132367762645,132367803228,132368742311,132384307270,13050750,146916,132384307270,132382854561,0,132368742311,
0,27396,132380732342,132380732342,0,132381811895,132381812436,132381963978,132381987978,132430732340,132381808895,16666666,132382308895,132382871020,132382912895,132383348770,132404629478,16350000,402958,132404629478,132400715395,0,132383348770,
0,27404,132397399008,132397399008,0,132398611145,132398611770,132398800270,132398828436,132447399006,132398607853,16666666,132399131978,132400741811,132400782311,132401417561,132433977936,29280167,2262917,132432453436,132433977936,0,132401417561,
0,27412,132414065674,132414065674,0,132428731311,132428732270,132429078728,132429110603,132464065672,132428727395,16666666,132429481395,132434034353,132434079103,132436246978,132443511853,2041,127791,132443511853,132440433770,0,132436246978,
0,27420,132430732340,132430732340,0,132434414811,132434415061,132434607311,132434633395,132480732338,132434413353,16666666,132434911728,132440472936,132440517020,132441168895,132469342311,19993958,202333,132469342311,132463586770,0,132441168895,
0,27428,132447399006,132447399006,0,132454600645,132454601186,132455273061,132455300770,132497399004,132454597895,16666666,132455510853,132463645353,132463704603,132467463936,132483303603,5267708,113709,132483303603,132477964686,0,132467463936,
0,27436,132464065672,132464065672,0,132476079520,132476080061,132477894478,132477924061,132514065670,132476076395,16666666,132478180728,132478412853,132478496520,132481139061,132501959603,4018584,516667,132501959603,132488818728,0,132481139061,
0,27444,132480732338,132480732338,0,132484197103,132484197770,132484690478,132484714770,132530732336,132484194061,16666666,132486127270,132488900061,132488921978,132490526978,132528462436,26439750,142375,132516761103,132528462436,0,132490526978,
0,27452,132497399004,132497399004,0,132507815645,132507816561,132508262103,132508293561,132547399002,132507811978,16666666,132508658353,132528505686,132528545728,132538436061,132551903978,2292,393792,132551903978,132541245978,0,132538436061,
0,27460,132514065670,132530732336,0,132531241395,132531241728,132531573770,132531627061,132580732334,132531239561,16666666,132531948603,132541280936,132542141770,132545538311,132560954020,4693625,718167,132560954020,132556675686,0,132545538311,
0,27467,132530732336,132547399002,0,132547806186,132547806353,132549179061,132549401936,132597399000,132547804978,16666666,132549670395,132556718603,132556761353,132558398478,132574420728,8171583,151541,132574420728,132569184645,0,132558398478,
0,27483,132564065668,132564065668,0,132569550895,132569551020,132569661811,132569762978,132614065666,132569549936,16666666,132569926603,132570312186,132570488686,132573064145,132585567895,9302625,191917,132585567895,132584096561,0,132573064145,
0,27491,132580732334,132580732334,0,132581558686,132581559395,132581723645,132581751811,132630732332,132581555228,16666666,132582053270,132584142103,132584182770,132584916020,132624671770,37544000,78042,132624671770,132623247061,0,132584916020,
0,27506,132597399000,132597399000,0,132603541228,132603541978,132603935978,132603983728,132647398998,132603536936,16666666,132605259770,132623312270,132623356353,132623882353,132645654770,15992583,163000,132645654770,132640721228,0,132623882353,
0,27515,132630732332,132630732332,0,132634644478,132634645478,132634825353,132634856561,132664065664,132634640728,16666666,132635233061,132640753728,132640796061,132642768936,132666115936,13792083,121542,132666115936,132659510728,0,132642768936,
0,27523,132647398998,132647398998,0,132648377353,132648377853,132648520520,132648542811,132697398996,132648374145,16666666,132649743811,132659552270,132659596853,132665762353,132680905811,4681000,538833,132680905811,132674170103,0,132665762353,
0,27531,132664065664,132664065664,0,132666750145,132666751103,132666940270,132666966395,132714065662,132666746436,16666666,132667170103,132674215895,132674298020,132676516645,132688856686,5514083,235834,132688856686,132686529936,0,132676516645,
0,27539,132680732330,132680732330,0,132681791061,132681791686,132682353645,132682384020,132730732328,132681787895,16666666,132682696770,132686571186,132686743353,132687499811,132707476811,15932958,104208,132707476811,132704846853,0,132687499811,
0,27547,132697398996,132697398996,0,132703157853,132703158478,132703481311,132703519436,132747398994,132703155020,16666666,132703874061,132704866353,132704932853,132705576186,132724180395,15010209,830375,132724180395,132722620645,0,132705576186,
0,27555,132714065662,132714065662,0,132716828895,132716829895,132717026936,132717053853,132764065660,132716825478,16666666,132717346853,132722660978,132722701520,132723291895,132742776561,15357625,107625,132742776561,132739597436,0,132723291895,
0,27563,132730732328,132730732328,0,132733864436,132733865061,132735485395,132735517728,132780732326,132733861061,16666666,132736802478,132739621353,132739659145,132741256436,132759932936,13307583,108458,132759932936,132756203520,0,132741256436,
0,27571,132747398994,132747398994,0,132753313686,132753314228,132753445853,132753467895,132797398992,132753310895,16666666,132753821603,132756253686,132756324020,132757150520,132788665645,27981541,267916,132782292186,132788665645,0,132757150520,
0,27579,132764065660,132764065660,0,132775285520,132775286395,132775556020,132775586103,132814065658,132775282103,16666666,132775893645,132788709353,132788737186,132790263311,132806001728,1833,227041,132806001728,132795816020,0,132790263311,
0,27587,132780732326,132780732326,0,132791209228,132791209520,132793369853,132794089228,132830732324,132791206895,16666666,132795029478,132795833311,132796120978,132807183936,132823607061,10513500,578291,132823607061,132822689645,0,132807183936,
0,27595,132797398992,132797398992,0,132805465186,132805465811,132806133561,132806167770,132847398990,132805462436,16666666,132806471645,132822728811,132822773895,132828412561,132861472728,19276333,4706834,132861472728,132860198603,0,132828412561,
0,27603,132814065658,132847398990,0,132849004395,132849004853,132849432811,132849469686,132880732322,132849002186,16666666,132849765311,132860231895,132860274978,132864570270,132898765895,2774834,156041,132898765895,132868059728,0,132864570270,
0,27611,132864065656,132864065656,0,132868524603,132868525103,132868732436,132868759103,132930732320,132868521103,16666666,132868990978,132871623895,132871700603,132873639936,132925857311,27024125,119625,132923373978,132925857311,0,132873639936,
0,27619,132880732322,132880732322,0,132887618478,132887619020,132889304311,132889351020,132947398986,132887614478,16666666,132890223228,132925901520,132925949020,132934974728,132972608645,1845250,2367167,132972608645,132946262437,0,132934974728,
0,27626,132897398988,132914065654,0,132928934770,132928935061,132931151103,132931188103,132997398984,132928932311,16666666,132931444603,132946294478,132946340270,132963122103,133004436478,14415583,22379750,132989956353,133004436478,0,132963122103,
0,27635,132947398986,132964065652,0,132972804020,132972804562,132972936270,132972959728,133014065650,132972800853,16666666,132973356812,133004782187,133005054603,133023048145,133094524145,11602125,25915417,133081595562,133094524145,0,133023048145,
0,27642,132964065652,132997398984,0,133011827770,133011828062,133081369978,133081405728,133114065646,133011825395,16666666,133082051687,133094598895,133094753145,133101526520,133119112020,1917,126625,133119112020,133106448145,0,133101526520,
0,27651,133080732314,133097398980,0,133097966895,133097967395,133098088978,133098117562,133147398978,133097963562,16666666,133098333062,133106482687,133106550812,133113723937,133134344645,9529458,162958,133134344645,133128698395,0,133113723937,
0,27666,133114065646,133130732312,0,133132558937,133132559103,133132645770,133132665145,133164065644,133132557562,16666666,133132974978,133133642312,133133665312,133147759478,133169113728,4585166,266667,133169113728,133156863853,0,133147759478,
0,27681,133147398978,133147398978,0,133157733145,133157733687,133158526187,133158556353,133197398976,133157730228,16666666,133167902478,133168102978,133168124728,133169149395,133201503603,22379584,264250,133201503603,133196749603,0,133169149395,
0,27690,133180732310,133214065642,0,133218119437,133218120020,133218424853,133218448978,133230732308,133218116103,16666666,133218680812,133218699103,133218718687,133222436520,133253943395,2541,200834,133253943395,133238132812,0,133222436520,
0,27697,133230732308,133230732308,0,133239330478,133239331478,133239543937,133239584603,133280732306,133239326687,16666666,133247193187,133249656312,133249693103,133250596187,133287355020,17055584,153208,133287355020,133271416020,0,133250596187,
0,27705,133247398974,133247398974,0,133251583228,133251583353,133251686853,133251707145,133264065640,133251581937,16666666,133251864312,133271458270,133271504020,133282480603,130983973477,14669375,1827000,130983973477,133305887062,0,133282480603,
0,27712,133264065640,133264065640,0,133275182562,133275182728,133275253728,133275274895,133314065638,133275180687,16666666,133275813228,133305926520,133306063978,133318256728,133350826062,2292,336000,133350826062,133323816062,0,133318256728,
0,27720,133280732306,133297398972,0,133306473937,133306474270,133306596312,133306625187,133380732302,133306472020,16666666,133306963020,133323856062,133323893145,133339623812,133389511478,27085417,609542,133389511478,133381356062,0,133339623812,
0,27728,133314065638,133330732304,0,133337756520,133337757270,133337952853,133337987103,133414065634,133337752978,16666666,133338327353,133381401478,133381432145,133383708437,133428851395,11216500,174708,133428851395,133419454770,0,133383708437,
0,27736,133330732304,133397398968,0,133407195437,133407195812,133407563687,133407594603,133347398970,133407193520,16666666,133408222562,133419495812,133419522437,133421991853,131050956894,16121500,244541,131050956894,133447777437,0,133421991853,
---PROFILEDATA---


View hierarchy:

  dev.polski.grammarmatrix.benchmark/dev.polski.grammarmatrix.GlassBenchmarkActivity/android.view.ViewRootImpl@48d03b8
  7 views, 12.08 kB of render nodes


Total ViewRootImpl   : 1
Total attached Views : 7
Total RenderNode     : 12.08 kB (used) / 36.09 kB (capacity)