Applications Graphics Acceleration Info:
Uptime: 86519125 Realtime: 86519125

** Graphics info for pid 10032 [dev.polski.grammarmatrix] **

Stats since: 86508114452666ns
Total frames rendered: 84
Janky frames: 67 (79.76%)
Janky frames (legacy): 82 (97.62%)
50th percentile: 150ms
90th percentile: 450ms
95th percentile: 600ms
99th percentile: 4950ms
Number Missed Vsync: 53
Number High input latency: 31
Number Slow UI thread: 60
Number Slow bitmap uploads: 2
Number Slow issue draw commands: 67
Number Frame deadline missed: 67
Number Frame deadline missed (legacy): 69
HISTOGRAM: 5ms=0 6ms=0 7ms=0 8ms=0 9ms=0 10ms=0 11ms=0 12ms=0 13ms=0 14ms=0 15ms=0 16ms=0 17ms=0 18ms=0 19ms=0 20ms=0 21ms=0 22ms=0 23ms=0 24ms=0 25ms=0 26ms=0 27ms=2 28ms=1 29ms=0 30ms=3 31ms=0 32ms=3 34ms=2 36ms=0 38ms=1 40ms=2 42ms=1 44ms=0 46ms=0 48ms=3 53ms=2 57ms=1 61ms=2 65ms=1 69ms=1 73ms=3 77ms=0 81ms=2 85ms=2 89ms=2 93ms=0 97ms=0 101ms=0 105ms=1 109ms=0 113ms=0 117ms=1 121ms=1 125ms=0 129ms=0 133ms=0 150ms=11 200ms=6 250ms=6 300ms=6 350ms=5 400ms=3 450ms=2 500ms=2 550ms=1 600ms=2 650ms=0 700ms=2 750ms=0 800ms=0 850ms=0 900ms=0 950ms=0 1000ms=0 1050ms=0 1100ms=0 1150ms=0 1200ms=0 1250ms=0 1300ms=0 1350ms=0 1400ms=0 1450ms=0 1500ms=0 1550ms=0 1600ms=0 1650ms=0 1700ms=0 1750ms=0 1800ms=0 1850ms=0 1900ms=0 1950ms=0 2000ms=0 2050ms=0 2100ms=0 2150ms=0 2200ms=0 2250ms=0 2300ms=0 2350ms=0 2400ms=0 2450ms=0 2500ms=0 2550ms=0 2600ms=0 2650ms=0 2700ms=0 2750ms=0 2800ms=0 2850ms=0 2900ms=0 2950ms=0 3000ms=0 3050ms=0 3100ms=0 3150ms=0 3200ms=0 3250ms=0 3300ms=0 3350ms=0 3400ms=0 3450ms=0 3500ms=0 3550ms=0 3600ms=0 3650ms=0 3700ms=0 3750ms=0 3800ms=0 3850ms=0 3900ms=0 3950ms=0 4000ms=0 4050ms=0 4100ms=0 4150ms=0 4200ms=0 4250ms=0 4300ms=0 4350ms=0 4400ms=0 4450ms=0 4500ms=0 4550ms=0 4600ms=0 4650ms=0 4700ms=0 4750ms=0 4800ms=0 4850ms=0 4900ms=0 4950ms=1
50th gpu percentile: 4950ms
90th gpu percentile: 4950ms
95th gpu percentile: 4950ms
99th gpu percentile: 4950ms
GPU HISTOGRAM: 1ms=1 2ms=0 3ms=0 4ms=1 5ms=0 6ms=0 7ms=0 8ms=0 9ms=0 10ms=0 11ms=0 12ms=0 13ms=0 14ms=0 15ms=0 16ms=0 17ms=4 18ms=3 19ms=1 20ms=4 21ms=0 22ms=1 23ms=0 24ms=1 25ms=0 4950ms=68

Pipeline=Skia (OpenGL)
Memory policy:
  Max surface area: 2592000
  Max resource usage: 124.42MB (x48)
  Background retention: 50% (altUiHidden = true)
  GPU Context timeout: 10
Contexts: 1 (stopped = 0)
CPU Caches:
  Glyph Cache: 33.70 KB (1 entry)
  Glyph Count: 11 
Total CPU memory usage:
  34510 bytes, 33.70 KB (0.00 bytes is purgeable)
GPU Caches:
  Other:
    Other: 49.27 KB (1 entry)
    Buffer Object: 36.00 KB (1 entry)
  Scratch:
    RenderTarget: 11.88 MB (1 entry)
    Buffer Object: 110.00 KB (3 entries)
    Texture: 2.00 MB (1 entry)
Total GPU memory usage:
  14748944 bytes, 14.07 MB (11.94 MB is purgeable)

GraphicBufferAllocator buffers:
        Handle |        Size |     W (Stride) x H | Layers |   Format |      Usage | Requestor
0xb400007c0ba862b0 |     unknown | 1080 (   0) x 2400 |      1 |        1 | 0x     b00 | VRI[GlassBenchmarkActivity]#0(BLAST Consumer)0
0xb400007c0ba86730 |     unknown | 1080 (   0) x 2400 |      1 |        1 | 0x     b00 | VRI[GlassBenchmarkActivity]#0(BLAST Consumer)0
0xb400007c0ba91620 |     unknown | 1080 (   0) x 2400 |      1 |        1 | 0x     b00 | VRI[GlassBenchmarkActivity]#0(BLAST Consumer)0
Total allocated by GraphicBufferAllocator (estimate): 0.00 KB
GoldfishAllocator::dumpDebugInfo is not implemented
Profile data in ms:

	dev.polski.grammarmatrix/dev.polski.grammarmatrix.GlassBenchmarkActivity/android.view.ViewRootImpl@c2e5d71 (visibility=0)
Window: dev.polski.grammarmatrix/dev.polski.grammarmatrix.GlassBenchmarkActivity
Stats since: 86508114450874ns
Total frames rendered: 84
Janky frames: 67 (79.76%)
Janky frames (legacy): 82 (97.62%)
50th percentile: 150ms
90th percentile: 450ms
95th percentile: 600ms
99th percentile: 4950ms
Number Missed Vsync: 53
Number High input latency: 31
Number Slow UI thread: 60
Number Slow bitmap uploads: 2
Number Slow issue draw commands: 67
Number Frame deadline missed: 67
Number Frame deadline missed (legacy): 69
HISTOGRAM: 5ms=0 6ms=0 7ms=0 8ms=0 9ms=0 10ms=0 11ms=0 12ms=0 13ms=0 14ms=0 15ms=0 16ms=0 17ms=0 18ms=0 19ms=0 20ms=0 21ms=0 22ms=0 23ms=0 24ms=0 25ms=0 26ms=0 27ms=2 28ms=1 29ms=0 30ms=3 31ms=0 32ms=3 34ms=2 36ms=0 38ms=1 40ms=2 42ms=1 44ms=0 46ms=0 48ms=3 53ms=2 57ms=1 61ms=2 65ms=1 69ms=1 73ms=3 77ms=0 81ms=2 85ms=2 89ms=2 93ms=0 97ms=0 101ms=0 105ms=1 109ms=0 113ms=0 117ms=1 121ms=1 125ms=0 129ms=0 133ms=0 150ms=11 200ms=6 250ms=6 300ms=6 350ms=5 400ms=3 450ms=2 500ms=2 550ms=1 600ms=2 650ms=0 700ms=2 750ms=0 800ms=0 850ms=0 900ms=0 950ms=0 1000ms=0 1050ms=0 1100ms=0 1150ms=0 1200ms=0 1250ms=0 1300ms=0 1350ms=0 1400ms=0 1450ms=0 1500ms=0 1550ms=0 1600ms=0 1650ms=0 1700ms=0 1750ms=0 1800ms=0 1850ms=0 1900ms=0 1950ms=0 2000ms=0 2050ms=0 2100ms=0 2150ms=0 2200ms=0 2250ms=0 2300ms=0 2350ms=0 2400ms=0 2450ms=0 2500ms=0 2550ms=0 2600ms=0 2650ms=0 2700ms=0 2750ms=0 2800ms=0 2850ms=0 2900ms=0 2950ms=0 3000ms=0 3050ms=0 3100ms=0 3150ms=0 3200ms=0 3250ms=0 3300ms=0 3350ms=0 3400ms=0 3450ms=0 3500ms=0 3550ms=0 3600ms=0 3650ms=0 3700ms=0 3750ms=0 3800ms=0 3850ms=0 3900ms=0 3950ms=0 4000ms=0 4050ms=0 4100ms=0 4150ms=0 4200ms=0 4250ms=0 4300ms=0 4350ms=0 4400ms=0 4450ms=0 4500ms=0 4550ms=0 4600ms=0 4650ms=0 4700ms=0 4750ms=0 4800ms=0 4850ms=0 4900ms=0 4950ms=1
50th gpu percentile: 4950ms
90th gpu percentile: 4950ms
95th gpu percentile: 4950ms
99th gpu percentile: 4950ms
GPU HISTOGRAM: 1ms=1 2ms=0 3ms=0 4ms=1 5ms=0 6ms=0 7ms=0 8ms=0 9ms=0 10ms=0 11ms=0 12ms=0 13ms=0 14ms=0 15ms=0 16ms=0 17ms=4 18ms=3 19ms=1 20ms=4 21ms=0 22ms=1 23ms=0 24ms=1 25ms=0 4950ms=68



---PROFILEDATA---
Flags,FrameTimelineVsyncId,IntendedVsync,Vsync,InputEventId,HandleInputStart,AnimationStart,PerformTraversalsStart,DrawStart,FrameDeadline,FrameInterval,FrameStartTime,SyncQueued,SyncStart,IssueDrawCommandsStart,SwapBuffers,FrameCompleted,DequeueBufferDuration,QueueBufferDuration,GpuCompleted,SwapBuffersCompleted,DisplayPresentTime,CommandSubmissionCompleted,
0,271121,86508536832980,86508753499638,-134815726,86508761274208,86508761275374,86508761275874,86508766930708,86508553499646,86508760951833,16666666,86508767100041,86508770103791,86508770735208,86508778504666,86508919126374,4083,12933292,86508919126374,86508818675249,0,86508778504666,
0,271205,86508770166304,86508853499634,-476614338,86508866366124,86508866367083,86508867262083,86508867371208,86508936832964,86508866354083,16666666,86508867508416,86508875719333,86508875782374,86508912558333,86509090893583,122872208,1076875,86509090893583,86509042078166,0,86508912558333,
0,271245,86508870166300,86508870166300,0,86508882243708,86508882245041,86508892413208,86508892748333,86509120166290,86508882213333,16666666,86508893125333,86509042270583,86509042313583,86509075495333,86509161148333,70195750,143834,86509160432833,86509161148333,0,86509075495333,
0,271260,86508886832966,86509103499624,0,86509114575958,86509114577333,86509132745624,86509133060958,86509186832954,86509107124291,16666666,86509133659833,86509161175416,86509161200541,86509254573333,86509336614291,2833,260417,86509336614291,86509280686833,0,86509254573333,
0,271285,86509136832956,86509153499622,0,86509162257958,86509162258416,86509280737416,86509280888708,86509353499614,86509162249416,16666666,86509280997875,86509287468916,86509287497291,86509330149291,86509518376833,144095625,41615917,86509374174291,86509518376833,0,86509330149291,
0,271292,86509270166284,86509320166282,-901877284,86509334666875,86509334667666,86509470497125,86509470598875,86509403499612,86509334657083,16666666,86509470735375,86509518849208,86509518899750,86509573438250,86509659791750,2125,167375,86509659791750,86509614827416,0,86509573438250,
0,271301,86509286832950,86509520166274,-153566377,86509548080333,86509556377875,86509623758958,86509652753625,86509686832934,86509526442125,16666666,86509653871125,86509666129208,86509666208625,86509879884208,86509926510667,2000,151041,86509926510667,86509881211166,0,86509879884208,
0,271338,86509570166272,86509753499598,-162432926,86509767652666,86509792571458,86509801691875,86509801774958,86509586832938,86509762582250,16666666,86509803841333,86509881279625,86509881302416,86509929787333,0,227127666,191208,0,86510160898625,0,86509929787333,
0,271355,86509803499596,86509886832926,-783117188,86509902807625,86509902836667,86509902837208,86509902948833,86509953499590,86509902797333,16666666,86509903823125,86510161234292,86510163328667,86510165150292,86510322749375,3959,17233583,86510322749375,86510203938500,0,86510165150292,
0,271363,86509920166258,86510153499582,0,86510167184958,86510167338542,86510167339333,86510167697542,86510353499574,86510163240833,16666666,86510170547750,86510204065000,86510204092125,86510320972375,86510496209083,135895584,38022209,86510360234750,86510496209083,0,86510320972375,
0,271379,86510220166246,86510270166244,0,86510282673833,86510282674792,86510282675333,86510282804458,86510386832906,86510282663458,16666666,86510283598167,86510496300333,86510496367875,86510562685958,86510659804667,4625,2707333,86510659804667,86510565775125,0,86510562685958,
0,271386,86510286832910,86510486832902,-783162596,86510505200667,86510505202083,86510505202500,86510505296208,86510686832894,86510501070375,16666666,86510506502083,86510565859583,86510565898875,86510681206792,86510851127625,2667,278416,86510851127625,86510696260750,0,86510681206792,
0,271402,86510536832900,86510670166228,-49731911,86510676533167,86510690902084,86511033386042,86511033501292,86510870166220,86510675642250,16666666,86511039574459,86511049085167,86511054519417,86511055119417,86511121386709,15708,192333,86511121386709,86511086780167,0,86511055119417,
0,271417,86510686832894,86511186832874,-904327281,86511230161542,86511231380584,86511247039667,86511247137959,86511153499542,86511188763084,16666666,86511306531542,86511321659626,86511321691126,86511351819126,86511430560584,2458,2369459,86511430560584,86511375316167,0,86511351819126,
0,271433,86511253499538,86511353499534,-782467561,86511356204626,86511394630542,86511402368126,86511402471792,86511453499530,86511355926959,16666666,86511428761792,86511429903084,86511430003001,86511456892542,86511617733417,2209,278791,86511617733417,86511481727626,0,86511456892542,
0,271448,86511420166198,86511553499526,-243204251,86511553991667,86511554004042,86511661252584,86511661358459,86511636832856,86511553922501,16666666,86511680944001,86511681667542,86511681697334,86511682856209,86511881543501,2042,259416,86511881543501,86511684298417,0,86511682856209,
0,271463,86511670166188,86511720166186,0,86511734591626,86511734592667,86511734593251,86511734701751,86511903499512,86511734582042,16666666,86511735511626,86511739738167,86511739918751,86511846425042,86512022645834,101100709,74055667,86511921162709,86512022645834,0,86511846425042,
0,271471,86511736832852,86511770166184,0,86511786551167,86511786551626,86511786552042,86511786651834,86511953499510,86511786544209,16666666,86511787485917,86512022737043,86512022762376,86512049779084,86512251535418,168804875,181834,86512251535418,86512227044709,0,86512049779084,
0,271478,86511786832850,86512103499504,-431582157,86512107882084,86512107883209,86512119661376,86512119756501,86512270166164,86512107740376,16666666,86512121563001,86512227122959,86512231301334,86512252504251,86512531135793,254473292,109709,86512531135793,86512507724668,0,86512252504251,
0,271495,86512120166170,86512236832832,-1039524790,86512242234376,86512245632376,86512267170668,86512267471418,86512553499486,86512237995001,16666666,86512273760459,86512507789834,86512507842501,86512524526334,86512724491585,165135084,123041,86512724491585,86512712267543,0,86512524526334,
0,271511,86512270166164,86512703499480,-552922713,86512742617876,86512806008543,86512881008043,86512881128126,86512753499478,86512714062710,16666666,86512882469126,86512882766835,86512882839168,86512898976793,86512990182876,2500,182209,86512990182876,86512910754335,0,86512898976793,
0,271536,86512920166138,86513036832800,-508399608,86513050510543,86513050511876,86513050512460,86513050596501,86513020166134,86513050348376,16666666,86513051158251,86513085589085,86513085685418,86513087768251,86513173797168,55587417,286500,86513173797168,86513144299751,0,86513087768251,
0,271552,86513320166122,86513336832788,-384071376,86513352411668,86513364172835,86513399115127,86513399193293,86513336832788,86513352397418,16666666,86513400884335,86513404240335,86513404269835,86513420249877,86513501534168,2167,207708,86513501534168,86513420864835,0,86513420249877,
0,271559,86513386832786,86513403499452,-851255104,86513415248793,86513416475793,86513453380252,86513453492168,86513520166114,86513415236293,16666666,86513465013127,86513483888418,86513483924377,86513518109668,86513569568710,19415875,136208,86513569568710,86513538442960,0,86513518109668,
0,271567,86513436832784,86513486832782,-1068943209,86513495409502,86513533292585,86513631228418,86513631316460,86513586832778,86513495398960,16666666,86513659619585,86513660407877,86513660453377,86513663101752,86513707655293,3625,4301083,86513707655293,86513680801002,0,86513663101752,
0,271575,86513570166112,86513653499442,-996517799,86513662807335,86513671047252,86513695496668,86513695585502,86513736832772,86513662801168,16666666,86513696342585,86513730928543,86513730998460,86513757027918,86513898452627,38012166,235583,86513898452627,86513799934293,0,86513757027918,
0,271583,86513686832774,86513786832770,-905034961,86513873192335,86513873230502,86513874264835,86513874327752,86513920166098,86513800575460,16666666,86513874818377,86513874837168,86513874862377,86513898180543,86514131979085,4958,75127209,86514131979085,86514111027210,0,86513898180543,
0,271598,86513903499432,86513920166098,0,86513922088210,86513922089293,86513922089877,86513922189877,86514153499422,86513922076543,16666666,86514111438169,86514111453710,86514111479377,86514170315627,86514396136294,35337958,206292,86514396136294,86514216466252,0,86514170315627,
0,271606,86514136832756,86514153499422,0,86514157645669,86514157646335,86514157646752,86514157734377,86514420166078,86514157637669,16666666,86514202108002,86514216598710,86514216701377,86514329752377,86514470302127,67652208,71863292,86514402552710,86514470302127,0,86514329752377,
0,271614,86514203499420,86514320166082,0,86514356739794,86514356741335,86514356741752,86514356840627,86514220166086,86514329486002,16666666,86514365618335,86514470382502,86514470911169,86514471247460,0,111352208,276042,72057628414509871,86514592926585,0,86514471247460,
0,271632,86514386832746,86514503499408,-469571978,86514546421419,86514546432919,86514546433919,86514546738919,86514436832744,86514515876044,16666666,86514547875669,86514593006377,86514593033794,86514597575044,86514680953044,2083,154041,86514680953044,86514601003502,0,86514597575044,
0,271655,86514586832738,86514586832738,-176266406,86514599440627,86514614950544,86514634490252,86514634571752,86514703499400,86514599427377,16666666,86514635383127,86514635427544,86514635458044,86514670597127,86514762870252,69362875,134750,86514762870252,86514751487585,0,86514670597127,
0,271662,86514603499404,86514636832736,-1041381046,86514650045710,86514650873835,86514677694502,86514677752377,86514786832730,86514650040544,16666666,86514678403210,86514751560544,86514751605669,86514764492335,86514833522877,29036542,81958,86514833522877,86514803605627,0,86514764492335,
0,271670,86514653499402,86514753499398,-949531677,86514760411835,86514772589169,86514826495711,86514826553502,86514853499394,86514760294835,16666666,86514827273294,86514827493211,86514827536961,86514831636919,86514955643961,60397250,91000,86514955643961,86514898744836,0,86514831636919,
0,271687,86514803499396,86514820166062,-360091444,86514829542127,86514833316044,86514907604002,86514907662586,86514986832722,86514829535794,16666666,86514908451002,86514912218961,86514912248877,86514942938252,86515129525169,160479667,119417,86515093014294,86515129525169,0,86514942938252,
0,271711,86515070166052,86515120166050,-521601138,86515128425794,86515128426586,86515128427002,86515128516252,86515120166050,86515128415502,16666666,86515129176669,86515129557002,86515129598252,86515129918169,86515158904127,6362750,115250,86515158904127,86515144634294,0,86515129918169,
0,271719,86515320166042,86515320166042,-714905630,86515331453544,86515332613294,86515337174669,86515337242877,86515336832708,86515327844002,16666666,86515337580711,86515356594794,86515356634086,86515371111086,86515443628169,2750,241500,86515443628169,86515396233086,0,86515371111086,
0,271726,86515336832708,86515420166038,-531123529,86515425571336,86515426249461,86515462000086,86515462097794,86515470166036,86515425563336,16666666,86515462926044,86515470541211,86515470575752,86515522870878,86515576692003,5403875,27045500,86515576692003,86515557130628,0,86515522870878,
0,271734,86515436832704,86515520166034,-106750236,86515525004169,86515554187044,86515617384086,86515617443378,86515603499364,86515524991211,16666666,86515618023086,86515635899419,86515635933086,86515640187044,86515674336919,3000,855625,86515674336919,86515643590919,0,86515640187044,
0,271741,86515553499366,86515636832696,-95219020,86515642493544,86515650362128,86515754150628,86515754218711,86515703499360,86515642486628,16666666,86515755010044,86515758754794,86515759254961,86515761750419,86515836850711,6875,5698208,86515836850711,86515768762628,0,86515761750419,
0,271765,86516003499348,86516020166014,-1054934297,86516025230711,86516035176503,86516048500794,86516048541961,86516020166014,86516025213586,16666666,86516049007336,86516058442128,86516058480044,86516063212461,86516100480878,2166,295000,86516100480878,86516063861586,0,86516063212461,
0,271772,86516036832680,86516086832678,-80705629,86516096973794,86516097930253,86516099132461,86516099159961,86516120166010,86516096965378,16666666,86516099370378,86516099693711,86516099745128,86516113105711,86516181071836,48158333,159750,86516181071836,86516164713878,0,86516113105711,
0,271789,86516170166008,86516203499340,-587595695,86516212447461,86516214653170,86516248664295,86516248717045,86516203499340,86516212438878,16666666,86516249320795,86516251637128,86516251674836,86516252169253,86516308763628,2000,115542,86516308763628,86516262402961,0,86516252169253,
0,271796,86516220166006,86516253499338,-126026610,86516257038128,86516257719711,86516261629295,86516261666253,86516336832668,86516257029336,16666666,86516262077545,86516262439170,86516262463920,86516286370628,86516386310795,74139375,6825541,86516312121211,86516386310795,0,86516286370628,
0,271805,86516370166000,86516386832666,-179850681,86516395822086,86516399168295,86516400715545,86516400752545,86516386832666,86516395813420,16666666,86516411911753,86516414529586,86516414955753,86516432339711,86516491452753,1750,91708,86516491452753,86516432900670,0,86516432339711,
0,271819,86516420165998,86516436832664,-417442391,86516449425711,86516449426628,86516449427170,86516449478253,86516436832664,86516449417545,16666666,86516449839086,86516452211336,86516452236628,86516479822086,72904454231491267,123934042,14346167,0,86516633000045,0,86516479822086,
0,271829,86516870165980,86516886832646,-558751883,86516889432253,86516900556587,86516921442712,86516921481503,86516886832646,86516889426045,16666666,86516921500587,86516922372295,86516922451212,86516922965878,86516962225212,2416,287417,86516962225212,86516925727045,0,86516922965878,
0,271836,86516903499312,86516936832644,-1017466326,86516943541545,86516953103378,86516960294670,86516960332337,86516986832642,86516943535128,16666666,86516960702795,86516960740420,86516960768212,86516961101128,86517078561170,5084,9549875,86517078561170,86516995806837,0,86516961101128,
0,271844,86516970165976,86517003499308,-399988300,86517006848712,86517007384295,86517279130878,86517279182420,86517103499304,86517006842962,16666666,86517279713920,86517284260795,86517284303337,86517284933712,86517334407045,2541,200750,86517334407045,86517285481628,0,86517284933712,
0,271851,86517003499308,86517286832630,-823920286,86517330165337,86517369312753,86517396807587,86517396880628,86517353499294,86517300437378,16666666,86517397850128,86517401561003,86517401624337,86517410943670,86517453408712,3375,195000,86517453408712,86517414717670,0,86517410943670,
0,271874,86517403499292,86517420165958,-501098390,86517431803920,86517431805170,86517431825503,86517431883087,86517470165956,86517431795628,16666666,86517447735170,86517451431503,86517451463378,86517470244003,86517550526712,2542,157500,86517550526712,86517495860837,0,86517470244003,
0,271883,86517803499276,86517836832608,-973251962,86517840468920,86517846731129,86517880968629,86517881025962,86517820165942,86517838908045,16666666,86517881443587,86517890052420,86517890120379,86517892720754,86517933112754,7125,17424875,86517933112754,86517911095337,0,86517892720754,
0,271898,86517920165938,86517920165938,-466301291,86517927832712,86517928440837,86517932631420,86517932674212,86517953499270,86517927825754,16666666,86517952638087,86517953376962,86517953409337,86517999272420,86518060578504,2083,99750,86518060578504,86518005507754,0,86517999272420,
0,271905,86517936832604,86517970165936,-1032372747,86517983849670,86517991105129,86518010593170,86518010658129,86518086832598,86517983841837,16666666,86518022339545,86518022367254,86518022395254,86518066346379,86518151646462,1958,152958,86518151646462,86518092648879,0,86518066346379,
0,271912,86517986832602,86518036832600,-951069827,86518044898962,86518049407712,86518094590045,86518094623170,86518170165928,86518044889629,16666666,86518094924379,86518094958754,86518094986712,86518177556712,86518246041379,62156583,343125,86518241923587,86518246041379,0,86518177556712,
0,271929,86518203499260,86518203499260,-688857729,86518206076170,86518206077420,86518206078170,86518206139379,86518270165924,86518206069462,16666666,86518216894754,86518246118962,86518246144629,86518269200170,86518292365129,4796501,147333,86518292365129,86518275329421,0,86518269200170,
0,271944,86518370165920,86518370165920,-61697592,86518371795671,86518374179421,86518379424254,86518379609462,86518386832586,86518371732921,16666666,86518379622046,86518379730212,86518379883212,86518380964587,86518400568212,2583,831250,86518400568212,86518382264296,0,86518380964587,
0,271952,86518386832586,86518386832586,-189514902,86518389000837,86518390049379,86518394478212,86518394551337,86518420165918,86518388994254,16666666,86518394892004,86518396405504,86518396456921,86518410848879,86518440849421,2458,140125,86518440849421,86518415482837,0,86518410848879,
0,271959,86518403499252,86518403499252,-111288490,86518406267712,86518406690837,86518407398004,86518407422504,86518470165916,86518406261337,16666666,86518407539337,86518428946046,86518429050546,86518438956921,86518473068337,30967833,1699458,86518441957421,86518473068337,0,86518438956921,
0,271967,86518420165918,86518420165918,-70052987,86518430160296,86518432351087,86518432745296,86518432784587,86518486832582,86518430154254,16666666,86518433109837,86518473187837,86518473293671,86518479792462,86518515360212,34834792,82667,86518515286046,86518515360212,0,86518479792462,
0,271974,86518436832584,86518470165916,-438626233,86518473841921,86518474885962,86518475272171,86518475308212,86518536832580,86518473832754,16666666,86518475652254,86518515447629,86518515478629,86518517033754,86518543265921,2228292,196333,86518543265921,86518535262087,0,86518517033754,
0,271983,86518486832582,86518520165914,-136737672,86518529245087,86518529716129,86518532272754,86518532365129,86518570165912,86518529239337,16666666,86518534441754,86518535318504,86518535377421,86518543971129,86518569832462,3667,14888416,86518569832462,86518559791796,0,86518543971129,
0,271992,86518536832580,86518536832580,-160203554,86518543286379,86518560511587,86518565536421,86518565606337,86518586832578,86518543280046,16666666,86518566047296,86518568526296,86518568784921,86518569114504,86518588689879,17920125,171375,86518588689879,86518588583712,0,86518569114504,
0,272007,86518570165912,86518570165912,-447575253,86518573374587,86518574303754,86518574714754,86518574742671,86518620165910,86518573363129,16666666,86518575024296,86518588653921,86518588710129,86518589304046,86518611028212,8045125,214625,86518611028212,86518598088754,0,86518589304046,
0,272015,86518586832578,86518586832578,-172820963,86518588884671,86518589564712,86518593165004,86518593208712,86518636832576,86518588880962,16666666,86518593444254,86518598150171,86518598199004,86518610480921,86518622249004,11033500,400875,86518611156212,86518622249004,0,86518610480921,
0,272023,86518603499244,86518603499244,-87262698,86518610172129,86518610795004,86518613782212,86518613883504,86518653499242,86518610167212,16666666,86518614044796,86518622322504,86518622375796,86518630702462,86518647414879,8141791,210000,86518647414879,86518639499754,0,86518630702462,
0,272031,86518620165910,86518620165910,-508538066,86518623121921,86518624518046,86518625398087,86518625448087,86518670165908,86518623113587,16666666,86518625774129,86518639587171,86518639727587,86518647021129,86518664970921,7768834,157042,86518664970921,86518655229504,0,86518647021129,
0,272039,86518636832576,86518636832576,-937266183,86518639954046,86518640760962,86518641565546,86518641623004,86518686832574,86518639950796,16666666,86518642185712,86518655290796,86518655326587,86518664525046,86518682085504,8815042,209709,86518682085504,86518673840046,0,86518664525046,
0,272047,86518653499242,86518653499242,-873715134,86518655470129,86518655834046,86518662670129,86518662710254,86518703499240,86518655467004,16666666,86518662939046,86518673902129,86518673943004,86518681662629,86518698622962,7984916,191583,86518698622962,86518690119087,0,86518681662629,
0,272055,86518670165908,86518670165908,-1011289979,86518674829004,86518675690004,86518678553962,86518678591004,86518720165906,86518674821712,16666666,86518678725921,86518690184796,86518690230962,86518698229087,86518714448962,8387375,174209,86518714448962,86518707065004,0,86518698229087,
0,272063,86518686832574,86518686832574,-1067185798,86518690587462,86518690947254,86518691233004,86518691254879,86518736832572,86518690584212,16666666,86518691491254,86518707125296,86518707162796,86518714091796,86518731090004,8489833,128375,86518731090004,86518723029337,0,86518714091796,
0,272071,86518703499240,86518703499240,-288735974,86518707485254,86518708911046,86518709739421,86518709807004,86518753499238,86518707481921,16666666,86518710379046,86518723099921,86518723139837,86518730331962,86518748682129,8822125,405834,86518748682129,86518739961712,0,86518730331962,
0,272087,86518736832572,86518736832572,0,86518741259504,86518741260087,86518744732671,86518744955296,86518770165904,86518741255921,16666666,86518744973796,86518746211046,86518746252879,86518748209129,86518765339421,8255417,205708,86518765339421,86518757024546,0,86518748209129,
0,272095,86518753499238,86518753499238,0,86518754961712,86518754962754,86518754963296,86518755024504,86518786832570,86518754956046,16666666,86518755455629,86518757100587,86518757196962,86518765040046,86518797052921,22456167,106208,86518797052921,86518787848296,0,86518765040046,
0,272103,86518770165904,86518770165904,0,86518771495921,86518771496921,86518771497296,86518771544921,86518820165902,86518771490421,16666666,86518772318837,86518787916921,86518788628671,86518796683087,86518824417546,20083167,104000,86518824417546,86518817232921,0,86518796683087,
0,272111,86518786832570,86518786832570,0,86518789755546,86518789756004,86518789756254,86518789795754,86518853499234,86518789750796,16666666,86518790102754,86518817334504,86518817435796,86518825005712,86518854900879,29441334,127375,86518854054546,86518854900879,0,86518825005712,
0,272119,86518803499236,86518803499236,0,86518817979254,86518817980004,86518817980546,86518818041837,86518886832566,86518817971504,16666666,86518818574004,86518854980754,86518855126129,86518862923254,86518882732087,6250,796750,86518882732087,86518864110379,0,86518862923254,
0,272127,86518820165902,86518853499234,0,86518855506796,86518855507296,86518855507712,86518855548962,86518903499232,86518855502587,16666666,86518856527212,86518864206254,86518864315046,86518883183171,86518910989046,675375,132333,86518910989046,86518884284754,0,86518883183171,
0,272136,86518870165900,86518870165900,0,86518882027921,86518882029046,86518882029587,86518882083629,86518936832564,86518882022379,16666666,86518882499296,86518884349504,86518884397504,86518911049587,86518941813712,2084,493042,86518941813712,86518914427671,0,86518911049587,
0,272144,86518886832566,86518886832566,0,86518890335587,86518890336004,86518890336254,86518890383629,86518970165896,86518890332087,16666666,86518891419462,86518914489046,86518914527796,86518941453087,86518973692254,22352584,164375,86518973692254,86518964265629,0,86518941453087,
0,272151,86518903499232,86518903499232,0,86518914811546,86518914811796,86518914812087,86518914846962,86519003499228,86518914808254,16666666,86518915103212,86518964370462,86518964480296,86518973373296,86519003032338,21701334,107750,86519003032338,86518995447004,0,86518973373296,
0,272159,86518920165898,86518953499230,0,86518965330587,86518965331379,86518965331921,86518965394171,86519020165894,86518965322087,16666666,86518966048379,86518995516671,86518995556004,86519002545546,86519034481379,22972833,117709,86519034481379,86519026060879,0,86519002545546,
0,272169,86518970165896,86518986832562,0,86518998756421,86518998757338,86518998758004,86518998822171,86519053499226,86518998746629,16666666,86518999505879,86519026127588,86519026165088,86519034084629,86519070141588,28070542,109375,86519070141588,86519062652588,0,86519034084629,
0,272178,86519003499228,86519020165894,0,86519026800254,86519026801463,86519026802088,86519026865004,86519086832558,86519026790879,16666666,86519028892629,86519062717963,86519062757171,86519069858921,86519111326379,31286208,92250,86519111326379,86519101479963,0,86519069858921,
0,272187,86519036832560,86519053499226,0,86519063056213,86519063056463,86519063056713,86519063091921,86519136832556,86519063052713,16666666,86519063367254,86519101537921,86519101705963,86519110942421,86519147221963,25326167,78292,86519147221963,86519136748463,0,86519110942421,
0,272196,86519070165892,86519086832558,0,86519102215879,86519102216171,86519102216463,86519102250213,86519170165888,86519102212379,16666666,86519102465504,86519136808713,86519136855546,86519146768088,86519166621088,8685959,209417,86519166621088,86519155970088,0,86519146768088,
0,272206,86519120165890,86519136832556,0,86519143124338,86519143124879,86519143125129,86519143175838,86519136832556,86519143119921,16666666,86519143391254,86519156150088,86519156187671,86519166101296,0,7889208,170083,0,86519174594588,0,86519166101296,
---PROFILEDATA---


View hierarchy:

  dev.polski.grammarmatrix/dev.polski.grammarmatrix.GlassBenchmarkActivity/android.view.ViewRootImpl@c2e5d71
  7 views, 12.02 kB of render nodes


Total ViewRootImpl   : 1
Total attached Views : 7
Total RenderNode     : 12.02 kB (used) / 36.09 kB (capacity)

