Applications Graphics Acceleration Info:
Uptime: 86573336 Realtime: 86573336

** Graphics info for pid 10668 [dev.polski.grammarmatrix] **

Stats since: 86566427344152ns
Total frames rendered: 224
Janky frames: 112 (50.00%)
Janky frames (legacy): 208 (92.86%)
50th percentile: 46ms
90th percentile: 109ms
95th percentile: 150ms
99th percentile: 200ms
Number Missed Vsync: 56
Number High input latency: 219
Number Slow UI thread: 70
Number Slow bitmap uploads: 0
Number Slow issue draw commands: 112
Number Frame deadline missed: 112
Number Frame deadline missed (legacy): 111
HISTOGRAM: 5ms=0 6ms=0 7ms=0 8ms=0 9ms=0 10ms=0 11ms=0 12ms=0 13ms=0 14ms=0 15ms=0 16ms=2 17ms=0 18ms=2 19ms=1 20ms=1 21ms=1 22ms=3 23ms=1 24ms=2 25ms=4 26ms=1 27ms=3 28ms=4 29ms=10 30ms=9 31ms=6 32ms=15 34ms=9 36ms=7 38ms=8 40ms=7 42ms=10 44ms=6 46ms=3 48ms=15 53ms=6 57ms=6 61ms=9 65ms=12 69ms=6 73ms=6 77ms=7 81ms=3 85ms=2 89ms=1 93ms=4 97ms=6 101ms=0 105ms=3 109ms=1 113ms=1 117ms=0 121ms=1 125ms=2 129ms=1 133ms=0 150ms=12 200ms=4 250ms=1 300ms=0 350ms=0 400ms=0 450ms=0 500ms=0 550ms=0 600ms=0 650ms=0 700ms=0 750ms=0 800ms=0 850ms=0 900ms=0 950ms=0 1000ms=0 1050ms=0 1100ms=0 1150ms=0 1200ms=0 1250ms=0 1300ms=0 1350ms=0 1400ms=0 1450ms=0 1500ms=0 1550ms=0 1600ms=0 1650ms=0 1700ms=0 1750ms=0 1800ms=0 1850ms=0 1900ms=0 1950ms=0 2000ms=0 2050ms=0 2100ms=0 2150ms=0 2200ms=0 2250ms=0 2300ms=0 2350ms=0 2400ms=0 2450ms=0 2500ms=0 2550ms=0 2600ms=0 2650ms=0 2700ms=0 2750ms=0 2800ms=0 2850ms=0 2900ms=0 2950ms=0 3000ms=0 3050ms=0 3100ms=0 3150ms=0 3200ms=0 3250ms=0 3300ms=0 3350ms=0 3400ms=0 3450ms=0 3500ms=0 3550ms=0 3600ms=0 3650ms=0 3700ms=0 3750ms=0 3800ms=0 3850ms=0 3900ms=0 3950ms=0 4000ms=0 4050ms=0 4100ms=0 4150ms=0 4200ms=0 4250ms=0 4300ms=0 4350ms=0 4400ms=0 4450ms=0 4500ms=0 4550ms=0 4600ms=0 4650ms=0 4700ms=0 4750ms=0 4800ms=0 4850ms=0 4900ms=0 4950ms=0
50th gpu percentile: 23ms
90th gpu percentile: 4950ms
95th gpu percentile: 4950ms
99th gpu percentile: 4950ms
GPU HISTOGRAM: 1ms=2 2ms=1 3ms=0 4ms=2 5ms=1 6ms=1 7ms=1 8ms=2 9ms=1 10ms=6 11ms=0 12ms=2 13ms=2 14ms=2 15ms=3 16ms=7 17ms=16 18ms=17 19ms=16 20ms=13 21ms=10 22ms=7 23ms=5 24ms=5 25ms=4 4950ms=98

Pipeline=Skia (OpenGL)
Memory policy:
  Max surface area: 2592000
  Max resource usage: 124.42MB (x48)
  Background retention: 50% (altUiHidden = true)
  GPU Context timeout: 10
Contexts: 1 (stopped = 0)
CPU Caches:
  Glyph Cache: 33.70 KB (1 entry)
  Glyph Count: 11 
Total CPU memory usage:
  34510 bytes, 33.70 KB (0.00 bytes is purgeable)
GPU Caches:
  Other:
    Other: 49.27 KB (1 entry)
    Buffer Object: 36.00 KB (1 entry)
  Scratch:
    RenderTarget: 11.88 MB (1 entry)
    Buffer Object: 110.00 KB (3 entries)
    Texture: 2.00 MB (1 entry)
Total GPU memory usage:
  14748944 bytes, 14.07 MB (11.94 MB is purgeable)

GraphicBufferAllocator buffers:
        Handle |        Size |     W (Stride) x H | Layers |   Format |      Usage | Requestor
0xb400007c0ba82440 |     unknown | 1080 (   0) x 2400 |      1 |        1 | 0x     b00 | VRI[GlassBenchmarkActivity]#0(BLAST Consumer)0
0xb400007c0ba85f50 |     unknown | 1080 (   0) x 2400 |      1 |        1 | 0x     b00 | VRI[GlassBenchmarkActivity]#0(BLAST Consumer)0
0xb400007c0ba91620 |     unknown | 1080 (   0) x 2400 |      1 |        1 | 0x     b00 | VRI[GlassBenchmarkActivity]#0(BLAST Consumer)0
Total allocated by GraphicBufferAllocator (estimate): 0.00 KB
GoldfishAllocator::dumpDebugInfo is not implemented
Profile data in ms:

	dev.polski.grammarmatrix/dev.polski.grammarmatrix.GlassBenchmarkActivity/android.view.ViewRootImpl@2b9632d (visibility=0)
Window: dev.polski.grammarmatrix/dev.polski.grammarmatrix.GlassBenchmarkActivity
Stats since: 86566427342693ns
Total frames rendered: 224
Janky frames: 112 (50.00%)
Janky frames (legacy): 208 (92.86%)
50th percentile: 46ms
90th percentile: 109ms
95th percentile: 150ms
99th percentile: 200ms
Number Missed Vsync: 56
Number High input latency: 219
Number Slow UI thread: 70
Number Slow bitmap uploads: 0
Number Slow issue draw commands: 112
Number Frame deadline missed: 112
Number Frame deadline missed (legacy): 111
HISTOGRAM: 5ms=0 6ms=0 7ms=0 8ms=0 9ms=0 10ms=0 11ms=0 12ms=0 13ms=0 14ms=0 15ms=0 16ms=2 17ms=0 18ms=2 19ms=1 20ms=1 21ms=1 22ms=3 23ms=1 24ms=2 25ms=4 26ms=1 27ms=3 28ms=4 29ms=10 30ms=9 31ms=6 32ms=15 34ms=9 36ms=7 38ms=8 40ms=7 42ms=10 44ms=6 46ms=3 48ms=15 53ms=6 57ms=6 61ms=9 65ms=12 69ms=6 73ms=6 77ms=7 81ms=3 85ms=2 89ms=1 93ms=4 97ms=6 101ms=0 105ms=3 109ms=1 113ms=1 117ms=0 121ms=1 125ms=2 129ms=1 133ms=0 150ms=12 200ms=4 250ms=1 300ms=0 350ms=0 400ms=0 450ms=0 500ms=0 550ms=0 600ms=0 650ms=0 700ms=0 750ms=0 800ms=0 850ms=0 900ms=0 950ms=0 1000ms=0 1050ms=0 1100ms=0 1150ms=0 1200ms=0 1250ms=0 1300ms=0 1350ms=0 1400ms=0 1450ms=0 1500ms=0 1550ms=0 1600ms=0 1650ms=0 1700ms=0 1750ms=0 1800ms=0 1850ms=0 1900ms=0 1950ms=0 2000ms=0 2050ms=0 2100ms=0 2150ms=0 2200ms=0 2250ms=0 2300ms=0 2350ms=0 2400ms=0 2450ms=0 2500ms=0 2550ms=0 2600ms=0 2650ms=0 2700ms=0 2750ms=0 2800ms=0 2850ms=0 2900ms=0 2950ms=0 3000ms=0 3050ms=0 3100ms=0 3150ms=0 3200ms=0 3250ms=0 3300ms=0 3350ms=0 3400ms=0 3450ms=0 3500ms=0 3550ms=0 3600ms=0 3650ms=0 3700ms=0 3750ms=0 3800ms=0 3850ms=0 3900ms=0 3950ms=0 4000ms=0 4050ms=0 4100ms=0 4150ms=0 4200ms=0 4250ms=0 4300ms=0 4350ms=0 4400ms=0 4450ms=0 4500ms=0 4550ms=0 4600ms=0 4650ms=0 4700ms=0 4750ms=0 4800ms=0 4850ms=0 4900ms=0 4950ms=0
50th gpu percentile: 23ms
90th gpu percentile: 4950ms
95th gpu percentile: 4950ms
99th gpu percentile: 4950ms
GPU HISTOGRAM: 1ms=2 2ms=1 3ms=0 4ms=2 5ms=1 6ms=1 7ms=1 8ms=2 9ms=1 10ms=6 11ms=0 12ms=2 13ms=2 14ms=2 15ms=3 16ms=7 17ms=16 18ms=17 19ms=16 20ms=13 21ms=10 22ms=7 23ms=5 24ms=5 25ms=4 4950ms=98



---PROFILEDATA---
Flags,FrameTimelineVsyncId,IntendedVsync,Vsync,InputEventId,HandleInputStart,AnimationStart,PerformTraversalsStart,DrawStart,FrameDeadline,FrameInterval,FrameStartTime,SyncQueued,SyncStart,IssueDrawCommandsStart,SwapBuffers,FrameCompleted,DequeueBufferDuration,QueueBufferDuration,GpuCompleted,SwapBuffersCompleted,DisplayPresentTime,CommandSubmissionCompleted,
0,290475,86568686830574,86568703497240,-614100127,86568714734320,86568715575195,86568715854528,86568715885570,86568770163904,86568714729486,16666666,86568716367278,86568737695486,86568737733361,86568749903403,86568776302028,22371375,207125,86568776302028,86568773012320,0,86568749903403,
0,290484,86568720163906,86568736830572,-240868389,86568738060195,86568738468486,86568739327028,86568739350528,86568803497236,86568738056236,16666666,86568739711903,86568773086861,86568773454528,86568775515736,86568796736528,12781334,173208,86568796736528,86568789131570,0,86568775515736,
0,290493,86568753497238,86568770163904,-758145761,86568778251236,86568781749611,86568784702445,86568784750153,86568820163902,86568778244695,16666666,86568785818778,86568789161028,86568789270986,86568795983570,86568816075445,16535292,116500,86568816075445,86568813371028,0,86568795983570,
0,290510,86568803497236,86568803497236,-310546783,86568805322570,86568805937028,86568812960361,86568813026986,86568836830568,86568805316070,16666666,86568813902903,86568814095653,86568814137486,86568814809111,86568834409195,12622209,550292,86568834409195,86568828804236,0,86568814809111,
0,290518,86568820163902,86568820163902,-397953747,86568821821403,86568822800111,86568831928403,86568832211403,86568853497234,86568821815195,16666666,86568833118445,86568833220528,86568833240403,86568833853611,86568851769070,13874833,414292,86568851769070,86568848606195,0,86568833853611,
0,290526,86568836830568,86568836830568,-269384407,86568837957320,86568840948945,86568842509320,86568842624861,86568870163900,86568837950403,16666666,86568849812361,86568850086486,86568850224820,86568851181570,86568870453153,7764250,153709,86568870453153,86568859739361,0,86568851181570,
0,290542,86568870163900,86568870163900,-844209552,86568871590570,86568871591528,86568876165570,86568876199236,86568903497232,86568871584320,16666666,86568876206195,86568877216986,86568877311070,86568878828111,86568887912653,1791,119709,86568887912653,86568879351320,0,86568878828111,
0,290550,86568886830566,86568886830566,0,86568888359778,86568888360570,86568889676278,86568889729445,86568920163898,86568888353695,16666666,86568897407820,86568897510403,86568897543945,86568897840778,86568907547861,1417,188542,86568907547861,86568898313695,0,86568897840778,
0,290558,86568903497232,86568903497232,0,86568906272153,86568906273028,86568909185903,86568909226736,86568936830564,86568906265611,16666666,86568909561361,86568910633445,86568911219320,86568919505945,86568931952820,1833,162208,86568931952820,86568920105153,0,86568919505945,
0,290565,86568920163898,86568920163898,0,86568920724945,86568920725653,86568923161570,86568923212820,86568953497230,86568920719111,16666666,86568923689070,86568923889695,86568923928278,86568931121153,86568953132861,9673083,248667,86568953132861,86568942265153,0,86568931121153,
0,290573,86568936830564,86568936830564,0,86568939339695,86568939341486,86568943614778,86568943655528,86568970163896,86568939328528,16666666,86568943800278,86568944314570,86568944845111,86568952376820,86568969852070,7784042,331125,86568969852070,86568960992028,0,86568952376820,
0,290581,86568953497230,86568953497230,0,86568954321653,86568954322945,86568955652486,86568955707236,86568986830562,86568954314945,16666666,86568958504653,86568961034986,86568961070403,86568968991695,86568989503445,7242042,432667,86568989503445,86568977153945,0,86568968991695,
0,290597,86568986830562,86568986830562,-18119958,86568989990070,86568990911320,86568997576195,86568997612403,86569020163894,86568989983861,16666666,86568998195195,86568998287486,86568998364111,86568999058486,86569006350903,2417,166084,86569006350903,86568999681320,0,86568999058486,
0,290605,86569003497228,86569003497228,-295474093,86569004501695,86569005728153,86569014053528,86569014116278,86569036830560,86569004495111,16666666,86569014805695,86569014919611,86569014952695,86569015446528,86569022327236,1792,179458,86569022327236,86569016542028,0,86569015446528,
0,290613,86569020163894,86569020163894,-232223334,86569020902361,86569022731778,86569030252653,86569030412611,86569053497226,86569020895861,16666666,86569031281570,86569031395195,86569031436320,86569031822570,86569042871903,3625,400000,86569042871903,86569032798736,0,86569031822570,
0,290621,86569036830560,86569036830560,-1067441590,86569037605736,86569038396528,86569042408278,86569042478320,86569070163892,86569037598403,16666666,86569043708736,86569043862611,86569043942445,86569051854945,86569061234570,2083,283000,86569061234570,86569052616361,0,86569051854945,
0,290629,86569053497226,86569053497226,-190711335,86569054953111,86569058130070,86569058523195,86569058569570,86569086830558,86569054945320,16666666,86569058968445,86569059254278,86569059277945,86569060834570,86569070025445,5506834,3331791,86569064469278,86569070025445,0,86569060834570,
0,290637,86569070163892,86569070163892,-1060523109,86569075118820,86569075926570,86569079643195,86569079900028,86569103497224,86569075111611,16666666,86569080398111,86569080693111,86569081077986,86569081664445,86569104899070,12497458,466334,86569104899070,86569095502736,0,86569081664445,
0,290645,86569086830558,86569086830558,-263657014,86569087861570,86569093314986,86569094037611,86569094065903,86569136830556,86569087854736,16666666,86569094173903,86569095543611,86569095565278,86569106574695,86569124980236,2584,289584,86569124980236,86569117102528,0,86569106574695,
0,290661,86569120163890,86569120163890,-1022759352,86569123865195,86569126722403,86569127055236,86569127098861,86569153497222,86569123858320,16666666,86569127434820,86569127624486,86569127658028,86569135557236,86569143992403,2750,125709,86569143992403,86569136079861,0,86569135557236,
0,290669,86569136830556,86569136830556,-378071422,86569138806445,86569139537861,86569146173570,86569146225986,86569170163888,86569138798861,16666666,86569154023361,86569154279611,86569154318695,86569155328986,86569164731945,2125,472625,86569164731945,86569156433445,0,86569155328986,
0,290676,86569153497222,86569153497222,-166013609,86569154759820,86569157707486,86569159996111,86569160170695,86569186830554,86569154756361,16666666,86569160375028,86569161036070,86569161393153,86569164300528,86569185163445,8189333,106584,86569185163445,86569172986111,0,86569164300528,
0,290684,86569170163888,86569170163888,-401737667,86569171615028,86569173269486,86569179384195,86569181516320,86569203497220,86569171608736,16666666,86569182734236,86569182859028,86569183001945,86569184388945,86569203547153,9381875,334041,86569203547153,86569199347320,0,86569184388945,
0,290692,86569186830554,86569186830554,-770960753,86569188884403,86569193949445,86569194496403,86569194548570,86569236830552,86569188876778,16666666,86569201454986,86569201653236,86569201707861,86569202450195,86569220121736,8851750,444625,86569220121736,86569212449070,0,86569202450195,
0,290700,86569203497220,86569203497220,-793193101,86569205956736,86569211037070,86569218480695,86569218525445,86569253497218,86569205948653,16666666,86569218742903,86569218873445,86569218974695,86569219727195,86569251275320,22822541,162209,86569251275320,86569243082320,0,86569219727195,
0,290708,86569220163886,86569220163886,-897324421,86569220825153,86569224339403,86569224598528,86569224634736,86569270163884,86569220820820,16666666,86569224817778,86569243144903,86569243272736,86569250206153,86569279886070,21453750,126834,86569279886070,86569272780570,0,86569250206153,
0,290716,86569236830552,86569236830552,-198767551,86569244386486,86569249186611,86569249565945,86569249613611,86569303497216,86569244382611,16666666,86569249830070,86569272848736,86569272888486,86569279435278,86569309399778,21940667,86833,86569309399778,86569301887903,0,86569279435278,
0,290724,86569253497218,86569270163884,-184820048,86569275799195,86569277817570,86569277972528,86569277996820,86569336830548,86569275795361,16666666,86569278376945,86569301956861,86569301997528,86569309031112,86569342747570,25746333,164875,86569342747570,86569335209528,0,86569309031112,
0,290733,86569286830550,86569303497216,-934162377,86569305968820,86569306891362,86569307121862,86569307160528,86569370163880,86569305961653,16666666,86569307675903,86569335273528,86569335311570,86569342433820,86569371358528,23045167,100541,86569371358528,86569365886987,0,86569342433820,
0,290741,86569303497216,86569336830548,-1062612543,86569342077320,86569342082028,86569358860903,86569358929528,86569403497212,86569342073028,16666666,86569359440778,86569365958403,86569365980945,86569380268820,86569409854820,1791,107500,86569409854820,86569380839820,0,86569380268820,
0,290751,86569353497214,86569370163880,0,86569370728570,86569370728945,86569371605320,86569371645278,86569436830544,86569370724528,16666666,86569372307820,86569380925903,86569380997487,86569410447903,86569439000528,2084,167375,86569439000528,86569419281778,0,86569410447903,
0,290767,86569386830546,86569420163878,0,86569422356653,86569422356862,86569422357153,86569422398445,86569470163876,86569422352487,16666666,86569422701153,86569422982487,86569423014278,86569447791070,86569469395112,2042,155666,86569469395112,86569448288070,0,86569447791070,
0,290775,86569436830544,86569436830544,0,86569438654320,86569438655153,86569438656153,86569438713403,86569486830542,86569438648695,16666666,86569439448612,86569448378362,86569448423695,86569476993195,86569496711195,2083,147791,86569496711195,86569477375153,0,86569476993195,
0,290790,86569453497210,86569453497210,0,86569462004653,86569462005862,86569462006695,86569462072237,86569520163874,86569461997695,16666666,86569462667362,86569477449403,86569477473070,86569504518987,86569525273070,1500,105125,86569525273070,86569504858237,0,86569504518987,
0,290797,86569470163876,86569470163876,-48416992,86569482704362,86569482705153,86569482705612,86569482758903,86569553497206,86569482699403,16666666,86569483090695,86569504916695,86569504955362,86569534779278,86569552942528,2125,220292,86569552942528,86569535252237,0,86569534779278,
0,290805,86569486830542,86569503497208,-1027468771,86569507969362,86569508715695,86569508845612,86569508866528,86569570163872,86569507965653,16666666,86569509019320,86569535322112,86569535360987,86569560538403,86569578421028,2000,115166,86569578421028,86569560927987,0,86569560538403,
0,290813,86569520163874,86569536830540,-207769287,86569537292237,86569538395153,86569538599820,86569538628945,86569603497204,86569537287487,16666666,86569538785695,86569560997445,86569561033403,86569579022653,86569608265278,2208,660583,86569608265278,86569589581612,0,86569579022653,
0,290821,86569536830540,86569553497206,-573562252,86569563737070,86569564414695,86569564633487,86569564655028,86569636830536,86569563733278,16666666,86569564798945,86569589672778,86569589739278,86569608974778,86569641679653,4688958,156541,86569641679653,86569614108487,0,86569608974778,
0,290829,86569586830538,86569586830538,-787894916,86569590122362,86569590633570,86569590818945,86569590851570,86569670163868,86569590117987,16666666,86569591058653,86569614171320,86569614209528,86569642002070,86569682396862,7073917,193875,86569682396862,86569649727778,0,86569642002070,
0,290837,86569603497204,86569603497204,-107457398,86569615154778,86569615806653,86569615965362,86569616159653,86569703497200,86569615151320,16666666,86569616348737,86569649809862,86569649862903,86569681986695,86569716883528,26469583,183500,86569716883528,86569708982278,0,86569681986695,
0,290845,86569620163870,86569636830536,-437167776,86569651918820,86569656646695,86569656997487,86569657040570,86569736830532,86569651913862,16666666,86569672507528,86569709097278,86569709195653,86569716476445,86569754031778,27074625,175541,86569754031778,86569744244903,0,86569716476445,
0,290854,86569686830534,86569703497200,-1005319306,86569714753570,86569715363445,86569716192278,86569716237945,86569786830530,86569714746945,16666666,86569716967612,86569750311528,86569750364237,86569754120612,86569776675445,284542,847500,86569776675445,86569758217612,0,86569754120612,
0,290863,86569720163866,86569736830532,-77034027,86569751790612,86569753671987,86569760281403,86569760334987,86569803497196,86569751786362,16666666,86569766407028,86569767619195,86569767735237,86569775761695,86569789378820,12648542,173292,86569776685112,86569789378820,0,86569775761695,
0,290873,86569770163864,86569770163864,-878464940,86569778173487,86569779040528,86569785357278,86569785415570,86569820163862,86569778165112,16666666,86569786960320,86569789450903,86569789491528,86569806482903,86569838743862,15995792,221875,86569838743862,86569823175653,0,86569806482903,
0,290881,86569786830530,86569786830530,-726858811,86569789971070,86569790650278,86569791467820,86569791503945,86569870163860,86569789967195,16666666,86569791643153,86569823243487,86569823289028,86569839429737,86569872546362,13987208,716167,86569872546362,86569854758487,0,86569839429737,
0,290889,86569803497196,86569836830528,-803907919,86569836869487,86569838951070,86569839547070,86569839573695,86569903497192,86569836863112,16666666,86569839580737,86569856199320,86569856239195,86569872549862,86569897016820,23507542,267541,86569897016820,86569896972153,0,86569872549862,
0,290915,86569986830522,86569986830522,-171046995,86569989059695,86569989922487,86569990497487,86569990535112,86570003497188,86569989053737,16666666,86569991107820,86569991365445,86569991524737,86569993326695,86570009188487,9416,415083,86570009188487,86569998937695,0,86569993326695,
0,290923,86570003497188,86570003497188,-577908834,86570009635779,86570010089404,86570010838404,86570010876820,86570036830520,86570009630070,16666666,86570011527279,86570017370820,86570017509320,86570020528820,86570033722612,2042,550042,86570033722612,86570021434654,0,86570020528820,
0,290930,86570020163854,86570020163854,-329115026,86570021658612,86570022274779,86570024707570,86570024802445,86570053497186,86570021654154,16666666,86570025060737,86570026310945,86570026358487,86570033044612,86570053274779,9277041,217875,86570053274779,86570043060445,0,86570033044612,
0,290938,86570036830520,86570036830520,-928916761,86570041418320,86570043590570,86570044756404,86570044807612,86570070163852,86570041411320,16666666,86570044964904,86570050707362,86570050773529,86570052415487,86570078128029,23789417,232583,86570078128029,86570077130487,0,86570052415487,
0,290946,86570053497186,86570053497186,-349042008,86570055054112,86570057266362,86570057914945,86570057963404,86570103497184,86570055047445,16666666,86570058257945,86570077196195,86570077238237,86570077654904,86570102698237,22840375,131750,86570102698237,86570101052779,0,86570077654904,
0,290954,86570070163852,86570070163852,-567834613,86570077430445,86570078983112,86570079329612,86570079369029,86570120163850,86570077427237,16666666,86570079638237,86570101132320,86570101159862,86570102166529,86570120710862,16566792,231209,86570120710862,86570119502195,0,86570102166529,
0,290962,86570086830518,86570086830518,-778600525,86570102889112,86570105910737,86570119501487,86570119546362,86570153497182,86570102885279,16666666,86570122093945,86570129352320,86570129480612,86570130464737,86570139937779,2125,119167,86570139937779,86570130973070,0,86570130464737,
0,290971,86570120163850,86570120163850,-934826140,86570129797279,86570130297112,86570130994862,86570131023695,86570170163848,86570129793570,16666666,86570131601154,86570131733945,86570131793320,86570139925945,86570159859654,15622209,436416,86570159859654,86570156856320,0,86570139925945,
0,290979,86570136830516,86570136830516,-696617061,86570139695320,86570141942862,86570142462737,86570142521237,86570186830514,86570139689154,16666666,86570142870070,86570156960070,86570157028945,86570159279987,86570182926904,12575334,225958,86570182926904,86570172500029,0,86570159279987,
0,290987,86570153497182,86570153497182,-1062698686,86570157935695,86570158779945,86570159538612,86570159575320,86570203497180,86570157931445,16666666,86570159718279,86570172567029,86570172622987,86570182450779,86570225265987,40422792,137500,86570225265987,86570223453154,0,86570182450779,
0,290995,86570170163848,86570170163848,-414505221,86570176640612,86570180802154,86570181419195,86570181459987,86570253497178,86570176633820,16666666,86570182028404,86570223543737,86570223582237,86570226394445,86570260836112,2375,237791,86570260836112,86570237098195,0,86570226394445,
0,291003,86570186830514,86570220163846,-115367791,86570224882779,86570225218154,86570236303487,86570236362404,86570286830510,86570224878945,16666666,86570236593945,86570237166237,86570237586820,86570261644904,86570293645779,2792,182375,86570293645779,86570270689570,0,86570261644904,
0,291011,86570236830512,86570236830512,-808314535,86570239870945,86570240846904,86570241075820,86570241116945,86570320163842,86570239866279,16666666,86570241314362,86570270781237,86570270811904,86570294081112,86570331551987,3550500,318625,86570331551987,86570299585154,0,86570294081112,
0,291019,86570253497178,86570270163844,-849809407,86570273747404,86570274312112,86570274560779,86570274600779,86570353497174,86570273741570,16666666,86570274835737,86570299730362,86570299809529,86570331131654,86570363361070,23156500,161916,86570363361070,86570354853195,0,86570331131654,
0,291027,86570286830510,86570286830510,-498742044,86570303486529,86570303815862,86570303930029,86570304480029,86570386830506,86570303483029,16666666,86570305168820,86570354952070,86570355025820,86570363033070,86570405254529,22422416,94250,86570405254529,86570386040404,0,86570363033070,
0,291035,86570303497176,86570353497174,-647114894,86570355213695,86570360682529,86570360916904,86570360946654,86570436830504,86570355210195,16666666,86570361204029,86570386131445,86570386202779,86570404193779,86570468359362,52104875,639292,86570468359362,86570457417279,0,86570404193779,
0,291046,86570370163840,86570386830506,-119775738,86570400453612,86570400464237,86570400464862,86570400504445,86570486830502,86570400449529,16666666,86570402598570,86570457488112,86570457528279,86570467992362,86570521118237,45505125,102959,86570521118237,86570514137820,0,86570467992362,
0,291055,86570403497172,86570453497170,0,86570464665779,86570464666029,86570464666320,86570464863820,86570553497166,86570464661945,16666666,86570465260070,86570514242820,86570514346154,86570521450112,86570578445570,2360167,386292,86570578445570,86570529986820,0,86570521450112,
0,291064,86570470163836,86570503497168,0,86570517955362,86570517955862,86570517956362,86570517995654,86570603497164,86570517949112,16666666,86570518436904,86570530062279,86570530119820,86570578131862,86570651134279,60377625,96542,86570651134279,86570638889945,0,86570578131862,
0,291073,86570520163834,86570520163834,0,86570530785279,86570530785904,86570530786404,86570530829487,86570670163828,86570530779320,16666666,86570538210320,86570638950779,86570638977570,86570648778904,86570714305987,56435792,486500,86570714305987,86570707647737,0,86570648778904,
0,291081,86570536830500,86570653497162,-563627122,86570661991029,86570661993237,86570661994195,86570662079404,86570736830492,86570657357445,16666666,86570664766654,86570707798612,86570707857237,86570713152529,86570763799362,35862250,261209,86570763799362,86570750235071,0,86570713152529,
0,291101,86570670163828,86570703497160,-371006301,86570714966237,86570721097196,86570721310196,86570721342862,86570786830490,86570714961654,16666666,86570721525071,86570750310821,86570750366946,86570762994362,86570807518362,33401959,234375,86570807518362,86570797478154,0,86570762994362,
0,291109,86570703497160,86570753497158,-963199868,86570756733196,86570760814112,86570770357029,86570770410612,86570836830488,86570756728862,16666666,86570770827279,86570797558446,86570797621362,86570806895404,86570857385571,29684250,153875,86570857385571,86570837294446,0,86570806895404,
0,291118,86570770163824,86570803497156,-823394703,86570808786196,86570813040071,86570816981696,86570817038696,86570886830486,86570808779404,16666666,86570817208987,86570837389987,86570837430404,86570856377737,86570910881154,34434084,109292,86570910881154,86570891888862,0,86570856377737,
0,291128,86570820163822,86570853497154,-242402378,86570861088154,86570863561529,86570872994987,86570875720446,86570936830484,86570861084029,16666666,86570877291237,86570891975696,86570892444362,86570910833612,86571002197696,2198875,180166,86571002197696,86570914419821,0,86570910833612,
0,291138,86570870163820,86570886830486,-643727399,86570898566904,86570899057904,86570899967612,86570910375487,86571020163814,86570898562071,16666666,86570922629029,86570923646196,86570923716612,86571000477196,86571081647362,75270583,4916917,86571006058112,86571081647362,0,86571000477196,
0,291147,86570920163818,86570986830482,-486145567,86570998018112,86570998580237,86571023120821,86571047729446,86571036830480,86570998010112,16666666,86571057078446,86571081721362,86571081747696,86571091824529,86571244061612,137541084,11344084,86571231419571,86571244061612,0,86571091824529,
0,291179,86571336830468,86571336830468,-458133055,86571337789362,86571338548112,86571339981279,86571340587279,86571353497134,86571337782696,16666666,86571340599571,86571341379987,86571341411154,86571342963487,86571371279279,2542,194250,86571371279279,86571343944904,0,86571342963487,
0,291187,86571353497134,86571353497134,-681354223,86571354643987,86571359853487,86571361017321,86571361091779,86571403497132,86571354636821,16666666,86571361688946,86571361710654,86571361758154,86571370378779,86571427765946,47459167,266458,86571427765946,86571419355863,0,86571370378779,
0,291194,86571370163800,86571370163800,-951595075,86571375924529,86571376634779,86571378318696,86571378351779,86571453497130,86571375917862,16666666,86571378598987,86571419858654,86571419900863,86571427213821,86571471650488,25135875,175584,86571471650488,86571452993821,0,86571427213821,
0,291202,86571386830466,86571420163798,-678357818,86571423748404,86571432425113,86571433879988,86571434182071,86571503497128,86571423742321,16666666,86571435380738,86571454076988,86571454158738,86571470156154,86571556131238,59454917,204208,86571556131238,86571531174654,0,86571470156154,
0,291211,86571436830464,86571453497130,-12576773,86571457485363,86571457957696,86571509848738,86571509885488,86571586830458,86571457480071,16666666,86571510214613,86571531384529,86571531433446,86571549775029,86571621356904,48437125,972541,86571621356904,86571604624363,0,86571549775029,
0,291220,86571470163796,86571520163794,-444531146,86571532509279,86571533174196,86571534117071,86571534166113,86571653497122,86571532504863,16666666,86571534321196,86571604768029,86571604830696,86571620957029,86571686137779,60577042,826125,86571686137779,86571683091529,0,86571620957029,
0,291229,86571536830460,86571620163790,-1073640540,86571633960946,86571637961279,86571643377154,86571643414113,86571703497120,86571633953029,16666666,86571648456029,86571683170404,86571683217988,86571685596863,86571715662196,17056208,113917,86571715662196,86571703264696,0,86571685596863,
0,291239,86571653497122,86571670163788,-479388347,86571684554154,86571684963196,86571686882654,86571686923696,86571736830452,86571684549946,16666666,86571687113363,86571703347696,86571703425488,86571715871113,86571775999696,52189334,776334,86571775999696,86571769978779,0,86571715871113,
0,291247,86571686830454,86571720163786,-421302479,86571724462321,86571725053738,86571726087238,86571726140113,86571803497116,86571724456113,16666666,86571726377279,86571770258029,86571770283446,86571775173321,86571885475029,99845500,506666,86571885475029,86571875973654,0,86571775173321,
0,291256,86571736830452,86571770163784,0,86571771047363,86571771048529,86571771049279,86571771113988,86571903497112,86571771036988,16666666,86571771590779,86571876136279,86571876389446,86571884884529,86571956966071,50135917,396417,86571956966071,86571935694321,0,86571884884529,
0,291264,86571786830450,86571870163780,0,86571882794571,86571882795571,86571882796279,86571882860946,86571986830442,86571882783613,16666666,86571883441613,86571935762279,86571935856196,86571956546821,86572030864279,57001167,91875,86572030864279,86572014029571,0,86571956546821,
0,291273,86571886830446,86571936830444,0,86571937951821,86571937952446,86571937952863,86571938011446,86572053497106,86571937945113,16666666,86571939351904,86572014107696,86572014147821,86572030246988,86572164964405,64058000,131750,86572164964405,86572095014738,0,86572030246988,
0,291283,86571953497110,86572003497108,-515051054,86572015635238,86572015635863,86572015636238,86572015670863,86572186830434,86572015630238,16666666,86572019944404,86572095112904,86572095189738,86572161666863,86572251880988,62470584,300875,86572251880988,86572243721905,0,86572161666863,
0,291294,86572053497106,86572086830438,-899219356,86572096412196,86572096770196,86572219887530,86572219925946,86572270163764,86572096407696,16666666,86572223774155,86572243800738,86572243868530,86572251282946,86572307235738,45755250,268500,86572307235738,86572297764905,0,86572251282946,
0,291302,86572170163768,86572236830432,-872624655,86572245449738,86572247962363,86572284464113,86572285142571,86572336830428,86572245445946,16666666,86572285862988,86572297899155,86572297946863,86572306796780,86572355105571,37790959,119750,86572355105571,86572345096071,0,86572306796780,
0,291311,86572253497098,86572286830430,-485677457,86572299680155,86572301082321,86572361170155,86572361225196,86572386830426,86572299674613,16666666,86572362178696,86572363896613,86572363970071,86572371782738,86572398976613,5041,1493875,86572398976613,86572374590238,0,86572371782738,
0,291330,86572403497092,86572403497092,-535231202,86572410408488,86572410409613,86572410410571,86572410583988,86572420163758,86572410401488,16666666,86572410940113,86572411268905,86572411395113,86572412877363,86572425922280,1500,119500,86572425922280,86572413603530,0,86572412877363,
0,291345,86572536830420,86572536830420,-228879894,86572540826696,86572541331571,86572542416405,86572542443738,86572553497086,86572540820363,16666666,86572542451446,86572542540280,86572542572905,86572543593988,86572555475738,2125,127084,86572555475738,86572544563030,0,86572543593988,
0,291353,86572553497086,86572553497086,-738698374,86572555778446,86572556746696,86572561117363,86572561150946,86572586830418,86572555772280,16666666,86572561419030,86572561538446,86572561823738,86572565476446,86572575471113,2083,426958,86572575471113,86572567462696,0,86572565476446,
0,291361,86572570163752,86572570163752,-604969068,86572574710363,86572575952988,86572578685988,86572578756321,86572603497084,86572574698905,16666666,86572578945030,86572579237738,86572579284321,86572587351905,86572613207780,1834,104667,86572613207780,86572587788530,0,86572587351905,
0,291368,86572586830418,86572586830418,-119524585,86572587605196,86572588460488,86572588898280,86572588936155,86572636830416,86572587600655,16666666,86572589249030,86572589368946,86572589404905,86572610613363,86572642897405,28947417,2375625,86572613855238,86572642897405,0,86572610613363,
0,291376,86572603497084,86572603497084,-49223586,86572614587363,86572615533613,86572617673321,86572617720655,86572653497082,86572614581071,16666666,86572618022196,86572642964321,86572642985363,86572644914071,86572678249738,18468792,215125,86572678249738,86572664897696,0,86572644914071,
0,291384,86572620163750,86572636830416,-641533481,86572643462863,86572644169446,86572645152738,86572645186238,86572703497080,86572643457155,16666666,86572647650446,86572664967238,86572665021155,86572677501821,86572702949905,13824542,181500,86572702949905,86572692167946,0,86572677501821,
0,291392,86572653497082,86572653497082,-828916594,86572665637946,86572666136196,86572666774196,86572666801488,86572720163746,86572665634655,16666666,86572666898155,86572692293946,86572692327905,86572702526946,86572722098280,11077750,149958,86572722098280,86572714078321,0,86572702526946,
0,291400,86572670163748,86572703497080,-164900114,86572712914571,86572713796571,86572715730946,86572715771405,86572753497078,86572712907363,16666666,86572716120696,86572716403113,86572716438988,86572722132405,86572740805155,282958,121209,86572740805155,86572723375446,0,86572722132405,
0,291410,86572720163746,86572720163746,0,86572721158571,86572721350946,86572721361113,86572721826488,86572770163744,86572721152696,16666666,86572722043905,86572723402238,86572723434571,86572732185113,86572755622030,11667583,349167,86572755622030,86572753935738,0,86572732185113,
0,291418,86572736830412,86572736830412,-802379322,86572740844530,86572742512946,86572743754196,86572743805905,86572786830410,86572740838113,16666666,86572743973863,86572754156321,86572754245655,86572755402738,86572772539280,11580833,771834,86572772539280,86572768205863,0,86572755402738,
0,291426,86572753497078,86572753497078,-1008332494,86572754711738,86572755262613,86572755961946,86572755991488,86572803497076,86572754707905,16666666,86572756672863,86572768282821,86572771217738,86572772281738,86572793928905,809750,71833,86572793928905,86572774131446,0,86572772281738,
0,291434,86572770163744,86572770163744,-987999563,86572772144571,86572772530738,86572775530405,86572775573530,86572820163742,86572772140780,16666666,86572775717071,86572777104530,86572777185863,86572783477655,86572813663238,11675584,125166,86572813663238,86572805653322,0,86572783477655,
0,291442,86572786830410,86572786830410,-714178351,86572789404530,86572789824655,86572790335030,86572790385571,86572836830408,86572789398405,16666666,86572790715446,86572805718738,86572805755155,86572813323863,86572833287197,8848959,98500,86572833287197,86572822564697,0,86572813323863,
0,291450,86572803497076,86572803497076,-550192814,86572805887863,86572812074738,86572812425197,86572812461780,86572853497074,86572805884363,16666666,86572812706530,86572822625405,86572822664530,86572832866238,86572854040613,13787917,149917,86572854040613,86572847192030,0,86572832866238,
0,291458,86572820163742,86572820163742,-681353133,86572822959030,86572823493947,86572824401572,86572824443988,86572886830406,86572822952613,16666666,86572824621280,86572847304572,86572847413780,86572853565822,86572891049947,27779916,127334,86572891049947,86572882334322,0,86572853565822,
0,291466,86572836830408,86572836830408,-2784393,86572847930988,86572850756572,86572850972197,86572853008613,86572920163738,86572847927280,16666666,86572853330780,86572882451572,86572882556072,86572890614197,86572928970238,20228500,166000,86572928970238,86572911376238,0,86572890614197,
0,291474,86572853497074,86572870163740,-1042429902,86572883649363,86572884583655,86572884755905,86572884778030,86572953497070,86572883645655,16666666,86572884916863,86572911437530,86572911474363,86572928588905,86572961363113,26420791,166667,86572961363113,86572955927655,0,86572928588905,
0,291484,86572903497072,86572903497072,-960375406,86572913919072,86572913926905,86572914390780,86572914422155,86572986830402,86572913914822,16666666,86572914773738,86572956131988,86572956421322,86572962408280,86572992591988,3684417,179208,86572992591988,86572966594363,0,86572962408280,
0,291492,86572920163738,86572953497070,0,86572958720947,86572958721530,86572959015863,86572959050780,86573020163734,86572958715363,16666666,86572959193655,86572966665988,86572967022155,86572992203363,86573025759197,27470375,161917,86573025759197,86573020126030,0,86572992203363,
0,291502,86572970163736,86572970163736,0,86572971998280,86572971999072,86572972044697,86572972099238,86573053497066,86572971991947,16666666,86572972584572,86573020197697,86573020353863,86573025449697,86573062113155,28523542,98000,86573062113155,86573054385405,0,86573025449697,
0,291510,86572986830402,86573020163734,0,86573021839488,86573021839697,86573021839988,86573021877322,86573086830398,86573021835488,16666666,86573022107572,86573054499905,86573054593988,86573061678947,86573117653988,45500958,177375,86573117653988,86573110126988,0,86573061678947,
0,291520,86573036830400,86573053497066,0,86573056602197,86573056602447,86573056602697,86573056641863,86573136830396,86573056598363,16666666,86573058086905,86573113110572,86573113219113,86573117214030,86573153989072,25367458,149708,86573153989072,86573147151530,0,86573117214030,
0,291529,86573070163732,86573103497064,0,86573114405155,86573114405613,86573114405863,86573114440488,86573186830394,86573114401280,16666666,86573114742280,86573147239655,86573147265405,86573154238113,86573190734780,23887291,119375,86573190734780,86573186404613,0,86573154238113,
0,291538,86573120163730,86573136830396,0,86573149099197,86573149099572,86573149099905,86573149152113,86573220163726,86573149094822,16666666,86573149993572,86573186492322,86573187406905,86573190297988,86573231602613,24070583,158667,86573231602613,86573214869822,0,86573190297988,
0,291547,86573153497062,86573186830394,0,86573188245572,86573188245780,86573188246072,86573188283072,86573253497058,86573188241572,16666666,86573188569030,86573214942238,86573214980447,86573231208572,86573277199697,25847542,140459,86573277199697,86573257512363,0,86573231208572,
0,291557,86573203497060,86573203497060,0,86573215307363,86573215307655,86573215307947,86573215345738,86573303497056,86573215303405,16666666,86573215670322,86573257593905,86573257636697,86573276881155,86573322000947,28313875,125542,86573322000947,86573305572072,0,86573276881155,
0,291565,86573220163726,86573253497058,0,86573257945988,86573257946238,86573257946530,86573257982905,86573353497054,86573257941238,16666666,86573258245197,86573305649488,86573305692488,86573322786822,86573360274447,1667250,305000,86573360274447,86573325107488,0,86573322786822,
0,291575,86573270163724,86573303497056,0,86573306013155,86573306013447,86573306013738,86573306050072,86573386830386,86573306009238,16666666,86573306592197,86573325182738,86573325235447,86573360614280,86573417953072,2042,163208,86573417953072,86573371154322,0,86573360614280,
0,291585,86573320163722,86573320163722,0,86573326000447,86573326000780,86573326001072,86573326043155,86573436830384,86573325996405,16666666,86573326459030,86573371241447,86573371296863,86573417941405,86573457650488,6458291,132750,86573457650488,86573426322780,0,86573417941405,
0,291593,86573336830388,86573370163720,0,86573375548405,86573375549113,86573375549655,86573375606947,86573353497054,86573375541322,16666666,86573375783488,86573426394572,86573426444780,86573441813488,86568750376736,14307500,847375,86568750376736,86573472707447,0,86573441813488,
---PROFILEDATA---


View hierarchy:

  dev.polski.grammarmatrix/dev.polski.grammarmatrix.GlassBenchmarkActivity/android.view.ViewRootImpl@2b9632d
  7 views, 12.02 kB of render nodes


Total ViewRootImpl   : 1
Total attached Views : 7
Total RenderNode     : 12.02 kB (used) / 36.09 kB (capacity)

