Applications Graphics Acceleration Info:
Uptime: 86585307 Realtime: 86585307

** Graphics info for pid 10795 [dev.polski.grammarmatrix] **

Stats since: 86578001132824ns
Total frames rendered: 179
Janky frames: 123 (68.72%)
Janky frames (legacy): 160 (89.39%)
50th percentile: 65ms
90th percentile: 133ms
95th percentile: 150ms
99th percentile: 500ms
Number Missed Vsync: 75
Number High input latency: 102
Number Slow UI thread: 75
Number Slow bitmap uploads: 3
Number Slow issue draw commands: 121
Number Frame deadline missed: 123
Number Frame deadline missed (legacy): 119
HISTOGRAM: 5ms=0 6ms=0 7ms=0 8ms=0 9ms=0 10ms=0 11ms=0 12ms=1 13ms=1 14ms=1 15ms=1 16ms=1 17ms=4 18ms=3 19ms=2 20ms=0 21ms=0 22ms=0 23ms=0 24ms=0 25ms=0 26ms=3 27ms=0 28ms=0 29ms=2 30ms=0 31ms=1 32ms=5 34ms=2 36ms=10 38ms=1 40ms=0 42ms=5 44ms=2 46ms=4 48ms=7 53ms=11 57ms=9 61ms=8 65ms=14 69ms=9 73ms=8 77ms=7 81ms=9 85ms=8 89ms=4 93ms=6 97ms=5 101ms=2 105ms=1 109ms=1 113ms=1 117ms=0 121ms=0 125ms=1 129ms=1 133ms=1 150ms=9 200ms=3 250ms=1 300ms=2 350ms=0 400ms=0 450ms=0 500ms=1 550ms=0 600ms=1 650ms=0 700ms=0 750ms=0 800ms=0 850ms=0 900ms=0 950ms=0 1000ms=0 1050ms=0 1100ms=0 1150ms=0 1200ms=0 1250ms=0 1300ms=0 1350ms=0 1400ms=0 1450ms=0 1500ms=0 1550ms=0 1600ms=0 1650ms=0 1700ms=0 1750ms=0 1800ms=0 1850ms=0 1900ms=0 1950ms=0 2000ms=0 2050ms=0 2100ms=0 2150ms=0 2200ms=0 2250ms=0 2300ms=0 2350ms=0 2400ms=0 2450ms=0 2500ms=0 2550ms=0 2600ms=0 2650ms=0 2700ms=0 2750ms=0 2800ms=0 2850ms=0 2900ms=0 2950ms=0 3000ms=0 3050ms=0 3100ms=0 3150ms=0 3200ms=0 3250ms=0 3300ms=0 3350ms=0 3400ms=0 3450ms=0 3500ms=0 3550ms=0 3600ms=0 3650ms=0 3700ms=0 3750ms=0 3800ms=0 3850ms=0 3900ms=0 3950ms=0 4000ms=0 4050ms=0 4100ms=0 4150ms=0 4200ms=0 4250ms=0 4300ms=0 4350ms=0 4400ms=0 4450ms=0 4500ms=0 4550ms=0 4600ms=0 4650ms=0 4700ms=0 4750ms=0 4800ms=0 4850ms=0 4900ms=0 4950ms=0
50th gpu percentile: 4950ms
90th gpu percentile: 4950ms
95th gpu percentile: 4950ms
99th gpu percentile: 4950ms
GPU HISTOGRAM: 1ms=0 2ms=0 3ms=0 4ms=1 5ms=0 6ms=0 7ms=4 8ms=4 9ms=5 10ms=1 11ms=2 12ms=1 13ms=0 14ms=0 15ms=0 16ms=2 17ms=2 18ms=4 19ms=3 20ms=5 21ms=7 22ms=2 23ms=7 24ms=5 25ms=10 4950ms=114

Pipeline=Skia (OpenGL)
Memory policy:
  Max surface area: 2592000
  Max resource usage: 124.42MB (x48)
  Background retention: 50% (altUiHidden = true)
  GPU Context timeout: 10
Contexts: 1 (stopped = 0)
CPU Caches:
  Glyph Cache: 33.70 KB (1 entry)
  Glyph Count: 11 
Total CPU memory usage:
  34510 bytes, 33.70 KB (0.00 bytes is purgeable)
GPU Caches:
  Other:
    Other: 49.27 KB (1 entry)
    Buffer Object: 36.00 KB (1 entry)
  Scratch:
    RenderTarget: 11.88 MB (1 entry)
    Buffer Object: 110.00 KB (3 entries)
    Texture: 2.00 MB (1 entry)
Total GPU memory usage:
  14748944 bytes, 14.07 MB (11.94 MB is purgeable)

GraphicBufferAllocator buffers:
        Handle |        Size |     W (Stride) x H | Layers |   Format |      Usage | Requestor
0xb400007c0ba83fd0 |     unknown | 1080 (   0) x 2400 |      1 |        1 | 0x     b00 | VRI[GlassBenchmarkActivity]#0(BLAST Consumer)0
0xb400007c0ba85f50 |     unknown | 1080 (   0) x 2400 |      1 |        1 | 0x     b00 | VRI[GlassBenchmarkActivity]#0(BLAST Consumer)0
0xb400007c0ba90f60 |     unknown | 1080 (   0) x 2400 |      1 |        1 | 0x     b00 | VRI[GlassBenchmarkActivity]#0(BLAST Consumer)0
Total allocated by GraphicBufferAllocator (estimate): 0.00 KB
GoldfishAllocator::dumpDebugInfo is not implemented
Profile data in ms:

	dev.polski.grammarmatrix/dev.polski.grammarmatrix.GlassBenchmarkActivity/android.view.ViewRootImpl@71eac3a (visibility=0)
Window: dev.polski.grammarmatrix/dev.polski.grammarmatrix.GlassBenchmarkActivity
Stats since: 86578001132074ns
Total frames rendered: 179
Janky frames: 123 (68.72%)
Janky frames (legacy): 160 (89.39%)
50th percentile: 65ms
90th percentile: 133ms
95th percentile: 150ms
99th percentile: 500ms
Number Missed Vsync: 75
Number High input latency: 102
Number Slow UI thread: 75
Number Slow bitmap uploads: 3
Number Slow issue draw commands: 121
Number Frame deadline missed: 123
Number Frame deadline missed (legacy): 119
HISTOGRAM: 5ms=0 6ms=0 7ms=0 8ms=0 9ms=0 10ms=0 11ms=0 12ms=1 13ms=1 14ms=1 15ms=1 16ms=1 17ms=4 18ms=3 19ms=2 20ms=0 21ms=0 22ms=0 23ms=0 24ms=0 25ms=0 26ms=3 27ms=0 28ms=0 29ms=2 30ms=0 31ms=1 32ms=5 34ms=2 36ms=10 38ms=1 40ms=0 42ms=5 44ms=2 46ms=4 48ms=7 53ms=11 57ms=9 61ms=8 65ms=14 69ms=9 73ms=8 77ms=7 81ms=9 85ms=8 89ms=4 93ms=6 97ms=5 101ms=2 105ms=1 109ms=1 113ms=1 117ms=0 121ms=0 125ms=1 129ms=1 133ms=1 150ms=9 200ms=3 250ms=1 300ms=2 350ms=0 400ms=0 450ms=0 500ms=1 550ms=0 600ms=1 650ms=0 700ms=0 750ms=0 800ms=0 850ms=0 900ms=0 950ms=0 1000ms=0 1050ms=0 1100ms=0 1150ms=0 1200ms=0 1250ms=0 1300ms=0 1350ms=0 1400ms=0 1450ms=0 1500ms=0 1550ms=0 1600ms=0 1650ms=0 1700ms=0 1750ms=0 1800ms=0 1850ms=0 1900ms=0 1950ms=0 2000ms=0 2050ms=0 2100ms=0 2150ms=0 2200ms=0 2250ms=0 2300ms=0 2350ms=0 2400ms=0 2450ms=0 2500ms=0 2550ms=0 2600ms=0 2650ms=0 2700ms=0 2750ms=0 2800ms=0 2850ms=0 2900ms=0 2950ms=0 3000ms=0 3050ms=0 3100ms=0 3150ms=0 3200ms=0 3250ms=0 3300ms=0 3350ms=0 3400ms=0 3450ms=0 3500ms=0 3550ms=0 3600ms=0 3650ms=0 3700ms=0 3750ms=0 3800ms=0 3850ms=0 3900ms=0 3950ms=0 4000ms=0 4050ms=0 4100ms=0 4150ms=0 4200ms=0 4250ms=0 4300ms=0 4350ms=0 4400ms=0 4450ms=0 4500ms=0 4550ms=0 4600ms=0 4650ms=0 4700ms=0 4750ms=0 4800ms=0 4850ms=0 4900ms=0 4950ms=0
50th gpu percentile: 4950ms
90th gpu percentile: 4950ms
95th gpu percentile: 4950ms
99th gpu percentile: 4950ms
GPU HISTOGRAM: 1ms=0 2ms=0 3ms=0 4ms=1 5ms=0 6ms=0 7ms=4 8ms=4 9ms=5 10ms=1 11ms=2 12ms=1 13ms=0 14ms=0 15ms=0 16ms=2 17ms=2 18ms=4 19ms=3 20ms=5 21ms=7 22ms=2 23ms=7 24ms=5 25ms=10 4950ms=114



---PROFILEDATA---
Flags,FrameTimelineVsyncId,IntendedVsync,Vsync,InputEventId,HandleInputStart,AnimationStart,PerformTraversalsStart,DrawStart,FrameDeadline,FrameInterval,FrameStartTime,SyncQueued,SyncStart,IssueDrawCommandsStart,SwapBuffers,FrameCompleted,DequeueBufferDuration,QueueBufferDuration,GpuCompleted,SwapBuffersCompleted,DisplayPresentTime,CommandSubmissionCompleted,
0,293422,86581503496728,86581503496728,-742110392,86581505250034,86581509844617,86581510353284,86581510384159,86581553496726,86581505245534,16666666,86581511654409,86581515157034,86581515251784,86581524498242,86581551102201,13626834,259375,86581551102201,86581538985326,0,86581524498242,
0,293430,86581520163394,86581520163394,-317211463,86581522916867,86581523513034,86581527277617,86581527320076,86581570163392,86581522911326,16666666,86581527559451,86581539057367,86581539121409,86581550574784,86581601541992,36972583,143750,86581601541992,86581588145117,0,86581550574784,
0,293438,86581536830060,86581536830060,-491694798,86581542818992,86581550636409,86581551933492,86581552447909,86581620163390,86581542812992,16666666,86581553773534,86581588233117,86581588290617,86581601211992,86581629786617,22523333,122625,86581629786617,86581624136826,0,86581601211992,
0,293446,86581553496726,86581586830058,-1049293745,86581588751909,86581589389117,86581589635826,86581589673367,86581653496722,86581588746534,16666666,86581589948826,86581624219159,86581624245159,86581629205284,86581658397992,19665291,108458,86581658397992,86581649608201,0,86581629205284,
0,293455,86581603496724,86581620163390,-1068803289,86581626426451,86581627233326,86581627788701,86581627923409,86581686830054,86581626422409,16666666,86581628789117,86581649684576,86581649743576,86581657929534,86581686431284,19612833,241875,86581686431284,86581678076534,0,86581657929534,
0,293464,86581636830056,86581653496722,-201149146,86581654281951,86581654925826,86581655176576,86581655214326,86581703496720,86581654275534,16666666,86581655472534,86581678144492,86581678200201,86581685845909,86581719151367,25148250,288167,86581719151367,86581711632409,0,86581685845909,
0,293472,86581653496722,86581670163388,-1037656560,86581678431826,86581680959117,86581681885784,86581681948576,86581736830052,86581678428284,16666666,86581682485534,86581711698284,86581711739867,86581718735909,86581750233826,21234250,235750,86581750233826,86581740445742,0,86581718735909,
0,293481,86581686830054,86581703496720,-671592452,86581712515284,86581712967242,86581713278159,86581713300159,86581770163384,86581712511326,16666666,86581713459951,86581740515826,86581740560117,86581749812951,86581782505409,21098500,211750,86581782505409,86581771388326,0,86581749812951,
0,293490,86581720163386,86581736830052,-993408657,86581740897826,86581741236451,86581741377492,86581741398701,86581803496716,86581740893992,16666666,86581745915159,86581771456534,86581771554284,86581781783076,86581821639909,35716000,284625,86581821639909,86581818296201,0,86581781783076,
0,293499,86581753496718,86581770163384,-1013560969,86581773418284,86581773424451,86581773809201,86581773839159,86581853496714,86581773413909,16666666,86581774107576,86581818374159,86581818419617,86581822067534,86581870612409,33373334,631958,86581870612409,86581856571076,0,86581822067534,
0,293508,86581786830050,86581820163382,0,86581824959701,86581824960826,86581825680951,86581825721409,86581903496712,86581824952201,16666666,86581825949117,86581856645242,86581856693992,86581870273826,86581909612784,30897167,154500,86581909612784,86581901576159,0,86581870273826,
0,293518,86581836830048,86581853496714,0,86581857539951,86581857540576,86581857540826,86581857595951,86581936830044,86581857534617,16666666,86581858025826,86581901648159,86581901693451,86581910946659,86581945639659,1750,205250,86581945639659,86581920958034,0,86581910946659,
0,293526,86581870163380,86581903496712,-917439657,86581905655493,86581905797409,86581905798243,86581907402493,86581970163376,86581905645451,16666666,86581908781284,86581921025659,86581921069576,86581946125118,86581978563993,161583,406167,86581978563993,86581946983784,0,86581946125118,
0,293535,86581920163378,86581920163378,-9076492,86581922002909,86581923934243,86581924936326,86581925000993,86582003496708,86581921995118,16666666,86581925349118,86581947044076,86581947129743,86581978829784,86582010577951,22452750,237417,86582010577951,86582001818826,0,86581978829784,
0,293543,86581936830044,86581936830044,-600591338,86581948345451,86581949431243,86581953409743,86581953476201,86582036830040,86581948339701,16666666,86581955093951,86582001885576,86582001928909,86582010089284,86582045500284,26754167,146959,86582045500284,86582037387284,0,86582010089284,
0,293551,86581953496710,86581986830042,-255473936,86582002289326,86582002793993,86582003159951,86582003193159,86582070163372,86582002284743,16666666,86582003424368,86582037749909,86582037791743,86582045115659,86582070685534,17965125,127042,86582070685534,86582063519409,0,86582045115659,
0,293560,86582003496708,86582036830040,-946000411,86582045123034,86582045713618,86582045947118,86582045984409,86582103496704,86582045115868,16666666,86582046230951,86582063583451,86582063624576,86582071708493,86582101467618,2125,644417,86582101467618,86582081374951,0,86582071708493,
0,293570,86582053496706,86582053496706,-27231660,86582068661534,86582069657659,86582069896118,86582069967993,86582120163370,86582068657951,16666666,86582070241159,86582081447159,86582081494159,86582101969368,86582131583243,2041,235625,86582131583243,86582111504909,0,86582101969368,
0,293578,86582070163372,86582070163372,0,86582082376201,86582082427284,86582082427618,86582082460993,86582153496702,86582082373034,16666666,86582082687993,86582111572909,86582111613909,86582132440201,86582161563701,2125,178917,86582161563701,86582141843451,0,86582132440201,
0,293586,86582086830038,86582103496704,-340200817,86582113334826,86582114096326,86582114394659,86582114864368,86582186830034,86582113325909,16666666,86582125600909,86582141917284,86582141969076,86582162137909,86582189865909,696834,427250,86582189865909,86582163483243,0,86582162137909,
0,293594,86582120163370,86582136830036,-619468258,86582144761826,86582145444868,86582151613618,86582151667659,86582220163366,86582144758409,16666666,86582152175409,86582163542743,86582163599868,86582190181659,86582211165326,6322875,142584,86582211165326,86582196961534,0,86582190181659,
0,293602,86582153496702,86582153496702,-52980029,86582168565659,86582168965868,86582183124451,86582183162659,86582236830032,86582168562618,16666666,86582184195909,86582197024284,86582197065409,86582199109034,86582233540409,15440583,251417,86582233540409,86582227247784,0,86582199109034,
0,293610,86582170163368,86582186830034,-1025063269,86582198508784,86582200783576,86582212239576,86582212292409,86582253496698,86582198504243,16666666,86582212733243,86582227320826,86582227370534,86582232695451,86582251924701,13683333,196500,86582251924701,86582247296076,0,86582232695451,
0,293618,86582203496700,86582220163366,-755216109,86582231155159,86582231895659,86582234426618,86582234461659,86582270163364,86582231148951,16666666,86582234746118,86582247363201,86582247396534,86582250979118,86582273511909,12598917,532500,86582273511909,86582264606159,0,86582250979118,
0,293635,86582253496698,86582253496698,-1008719749,86582262109284,86582262110368,86582267110034,86582267159576,86582303496696,86582262103326,16666666,86582269648159,86582269762784,86582269797993,86582272849618,86582302654909,16043833,97292,86582302654909,86582289612201,0,86582272849618,
0,293643,86582270163364,86582270163364,0,86582272661243,86582272661743,86582274668159,86582274713743,86582320163362,86582272657243,16666666,86582274869284,86582289677618,86582289722909,86582302210909,86582329823951,11596833,215208,86582329823951,86582314317326,0,86582302210909,
0,293651,86582286830030,86582286830030,0,86582290136743,86582290136951,86582291710159,86582291743409,86582353496694,86582290133076,16666666,86582291751159,86582314387909,86582314477826,86582329390618,86582353163451,13197375,175750,86582353163451,86582343080034,0,86582329390618,
0,293659,86582303496696,86582303496696,0,86582315586743,86582315587368,86582318204326,86582318242201,86582370163360,86582315582909,16666666,86582320728534,86582343144118,86582343191618,86582352752743,86582391951368,15387500,102208,86582391951368,86582368603659,0,86582352752743,
0,293677,86582370163360,86582370163360,-696026164,86582370758868,86582372496118,86582373030201,86582373055284,86582420163358,86582370754993,16666666,86582373311826,86582373437118,86582373454951,86582389161659,86582421744284,19542584,2327625,86582421744284,86582411593409,0,86582389161659,
0,293685,86582386830026,86582386830026,-15943499,86582387526493,86582389276701,86582389639284,86582389927493,86582453496690,86582387520243,16666666,86582390425576,86582411683868,86582411763451,86582419104951,86582445985159,15400125,2275250,86582445985159,86582437519951,0,86582419104951,
0,293693,86582403496692,86582403496692,-740831923,86582412634951,86582413322409,86582421105826,86582421146243,86582470163356,86582412631659,16666666,86582421616451,86582437602576,86582437626701,86582445583909,86582467613451,12158667,141416,86582467613451,86582458199493,0,86582445583909,
0,293701,86582420163358,86582436830024,-993300737,86582440364868,86582441411076,86582441857951,86582441893909,86582486830022,86582440360868,16666666,86582442392284,86582458267993,86582458315159,86582466833284,86582489915368,10612750,106791,86582489915368,86582478290909,0,86582466833284,
0,293709,86582436830024,86582453496690,-196941169,86582459850909,86582460571826,86582461986451,86582462012909,86582520163354,86582459847451,16666666,86582462127534,86582478366659,86582478524326,86582490188951,86582509477284,10965875,96333,86582509477284,86582501811201,0,86582490188951,
0,293718,86582470163356,86582470163356,-71777733,86582479268368,86582480620743,86582482769451,86582482809826,86582536830020,86582479263909,16666666,86582483194159,86582501881284,86582501906326,86582508710159,86582531446409,13097375,417250,86582531446409,86582522721118,0,86582508710159,
0,293726,86582486830022,86582503496688,-813553230,86582505669868,86582506795909,86582507616159,86582507646284,86582553496686,86582505665618,16666666,86582507772368,86582522803534,86582522857034,86582531032159,86582550436409,10674417,103458,86582550436409,86582542177618,0,86582531032159,
0,293734,86582503496688,86582520163354,-50967933,86582523346034,86582523678493,86582523921159,86582523943909,86582570163352,86582523342159,16666666,86582524267576,86582542240659,86582542281534,86582549861076,86582568332034,8104083,155041,86582568332034,86582558590118,0,86582549861076,
0,293743,86582536830020,86582536830020,-509510677,86582548195868,86582548625076,86582549759118,86582549788743,86582586830018,86582548193076,16666666,86582549960201,86582558653784,86582558706034,86582567885326,86582613786451,30637167,103584,86582613786451,86582599021451,0,86582567885326,
0,293751,86582553496686,86582553496686,0,86582560400534,86582560428118,86582560428409,86582560461993,86582636830016,86582560397368,16666666,86582562628118,86582599464951,86582599509285,86582612399243,86582652836285,26717958,483542,86582652836285,86582640571993,0,86582612399243,
0,293759,86582570163352,86582603496684,-310103986,86582604598035,86582609478660,86582609833368,86582609868118,86582670163348,86582604594368,16666666,86582610044285,86582640661326,86582640815076,86582652462118,86582683573618,23291291,104041,86582683573618,86582676181493,0,86582652462118,
0,293768,86582620163350,86582636830016,-451033245,86582641284160,86582651234326,86582651774326,86582651890743,86582703496680,86582641279451,16666666,86582652178118,86582676249451,86582676292701,86582683235618,86582712157743,20032792,103042,86582712157743,86582703666868,0,86582683235618,
0,293777,86582653496682,86582670163348,-1009888018,86582680467826,86582680787451,86582680906910,86582680926535,86582736830012,86582680464451,16666666,86582681082785,86582703743243,86582710753160,86582712798535,86582749815368,5664958,197958,86582749815368,86582719504243,0,86582712798535,
0,293786,86582686830014,86582703496680,-607637675,86582711573868,86582712832076,86582713073326,86582713109243,86582770163344,86582711570118,16666666,86582714888826,86582720597243,86582720649743,86582749213118,86582790615160,31583750,218209,86582790615160,86582781456493,0,86582749213118,
0,293795,86582720163346,86582720163346,-1000753796,86582725363868,86582725372326,86582725595868,86582725632076,86582820163342,86582725359368,16666666,86582725786035,86582781517576,86582781567951,86582790080826,86582826290118,28219167,194125,86582826290118,86582818905368,0,86582790080826,
0,293803,86582736830012,86582770163344,0,86582784412826,86582784413368,86582784829076,86582784872201,86582853496674,86582784406076,16666666,86582785130743,86582818979826,86582819266118,86582825651868,86582867779368,38976625,246834,86582867779368,86582865411410,0,86582825651868,
0,293814,86582803496676,86582820163342,0,86582823679535,86582823680076,86582823680326,86582823720826,86582886830006,86582823675368,16666666,86582824862410,86582865492785,86582865546660,86582867320035,86582899870743,24368416,201417,86582899870743,86582892199285,0,86582867320035,
0,293823,86582836830008,86582870163340,-377129333,86582878239576,86582878568785,86582878569618,86582878651868,86582920163338,86582877916618,16666666,86582879452618,86582892264576,86582892306076,86582899461451,86582931838243,21987959,153500,86582931838243,86582926808868,0,86582899461451,
0,293833,86582886830006,86582886830006,-687363535,86582897873868,86582898790368,86582898933201,86582898955701,86582953496670,86582897870868,16666666,86582899099660,86582926887576,86582926927660,86582928876326,86582961692576,20347708,195167,86582961692576,86582952263660,0,86582928876326,
0,293841,86582903496672,86582920163338,-720245516,86582928789951,86582930887368,86582931093243,86582931123326,86582986830002,86582928785326,16666666,86582931288201,86582952353118,86582952411326,86582961356951,86582989171118,21744667,98250,86582989171118,86582983517285,0,86582961356951,
0,293850,86582936830004,86582953496670,-990690436,86582955082410,86582955532035,86582955705785,86582955735160,86583020163334,86582955078576,16666666,86582955918701,86582983580910,86582983619535,86582988715035,86583016741993,20021375,175792,86583016741993,86583009247451,0,86582988715035,
0,293858,86582953496670,86582970163336,-274659075,86582984249368,86582986240368,86582986511868,86582986538868,86583036830000,86582984240118,16666666,86582986692118,86583009315326,86583009361368,86583016383910,86583046685743,27957500,124834,86583046685743,86583044861076,0,86583016383910,
0,293868,86583003496668,86583003496668,-626488153,86583012894451,86583014410076,86583014604826,86583014632285,86583070163332,86583012886451,16666666,86583014793993,86583044941326,86583044984660,86583046411118,86583092538660,28145334,93875,86583092538660,86583074889285,0,86583046411118,
0,293876,86583020163334,86583036830000,-1020346940,86583045364118,86583045680701,86583045801076,86583045821660,86583120163330,86583045360660,16666666,86583046191576,86583074970535,86583082268743,86583084572451,86583134923493,37044708,7409459,86583134923493,86583129676368,0,86583084572451,
0,293885,86583053496666,86583070163332,-213218683,86583082935910,86583083346035,86583083658785,86583083680785,86583153496662,86583082931743,16666666,86583084942493,86583129747910,86583129820660,86583134316451,86583175463660,34874375,106791,86583175463660,86583169872993,0,86583134316451,
0,293894,86583086829998,86583120163330,-679580445,86583133182826,86583135252785,86583145651868,86583145696576,86583203496660,86583133178368,16666666,86583151265201,86583169944701,86583170009826,86583174768035,86583200716701,13587750,142584,86583200716701,86583189110118,0,86583174768035,
0,293903,86583136829996,86583170163328,-159866832,86583170187076,86583171901993,86583183968910,86583184990410,86583220163326,86583170183826,16666666,86583186847493,86583189157576,86583189196576,86583200206493,86583221632826,16970708,171583,86583221632826,86583217812868,0,86583200206493,
0,293912,86583186829994,86583186829994,-890894184,86583190476535,86583191831535,86583192564951,86583192588451,86583253496658,86583190472993,16666666,86583192695910,86583217927285,86583218040826,86583221171701,86583249265201,17664291,299958,86583249265201,86583239510660,0,86583221171701,
0,293920,86583203496660,86583203496660,-166616066,86583218866285,86583220843410,86583244309785,86583244476201,86583270163324,86583218862618,16666666,86583245780951,86583245874410,86583246039368,86583246672201,86583270683493,20085209,1581083,86583270683493,86583269466118,0,86583246672201,
0,293937,86583253496658,86583253496658,-680018459,86583269204951,86583269205826,86583272244785,86583272312826,86583303496656,86583269199618,16666666,86583277777660,86583284599160,86583284657577,86583288773910,86583304248118,1750,95417,86583304248118,86583289240577,0,86583288773910,
0,293945,86583270163324,86583270163324,0,86583285792827,86583285793702,86583288888035,86583288921493,86583336829988,86583285785077,16666666,86583289034118,86583289264160,86583289338827,86583304441868,86583338917785,29501250,1214792,86583338917785,86583335951243,0,86583304441868,
0,293952,86583286829990,86583286829990,0,86583289616202,86583289616410,86583296720660,86583296764827,86583370163320,86583289613535,16666666,86583296774952,86583336082202,86583336105243,86583339735243,86583369874785,4543167,256500,86583369874785,86583347543785,0,86583339735243,
0,293960,86583303496656,86583336829988,0,86583337130868,86583337131118,86583338462868,86583338502118,86583386829986,86583337126827,16666666,86583343237535,86583347596577,86583347653743,86583368932077,86583391961952,20165000,561958,86583391961952,86583390205493,0,86583368932077,
0,293970,86583353496654,86583353496654,0,86583356275868,86583356276785,86583369569327,86583369702160,86583420163318,86583356269868,16666666,86583369719368,86583390284243,86583390329243,86583391334202,86583420621660,13787125,246834,86583420621660,86583405820993,0,86583391334202,
0,293978,86583370163320,86583403496652,-818544258,86583406070993,86583417184618,86583418496035,86583418533368,86583453496650,86583406063535,16666666,86583419172910,86583419345493,86583419505285,86583420324118,86583444886285,424916,234666,86583444886285,86583421907702,0,86583420324118,
0,293996,86583436829984,86583436829984,-8377208,86583443837327,86583444748202,86583447252118,86583447287660,86583470163316,86583443829702,16666666,86583447554827,86583456407577,86583456467493,86583456825785,86583471887535,2084,195333,86583471887535,86583457417035,0,86583456825785,
0,294003,86583453496650,86583453496650,-687823914,86583456675327,86583457275702,86583458418202,86583458457535,86583503496648,86583456672035,16666666,86583458602785,86583459078993,86583459136243,86583469879368,86583511641868,33598709,339542,86583511641868,86583505621827,0,86583469879368,
0,294011,86583470163316,86583470163316,-706101956,86583472279618,86583476365660,86583476716243,86583476748202,86583536829980,86583472273702,16666666,86583477175493,86583505688618,86583505807993,86583510172118,86583534737660,11135666,673250,86583534737660,86583522957410,0,86583510172118,
0,294019,86583486829982,86583503496648,-52806082,86583506153327,86583510579577,86583514476160,86583514525577,86583553496646,86583506148660,16666666,86583515922577,86583523016702,86583523059660,86583534214785,86583554799577,11444500,87292,86583554799577,86583546236618,0,86583534214785,
0,294027,86583520163314,86583520163314,-687923688,86583523298577,86583524845827,86583526755243,86583526788327,86583586829978,86583523295493,16666666,86583526902452,86583546298368,86583546343743,86583554579118,86583577247077,5042,796334,86583577247077,86583557975327,0,86583554579118,
0,294035,86583536829980,86583553496646,-427910942,86583564378118,86583565694618,86583566673702,86583571083785,86583603496644,86583564370035,16666666,86583572295993,86583572495993,86583572530410,86583575547952,86583604498118,14322875,148875,86583604498118,86583591695535,0,86583575547952,
0,294044,86583570163312,86583570163312,-406671053,86583572685952,86583572986535,86583574949952,86583575385618,86583636829976,86583572682827,16666666,86583577572410,86583591773535,86583591840285,86583604901618,86583622053410,8092958,259459,86583622053410,86583613847577,0,86583604901618,
0,294052,86583586829978,86583586829978,-1015387732,86583592593993,86583594222035,86583595974785,86583596162827,86583653496642,86583592589160,16666666,86583596470118,86583613922368,86583613963910,86583621907868,86583638228327,9187625,187166,86583638228327,86583631761577,0,86583621907868,
0,294068,86583620163310,86583620163310,-902296760,86583635836868,86583636709368,86583646325827,86583646358160,86583670163308,86583635832118,16666666,86583646624785,86583646746077,86583646778493,86583647156327,86583653826785,1416,89833,86583653826785,86583647676577,0,86583647156327,
0,294084,86583653496642,86583653496642,-976275357,86583654197202,86583654827952,86583663475577,86583663533243,86583686829974,86583654190743,16666666,86583663730035,86583663875785,86583664406118,86583664835702,86583671604993,2375,178667,86583671604993,86583665544368,0,86583664835702,
0,294092,86583670163308,86583670163308,-851676820,86583671457160,86583672878910,86583673265952,86583673305618,86583703496640,86583671450618,16666666,86583673569243,86583673598868,86583673680827,86583681355493,86583688284493,2083,341875,86583688284493,86583682093285,0,86583681355493,
0,294100,86583686829974,86583686829974,-632711855,86583687974285,86583688846993,86583692914785,86583692970368,86583720163306,86583687968868,16666666,86583693272577,86583696854452,86583696920910,86583698271327,86583722746035,6667,177792,86583722746035,86583698920868,0,86583698271327,
0,294108,86583703496640,86583703496640,-195233828,86583704645493,86583714906285,86583715227993,86583715257493,86583753496638,86583704639785,16666666,86583716910702,86583717145993,86583717177452,86583724215827,86583758616285,2375,149875,86583758616285,86583733047743,0,86583724215827,
0,294115,86583720163306,86583720163306,0,86583722544660,86583722837410,86583722838952,86583722930827,86583786829970,86583722538035,16666666,86583723375493,86583733133660,86583733186743,86583759333160,86583800785368,1750,163791,86583800785368,86583767845910,0,86583759333160,
0,294123,86583736829972,86583736829972,-801365730,86583737870993,86583738504368,86583739166077,86583739207160,86583820163302,86583737861327,16666666,86583739418118,86583767921035,86583767946410,86583801125368,86583848962868,1179958,291167,86583848962868,86583803133868,0,86583801125368,
0,294130,86583753496638,86583770163304,-351980187,86583774315452,86583774326118,86583774971285,86583775098785,86583870163300,86583774309743,16666666,86583775296243,86583803209493,86583803371327,86583848573910,86583879306118,25752292,161833,86583879306118,86583874895410,0,86583848573910,
0,294138,86583786829970,86583803496636,0,86583809648702,86583809648952,86583814221077,86583814873410,86583903496632,86583809644827,16666666,86583815197160,86583874981243,86583875121118,86583878677577,86583911319827,29743666,219042,86583911319827,86583909152035,0,86583878677577,
0,294147,86583820163302,86583870163300,0,86583875586952,86583875587202,86583875587493,86583875620535,86583936829964,86583875583202,16666666,86583876499118,86583909232493,86583909310493,86583910718910,86583945879493,21811916,284667,86583945879493,86583939838868,0,86583910718910,
0,294158,86583886829966,86583903496632,0,86583909762160,86583909762493,86583909762785,86583909801952,86583970163296,86583909758452,16666666,86583910091452,86583939903868,86583941314827,86583942364577,86583972597910,25746375,134459,86583972597910,86583971738910,0,86583942364577,
0,294167,86583920163298,86583936829964,-461223390,86583942634827,86583942635118,86583942635410,86583942663202,86584003496628,86583942630702,16666666,86583942854243,86583971823660,86583971910118,86583982033327,86584002876285,2375,189750,86584002876285,86583982498202,0,86583982033327,
0,294176,86583953496630,86583970163296,-942738828,86583972653410,86583973014868,86583973170702,86583973196452,86584020163294,86583972649327,16666666,86583973365952,86583982573702,86583982626077,86584012606535,86584034366160,3459,363084,86584034366160,86584015399869,0,86584012606535,
0,294185,86583986829962,86583986829962,-593873444,86583995566452,86583996708619,86583997251535,86583997315660,86584053496626,86583995555952,16666666,86583997586535,86584015476744,86584015583952,86584043158702,86584065666827,2583,220875,86584065666827,86584043658785,0,86584043158702,
0,294192,86584003496628,86584003496628,-910267063,86584015989202,86584016510369,86584016685744,86584016716035,86584086829958,86584015985410,16666666,86584016891994,86584043729285,86584043773994,86584065993160,86584097441410,6055250,162667,86584097441410,86584072748702,0,86584065993160,
0,294200,86584020163294,86584036829960,-1057774196,86584044391660,86584044739702,86584044863410,86584044883952,86584120163290,86584044387327,16666666,86584045026077,86584072820494,86584073051660,86584097502327,86584125421327,779834,159667,86584125421327,86584101819077,0,86584097502327,
0,294208,86584053496626,86584070163292,-694530930,86584073699619,86584074741952,86584075655202,86584075689035,86584153496622,86584073688452,16666666,86584075878452,86584101908619,86584101972785,86584125720494,86584158183202,501334,135417,86584158183202,86584129875244,0,86584125720494,
0,294217,86584086829958,86584086829958,-859887763,86584102435285,86584102938369,86584103135035,86584103166952,86584186829954,86584102431327,16666666,86584103374202,86584129939785,86584130000119,86584158722660,86584196250119,1833,248625,86584196250119,86584172271035,0,86584158722660,
0,294225,86584103496624,86584120163290,-265595458,86584130345994,86584130737660,86584130874452,86584130903577,86584220163286,86584130342369,16666666,86584131044827,86584172340827,86584172380744,86584196865327,86584235217202,2250,160208,86584235217202,86584204698994,0,86584196865327,
0,294234,86584136829956,86584170163288,-779669733,86584172916910,86584173515994,86584173699285,86584173726285,86584253496618,86584172912619,16666666,86584173887660,86584204785160,86584204844077,86584244742744,86584268858619,2500,810625,86584268858619,86584245816494,0,86584244742744,
0,294243,86584186829954,86584203496620,-976380843,86584205245327,86584206309077,86584206620535,86584206647535,86584286829950,86584205240327,16666666,86584210235785,86584245882827,86584245942369,86584268981827,86584287674535,370334,991375,86584287674535,86584271312119,0,86584268981827,
0,294251,86584220163286,86584236829952,-677633556,86584248636410,86584249628952,86584251422077,86584251453577,86584320163282,86584248631285,16666666,86584252391952,86584271390119,86584271520827,86584287177869,86584305363119,8947541,137125,86584305363119,86584296678202,0,86584287177869,
0,294259,86584270163284,86584270163284,-1068854044,86584275426952,86584277189744,86584283426994,86584283469869,86584336829948,86584275419744,16666666,86584283608827,86584296749494,86584296792869,86584305252244,86584330491994,11070959,539625,86584330491994,86584317641160,0,86584305252244,
0,294267,86584286829950,86584303496616,-259027898,86584303823827,86584304562452,86584312202244,86584312242827,86584353496614,86584303820494,16666666,86584312507952,86584317741744,86584317799160,86584329738744,86584353861702,8535125,204125,86584353861702,86584339081702,0,86584329738744,
0,294299,86584436829944,86584436829944,-672207528,86584440815452,86584441598244,86584442467827,86584442498327,86584453496610,86584440808535,16666666,86584443016410,86584443159910,86584443193327,86584443549285,86584454283119,2208,138000,86584454283119,86584444632327,0,86584443549285,
0,294307,86584453496610,86584453496610,-443354711,86584454683619,86584455357702,86584456923619,86584456981410,86584486829942,86584454678244,16666666,86584457372077,86584460191452,86584460239660,86584463307869,86584470628494,1333,139542,86584470628494,86584463767869,0,86584463307869,
0,294315,86584470163276,86584470163276,-232667607,86584470767702,86584471765285,86584472514660,86584472543702,86584503496608,86584470759994,16666666,86584472802702,86584475028785,86584475084452,86584480838327,86584487532785,1167,113709,86584487532785,86584481269035,0,86584480838327,
0,294323,86584486829942,86584486829942,-818604825,86584487882535,86584489054202,86584490051785,86584490101827,86584520163274,86584487875994,16666666,86584490390202,86584493457327,86584493522827,86584497213035,86584506048827,1708,185416,86584506048827,86584497695952,0,86584497213035,
0,294331,86584503496608,86584503496608,-104222,86584505124827,86584505581077,86584507427452,86584507469702,86584536829940,86584505119577,16666666,86584507893285,86584512348827,86584512375327,86584513932910,86584521366952,2625,104667,86584521366952,86584514435202,0,86584513932910,
0,294339,86584520163274,86584520163274,-836176845,86584521741327,86584522221785,86584522931327,86584522956494,86584553496606,86584521736077,16666666,86584523204619,86584528738494,86584528789285,86584531258035,86584538428035,1792,158500,86584538428035,86584531804910,0,86584531258035,
0,294347,86584536829940,86584536829940,-86247821,86584537926660,86584538451952,86584538718202,86584538741994,86584570163272,86584537921160,16666666,86584538980327,86584539464327,86584539513660,86584547717327,86584555333994,1875,165625,86584555333994,86584548174660,0,86584547717327,
0,294355,86584553496606,86584553496606,-438110188,86584555464744,86584555954577,86584560526619,86584560568827,86584586829938,86584555458910,16666666,86584561569744,86584563160327,86584563274702,86584565390785,86584590379452,3292,267083,86584590379452,86584566042910,0,86584565390785,
0,294363,86584570163272,86584570163272,-1041288784,86584580754369,86584581140327,86584581603327,86584581663869,86584620163270,86584580748910,16666666,86584582040494,86584582551702,86584582664369,86584610128952,86584643167244,2209,201583,86584643167244,86584610693160,0,86584610128952,
0,294370,86584586829938,86584586829938,0,86584590515535,86584590590785,86584590591119,86584590643452,86584670163268,86584590509577,16666666,86584590970244,86584610767410,86584610825869,86584614449285,86584662393702,794959,22016125,86584661529244,86584662393702,0,86584614449285,
0,294377,86584603496604,86584603496604,-506024625,86584611511244,86584611839952,86584611974785,86584611994327,86584686829934,86584611507702,16666666,86584612180910,86584662574410,86584662645119,86584668578619,86584709065036,23174292,1250708,86584709065036,86584701694827,0,86584668578619,
0,294385,86584620163270,86584653496602,-967333008,86584667156160,86584668640660,86584673926035,86584676722244,86584736829932,86584667145619,16666666,86584690039952,86584701812036,86584701891911,86584707947952,86584737646494,20231083,160500,86584737646494,86584729346994,0,86584707947952,
0,294394,86584670163268,86584703496600,-571971823,86584704539327,86584706217077,86584706996827,86584707037536,86584770163264,86584704530244,16666666,86584707229536,86584729410452,86584729450244,86584737209702,86584784295869,34111917,135333,86584784295869,86584771823577,0,86584737209702,
0,294404,86584720163266,86584720163266,-404096957,86584729953994,86584730443494,86584730635911,86584730668619,86584803496596,86584729950119,16666666,86584730868327,86584771917411,86584771970744,86584779824994,86584812996369,19412250,375667,86584812996369,86584803768577,0,86584779824994,
0,294412,86584736829932,86584770163264,-115552269,86584776807286,86584777829869,86584779577702,86584779620327,86584836829928,86584776795536,16666666,86584779886786,86584803830952,86584803871577,86584813928202,86584845241494,4818709,650291,86584845241494,86584819940286,0,86584813928202,
0,294421,86584786829930,86584803496596,-657261468,86584808675244,86584808684369,86584808684661,86584808719452,86584870163260,86584808671202,16666666,86584808961869,86584820073161,86584820143494,86584845669786,86584874765369,510917,134792,86584874765369,86584846577827,0,86584845669786,
0,294429,86584803496596,86584820163262,0,86584822014286,86584822014494,86584822198536,86584822233786,86584903496592,86584822010869,16666666,86584822454619,86584846636452,86584846677119,86584874952577,86584906434119,20255167,1264375,86584906434119,86584897082494,0,86584874952577,
0,294437,86584820163262,86584836829928,0,86584850439244,86584850439452,86584850621786,86584850664827,86584936829924,86584850435744,16666666,86584850880827,86584897151327,86584897190161,86584906030286,86584949311411,33524500,167083,86584949311411,86584945495911,0,86584906030286,
0,294445,86584853496594,86584903496592,0,86584904999077,86584904999452,86584904999702,86584905036577,86584970163256,86584904994494,16666666,86584905531994,86584945571786,86584945623244,86584948772869,86584992525244,32454958,175208,86584992525244,86584981837911,0,86584948772869,
0,294454,86584920163258,86584936829924,0,86584946598536,86584946598869,86584946599161,86584946687161,86585020163254,86584946594411,16666666,86584947160077,86584981908411,86584981959827,86584992090619,86585035092452,35112458,166792,86585035092452,86585027716244,0,86584992090619,
0,294463,86584953496590,86584970163256,0,86584986421369,86584986421619,86584986421869,86584986464369,86585053496586,86584986417119,16666666,86584986751661,86585028402786,86585028451786,86585034600994,86585107671619,39209375,185917,86585107671619,86585074372952,0,86585034600994,
0,294473,86585003496588,86585020163254,0,86585028870536,86585028870911,86585028871202,86585028912744,86585136829916,86585028866536,16666666,86585030655119,86585074601577,86585075655994,86585107045036,86585222841244,108793166,271750,86585222841244,86585216569494,0,86585107045036,
0,294482,86585036829920,86585086829918,0,86585103378702,86585103379661,86585103380036,86585103430411,86585253496578,86585103371327,16666666,86585106482952,86585216676452,86585216721244,86585219117661,86585258547286,24744792,124792,86585258547286,86585247887119,0,86585219117661,
0,294492,86585120163250,86585203496580,0,86585218142161,86585218142494,86585218142786,86585218189452,86585286829910,86585218136202,16666666,86585218704369,86585247951994,86585248400369,86585258056077,86585282818036,20146208,170084,86585282818036,86585279010869,0,86585258056077,
0,294501,86585220163246,86585236829912,0,86585248743577,86585248743994,86585248744327,86585248782911,86585236829912,86585248739952,16666666,86585249172869,86585279392244,86585279503661,86585282180036,86581525225034,24004500,285084,86581525225034,86585307109827,0,86585282180036,
---PROFILEDATA---


View hierarchy:

  dev.polski.grammarmatrix/dev.polski.grammarmatrix.GlassBenchmarkActivity/android.view.ViewRootImpl@71eac3a
  7 views, 12.02 kB of render nodes


Total ViewRootImpl   : 1
Total attached Views : 7
Total RenderNode     : 12.02 kB (used) / 36.09 kB (capacity)

