Applications Graphics Acceleration Info:
Uptime: 86493094 Realtime: 86493094

** Graphics info for pid 9905 [dev.polski.grammarmatrix] **

Stats since: 86485558031405ns
Total frames rendered: 185
Janky frames: 98 (52.97%)
Janky frames (legacy): 170 (91.89%)
50th percentile: 48ms
90th percentile: 150ms
95th percentile: 200ms
99th percentile: 400ms
Number Missed Vsync: 49
Number High input latency: 167
Number Slow UI thread: 65
Number Slow bitmap uploads: 1
Number Slow issue draw commands: 98
Number Frame deadline missed: 98
Number Frame deadline missed (legacy): 100
HISTOGRAM: 5ms=0 6ms=0 7ms=0 8ms=0 9ms=0 10ms=0 11ms=0 12ms=0 13ms=0 14ms=0 15ms=0 16ms=0 17ms=1 18ms=1 19ms=2 20ms=2 21ms=0 22ms=0 23ms=1 24ms=1 25ms=3 26ms=2 27ms=7 28ms=6 29ms=4 30ms=4 31ms=3 32ms=9 34ms=9 36ms=8 38ms=5 40ms=5 42ms=11 44ms=1 46ms=4 48ms=6 53ms=6 57ms=6 61ms=7 65ms=6 69ms=10 73ms=5 77ms=1 81ms=2 85ms=6 89ms=1 93ms=2 97ms=3 101ms=4 105ms=2 109ms=2 113ms=0 117ms=1 121ms=0 125ms=2 129ms=0 133ms=1 150ms=11 200ms=7 250ms=0 300ms=2 350ms=1 400ms=2 450ms=0 500ms=0 550ms=0 600ms=0 650ms=0 700ms=0 750ms=0 800ms=0 850ms=0 900ms=0 950ms=0 1000ms=0 1050ms=0 1100ms=0 1150ms=0 1200ms=0 1250ms=0 1300ms=0 1350ms=0 1400ms=0 1450ms=0 1500ms=0 1550ms=0 1600ms=0 1650ms=0 1700ms=0 1750ms=0 1800ms=0 1850ms=0 1900ms=0 1950ms=0 2000ms=0 2050ms=0 2100ms=0 2150ms=0 2200ms=0 2250ms=0 2300ms=0 2350ms=0 2400ms=0 2450ms=0 2500ms=0 2550ms=0 2600ms=0 2650ms=0 2700ms=0 2750ms=0 2800ms=0 2850ms=0 2900ms=0 2950ms=0 3000ms=0 3050ms=0 3100ms=0 3150ms=0 3200ms=0 3250ms=0 3300ms=0 3350ms=0 3400ms=0 3450ms=0 3500ms=0 3550ms=0 3600ms=0 3650ms=0 3700ms=0 3750ms=0 3800ms=0 3850ms=0 3900ms=0 3950ms=0 4000ms=0 4050ms=0 4100ms=0 4150ms=0 4200ms=0 4250ms=0 4300ms=0 4350ms=0 4400ms=0 4450ms=0 4500ms=0 4550ms=0 4600ms=0 4650ms=0 4700ms=0 4750ms=0 4800ms=0 4850ms=0 4900ms=0 4950ms=0
50th gpu percentile: 23ms
90th gpu percentile: 4950ms
95th gpu percentile: 4950ms
99th gpu percentile: 4950ms
GPU HISTOGRAM: 1ms=2 2ms=1 3ms=0 4ms=1 5ms=0 6ms=1 7ms=2 8ms=0 9ms=0 10ms=2 11ms=4 12ms=1 13ms=1 14ms=2 15ms=5 16ms=7 17ms=7 18ms=11 19ms=12 20ms=11 21ms=10 22ms=4 23ms=10 24ms=4 25ms=5 4950ms=82

Pipeline=Skia (OpenGL)
Memory policy:
  Max surface area: 2592000
  Max resource usage: 124.42MB (x48)
  Background retention: 50% (altUiHidden = true)
  GPU Context timeout: 10
Contexts: 1 (stopped = 0)
CPU Caches:
  Glyph Cache: 33.70 KB (1 entry)
  Glyph Count: 11 
Total CPU memory usage:
  34510 bytes, 33.70 KB (0.00 bytes is purgeable)
GPU Caches:
  Other:
    Other: 49.27 KB (1 entry)
    Buffer Object: 36.00 KB (1 entry)
  Scratch:
    RenderTarget: 11.88 MB (1 entry)
    Buffer Object: 110.00 KB (3 entries)
    Texture: 2.00 MB (1 entry)
Total GPU memory usage:
  14748944 bytes, 14.07 MB (11.94 MB is purgeable)

GraphicBufferAllocator buffers:
        Handle |        Size |     W (Stride) x H | Layers |   Format |      Usage | Requestor
0xb400007c0ba837f0 |     unknown | 1080 (   0) x 2400 |      1 |        1 | 0x     b00 | VRI[GlassBenchmarkActivity]#0(BLAST Consumer)0
0xb400007c0ba83fd0 |     unknown | 1080 (   0) x 2400 |      1 |        1 | 0x     b00 | VRI[GlassBenchmarkActivity]#0(BLAST Consumer)0
0xb400007c0ba844e0 |     unknown | 1080 (   0) x 2400 |      1 |        1 | 0x     b00 | VRI[GlassBenchmarkActivity]#0(BLAST Consumer)0
Total allocated by GraphicBufferAllocator (estimate): 0.00 KB
GoldfishAllocator::dumpDebugInfo is not implemented
Profile data in ms:

	dev.polski.grammarmatrix/dev.polski.grammarmatrix.GlassBenchmarkActivity/android.view.ViewRootImpl@c533755 (visibility=0)
Window: dev.polski.grammarmatrix/dev.polski.grammarmatrix.GlassBenchmarkActivity
Stats since: 86485558029572ns
Total frames rendered: 185
Janky frames: 98 (52.97%)
Janky frames (legacy): 170 (91.89%)
50th percentile: 48ms
90th percentile: 150ms
95th percentile: 200ms
99th percentile: 400ms
Number Missed Vsync: 49
Number High input latency: 167
Number Slow UI thread: 65
Number Slow bitmap uploads: 1
Number Slow issue draw commands: 98
Number Frame deadline missed: 98
Number Frame deadline missed (legacy): 100
HISTOGRAM: 5ms=0 6ms=0 7ms=0 8ms=0 9ms=0 10ms=0 11ms=0 12ms=0 13ms=0 14ms=0 15ms=0 16ms=0 17ms=1 18ms=1 19ms=2 20ms=2 21ms=0 22ms=0 23ms=1 24ms=1 25ms=3 26ms=2 27ms=7 28ms=6 29ms=4 30ms=4 31ms=3 32ms=9 34ms=9 36ms=8 38ms=5 40ms=5 42ms=11 44ms=1 46ms=4 48ms=6 53ms=6 57ms=6 61ms=7 65ms=6 69ms=10 73ms=5 77ms=1 81ms=2 85ms=6 89ms=1 93ms=2 97ms=3 101ms=4 105ms=2 109ms=2 113ms=0 117ms=1 121ms=0 125ms=2 129ms=0 133ms=1 150ms=11 200ms=7 250ms=0 300ms=2 350ms=1 400ms=2 450ms=0 500ms=0 550ms=0 600ms=0 650ms=0 700ms=0 750ms=0 800ms=0 850ms=0 900ms=0 950ms=0 1000ms=0 1050ms=0 1100ms=0 1150ms=0 1200ms=0 1250ms=0 1300ms=0 1350ms=0 1400ms=0 1450ms=0 1500ms=0 1550ms=0 1600ms=0 1650ms=0 1700ms=0 1750ms=0 1800ms=0 1850ms=0 1900ms=0 1950ms=0 2000ms=0 2050ms=0 2100ms=0 2150ms=0 2200ms=0 2250ms=0 2300ms=0 2350ms=0 2400ms=0 2450ms=0 2500ms=0 2550ms=0 2600ms=0 2650ms=0 2700ms=0 2750ms=0 2800ms=0 2850ms=0 2900ms=0 2950ms=0 3000ms=0 3050ms=0 3100ms=0 3150ms=0 3200ms=0 3250ms=0 3300ms=0 3350ms=0 3400ms=0 3450ms=0 3500ms=0 3550ms=0 3600ms=0 3650ms=0 3700ms=0 3750ms=0 3800ms=0 3850ms=0 3900ms=0 3950ms=0 4000ms=0 4050ms=0 4100ms=0 4150ms=0 4200ms=0 4250ms=0 4300ms=0 4350ms=0 4400ms=0 4450ms=0 4500ms=0 4550ms=0 4600ms=0 4650ms=0 4700ms=0 4750ms=0 4800ms=0 4850ms=0 4900ms=0 4950ms=0
50th gpu percentile: 23ms
90th gpu percentile: 4950ms
95th gpu percentile: 4950ms
99th gpu percentile: 4950ms
GPU HISTOGRAM: 1ms=2 2ms=1 3ms=0 4ms=1 5ms=0 6ms=1 7ms=2 8ms=0 9ms=0 10ms=2 11ms=4 12ms=1 13ms=1 14ms=2 15ms=5 16ms=7 17ms=7 18ms=11 19ms=12 20ms=11 21ms=10 22ms=4 23ms=10 24ms=4 25ms=5 4950ms=82



---PROFILEDATA---
Flags,FrameTimelineVsyncId,IntendedVsync,Vsync,InputEventId,HandleInputStart,AnimationStart,PerformTraversalsStart,DrawStart,FrameDeadline,FrameInterval,FrameStartTime,SyncQueued,SyncStart,IssueDrawCommandsStart,SwapBuffers,FrameCompleted,DequeueBufferDuration,QueueBufferDuration,GpuCompleted,SwapBuffersCompleted,DisplayPresentTime,CommandSubmissionCompleted,
0,269068,86487003500508,86487003500508,-449856099,86487007136864,86487011573989,86487017713572,86487017769822,86487036833840,86487007131197,16666666,86487017788781,86487017933322,86487017977572,86487018403989,86487038950906,18706542,102500,86487038950906,86487037553697,0,86487018403989,
0,269084,86487036833840,86487036833840,-605439336,86487037997989,86487037998781,86487046228531,86487046263947,86487070167172,86487037992197,16666666,86487047677322,86487048116739,86487048186656,86487053912156,86487087154197,1833,248459,86487087154197,86487054669947,0,86487053912156,
0,269091,86487053500506,86487053500506,0,86487055476614,86487055478447,86487070547656,86487070607864,86487120167170,86487055465572,16666666,86487071040906,86487078253989,86487078286697,86487082084072,86487131748364,42737584,6013334,86487088941406,86487131748364,0,86487082084072,
0,269099,86487070167172,86487103500504,0,86487106036572,86487106037239,86487114621614,86487115122864,86487136833836,86487106029697,16666666,86487115889781,86487131825406,86487131880989,86487143677239,86487167049614,14178042,204708,86487167049614,86487158387072,0,86487143677239,
0,269107,86487120167170,86487120167170,0,86487133446739,86487133447031,86487134504531,86487134540614,86487186833834,86487133442947,16666666,86487135230531,86487158490489,86487158532822,86487166606614,86487205845239,34037917,128291,86487205845239,86487201155989,0,86487166606614,
0,269115,86487136833836,86487186833834,-265603837,86487203291739,86487205011406,86487216872489,86487216937906,86487236833832,86487203287281,16666666,86487218124822,86487218678031,86487218728614,86487225721947,86487245701322,2416,172667,86487245701322,86487226258739,0,86487225721947,
0,269126,86487220167166,86487220167166,-83308547,86487222072906,86487223854489,86487225488197,86487225633031,86487270167164,86487222067656,16666666,86487227392072,86487228276239,86487228347656,86487245254156,86487272622864,739250,123167,86487272622864,86487249349406,0,86487245254156,
0,269134,86487236833832,86487236833832,-711291548,86487242134489,86487245106572,86487250658197,86487250810156,86487303500496,86487242129322,16666666,86487256972072,86487257175239,86487257281406,86487272138281,86487289930364,17061833,248125,86487272667072,86487289930364,0,86487272138281,
0,269142,86487253500498,86487253500498,-633202747,86487259269364,86487260873031,86487263259989,86487263294197,86487320167162,86487259264489,16666666,86487263569031,86487290003656,86487290055322,86487295645114,86487320601739,13505292,162084,86487320601739,86487310177614,0,86487295645114,
0,269150,86487270167164,86487286833830,-380153481,86487297149864,86487297941322,86487298680906,86487299032989,86487353500494,86487297144197,16666666,86487300325322,86487310242156,86487310297447,86487320655531,86487349390197,16519666,192542,86487349390197,86487337807531,0,86487320655531,
0,269159,86487303500496,86487336833828,-398018659,86487344121697,86487344921947,86487346888197,86487346923822,86487370167160,86487344115739,16666666,86487347828322,86487347920156,86487347952656,86487348890739,86487375144656,23123750,210959,86487375144656,86487372615281,0,86487348890739,
0,269169,86487353500494,86487353500494,-163104020,86487355073447,86487356754447,86487363647614,86487363689364,86487403500492,86487355068489,16666666,86487363934864,86487372694239,86487372816781,86487374576322,86487405052739,29202834,168917,86487405052739,86487404407531,0,86487374576322,
0,269177,86487370167160,86487370167160,-363816427,86487374569864,86487377994822,86487416907656,86487417067156,86487436833824,86487374565072,16666666,86487418311156,86487418420697,86487418454947,86487421034281,86487440724697,2042,111083,86487440724697,86487422788864,0,86487421034281,
0,269185,86487386833826,86487420167158,-808059670,86487420695781,86487421878864,86487426376822,86487426419072,86487470167156,86487420688864,16666666,86487426851072,86487427057281,86487427194114,86487438751322,86487462351614,3459,730917,86487462351614,86487443875656,0,86487438751322,
0,269194,86487436833824,86487436833824,-342490747,86487442056281,86487450704781,86487462719031,86487462794197,86487486833822,86487442049447,16666666,86487463447572,86487476380947,86487476427906,86487479018656,86487515011448,2125,203542,86487515011448,86487480991322,0,86487479018656,
0,269202,86487453500490,86487470167156,-754743909,86487477755114,86487479584531,86487480190656,86487480244531,86487536833820,86487477749614,16666666,86487481106239,86487483924822,86487483954447,86487528735323,86487555323989,1750,165250,86487555323989,86487529272489,0,86487528735323,
0,269210,86487486833822,86487486833822,-254849086,86487493373406,86487493888072,86487494142781,86487494171864,86487586833818,86487493368781,16666666,86487494631072,86487529340906,86487529363906,86487556749156,86487591062864,2250,191333,86487591062864,86487564497864,0,86487556749156,
0,269217,86487503500488,86487520167154,-643117,86487534261781,86487535409114,86487542785073,86487542841073,86487620167150,86487534255823,16666666,86487545526656,86487564556239,86487564586864,86487599980031,86487638531531,7500,1965625,86487638531531,86487604867573,0,86487599980031,
0,269225,86487536833820,86487570167152,-148370480,86487571307239,86487571312156,86487574179656,86487574217073,86487670167148,86487571302823,16666666,86487574459781,86487605205698,86487605399323,86487649481614,86487692755323,2083,132792,86487692755323,86487650361656,0,86487649481614,
0,269233,86487586833818,86487603500484,0,86487606165739,86487606166364,86487607464489,86487607507864,86487720167146,86487606160364,16666666,86487607821823,86487650414906,86487650454239,86487709019614,86487733884906,1917,191542,86487733884906,86487709887156,0,86487709019614,
0,269241,86487620167150,86487653500482,0,86487655315323,86487655316239,86487655316573,86487655499073,86487753500478,86487655309114,16666666,86487657244656,86487709942323,86487710153656,86487743055531,86487774117489,2000,498667,86487774117489,86487743982573,0,86487743055531,
0,269249,86487670167148,86487720167146,-477842001,86487727096031,86487727215698,86487727216239,86487727262239,86487803500476,86487727090573,16666666,86487727600823,86487744460489,86487744513698,86487782794531,86487822073698,1625,107792,86487822073698,86487783337614,0,86487782794531,
0,269257,86487736833812,86487736833812,-589418476,86487747373906,86487761527739,86487762320781,86487762351739,86487853500474,86487747370239,16666666,86487763345573,86487783387614,86487783426656,86487831813239,86487853454698,2042,202958,86487853454698,86487832449156,0,86487831813239,
0,269265,86487770167144,86487770167144,-1054301,86487784586406,86487786202698,86487786628364,86487786659281,86487870167140,86487784581823,16666666,86487788822323,86487832709614,86487832748573,86487863556698,86487884056239,2792,1344792,86487884056239,86487865244031,0,86487863556698,
0,269273,86487786833810,86487820167142,-809473715,86487832941739,86487839346656,86487839635698,86487839664781,86487903500472,86487832938364,16666666,86487839902781,86487865655406,86487865695448,86487884680989,86487922644198,2291,166208,86487922644198,86487895611906,0,86487884680989,
0,269281,86487853500474,86487853500474,-746911709,86487867353823,86487877216739,86487877694823,86487877720614,86487953500470,86487867350239,16666666,86487879025239,86487895689656,86487895784323,86487922663448,86487942178906,4931917,7946459,86487942178906,86487938513281,0,86487922663448,
0,269289,86487886833806,86487886833806,-678207464,86487903338614,86487917046406,86487922226239,86487922267281,86487970167136,86487903333198,16666666,86487923335656,86487938585114,86487938731614,86487941649781,86487963554489,12940500,204500,86487963554489,86487955203281,0,86487941649781,
0,269298,86487936833804,86487936833804,-1038031227,86487945079239,86487946339031,86487949104864,86487949388198,86487986833802,86487944929864,16666666,86487950765531,86487955252406,86487955291781,86487963126864,86487983328406,11481750,162042,86487983328406,86487975874573,0,86487963126864,
0,269306,86487953500470,86487953500470,-488290811,86487961564323,86487961949739,86487963587614,86487963788739,86488003500468,86487961559531,16666666,86487964262573,86487975946864,86487975993489,86487982665073,86488009146864,23612959,248333,86488009146864,86488007476448,0,86487982665073,
0,269314,86487970167136,86487970167136,-601484482,86487981272906,86487983965531,86487987541114,86487987575948,86488036833800,86487981269198,16666666,86487987585906,86488007540781,86488007683739,86488010343198,86488038699406,2708,2773708,86488038699406,86488024305489,0,86488010343198,
0,269322,86487986833802,86488020167134,-657115565,86488030433489,86488032142823,86488035560614,86488035681198,86488070167132,86488030426656,16666666,86488040317781,86488040707281,86488040762781,86488060591656,86488142117573,5125,56647125,86488142117573,86488118591114,0,86488060591656,
0,269338,86488053500466,86488053500466,-468036076,86488060441323,86488088544281,86488089524031,86488091405906,86488170167128,86488060392823,16666666,86488107026531,86488118676573,86488118733656,86488143908656,86488170943031,2500,408708,86488170943031,86488156956406,0,86488143908656,
0,269368,86488270167124,86488270167124,-830202508,86488271086573,86488271769865,86488274165323,86488274253698,86488286833790,86488271079740,16666666,86488274262615,86488274387406,86488274428865,86488275160865,86488287472823,2209,722167,86488287472823,86488276426740,0,86488275160865,
0,269376,86488286833790,86488286833790,-687779443,86488287682865,86488288821156,86488289240698,86488289268698,86488320167122,86488287676990,16666666,86488296367865,86488296637073,86488296676615,86488297557406,86488306865240,1959,157791,86488306865240,86488298052531,0,86488297557406,
0,269384,86488303500456,86488303500456,-573405143,86488306265531,86488306939823,86488315651531,86488315724281,86488336833788,86488306258948,16666666,86488317067781,86488317292906,86488317332365,86488317772823,86488328702406,2333,147000,86488328702406,86488318518448,0,86488317772823,
0,269392,86488320167122,86488320167122,-177435845,86488323767281,86488328226531,86488330278740,86488330327240,86488353500454,86488323761156,16666666,86488338552948,86488338830573,86488338896490,86488341945490,86488354966948,1542,117834,86488354966948,86488342754781,0,86488341945490,
0,269407,86488353500454,86488353500454,-943199713,86488355377698,86488355867031,86488357475740,86488357742198,86488386833786,86488355372031,16666666,86488362499448,86488362653031,86488362694781,86488366883448,86488373879948,1834,168000,86488373879948,86488367331115,0,86488366883448,
0,269415,86488370167120,86488370167120,-659417973,86488372924490,86488374102531,86488375232740,86488381427906,86488403500452,86488372918823,16666666,86488384664698,86488384847656,86488384945615,86488385357281,86488395997865,1834,124666,86488395997865,86488385832073,0,86488385357281,
0,269423,86488386833786,86488386833786,-994591126,86488388217073,86488388833406,86488396428448,86488396634115,86488420167118,86488388209615,16666666,86488397298656,86488397465990,86488397535281,86488407235781,86488418034115,3083,504417,86488418034115,86488408535156,0,86488407235781,
0,269430,86488403500452,86488403500452,-584709800,86488406495906,86488409106240,86488410313781,86488410398990,86488436833784,86488406490448,16666666,86488411627698,86488411771865,86488413963781,86488417622990,86488432669490,14547584,123333,86488418045365,86488432669490,0,86488417622990,
0,269438,86488420167118,86488420167118,-474162703,86488422147740,86488422679031,86488428651323,86488428692615,86488453500450,86488422141906,16666666,86488436687865,86488436930823,86488436978948,86488439815573,86488457187823,2833,366375,86488457187823,86488447979031,0,86488439815573,
0,269446,86488436833784,86488436833784,-909106489,86488438411865,86488439143823,86488458905865,86488459188823,86488486833782,86488438407448,16666666,86488460838115,86488461025073,86488461079448,86488474454531,86488492290240,2334,221250,86488492290240,86488475044656,0,86488474454531,
0,269454,86488453500450,86488453500450,-856443226,86488461285365,86488462670406,86488465755073,86488465789490,86488520167114,86488461281823,16666666,86488472761531,86488475108240,86488475156823,86488492465281,86488507335781,445000,138958,86488507335781,86488493482531,0,86488492465281,
0,269461,86488470167116,86488470167116,-218545973,86488475641281,86488477567573,86488478527156,86488478574573,86488536833780,86488475637448,16666666,86488479050073,86488493552698,86488493595573,86488507063448,86488522004115,969500,140375,86488522004115,86488509196240,0,86488507063448,
0,269469,86488486833782,86488486833782,-711748871,86488497921573,86488499057031,86488499445990,86488499496615,86488553500446,86488497917948,16666666,86488499844156,86488509285490,86488509372448,86488513890865,86488539632990,837959,95833,86488539632990,86488523594823,0,86488513890865,
0,269485,86488520167114,86488520167114,-724722211,86488526020365,86488526738698,86488527722990,86488527769198,86488570167112,86488526016948,16666666,86488528175573,86488528986156,86488529026823,86488539722531,86488570922281,903250,153250,86488570922281,86488541990240,0,86488539722531,
0,269493,86488536833780,86488536833780,-834032287,86488539079698,86488539902281,86488540290865,86488540327240,86488603500444,86488539072990,16666666,86488540521406,86488542071781,86488542162740,86488570832531,86488618321823,17126000,3672459,86488618321823,86488603003365,0,86488570832531,
0,269501,86488553500446,86488553500446,-717716687,86488557123365,86488557722490,86488557990948,86488558031448,86488636833776,86488557116656,16666666,86488558731781,86488603069406,86488603095031,86488614873490,86488646426615,20778250,141166,86488646426615,86488642809948,0,86488614873490,
0,269509,86488570167112,86488586833778,-178208590,86488603351323,86488603809573,86488603954740,86488603978948,86488670167108,86488603347240,16666666,86488608604990,86488642873823,86488642898573,86488646003740,86488675681865,28911958,118458,86488675681865,86488675433573,0,86488646003740,
0,269518,86488620167110,86488636833776,-754369031,86488650137531,86488650219448,86488650219781,86488650400948,86488703500440,86488650130156,16666666,86488651064031,86488675510240,86488675603740,86488684492448,86488711206448,1459,160458,86488711206448,86488684968823,0,86488684492448,
0,269528,86488670167108,86488670167108,0,86488675998906,86488675999156,86488675999448,86488676429490,86488736833772,86488675995490,16666666,86488676807365,86488685028781,86488685065615,86488710154698,86488739573198,23552958,5301833,86488715972990,86488739573198,0,86488710154698,
0,269535,86488686833774,86488686833774,0,86488689295406,86488689296281,86488689296823,86488689379448,86488753500438,86488689289781,16666666,86488689888281,86488739635490,86488739676365,86488753987740,86488789570281,25443459,877834,86488789570281,86488787116740,0,86488753987740,
0,269543,86488703500440,86488736833772,0,86488750151781,86488750152073,86488750152323,86488750194656,86488820167102,86488750147573,16666666,86488751147906,86488787183615,86488787764240,86488789148031,86488825799115,27096041,106625,86488825799115,86488824475031,0,86488789148031,
0,269552,86488753500438,86488786833770,0,86488788867156,86488788867406,86488788867656,86488788906031,86488853500434,86488788863740,16666666,86488789418823,86488824549365,86488824594615,86488826811615,86488863946990,4083,3261250,86488863946990,86488838223240,0,86488826811615,
0,269561,86488803500436,86488820167102,-204325135,86488826803781,86488826900948,86488826901323,86488826943156,86488886833766,86488826798573,16666666,86488834426781,86488838542906,86488838592073,86488864776073,86488900507615,1583,109542,86488900507615,86488872391865,0,86488864776073,
0,269569,86488836833768,86488836833768,-859378201,86488839037365,86488840209656,86488840911990,86488840938448,86488920167098,86488839034156,16666666,86488842045781,86488872452656,86488872482323,86488900520448,86488920625865,9116083,149875,86488920625865,86488910214531,0,86488900520448,
0,269577,86488853500434,86488870167100,-630979474,86488877693448,86488878232406,86488878428531,86488878453656,86488953500430,86488877157406,16666666,86488882489323,86488910285115,86488910338948,86488919804073,86488936471948,12027250,72583,86488936471948,86488932853198,0,86488919804073,
0,269585,86488886833766,86488903500432,-128948498,86488915699823,86488918944407,86488921254907,86488921291032,86488970167096,86488915695948,16666666,86488921529907,86488932923657,86488932983157,86488935927698,86488995710115,43946750,142333,86488995710115,86488991498323,0,86488935927698,
0,269602,86488936833764,86488936833764,-844359350,86488942120157,86488943297490,86488956322948,86488956384157,86489020167094,86488942113448,16666666,86488956584532,86488991615490,86488991708573,86488994713032,86489038879698,39993917,361500,86489038879698,86489035832573,0,86488994713032,
0,269610,86488953500430,86489003500428,-967045433,86489011963657,86489014372573,86489015270490,86489015301240,86489070167092,86489011956948,16666666,86489022410032,86489035890615,86489035950407,86489038490323,86489068436782,21562083,136333,86489068436782,86489060670698,0,86489038490323,
0,269620,86489036833760,86489053500426,-333327484,86489061976657,86489063574532,86489065622823,86489065679448,86489086833758,86489061878365,16666666,86489066681532,86489066853240,86489067095032,86489067704615,86489121507698,33584750,241292,86489121507698,86489102098323,0,86489067704615,
0,269629,86489070167092,86489070167092,-20672318,86489080464198,86489105929907,86489120359615,86489120417573,86489153500422,86489080458865,16666666,86489123092573,86489144639990,86489144687740,86489145096323,86489159755282,2292,153250,86489159755282,86489146868865,0,86489145096323,
0,269638,86489120167090,86489136833756,-232675381,86489146337948,86489159974407,86489175030740,86489175086282,86489186833754,86489146331948,16666666,86489175268532,86489176244240,86489176468115,86489177004532,86489193825948,1625,105333,86489193825948,86489177867657,0,86489177004532,
0,269646,86489170167088,86489186833754,-41822472,86489191556240,86489191576157,86489193493698,86489193548448,86489220167086,86489191549240,16666666,86489193735573,86489196321907,86489196347115,86489197067157,86489220659240,22477916,659250,86489219690782,86489220659240,0,86489197067157,
0,269669,86489370167080,86489370167080,-546518158,86489371386907,86489371933115,86489374623448,86489374658865,86489386833746,86489371381073,16666666,86489374669532,86489374811615,86489374879698,86489375335198,86489393326407,2167,166292,86489393326407,86489376910198,0,86489375335198,
0,269677,86489386833746,86489386833746,-533844968,86489392640323,86489393516198,86489399714448,86489399776907,86489420167078,86489392633615,16666666,86489400662907,86489402387823,86489402443073,86489410112115,86489421916448,1875,176750,86489421916448,86489410986198,0,86489410112115,
0,269684,86489403500412,86489403500412,-700038364,86489409693948,86489410590573,86489410864907,86489410888073,86489453500410,86489409690157,16666666,86489412431282,86489413218240,86489413279407,86489422906657,86489441511240,1834,164333,86489441511240,86489432799657,0,86489422906657,
0,269692,86489420167078,86489420167078,-15207656,86489422179948,86489422645698,86489423001615,86489423030990,86489470167076,86489422174615,16666666,86489423552948,86489432869448,86489432928615,86489441213157,86489462236948,1946125,103208,86489462236948,86489444426782,0,86489441213157,
0,269700,86489436833744,86489436833744,-806498750,86489441307157,86489442296282,86489445286657,86489445344907,86489486833742,86489441301282,16666666,86489446193490,86489446387448,86489446628323,86489463335573,86489482260282,175667,7344125,86489482260282,86489471460782,0,86489463335573,
0,269708,86489453500410,86489453500410,-695301381,86489461276823,86489462098198,86489462831157,86489462886073,86489503500408,86489461271407,16666666,86489463238198,86489471529823,86489471573948,86489481915615,86489500215490,7768417,116250,86489500215490,86489490096823,0,86489481915615,
0,269715,86489470167076,86489470167076,-604645218,86489473343282,86489473720282,86489474387407,86489474411657,86489520167074,86489473339573,16666666,86489474850907,86489490158532,86489490203282,86489499743032,86489519222782,7744125,121791,86489519222782,86489509617448,0,86489499743032,
0,269723,86489486833742,86489486833742,-956684050,86489490588448,86489490932823,86489491156573,86489491176948,86489536833740,86489490585073,16666666,86489491377490,86489509696198,86489509741740,86489518800323,86489542518740,15628042,101708,86489542518740,86489534952115,0,86489518800323,
0,269731,86489503500408,86489503500408,-828704534,86489514829698,86489515738365,86489530618282,86489530663198,86489570167072,86489514825490,16666666,86489530946990,86489535019990,86489535060490,86489542168448,86489564375448,13659458,92958,86489564375448,86489556232198,0,86489542168448,
0,269739,86489520167074,86489536833740,-963434314,86489540178490,86489541007365,86489542142865,86489542171407,86489586833738,86489540173823,16666666,86489542279157,86489556292865,86489556338115,86489563654032,86489581185323,8227916,385875,86489581185323,86489572701323,0,86489563654032,
0,269748,86489553500406,86489553500406,-295244456,86489559806532,86489561370657,86489561881907,86489562263323,86489603500404,86489559795990,16666666,86489563034615,86489572783990,86489572861073,86489579440657,86489596793907,7798625,1324750,86489596793907,86489589038365,0,86489579440657,
0,269756,86489570167072,86489570167072,-401047791,86489577372657,86489578483573,86489587728657,86489587770740,86489620167070,86489577167782,16666666,86489588095615,86489589064448,86489589100032,86489596443740,86489612481449,8332250,110208,86489612481449,86489605270490,0,86489596443740,
0,269764,86489586833738,86489586833738,-474466461,86489589355448,86489593241115,86489595594573,86489595741865,86489636833736,86489589352157,16666666,86489595984032,86489605331823,86489605373157,86489611924115,86489630519282,10001458,141375,86489630519282,86489622538532,0,86489611924115,
0,269772,86489603500404,86489603500404,-107724728,86489605783657,86489606099365,86489606298573,86489606317657,86489653500402,86489605780282,16666666,86489606515865,86489622605240,86489622647490,86489630005032,86489645673365,7976917,115083,86489645673365,86489638543949,0,86489630005032,
0,269780,86489620167070,86489620167070,-261511372,86489622813824,86489623176532,86489623481615,86489623506365,86489670167068,86489622810907,16666666,86489623710657,86489638606282,86489638645365,86489645192282,86489663966115,10174541,106416,86489663966115,86489655898074,0,86489645192282,
0,269788,86489636833736,86489636833736,-999000409,86489638818449,86489639166407,86489639724032,86489639747032,86489686833734,86489638815532,16666666,86489639895199,86489655956907,86489656136907,86489663582699,86489692634282,19952792,73000,86489692634282,86489683968949,0,86489663582699,
0,269796,86489653500402,86489653500402,-132360430,86489662291365,86489663256949,86489663474532,86489663502657,86489720167066,86489662286157,16666666,86489663660324,86489684080865,86489684118740,86489691039532,86489730841865,23269875,86333,86489730841865,86489717003699,0,86489691039532,
0,269804,86489670167068,86489686833734,-559388157,86489688750824,86489690177449,86489690864782,86489690923365,86489753500398,86489688745199,16666666,86489696247449,86489717075407,86489717098949,86489726957115,86489785875782,54498375,182083,86489785875782,86489785476282,0,86489726957115,
0,269812,86489686833734,86489720167066,-192010724,86489722875157,86489722882824,86489752533949,86489752597949,86489803500396,86489722868490,16666666,86489788600240,86489806703490,86489807111407,86489808933240,86489876213865,2417,142958,86489876213865,86489809603074,0,86489808933240,
0,269822,86489736833732,86489803500396,0,86489809396365,86489809396907,86489847408865,86489847468199,86489903500392,86489809391032,16666666,86489847673449,86489847712157,86489847731490,86489875532324,86489942231490,819417,107708,86489942231490,86489881095324,0,86489875532324,
0,269831,86489820167062,86489853500394,0,86489856710865,86489856711282,86489856711615,86489856759782,86489970167056,86489856706490,16666666,86489858124574,86489881175157,86489881223449,86489941830657,86489980780032,34485125,163458,86489980780032,86489976884240,0,86489941830657,
0,269838,86489870167060,86489870167060,0,86489885171324,86489885171615,86489885171865,86489885209490,86490003500388,86489885167532,16666666,86489886968324,86489977004365,86489977117574,86489980318324,86490022410074,32838333,141792,86490022410074,86490013681990,0,86489980318324,
0,269846,86489886833726,86489970167056,-784470415,86489981868865,86489981869532,86489981869782,86489981910490,86490053500386,86489981863699,16666666,86489982336782,86490013751824,86490013793532,86490037634574,86490075636240,2250,157167,86490075636240,86490038161157,0,86490037634574,
0,269858,86489986833722,86490003500388,-91456952,86490015689074,86490017390740,86490017587449,86490017617365,86490103500384,86490015685115,16666666,86490017811199,86490038234407,86490038661824,86490076513324,86490148832824,3666,1132416,86490148832824,86490094921949,0,86490076513324,
0,269867,86490036833720,86490036833720,-218818926,86490039147574,86490039468199,86490039587824,86490039673032,86490170167048,86490039144407,16666666,86490039865699,86490095007074,86490095038032,86490149310282,86490195257615,3250,245417,86490195257615,86490162303824,0,86490149310282,
0,269875,86490053500386,86490086833718,-913349122,86490096517949,86490096963990,86490097090907,86490097114115,86490220167046,86490096514032,16666666,86490097585782,86490162413907,86490162518990,86490163146740,86490246078407,46084083,35397333,86490199537074,86490246078407,0,86490163146740,
0,269883,86490120167050,86490153500382,-234653227,86490162877615,86490163202157,86490163460699,86490163483990,86490236833712,86490162874074,16666666,86490163849699,86490246144199,86490246214574,86490248870449,86490287948074,30610750,2481375,86490287948074,86490283269282,0,86490248870449,
0,269891,86490170167048,86490236833712,-744769977,86490249237449,86490255125949,86490263855657,86490266696240,86490320167042,86490249229990,16666666,86490281469074,86490283357532,86490283706449,86490284849365,86490318628866,23067417,3803583,86490318628866,86490312624616,0,86490284849365,
0,269901,86490270167044,86490286833710,-646701,86490295589490,86490297789240,86490310461157,86490310512699,86490336833708,86490295582990,16666666,86490311365824,86490312666449,86490312706782,86490318015366,86490338084782,19082000,269208,86490338084782,86490337810741,0,86490318015366,
0,269919,86490486833702,86490486833702,-55669630,86490488416616,86490489027241,86490489894699,86490489952949,86490503500368,86490488410824,16666666,86490489975157,86490489998282,86490490041074,86490491155324,86490504969282,1833,156125,86490504969282,86490491660699,0,86490491155324,
0,269927,86490503500368,86490503500368,-102231959,86490517282532,86490518124657,86490518589116,86490518638824,86490536833700,86490517275449,16666666,86490519004157,86490519282741,86490519380699,86490519858532,86490538462532,2375,251584,86490538462532,86490520522866,0,86490519858532,
0,269942,86490536833700,86490536833700,-973728120,86490538807574,86490539492699,86490548680032,86490548737157,86490570167032,86490538800532,16666666,86490551256741,86490551433949,86490551493782,86490551981199,86490571583782,9333,728958,86490571583782,86490553293741,0,86490551981199,
0,269957,86490570167032,86490570167032,-348130442,86490571442157,86490572287449,86490573349449,86490573404407,86490603500364,86490571435199,16666666,86490573640741,86490573683699,86490574370157,86490587441574,86490597520782,2041,266583,86490597520782,86490588215616,0,86490587441574,
0,269964,86490586833698,86490586833698,-320234784,86490587513699,86490588133616,86490591247949,86490591433366,86490620167030,86490587508116,16666666,86490591806491,86490592506782,86490592546574,86490597115574,86490616818449,8510042,165167,86490616818449,86490606102824,0,86490597115574,
0,269972,86490603500364,86490603500364,-841845128,86490604870157,86490605385491,86490606185907,86490606231907,86490636833696,86490604864657,16666666,86490606387032,86490610816991,86490610852157,86490616392199,86490635336366,9969292,161250,86490635336366,86490626914616,0,86490616392199,
0,269980,86490620167030,86490620167030,-394166862,86490621060324,86490622652449,86490623193282,86490623232449,86490653500362,86490621054407,16666666,86490623852032,86490626970324,86490627008741,86490634964657,86490661107241,16630209,114125,86490661107241,86490652066699,0,86490634964657,
0,269988,86490636833696,86490636833696,-222309053,86490638674782,86490639078324,86490639492199,86490639522491,86490686833694,86490638669324,16666666,86490642335199,86490652133699,86490652155366,86490659869782,86490719752241,28314584,323667,86490719752241,86490689488199,0,86490659869782,
0,269996,86490653500362,86490653500362,-415488918,86490658583782,86490659527991,86490661157782,86490661234741,86490736833692,86490658579949,16666666,86490661509949,86490689557116,86490689620449,86490718400532,86490784936949,40073584,216625,86490784936949,86490762561782,0,86490718400532,
0,270004,86490670167028,86490686833694,-541432613,86490694581866,86490720285032,86490721421074,86490721487782,86490803500356,86490694577699,16666666,86490721927074,86490762645532,86490762721449,86490784506116,86490885745241,58970958,176000,86490885745241,86490844219574,0,86490784506116,
0,270013,86490736833692,86490753500358,0,86490768159949,86490768243657,86490768244407,86490768310491,86490903500352,86490768150907,16666666,86490769913282,86490844363199,86490844453866,86490885854574,86490973216699,66213125,168625,86490973216699,86490958609866,0,86490885854574,
0,270021,86490770167024,86490836833688,-387879553,86490847380407,86490847887241,86490848157366,86490848195907,86491003500348,86490847375907,16666666,86490848411032,86490958701574,86490958775324,86490971770616,86491085606033,64362334,292083,86491085606033,86491037686366,0,86490971770616,
0,270032,86490870167020,86491003500348,-979528932,86491006263074,86491006281407,86491006281741,86491006388449,86491103500344,86491004910907,16666666,86491007101282,86491037876366,86491038001783,86491081241908,86491331000699,186616083,175834,86491331000699,86491272557991,0,86491081241908,
0,270048,86491020167014,86491053500346,0,86491062606824,86491062608491,86491062609199,86491062747574,86491353500334,86491062593949,16666666,86491064416074,86491272672158,86491272741658,86491314418241,86491438521449,103914500,12432833,86491438521449,86491435011699,0,86491314418241,
0,270055,86491036833680,86491270167004,0,86491273378991,86491273379533,86491273648699,86491273708574,86491470166996,86491273202158,16666666,86491281971699,86491435312491,86491435415241,86491455285324,86491533680783,4083,937167,86491533680783,86491489799658,0,86491455285324,
0,270072,86491286833670,86491436833664,-12303439,86491457323949,86491457394116,86491457394574,86491457454991,86491553500326,86491451864741,16666666,86491457755074,86491489884908,86491490048241,86491616882949,86491741467950,1917,321208,86491741467950,86491620298741,0,86491616882949,
0,270089,86491470166996,86491486833662,-694115990,86491490614366,86491491161824,86491502648533,86491502707699,86491770166984,86491490607824,16666666,86491503416324,86491620380283,86491620418991,86491690947699,86491779791991,25804666,40829750,86491753928991,86491779791991,0,86491690947699,
0,270097,86491520166994,86491670166988,-428063365,86491744387075,86491754126783,86491780647950,86491780681825,86491786833650,86491676282199,16666666,86491780927908,86491780941908,86491780964408,86491805388616,86491874716658,68249125,165000,86491862390116,86491874716658,0,86491805388616,
0,270125,86492103500304,86492136833636,-49799439,86492137387283,86492141185658,86492197598491,86492197669450,86492120166970,86492137381033,16666666,86492197855158,86492199243950,86492202867075,86492214821283,86492275273575,2750,378000,86492275273575,86492248958991,0,86492214821283,
0,270132,86492153500302,86492236833632,-925550974,86492242281700,86492250705325,86492308227450,86492308293241,86492303500296,86492242272533,16666666,86492310697158,86492314604575,86492314695575,86492318623158,86492373359658,9750,363583,86492373359658,86492326871991,0,86492318623158,
0,270140,86492253500298,86492370166960,-564262009,86492430768242,86492445429992,86492477022200,86492488279658,86492403500292,86492374172158,16666666,86492501201825,86492501448408,86492501497075,86492504290242,86492577676117,2041,140417,86492577676117,86492505353825,0,86492504290242,
0,270155,86492470166956,86492503500288,-1033418577,86492504368700,86492504374992,86492509052533,86492509147242,86492603500284,86492504363408,16666666,86492510080533,86492513200033,86492513225575,86492621060783,86492718613700,3375,9513458,86492718613700,86492632078742,0,86492621060783,
0,270163,86492520166954,86492536833620,0,86492539632992,86492539634033,86492539634700,86492542472283,86492736833612,86492539625533,16666666,86492543335200,86492632163992,86492632187117,86492726382908,86492843746950,87216458,616084,86492843746950,86492827990325,0,86492726382908,
0,270170,86492553500286,86492636833616,0,86492647756825,86492647757075,86492647757325,86492647798283,86492570166952,86492647752533,16666666,86492648134492,86492828773742,86492829582492,86492835223533,86486963654072,82153375,191083,86486963654072,86492926129658,0,86492835223533,
0,270178,86492703500280,86492820166942,0,86492846604117,86492846605367,86492846606075,86492846661325,86492870166940,86492834290742,16666666,86492846988992,86492926221450,86492926287908,86492931456533,86493002200617,3875,553916,86493002200617,86492932637867,0,86492931456533,
0,270195,86492886833606,86492920166938,0,86492926825658,86492926826075,86492926826408,86492926874617,86493020166934,86492926821658,16666666,86492927374450,86492932737367,86492932794783,86493002568617,86493058716325,50148375,258209,86493058563367,86493058716325,0,86493002568617,
0,270203,86492936833604,86492936833604,0,86492943619075,86492943619867,86492943620158,86492943678908,86492953500270,86492943613492,16666666,86492963879200,86493059104617,86493059127367,86493084654825,86487018752281,4083,2317125,86487018752281,86493090416783,0,86493084654825,
---PROFILEDATA---


View hierarchy:

  dev.polski.grammarmatrix/dev.polski.grammarmatrix.GlassBenchmarkActivity/android.view.ViewRootImpl@c533755
  7 views, 12.02 kB of render nodes


Total ViewRootImpl   : 1
Total attached Views : 7
Total RenderNode     : 12.02 kB (used) / 36.09 kB (capacity)

