Applications Graphics Acceleration Info:
Uptime: 86609607 Realtime: 86609607

** Graphics info for pid 11050 [dev.polski.grammarmatrix] **

Stats since: 86602080862919ns
Total frames rendered: 161
Janky frames: 105 (65.22%)
Janky frames (legacy): 149 (92.55%)
50th percentile: 61ms
90th percentile: 150ms
95th percentile: 200ms
99th percentile: 350ms
Number Missed Vsync: 50
Number High input latency: 108
Number Slow UI thread: 80
Number Slow bitmap uploads: 1
Number Slow issue draw commands: 103
Number Frame deadline missed: 105
Number Frame deadline missed (legacy): 101
HISTOGRAM: 5ms=0 6ms=0 7ms=0 8ms=0 9ms=0 10ms=0 11ms=0 12ms=0 13ms=0 14ms=0 15ms=0 16ms=0 17ms=0 18ms=1 19ms=1 20ms=1 21ms=0 22ms=2 23ms=2 24ms=1 25ms=1 26ms=1 27ms=3 28ms=2 29ms=0 30ms=2 31ms=1 32ms=6 34ms=1 36ms=6 38ms=9 40ms=5 42ms=4 44ms=4 46ms=10 48ms=4 53ms=10 57ms=2 61ms=5 65ms=2 69ms=4 73ms=3 77ms=2 81ms=7 85ms=4 89ms=3 93ms=3 97ms=2 101ms=1 105ms=1 109ms=1 113ms=4 117ms=4 121ms=4 125ms=2 129ms=2 133ms=1 150ms=15 200ms=4 250ms=4 300ms=2 350ms=1 400ms=0 450ms=1 500ms=0 550ms=0 600ms=0 650ms=0 700ms=0 750ms=0 800ms=0 850ms=0 900ms=0 950ms=0 1000ms=0 1050ms=0 1100ms=0 1150ms=0 1200ms=0 1250ms=0 1300ms=0 1350ms=0 1400ms=0 1450ms=0 1500ms=0 1550ms=0 1600ms=0 1650ms=0 1700ms=0 1750ms=0 1800ms=0 1850ms=0 1900ms=0 1950ms=0 2000ms=0 2050ms=0 2100ms=0 2150ms=0 2200ms=0 2250ms=0 2300ms=0 2350ms=0 2400ms=0 2450ms=0 2500ms=0 2550ms=0 2600ms=0 2650ms=0 2700ms=0 2750ms=0 2800ms=0 2850ms=0 2900ms=0 2950ms=0 3000ms=0 3050ms=0 3100ms=0 3150ms=0 3200ms=0 3250ms=0 3300ms=0 3350ms=0 3400ms=0 3450ms=0 3500ms=0 3550ms=0 3600ms=0 3650ms=0 3700ms=0 3750ms=0 3800ms=0 3850ms=0 3900ms=0 3950ms=0 4000ms=0 4050ms=0 4100ms=0 4150ms=0 4200ms=0 4250ms=0 4300ms=0 4350ms=0 4400ms=0 4450ms=0 4500ms=0 4550ms=0 4600ms=0 4650ms=0 4700ms=0 4750ms=0 4800ms=0 4850ms=0 4900ms=0 4950ms=0
50th gpu percentile: 4950ms
90th gpu percentile: 4950ms
95th gpu percentile: 4950ms
99th gpu percentile: 4950ms
GPU HISTOGRAM: 1ms=1 2ms=1 3ms=1 4ms=0 5ms=0 6ms=0 7ms=0 8ms=0 9ms=1 10ms=2 11ms=2 12ms=1 13ms=0 14ms=0 15ms=4 16ms=2 17ms=7 18ms=5 19ms=4 20ms=4 21ms=10 22ms=9 23ms=7 24ms=5 25ms=5 4950ms=90

Pipeline=Skia (OpenGL)
Memory policy:
  Max surface area: 2592000
  Max resource usage: 124.42MB (x48)
  Background retention: 50% (altUiHidden = true)
  GPU Context timeout: 10
Contexts: 1 (stopped = 0)
CPU Caches:
  Glyph Cache: 33.70 KB (1 entry)
  Glyph Count: 11 
Total CPU memory usage:
  34510 bytes, 33.70 KB (0.00 bytes is purgeable)
GPU Caches:
  Other:
    Other: 32.34 KB (1 entry)
    Buffer Object: 36.00 KB (1 entry)
  Scratch:
    RenderTarget: 11.88 MB (1 entry)
    Buffer Object: 110.00 KB (3 entries)
    Texture: 2.00 MB (1 entry)
Total GPU memory usage:
  14731616 bytes, 14.05 MB (11.94 MB is purgeable)

GraphicBufferAllocator buffers:
        Handle |        Size |     W (Stride) x H | Layers |   Format |      Usage | Requestor
0xb400007c0ba820e0 |     unknown | 1080 (   0) x 2400 |      1 |        1 | 0x     b00 | VRI[GlassBenchmarkActivity]#0(BLAST Consumer)0
0xb400007c0ba82440 |     unknown | 1080 (   0) x 2400 |      1 |        1 | 0x     b00 | VRI[GlassBenchmarkActivity]#0(BLAST Consumer)0
0xb400007c0ba83130 |     unknown | 1080 (   0) x 2400 |      1 |        1 | 0x     b00 | VRI[GlassBenchmarkActivity]#0(BLAST Consumer)0
Total allocated by GraphicBufferAllocator (estimate): 0.00 KB
GoldfishAllocator::dumpDebugInfo is not implemented
Profile data in ms:

	dev.polski.grammarmatrix/dev.polski.grammarmatrix.GlassBenchmarkActivity/android.view.ViewRootImpl@29d8014 (visibility=0)
Window: dev.polski.grammarmatrix/dev.polski.grammarmatrix.GlassBenchmarkActivity
Stats since: 86602080862127ns
Total frames rendered: 161
Janky frames: 105 (65.22%)
Janky frames (legacy): 149 (92.55%)
50th percentile: 61ms
90th percentile: 150ms
95th percentile: 200ms
99th percentile: 350ms
Number Missed Vsync: 50
Number High input latency: 108
Number Slow UI thread: 80
Number Slow bitmap uploads: 1
Number Slow issue draw commands: 103
Number Frame deadline missed: 105
Number Frame deadline missed (legacy): 101
HISTOGRAM: 5ms=0 6ms=0 7ms=0 8ms=0 9ms=0 10ms=0 11ms=0 12ms=0 13ms=0 14ms=0 15ms=0 16ms=0 17ms=0 18ms=1 19ms=1 20ms=1 21ms=0 22ms=2 23ms=2 24ms=1 25ms=1 26ms=1 27ms=3 28ms=2 29ms=0 30ms=2 31ms=1 32ms=6 34ms=1 36ms=6 38ms=9 40ms=5 42ms=4 44ms=4 46ms=10 48ms=4 53ms=10 57ms=2 61ms=5 65ms=2 69ms=4 73ms=3 77ms=2 81ms=7 85ms=4 89ms=3 93ms=3 97ms=2 101ms=1 105ms=1 109ms=1 113ms=4 117ms=4 121ms=4 125ms=2 129ms=2 133ms=1 150ms=15 200ms=4 250ms=4 300ms=2 350ms=1 400ms=0 450ms=1 500ms=0 550ms=0 600ms=0 650ms=0 700ms=0 750ms=0 800ms=0 850ms=0 900ms=0 950ms=0 1000ms=0 1050ms=0 1100ms=0 1150ms=0 1200ms=0 1250ms=0 1300ms=0 1350ms=0 1400ms=0 1450ms=0 1500ms=0 1550ms=0 1600ms=0 1650ms=0 1700ms=0 1750ms=0 1800ms=0 1850ms=0 1900ms=0 1950ms=0 2000ms=0 2050ms=0 2100ms=0 2150ms=0 2200ms=0 2250ms=0 2300ms=0 2350ms=0 2400ms=0 2450ms=0 2500ms=0 2550ms=0 2600ms=0 2650ms=0 2700ms=0 2750ms=0 2800ms=0 2850ms=0 2900ms=0 2950ms=0 3000ms=0 3050ms=0 3100ms=0 3150ms=0 3200ms=0 3250ms=0 3300ms=0 3350ms=0 3400ms=0 3450ms=0 3500ms=0 3550ms=0 3600ms=0 3650ms=0 3700ms=0 3750ms=0 3800ms=0 3850ms=0 3900ms=0 3950ms=0 4000ms=0 4050ms=0 4100ms=0 4150ms=0 4200ms=0 4250ms=0 4300ms=0 4350ms=0 4400ms=0 4450ms=0 4500ms=0 4550ms=0 4600ms=0 4650ms=0 4700ms=0 4750ms=0 4800ms=0 4850ms=0 4900ms=0 4950ms=0
50th gpu percentile: 4950ms
90th gpu percentile: 4950ms
95th gpu percentile: 4950ms
99th gpu percentile: 4950ms
GPU HISTOGRAM: 1ms=1 2ms=1 3ms=1 4ms=0 5ms=0 6ms=0 7ms=0 8ms=0 9ms=1 10ms=2 11ms=2 12ms=1 13ms=0 14ms=0 15ms=4 16ms=2 17ms=7 18ms=5 19ms=4 20ms=4 21ms=10 22ms=9 23ms=7 24ms=5 25ms=5 4950ms=90



---PROFILEDATA---
Flags,FrameTimelineVsyncId,IntendedVsync,Vsync,InputEventId,HandleInputStart,AnimationStart,PerformTraversalsStart,DrawStart,FrameDeadline,FrameInterval,FrameStartTime,SyncQueued,SyncStart,IssueDrawCommandsStart,SwapBuffers,FrameCompleted,DequeueBufferDuration,QueueBufferDuration,GpuCompleted,SwapBuffersCompleted,DisplayPresentTime,CommandSubmissionCompleted,
0,299220,86604586829138,86604586829138,-808211202,86604587973337,86604589691920,86604596757378,86604596837462,86604636829136,86604587967337,16666666,86604602493545,86604602681045,86604602716003,86604603824712,86604626816795,618375,125958,86604626816795,86604610558253,0,86604603824712,
0,299228,86604603495804,86604603495804,-250901753,86604608568670,86604609493378,86604616389878,86604616457045,86604653495802,86604608563378,16666666,86604616737628,86604624849503,86604624909420,86604626327420,86604649825170,18378542,95750,86604649825170,86604645281670,0,86604626327420,
0,299236,86604620162470,86604620162470,-439543555,86604627172128,86604631946128,86604633582837,86604633689087,86604670162468,86604627167087,16666666,86604638333920,86604645356753,86604645381337,86604649282378,86604670929920,8638375,252292,86604670929920,86604658583795,0,86604649282378,
0,299252,86604653495802,86604653495802,-735112498,86604658955587,86604659477212,86604673642503,86604674417587,86604703495800,86604658952045,16666666,86604675158503,86604675317420,86604675352837,86604683291587,86604697891378,1958,452041,86604697891378,86604685696837,0,86604683291587,
0,299260,86604670162468,86604670162468,-960345959,86604684113962,86604685459170,86604696803170,86604696847753,86604720162466,86604684108337,16666666,86604697851670,86604698731753,86604698802253,86604707871420,86604717712712,4000,424916,86604717712712,86604709155670,0,86604707871420,
0,299268,86604686829134,86604703495800,-334784545,86604710015337,86604711225920,86604715463878,86604715509212,86604736829132,86604710008545,16666666,86604716238795,86604716516378,86604716585045,86604717249753,86604749100087,29032875,106958,86604749100087,86604746804087,0,86604717249753,
0,299276,86604720162466,86604720162466,-997945370,86604722099045,86604722999295,86604731671962,86604732300170,86604770162464,86604722092420,16666666,86604735094837,86604746875212,86604746916878,86604748688003,86604785785837,24932375,98208,86604785785837,86604774337920,0,86604748688003,
0,299284,86604736829132,86604736829132,-818592356,86604749371837,86604749384212,86604750016712,86604750054462,86604803495796,86604749365920,16666666,86604750278087,86604774461545,86604774529462,86604785495962,86604839449253,35634125,99833,86604839449253,86604821470712,0,86604785495962,
0,299292,86604753495798,86604770162464,0,86604777216503,86604777217212,86604777596128,86604777651628,86604870162460,86604777210920,16666666,86604777881253,86604821541212,86604821578212,86604853579962,86604879508337,2125,260791,86604879508337,86604854161587,0,86604853579962,
0,299301,86604786829130,86604820162462,0,86604829683378,86604829685295,86604829686003,86604829760295,86604903495792,86604829671837,16666666,86604835729212,86604855626837,86604855655545,86604880230962,86604927182378,1917,205958,86604927182378,86604894095003,0,86604880230962,
0,299310,86604853495794,86604870162460,0,86604873298712,86604873298920,86604873299212,86604873339628,86604953495790,86604873294462,16666666,86604875586920,86604894169670,86604894190503,86604927717545,86604970801087,2000,212625,86604970801087,86604941591837,0,86604927717545,
0,299318,86604870162460,86604886829126,0,86604897657337,86604897658128,86604898121920,86604898187545,86605003495788,86604897648253,16666666,86604901800920,86604941669170,86604942600587,86604973796420,86605017168587,4923458,237666,86605017168587,86604979510129,0,86604973796420,
0,299326,86604903495792,86604936829124,-620891201,86604945815253,86604945816045,86604945816337,86604945993003,86605036829120,86604945810628,16666666,86604946307795,86604979582879,86604979631254,86605016155587,86605055208379,26647167,178042,86605055208379,86605043930504,0,86605016155587,
0,299334,86604953495790,86604970162456,-226066990,86604982302420,86604982983920,86604983241087,86604983276879,86605086829118,86604982192712,16666666,86604983579629,86605044128754,86605044202462,86605055462295,86605098697129,875250,144084,86605098697129,86605061661420,0,86605055462295,
0,299342,86604986829122,86605036829120,-1015374841,86605052761379,86605053341212,86605053663045,86605053693670,86605120162450,86605052754712,16666666,86605054708962,86605061741670,86605063517087,86605098604670,86605139335504,9165625,119042,86605139335504,86605116107712,0,86605098604670,
0,299354,86605070162452,86605070162452,-452441683,86605076910254,86605107590670,86605107853962,86605107902920,86605170162448,86605076904254,16666666,86605108261920,86605116163545,86605116800587,86605139511004,86605201511004,4578541,71584,86605201511004,86605145786962,0,86605139511004,
0,299363,86605120162450,86605120162450,-517672404,86605124520629,86605142873920,86605147983795,86605149419087,86605220162446,86605124514545,16666666,86605150443837,86605150728962,86605150796295,86605198053379,86605236437004,32811667,3122416,86605236437004,86605234401837,0,86605198053379,
0,299372,86605153495782,86605153495782,-645257036,86605169455545,86605179638504,86605211140837,86605211225712,86605253495778,86605169448212,16666666,86605222792129,86605234475670,86605234527379,86605235663212,86605257458795,19458291,131333,86605257458795,86605256110337,0,86605235663212,
0,299381,86605186829114,86605220162446,-573787172,86605234958045,86605235988170,86605246893379,86605248104129,86605286829110,86605234953420,16666666,86605248484129,86605256339337,86605256417670,86605256937379,86605287723545,15175291,246042,86605287723545,86605272701462,0,86605256937379,
0,299391,86605236829112,86605253495778,-235278418,86605261825629,86605262648795,86605266315629,86605266355087,86605320162442,86605261819337,16666666,86605267445462,86605272787670,86605272846962,86605287006045,86605320913962,21184500,149583,86605320913962,86605310072045,0,86605287006045,
0,299417,86605420162438,86605420162438,-849731593,86605422246754,86605422819420,86605427520587,86605427564254,86605436829104,86605422240045,16666666,86605428397004,86605428501420,86605428534920,86605429172212,86605438994670,3875,949959,86605438994670,86605430738045,0,86605429172212,
0,299425,86605436829104,86605436829104,-700638359,86605438871295,86605439582170,86605440984754,86605441120379,86605470162436,86605438865587,16666666,86605442301504,86605442591170,86605442615962,86605451283962,86605459974629,2792,305458,86605459974629,86605451937087,0,86605451283962,
0,299433,86605453495770,86605453495770,-316545248,86605454754420,86605459350545,86605459856004,86605459898837,86605486829102,86605454746587,16666666,86605461314962,86605461817920,86605461903545,86605469869087,86605481039879,2208,254625,86605481039879,86605470577712,0,86605469869087,
0,299440,86605470162436,86605470162436,-141321893,86605470949420,86605471520920,86605471861379,86605471899087,86605503495768,86605470944004,16666666,86605472370962,86605472822087,86605472846879,86605480564837,86605511183962,16315250,234500,86605511183962,86605497414295,0,86605480564837,
0,299448,86605486829102,86605486829102,-755614860,86605489800254,86605490371629,86605500216337,86605500276004,86605536829100,86605489794420,16666666,86605501859712,86605502049462,86605502070045,86605510502004,86605541212087,12580834,157708,86605541212087,86605523829712,0,86605510502004,
0,299464,86605520162434,86605520162434,-116634223,86605521709212,86605523135212,86605529553587,86605529587837,86605570162432,86605521702920,16666666,86605529695629,86605529712920,86605529733879,86605536991962,86605588534170,47256917,97542,86605588108045,86605588534170,0,86605536991962,
0,299472,86605536829100,86605536829100,-494175577,86605545318629,86605545905462,86605546344254,86605546379337,86605620162430,86605545311254,16666666,86605546722170,86605588615837,86605588732420,86605591017795,86605773370504,152303125,292125,86605773370504,86605756548337,0,86605591017795,
0,299480,86605553495766,86605586829098,-827736543,86605589613420,86605590636879,86605605931420,86605605986920,86605803495756,86605589602129,16666666,86605606222545,86605756713671,86605756886837,86605766987296,86605865130296,65428042,130792,86605865130296,86605841036087,0,86605766987296,
0,299488,86605603495764,86605753495758,-217122833,86605766052962,86605767531754,86605767860379,86605767890504,86605886829086,86605759148754,16666666,86605774658504,86605841161962,86605841209462,86605858621837,86605943124421,45612083,222250,86605943124421,86605916138087,0,86605858621837,
0,299504,86605770162424,86605836829088,-343936018,86605851051379,86605851069087,86605851069421,86605851122796,86605970162416,86605851045796,16666666,86605852530004,86605916197879,86605917189754,86605941803129,86606014458462,54391333,671416,86606014458462,86605997578671,0,86605941803129,
0,299513,86605853495754,86605903495752,0,86605917704754,86605917705004,86605917705254,86605917741171,86606036829080,86605917700921,16666666,86605917991879,86605997647046,86605997749587,86606014363587,86606071444254,53433666,244291,86606071444254,86606069331254,0,86606014363587,
0,299522,86605936829084,86605986829082,0,86605998473087,86605998473421,86605998473712,86605998509712,86606103495744,86605998468796,16666666,86605998863546,86606069407879,86606069462879,86606071674629,86606127191546,39618292,116084,86606127191546,86606112068421,0,86606071674629,
0,299532,86606003495748,86606070162412,-518660815,86606071214837,86606071215462,86606071215754,86606071238879,86606153495742,86606071210921,16666666,86606071986046,86606112141671,86606112186879,86606126742921,86606185110837,37900666,128750,86606185110837,86606165164671,0,86606126742921,
0,299542,86606086829078,86606103495744,-724808180,86606112812921,86606113762962,86606114333962,86606114378087,86606203495740,86606112808671,16666666,86606117119421,86606165242296,86606165312671,86606184356421,86606255575337,50469542,138166,86606255575337,86606235680671,0,86606184356421,
0,299550,86606120162410,86606153495742,-867150613,86606169214712,86606175796421,86606185075212,86606185526337,86606286829070,86606169201921,16666666,86606188593754,86606235787212,86606235896587,86606255271587,86606310312754,38178500,117291,86606310312754,86606294097087,0,86606255271587,
0,299560,86606186829074,86606253495738,-229297198,86606263957462,86606272476421,86606287494671,86606287578046,86606336829068,86606263939671,16666666,86606289048129,86606294171879,86606294233504,86606309732629,86606353711921,33815417,181833,86606353711921,86606344194004,0,86606309732629,
0,299570,86606286829070,86606303495736,-656199482,86606311799837,86606313515337,86606319444462,86606319486087,86606386829066,86606311152587,16666666,86606323465921,86606344261629,86606344306504,86606353098588,86606377824296,12382959,234875,86606377824296,86606366161171,0,86606353098588,
0,299579,86606320162402,86606336829068,-150003887,86606353330463,86606354994379,86606359786338,86606359856254,86606403495732,86606353321796,16666666,86606362402254,86606366232629,86606366293254,86606377306713,86606406008046,11483250,206667,86606406008046,86606389389838,0,86606377306713,
0,299589,86606370162400,86606370162400,-299681838,86606372561296,86606373575296,86606384864963,86606384913796,86606436829064,86606372555171,16666666,86606387889463,86606389471088,86606389530046,86606407238004,86606439753213,993459,203000,86606439753213,86606408940463,0,86606407238004,
0,299597,86606386829066,86606386829066,-992634834,86606390626796,86606391152463,86606391838129,86606391863713,86606470162396,86606390622713,16666666,86606398862463,86606409008338,86606409056296,86606439772463,86606526415046,2542,1966959,86606526415046,86606453268671,0,86606439772463,
0,299613,86606420162398,86606420162398,-277600888,86606428871671,86606428872713,86606435739671,86606435793338,86606553495726,86606428867046,16666666,86606435952129,86606453347754,86606453410379,86606525506921,86606559466338,16296708,265416,86606559466338,86606542852254,0,86606525506921,
0,299621,86606436829064,86606453495730,0,86606454046504,86606454047254,86606461563754,86606461596838,86606586829058,86606454040963,16666666,86606483776046,86606542937838,86606543016213,86606557082671,86606587746504,17861541,183917,86606587746504,86606577430254,0,86606557082671,
0,299628,86606453495730,86606536829060,0,86606549446129,86606549446379,86606565154754,86606565212838,86606620162390,86606549442504,16666666,86606565575588,86606577504296,86606577651671,86606587201504,86606611066296,11307334,378375,86606611066296,86606599633421,0,86606587201504,
0,299650,86606586829058,86606586829058,-568290036,86606588130046,86606588510671,86606590589129,86606590749921,86606636829056,86606588125421,16666666,86606592640129,86606599717629,86606599782671,86606610382504,86606681217213,27048542,234458,86606681217213,86606638211088,0,86606610382504,
0,299666,86606620162390,86606620162390,-924331476,86606621885171,86606628565129,86606630137546,86606630180879,86606703495720,86606621878213,16666666,86606630441463,86606638300963,86606638329963,86606677741004,86606787497046,102259875,2166917,86606787497046,86606783621546,0,86606677741004,
0,299674,86606636829056,86606670162388,-447514337,86606677234713,86606678585171,86606679750171,86606679795879,86606820162382,86606677226838,16666666,86606679942588,86606783705463,86606783765296,86606785302713,86606830598046,23692916,176416,86606830598046,86606811484838,0,86606785302713,
0,299682,86606686829054,86606786829050,-405364965,86606794416004,86606795228879,86606804610338,86606804661171,86606853495714,86606791879004,16666666,86606809847129,86606811566254,86606811614421,86606829914796,86606893225088,46718416,313000,86606893225088,86606877441588,0,86606829914796,
0,299700,86606803495716,86606803495716,-232666442,86606813061379,86606814700588,86606870116379,86606870268796,86606920162378,86606813050879,16666666,86606873546671,86606877508921,86606877552046,86606892808546,86606919346546,13345667,134500,86606919346546,86606906650713,0,86606892808546,
0,299708,86606820162382,86606870162380,-410341804,86606878380296,86606878838838,86606881978588,86606882023213,86606936829044,86606878375254,16666666,86606882157421,86606906737629,86606907796879,86606918687004,86606936960338,15514917,218916,86606936960338,86606934947129,0,86606918687004,
0,299718,86606886829046,86606920162378,-107542176,86606922541629,86606923463671,86606924853629,86606924887921,86606970162376,86606922534879,16666666,86606928303254,86606935024588,86606935089754,86606936420838,86606958420213,12067083,154250,86606958420213,86606949097796,0,86606936420838,
0,299736,86606953495710,86606953495710,-841542772,86606955344254,86606955345463,86606955755796,86606955803379,86606986829042,86606955338671,16666666,86606955992463,86606956918879,86606956966796,86606958417254,86606988513963,12189000,141791,86606988513963,86606971369796,0,86606958417254,
0,299759,86607070162372,86607070162372,-581109518,86607071302088,86607071837421,86607075107171,86607075140296,86607086829038,86607071296588,16666666,86607075421963,86607075807296,86607075840296,86607080619005,86607117960921,1958,197875,86607117960921,86607085010505,0,86607080619005,
0,299767,86607086829038,86607086829038,-501903983,86607093618505,86607094085838,86607094897505,86607094925713,86607136829036,86607093612755,16666666,86607095027255,86607095520505,86607095559255,86607117970421,86607168400463,32666667,202625,86607168400463,86607151242088,0,86607117970421,
0,299774,86607103495704,86607103495704,-742249576,86607108660505,86607109087921,86607110068713,86607110299755,86607186829034,86607108654421,16666666,86607110320588,86607151469130,86607152504630,86607167896380,86607219360046,28483875,159750,86607219360046,86607196949546,0,86607167896380,
0,299782,86607120162370,86607153495702,-79330359,86607155425421,86607155814796,86607164884213,86607164937588,86607236829032,86607155420463,16666666,86607165293046,86607197149755,86607197213546,86607217214255,86607254701338,18915125,216416,86607254701338,86607238337130,0,86607217214255,
0,299791,86607170162368,86607203495700,-984449947,86607214939421,86607217348338,86607220473796,86607220740296,86607286829030,86607214932171,16666666,86607221189630,86607238412546,86607238456921,86607255022880,86607307150671,790958,130000,86607307150671,86607256543713,0,86607255022880,
0,299801,86607220162366,86607236829032,-509180398,86607238762171,86607246461713,86607247858255,86607247957463,86607336829028,86607238758713,16666666,86607248617755,86607257023546,86607257159005,86607330689046,86607348338880,2500,361333,86607348338880,86607331513463,0,86607330689046,
0,299810,86607253495698,86607253495698,-1072055292,86607257823421,86607260940338,86607280418671,86607280488380,86607370162360,86607257819046,16666666,86607288765838,86607331581213,86607331666713,86607350823255,86607411419963,3792,309417,86607411419963,86607394053296,0,86607350823255,
0,299818,86607270162364,86607320162362,-165978436,86607332549963,86607333935130,86607334836921,86607334869088,86607436829024,86607332540796,16666666,86607334968796,86607394553546,86607394606671,86607410441296,86607454828838,42613500,1332833,86607412139421,86607454828838,0,86607410441296,
0,299828,86607353495694,86607436829024,-678401727,86607438592546,86607454816213,86607459663588,86607459721505,86607453495690,86607438585796,16666666,86607460666463,86607461069963,86607461139171,86607462138838,86607510903505,45605875,240916,86607510903505,86607509307421,0,86607462138838,
0,299847,86607486829022,86607486829022,-449454344,86607489816921,86607489818505,86607489819130,86607489890505,86607536829020,86607489809838,16666666,86607490209755,86607509399713,86607509497255,86607509865630,86607544104463,28915917,294583,86607544104463,86607540355088,0,86607509865630,
0,299863,86607636829016,86607636829016,-189321470,86607638840880,86607639332630,86607641444505,86607641498463,86607653495682,86607638835171,16666666,86607641853880,86607642147963,86607642188838,86607642756088,86607657558296,2166,160417,86607657558296,86607643710505,0,86607642756088,
0,299871,86607653495682,86607653495682,-896732885,86607654389796,86607655975130,86607657206130,86607657252421,86607686829014,86607654382796,16666666,86607658830171,86607659295671,86607659406046,86607665452880,86607686207421,3291,294875,86607686207421,86607671136130,0,86607665452880,
0,299878,86607670162348,86607670162348,-598338883,86607671663505,86607672393713,86607673236546,86607673298255,86607703495680,86607671656213,16666666,86607674377130,86607674509463,86607674602921,86607685634755,86607716581421,30056041,492291,86607686440713,86607716581421,0,86607685634755,
0,299886,86607686829014,86607686829014,-1006992388,86607690219171,86607696497838,86607696838755,86607696886880,86607720162346,86607690211963,16666666,86607697410005,86607716751796,86607716853255,86607719246880,86607742830838,14548959,161917,86607742830838,86607734570921,0,86607719246880,
0,299894,86607703495680,86607703495680,-1047790719,86607717381296,86607718135588,86607719555213,86607719668255,86607770162344,86607717377213,16666666,86607720284505,86607734642713,86607741531338,86607742337838,86607764225130,18818334,102792,86607764225130,86607761735588,0,86607742337838,
0,299902,86607720162346,86607736829012,-1016593830,86607746284213,86607746733005,86607750442005,86607750478463,86607786829010,86607746277755,16666666,86607750583296,86607761815672,86607761884922,86607763548755,86607785894713,17838958,252750,86607785894713,86607782583838,0,86607763548755,
0,299919,86607770162344,86607770162344,-238880715,86607773456505,86607774572755,86607779968588,86607780140838,86607803495676,86607773449880,16666666,86607782470547,86607782667713,86607782766755,86607784861380,86607811354047,20928958,253666,86607811354047,86607806901838,0,86607784861380,
0,299935,86607803495676,86607803495676,-706768052,86607807931213,86607808911963,86607810020547,86607810062797,86607836829008,86607807925547,16666666,86607810291213,86607810500963,86607810562963,86607810942838,86607831588130,12874291,148125,86607831588130,86607824343713,0,86607810942838,
0,299943,86607820162342,86607820162342,-719864185,86607822862588,86607823494630,86607823920255,86607823960088,86607853495674,86607822855047,16666666,86607830718838,86607830849880,86607830897463,86607831232588,86607849168380,15886875,104708,86607849168380,86607847599005,0,86607831232588,
0,299951,86607836829008,86607836829008,-942794243,86607839929255,86607845696047,86607846483588,86607846518338,86607870162340,86607839923172,16666666,86607847086422,86607847658672,86607847787255,86607848673797,86607868913172,16764875,107750,86607868913172,86607866069755,0,86607848673797,
0,299959,86607853495674,86607853495674,-765814876,86607857261505,86607858140880,86607867053463,86607867094047,86607886829006,86607857254922,16666666,86607867223547,86607867437797,86607867509213,86607868436130,86607883870255,12728500,107417,86607883870255,86607881762130,0,86607868436130,
0,299967,86607870162340,86607870162340,-1040132781,86607872740713,86607873537963,86607873957130,86607873996505,86607903495672,86607872733672,16666666,86607874269838,86607881875755,86607882022255,86607883516588,86607902839088,13824208,119458,86607902839088,86607897805297,0,86607883516588,
0,299975,86607886829006,86607886829006,-876189124,86607887651630,86607888510047,86607888794297,86607888824672,86607920162338,86607887645088,16666666,86607889094213,86607897914547,86607897962297,86607902385463,86607919233505,13049792,204458,86607919233505,86607916149963,0,86607902385463,
0,299983,86607903495672,86607903495672,-148032221,86607905525297,86607906046088,86607907082672,86607907138963,86607936829004,86607905518672,16666666,86607907480588,86607916229422,86607916282213,86607918714922,86607934806172,8599875,209167,86607934806172,86607927890797,0,86607918714922,
0,299991,86607920162338,86607920162338,-141899087,86607921999463,86607922677255,86607923532130,86607923568297,86607953495670,86607921991713,16666666,86607923695380,86607927955255,86607928263213,86607934337172,86607951223130,8096958,227083,86607951223130,86607942958922,0,86607934337172,
0,299999,86607936829004,86607936829004,-782937755,86607937940630,86607938692463,86607939288505,86607939343547,86607970162336,86607937934630,16666666,86607939693088,86607943011797,86607943117505,86607950363588,86607967953255,7739875,344583,86607967953255,86607959068547,0,86607950363588,
0,300007,86607953495670,86607953495670,-314538897,86607958043463,86607958929963,86607959218588,86607959245588,86607986829002,86607958037713,16666666,86607964531130,86607965483797,86607965509963,86607967221880,86607987249755,12639917,254666,86607987249755,86607980671505,0,86607967221880,
0,300023,86607986829002,86607986829002,0,86607988300547,86607988301838,86607989693588,86607989730588,86608020162334,86607988294880,16666666,86607989946713,86607995749630,86607995855797,86608006221088,86608017149088,1667,211291,86608017149088,86608006938297,0,86608006221088,
0,300030,86608003495668,86608003495668,0,86608006245630,86608006246630,86608009659547,86608009701130,86608036829000,86608006239838,16666666,86608009879380,86608009987255,86608010026838,86608016359880,86608036171255,10101833,200833,86608036171255,86608027306130,0,86608016359880,
0,300038,86608020162334,86608020162334,0,86608027229297,86608027230547,86608027634713,86608027667213,86608053495666,86608027223505,16666666,86608028274797,86608031770630,86608034385297,86608035502422,86608062065547,16883084,681709,86608062065547,86608053507797,0,86608035502422,
0,300046,86608036829000,86608036829000,0,86608037585922,86608037587338,86608038317463,86608038361130,86608086828998,86608037579880,16666666,86608038587672,86608053583338,86608053634338,86608061681880,86608084527505,11414667,125042,86608084527505,86608073536297,0,86608061681880,
0,300054,86608053495666,86608053495666,0,86608060073922,86608060074838,86608062882505,86608062954338,86608103495664,86608060069297,16666666,86608063545672,86608073762630,86608073915505,86608082268963,86608104571047,9422958,138833,86608104571047,86608094020338,0,86608082268963,
0,300062,86608070162332,86608070162332,0,86608074527922,86608074528172,86608078141797,86608078179880,86608136828996,86608074524422,16666666,86608078286463,86608094096588,86608094128422,86608103614213,86608125414338,13263583,129042,86608125414338,86608118358630,0,86608103614213,
0,300078,86608103495664,86608103495664,-91934300,86608105139338,86608107744755,86608119276963,86608119350838,86608153495662,86608105133880,16666666,86608122512338,86608122658505,86608122854380,86608124432422,86608156343088,12914000,451958,86608156343088,86608138614755,0,86608124432422,
0,300086,86608120162330,86608120162330,-439883001,86608123108213,86608125145588,86608126554963,86608126609088,86608186828994,86608123104838,16666666,86608126776630,86608138690338,86608138744838,86608156371088,86608175202838,8489333,500250,86608175202838,86608166091172,0,86608156371088,
0,300094,86608136828996,86608136828996,-26397121,86608139809130,86608140406630,86608143288422,86608143321380,86608203495660,86608139805797,16666666,86608143329922,86608166164005,86608166202338,86608175235755,86608197048713,18374750,442542,86608197048713,86608194862297,0,86608175235755,
0,300102,86608153495662,86608170162328,-791059140,86608179279880,86608181041797,86608182294880,86608182343922,86608220162326,86608179270797,16666666,86608182658130,86608194950255,86608194979088,86608196531297,86608218762630,20528167,135292,86608218762630,86608217671755,0,86608196531297,
0,300119,86608203495660,86608203495660,-691563295,86608205872338,86608206551672,86608207465547,86608207515338,86608236828992,86608205865755,16666666,86608207653172,86608217739588,86608217785963,86608218295172,86608251864588,14759584,176042,86608251864588,86608233655672,0,86608218295172,
0,300127,86608220162326,86608220162326,-261983715,86608224531380,86608225221088,86608229474297,86608229561255,86608270162324,86608224524713,16666666,86608232797088,86608233718422,86608233770380,86608251023797,86608271845630,11140500,125833,86608271845630,86608263055255,0,86608251023797,
0,300135,86608236828992,86608236828992,-702858110,86608238983380,86608239879463,86608240287130,86608240325172,86608303495656,86608238977088,16666666,86608240619380,86608263124047,86608263164463,86608271159713,86608291825797,10840458,101792,86608291825797,86608287878297,0,86608271159713,
0,300143,86608253495658,86608253495658,-636194079,86608268507755,86608271457630,86608273170880,86608273235130,86608320162322,86608268499797,16666666,86608273406297,86608289759088,86608289786255,86608292499838,86608316594005,3043083,179292,86608316594005,86608296493338,0,86608292499838,
0,300151,86608270162324,86608286828990,-326881808,86608290082088,86608290569630,86608297595588,86608297697338,86608336828988,86608290078422,16666666,86608306542880,86608307999088,86608308187672,86608316213005,86608332907797,9133334,128000,86608332907797,86608325785755,0,86608316213005,
0,300160,86608303495656,86608303495656,-473059847,86608309399213,86608309906713,86608310187172,86608310214797,86608353495654,86608309393588,16666666,86608310439047,86608325855005,86608325900922,86608332583005,86608349415088,9204458,105041,86608349415088,86608342171130,0,86608332583005,
0,300168,86608320162322,86608320162322,-4167288,86608327192505,86608327566630,86608328188797,86608328213963,86608370162320,86608327189422,16666666,86608328303672,86608342237838,86608342288797,86608349074213,86608370752047,8356417,99167,86608370752047,86608357829922,0,86608349074213,
0,300176,86608336828988,86608336828988,-1047094684,86608346005547,86608346387338,86608346994505,86608347017047,86608403495652,86608346002172,16666666,86608347023463,86608357907297,86608357945797,86608370553463,86608390926922,11399166,356292,86608390926922,86608382780922,0,86608370553463,
0,300184,86608353495654,86608353495654,-197176970,86608358311088,86608358699380,86608363038338,86608363172797,86608420162318,86608358307463,16666666,86608376430755,86608382850297,86608382891672,86608391231922,86608407188005,881166,412583,86608407188005,86608393294088,0,86608391231922,
0,300192,86608370162320,86608370162320,-336756843,86608383114380,86608390999672,86608391426630,86608391469672,86608436828984,86608383110755,16666666,86608391752630,86608393349963,86608393388838,86608398058047,86608431772797,14802125,264875,86608431772797,86608422047547,0,86608398058047,
0,300208,86608403495652,86608420162318,-857362768,86608422478838,86608423008297,86608425006297,86608425200005,86608453495650,86608422474963,16666666,86608425457713,86608425789088,86608425866547,86608431404880,86608450432172,10338458,116708,86608450432172,86608442211005,0,86608431404880,
0,300217,86608436828984,86608436828984,-868979217,86608438832422,86608439634422,86608443379338,86608443448963,86608470162316,86608438824755,16666666,86608444803963,86608445024672,86608445063297,86608449694380,86608487567964,13997750,148292,86608487567964,86608464609464,0,86608449694380,
0,300225,86608453495650,86608453495650,-538644225,86608455068589,86608455092797,86608456523547,86608456574047,86608520162314,86608455057880,16666666,86608457247880,86608464679672,86608464719297,86608487552922,86608518898005,12043875,145042,86608518898005,86608500751630,0,86608487552922,
0,300233,86608470162316,86608470162316,0,86608471079380,86608471080422,86608473212630,86608473637672,86608536828980,86608471072880,16666666,86608473758047,86608500830755,86608500871255,86608518520422,86608543581214,13949750,120375,86608543581214,86608532902172,0,86608518520422,
0,300241,86608486828982,86608486828982,0,86608502203464,86608502205255,86608505530964,86608505564130,86608570162312,86608502192464,16666666,86608505570464,86608532972464,86608533013964,86608542959922,86608565528505,12329333,107625,86608565528505,86608555974880,0,86608542959922,
0,300249,86608503495648,86608520162314,0,86608533504422,86608533504839,86608541367755,86608541430922,86608586828978,86608533500255,16666666,86608543867505,86608556118755,86608556172839,86608564818172,86608585316589,9405833,383250,86608585316589,86608575029047,0,86608564818172,
0,300258,86608536828980,86608553495646,-745648356,86608563338589,86608563339297,86608563450089,86608563479297,86608603495644,86608563333005,16666666,86608563612589,86608575185172,86608575229214,86608584738297,86608606442297,12675958,175875,86608606442297,86608598077922,0,86608584738297,
0,300267,86608570162312,86608570162312,-955517270,86608581389589,86608581864672,86608583061214,86608583094547,86608636828976,86608581383130,16666666,86608583200047,86608598159297,86608598189339,86608605944089,86608623742422,15606334,170833,86608623742422,86608622695172,0,86608605944089,
0,300283,86608603495644,86608603495644,-57072331,86608610868714,86608613634880,86608614173005,86608614213214,86608653495642,86608610861630,16666666,86608614474464,86608622782505,86608622865505,86608623616130,86608649298547,12792875,127209,86608649298547,86608637103922,0,86608623616130,
0,300291,86608620162310,86608620162310,-951811505,86608623587505,86608625027047,86608627338297,86608627393797,86608670162308,86608623583922,16666666,86608630309005,86608637169880,86608637210547,86608649039547,86608672324589,10633792,727750,86608672324589,86608660847047,0,86608649039547,
0,300299,86608636828976,86608636828976,-72026176,86608649478214,86608650825547,86608651834255,86608651884589,86608703495640,86608649471797,16666666,86608653954547,86608660947672,86608661004880,86608671631005,86608693021714,10544125,354583,86608693021714,86608682930255,0,86608671631005,
0,300315,86608670162308,86608670162308,-392723088,86608676595172,86608679753964,86608681072130,86608681106547,86608720162306,86608676589422,16666666,86608681357089,86608682990380,86608683036672,86608692679505,86608712836130,12672459,113750,86608712836130,86608706609547,0,86608692679505,
0,300323,86608686828974,86608686828974,-603221464,86608693429964,86608694521589,86608695612964,86608695659464,86608736828972,86608693424422,16666666,86608695966464,86608706738630,86608706820005,86608712331964,86608737025130,15380333,184833,86608737025130,86608728285297,0,86608712331964,
0,300331,86608703495640,86608703495640,-83959554,86608711061297,86608711475797,86608713509005,86608713539797,86608770162304,86608711058005,16666666,86608713742922,86608728360964,86608728418255,86608736394172,86608755353255,18066042,123791,86608755353255,86608755156672,0,86608736394172,
0,300339,86608720162306,86608736828972,-942479930,86608741965714,86608742521630,86608742858839,86608742901172,86608786828970,86608741958589,16666666,86608743269630,86608755329255,86608755373255,86608756808047,86608775152172,216416,111500,86608775152172,86608766069214,0,86608756808047,
0,300348,86608753495638,86608753495638,-393017412,86608755537422,86608769926714,86608774475422,86608774538297,86608803495636,86608755534047,16666666,86608774888297,86608775189505,86608775418797,86608775907255,86608790795630,767375,266958,86608790795630,86608784408839,0,86608775907255,
0,300364,86608786828970,86608786828970,-536854033,86608790753964,86608791524589,86608792725755,86608792757380,86608820162302,86608790747380,16666666,86608792856839,86608797039755,86608797090255,86608798883005,86608835788339,2208,137250,86608835788339,86608800345672,0,86608798883005,
0,300372,86608803495636,86608803495636,-522779949,86608811087255,86608811567464,86608811848380,86608811873755,86608853495634,86608811081339,16666666,86608812224672,86608819575214,86608819658297,86608827562964,86608894008755,4917,3710542,86608894008755,86608872712214,0,86608827562964,
0,300379,86608820162302,86608820162302,-157344806,86608828511839,86608831642755,86608837155922,86608837696714,86608920162298,86608828506880,16666666,86608841211047,86608872795130,86608872822047,86608885085005,86609025127797,9530292,130000,86609025127797,86608969294339,0,86608885085005,
0,300386,86608836828968,86608870162300,-975284096,86608874423464,86608875597130,86608876430964,86608876464130,86609053495626,86608874418214,16666666,86608876561005,86608969365964,86608969391255,86609024967589,86609164977631,1685708,143334,86609164977631,86609028432505,0,86609024967589,
0,300394,86608886828966,86608986828962,-457727879,86609017639464,86609018544964,86609019358964,86609019383922,86609186828954,86608989773797,16666666,86609026057339,86609028514589,86609028583255,86609158536089,86609225675672,39686916,155500,86609225675672,86609207097006,0,86609158536089,
0,300411,86609020162294,86609170162288,-8244539,86609185699089,86609185717256,86609190311589,86609190386506,86609253495618,86609185412756,16666666,86609190617214,86609207163589,86609207213547,86609225302006,86609270706672,13353875,113167,86609270706672,86609239101839,0,86609225302006,
---PROFILEDATA---


View hierarchy:

  dev.polski.grammarmatrix/dev.polski.grammarmatrix.GlassBenchmarkActivity/android.view.ViewRootImpl@29d8014
  7 views, 12.02 kB of render nodes


Total ViewRootImpl   : 1
Total attached Views : 7
Total RenderNode     : 12.02 kB (used) / 36.09 kB (capacity)

