Applications Graphics Acceleration Info:
Uptime: 86540344 Realtime: 86540344

** Graphics info for pid 10290 [dev.polski.grammarmatrix] **

Stats since: 86533450861094ns
Total frames rendered: 277
Janky frames: 91 (32.85%)
Janky frames (legacy): 199 (71.84%)
50th percentile: 34ms
90th percentile: 81ms
95th percentile: 93ms
99th percentile: 150ms
Number Missed Vsync: 41
Number High input latency: 331
Number Slow UI thread: 55
Number Slow bitmap uploads: 1
Number Slow issue draw commands: 91
Number Frame deadline missed: 91
Number Frame deadline missed (legacy): 88
HISTOGRAM: 5ms=0 6ms=0 7ms=0 8ms=0 9ms=0 10ms=0 11ms=0 12ms=3 13ms=3 14ms=2 15ms=5 16ms=5 17ms=23 18ms=12 19ms=5 20ms=4 21ms=4 22ms=10 23ms=4 24ms=9 25ms=5 26ms=9 27ms=2 28ms=3 29ms=3 30ms=3 31ms=6 32ms=10 34ms=12 36ms=11 38ms=11 40ms=9 42ms=4 44ms=6 46ms=6 48ms=11 53ms=10 57ms=6 61ms=12 65ms=7 69ms=3 73ms=6 77ms=5 81ms=7 85ms=3 89ms=3 93ms=2 97ms=3 101ms=0 105ms=3 109ms=0 113ms=0 117ms=1 121ms=0 125ms=0 129ms=0 133ms=1 150ms=3 200ms=0 250ms=1 300ms=1 350ms=0 400ms=0 450ms=0 500ms=0 550ms=0 600ms=0 650ms=0 700ms=0 750ms=0 800ms=0 850ms=0 900ms=0 950ms=0 1000ms=0 1050ms=0 1100ms=0 1150ms=0 1200ms=0 1250ms=0 1300ms=0 1350ms=0 1400ms=0 1450ms=0 1500ms=0 1550ms=0 1600ms=0 1650ms=0 1700ms=0 1750ms=0 1800ms=0 1850ms=0 1900ms=0 1950ms=0 2000ms=0 2050ms=0 2100ms=0 2150ms=0 2200ms=0 2250ms=0 2300ms=0 2350ms=0 2400ms=0 2450ms=0 2500ms=0 2550ms=0 2600ms=0 2650ms=0 2700ms=0 2750ms=0 2800ms=0 2850ms=0 2900ms=0 2950ms=0 3000ms=0 3050ms=0 3100ms=0 3150ms=0 3200ms=0 3250ms=0 3300ms=0 3350ms=0 3400ms=0 3450ms=0 3500ms=0 3550ms=0 3600ms=0 3650ms=0 3700ms=0 3750ms=0 3800ms=0 3850ms=0 3900ms=0 3950ms=0 4000ms=0 4050ms=0 4100ms=0 4150ms=0 4200ms=0 4250ms=0 4300ms=0 4350ms=0 4400ms=0 4450ms=0 4500ms=0 4550ms=0 4600ms=0 4650ms=0 4700ms=0 4750ms=0 4800ms=0 4850ms=0 4900ms=0 4950ms=0
50th gpu percentile: 18ms
90th gpu percentile: 4950ms
95th gpu percentile: 4950ms
99th gpu percentile: 4950ms
GPU HISTOGRAM: 1ms=4 2ms=1 3ms=0 4ms=0 5ms=0 6ms=0 7ms=13 8ms=21 9ms=19 10ms=8 11ms=4 12ms=2 13ms=3 14ms=6 15ms=8 16ms=9 17ms=23 18ms=21 19ms=14 20ms=10 21ms=8 22ms=9 23ms=8 24ms=6 25ms=11 4950ms=69

Pipeline=Skia (OpenGL)
Memory policy:
  Max surface area: 2592000
  Max resource usage: 124.42MB (x48)
  Background retention: 50% (altUiHidden = true)
  GPU Context timeout: 10
Contexts: 1 (stopped = 0)
CPU Caches:
  Glyph Cache: 33.70 KB (1 entry)
  Glyph Count: 11 
Total CPU memory usage:
  34510 bytes, 33.70 KB (0.00 bytes is purgeable)
GPU Caches:
  Other:
    Other: 24.02 KB (1 entry)
    Buffer Object: 36.00 KB (1 entry)
  Scratch:
    RenderTarget: 11.88 MB (1 entry)
    Buffer Object: 110.00 KB (3 entries)
    Texture: 2.00 MB (1 entry)
Total GPU memory usage:
  14723088 bytes, 14.04 MB (11.94 MB is purgeable)

GraphicBufferAllocator buffers:
        Handle |        Size |     W (Stride) x H | Layers |   Format |      Usage | Requestor
0xb400007c0ba81ab0 |     unknown | 1080 (   0) x 2400 |      1 |        1 | 0x     b00 | VRI[GlassBenchmarkActivity]#0(BLAST Consumer)0
0xb400007c0ba829e0 |     unknown | 1080 (   0) x 2400 |      1 |        1 | 0x     b00 | VRI[GlassBenchmarkActivity]#0(BLAST Consumer)0
0xb400007c0ba83130 |     unknown | 1080 (   0) x 2400 |      1 |        1 | 0x     b00 | VRI[GlassBenchmarkActivity]#0(BLAST Consumer)0
Total allocated by GraphicBufferAllocator (estimate): 0.00 KB
GoldfishAllocator::dumpDebugInfo is not implemented
Profile data in ms:

	dev.polski.grammarmatrix/dev.polski.grammarmatrix.GlassBenchmarkActivity/android.view.ViewRootImpl@c3b5206 (visibility=0)
Window: dev.polski.grammarmatrix/dev.polski.grammarmatrix.GlassBenchmarkActivity
Stats since: 86533450860469ns
Total frames rendered: 277
Janky frames: 91 (32.85%)
Janky frames (legacy): 199 (71.84%)
50th percentile: 34ms
90th percentile: 81ms
95th percentile: 93ms
99th percentile: 150ms
Number Missed Vsync: 41
Number High input latency: 331
Number Slow UI thread: 55
Number Slow bitmap uploads: 1
Number Slow issue draw commands: 91
Number Frame deadline missed: 91
Number Frame deadline missed (legacy): 88
HISTOGRAM: 5ms=0 6ms=0 7ms=0 8ms=0 9ms=0 10ms=0 11ms=0 12ms=3 13ms=3 14ms=2 15ms=5 16ms=5 17ms=23 18ms=12 19ms=5 20ms=4 21ms=4 22ms=10 23ms=4 24ms=9 25ms=5 26ms=9 27ms=2 28ms=3 29ms=3 30ms=3 31ms=6 32ms=10 34ms=12 36ms=11 38ms=11 40ms=9 42ms=4 44ms=6 46ms=6 48ms=11 53ms=10 57ms=6 61ms=12 65ms=7 69ms=3 73ms=6 77ms=5 81ms=7 85ms=3 89ms=3 93ms=2 97ms=3 101ms=0 105ms=3 109ms=0 113ms=0 117ms=1 121ms=0 125ms=0 129ms=0 133ms=1 150ms=3 200ms=0 250ms=1 300ms=1 350ms=0 400ms=0 450ms=0 500ms=0 550ms=0 600ms=0 650ms=0 700ms=0 750ms=0 800ms=0 850ms=0 900ms=0 950ms=0 1000ms=0 1050ms=0 1100ms=0 1150ms=0 1200ms=0 1250ms=0 1300ms=0 1350ms=0 1400ms=0 1450ms=0 1500ms=0 1550ms=0 1600ms=0 1650ms=0 1700ms=0 1750ms=0 1800ms=0 1850ms=0 1900ms=0 1950ms=0 2000ms=0 2050ms=0 2100ms=0 2150ms=0 2200ms=0 2250ms=0 2300ms=0 2350ms=0 2400ms=0 2450ms=0 2500ms=0 2550ms=0 2600ms=0 2650ms=0 2700ms=0 2750ms=0 2800ms=0 2850ms=0 2900ms=0 2950ms=0 3000ms=0 3050ms=0 3100ms=0 3150ms=0 3200ms=0 3250ms=0 3300ms=0 3350ms=0 3400ms=0 3450ms=0 3500ms=0 3550ms=0 3600ms=0 3650ms=0 3700ms=0 3750ms=0 3800ms=0 3850ms=0 3900ms=0 3950ms=0 4000ms=0 4050ms=0 4100ms=0 4150ms=0 4200ms=0 4250ms=0 4300ms=0 4350ms=0 4400ms=0 4450ms=0 4500ms=0 4550ms=0 4600ms=0 4650ms=0 4700ms=0 4750ms=0 4800ms=0 4850ms=0 4900ms=0 4950ms=0
50th gpu percentile: 18ms
90th gpu percentile: 4950ms
95th gpu percentile: 4950ms
99th gpu percentile: 4950ms
GPU HISTOGRAM: 1ms=4 2ms=1 3ms=0 4ms=0 5ms=0 6ms=0 7ms=13 8ms=21 9ms=19 10ms=8 11ms=4 12ms=2 13ms=3 14ms=6 15ms=8 16ms=9 17ms=23 18ms=21 19ms=14 20ms=10 21ms=8 22ms=9 23ms=8 24ms=6 25ms=11 4950ms=69



---PROFILEDATA---
Flags,FrameTimelineVsyncId,IntendedVsync,Vsync,InputEventId,HandleInputStart,AnimationStart,PerformTraversalsStart,DrawStart,FrameDeadline,FrameInterval,FrameStartTime,SyncQueued,SyncStart,IssueDrawCommandsStart,SwapBuffers,FrameCompleted,DequeueBufferDuration,QueueBufferDuration,GpuCompleted,SwapBuffersCompleted,DisplayPresentTime,CommandSubmissionCompleted,
0,279482,86537186831834,86537186831834,-392065047,86537189102763,86537189637138,86537191097180,86537191137805,86537220165166,86537189096430,16666666,86537198718305,86537198835638,86537198874721,86537199866430,86537207956096,2083,151834,86537207956096,86537200595305,0,86537199866430,
0,279490,86537203498500,86537203498500,-536288900,86537207578513,86537208368638,86537209309638,86537209344013,86537236831832,86537207571930,16666666,86537209457346,86537215304930,86537216276305,86537216760096,86537227011721,2084,117833,86537227011721,86537217178221,0,86537216760096,
0,279498,86537220165166,86537220165166,-970998278,86537221729388,86537222300596,86537222628221,86537222666138,86537253498498,86537221722721,16666666,86537223342180,86537223504971,86537223546555,86537227033971,86537243188971,11881917,374625,86537243188971,86537239854180,0,86537227033971,
0,279506,86537236831832,86537236831832,-1064755690,86537242397138,86537243077555,86537243335430,86537243362471,86537270165164,86537242392096,16666666,86537243741388,86537243759180,86537244215721,86537251836930,86537258268346,1750,84208,86537258268346,86537252369013,0,86537251836930,
0,279514,86537253498498,86537253498498,-595987676,86537254883055,86537256577055,86537259220388,86537259407055,86537286831830,86537254877513,16666666,86537264823471,86537265093096,86537265227471,86537265791846,86537277383346,4458,236625,86537277383346,86537266463596,0,86537265791846,
0,279522,86537270165164,86537270165164,-218827855,86537271202846,86537271887263,86537272837805,86537272864055,86537303498496,86537271194930,16666666,86537272957930,86537273053846,86537273090305,86537277469721,86537293536388,7206500,153334,86537293536388,86537285281763,0,86537277469721,
0,279530,86537286831830,86537286831830,-45830746,86537290638596,86537291233846,86537292521971,86537292550430,86537320165162,86537290632471,16666666,86537292785513,86537292886305,86537292919763,86537293226180,86537313578596,12799959,84208,86537313578596,86537306390388,0,86537293226180,
0,279538,86537303498496,86537303498496,-120993351,86537305458305,86537305868138,86537306115305,86537306139721,86537336831828,86537305452763,16666666,86537306358805,86537306498638,86537306544846,86537313246055,86537330434055,9239792,100542,86537330434055,86537322866805,0,86537313246055,
0,279546,86537320165162,86537320165162,-370563793,86537321890888,86537322324721,86537328923138,86537328966888,86537353498494,86537321885138,16666666,86537329165430,86537329335013,86537329415721,86537330138388,86537356541930,20042458,97791,86537356541930,86537350525346,0,86537330138388,
0,279554,86537336831828,86537336831828,-850617040,86537343340055,86537343781471,86537343951888,86537343974846,86537386831826,86537343334263,16666666,86537344550096,86537350586305,86537350626555,86537367620513,86537387344596,6292,2646542,86537387344596,86537370598846,0,86537367620513,
0,279562,86537353498494,86537353498494,-178327038,86537355522055,86537356505930,86537356643805,86537356668430,86537420165158,86537355518596,16666666,86537356921013,86537370659763,86537370724888,86537386890638,86537418265721,263750,169750,86537418265721,86537391349555,0,86537386890638,
0,279569,86537370165160,86537370165160,-600901554,86537371471555,86537371945013,86537372140846,86537372164430,86537436831824,86537371467388,16666666,86537372303096,86537391413971,86537391462971,86537417932805,86537446471388,20459625,121917,86537446471388,86537438814388,0,86537417932805,
0,279577,86537386831826,86537386831826,-415453872,86537399984471,86537401610513,86537401791888,86537401828430,86537470165156,86537399979346,16666666,86537401993513,86537438876638,86537438913388,86537445865138,86537484833138,26856959,85000,86537484833138,86537473395596,0,86537445865138,
0,279585,86537403498492,86537436831824,-866545192,86537439222388,86537439581721,86537439698721,86537439718805,86537503498488,86537439218513,16666666,86537439853638,86537473462096,86537473500471,86537484506055,86537514942471,27628542,112709,86537514942471,86537512529555,0,86537484506055,
0,279595,86537453498490,86537470165156,-1050724936,86537475205221,86537475219721,86537475220013,86537475265555,86537536831820,86537475199888,16666666,86537475842263,86537512594846,86537512619638,86537514453055,86537546510846,29457416,169750,86537546510846,86537544471471,0,86537514453055,
0,279604,86537486831822,86537503498488,0,86537513602721,86537513602971,86537513603263,86537513639680,86537570165152,86537513599013,16666666,86537513947471,86537544719846,86537544763596,86537545476930,86537579488596,25122209,186708,86537579488596,86537571738013,0,86537545476930,
0,279613,86537520165154,86537536831820,0,86537545196388,86537545196680,86537545196971,86537545234263,86537603498484,86537545192305,16666666,86537545687180,86537571802930,86537571844388,86537578557055,86537605946971,19037125,656209,86537605946971,86537598641471,0,86537578557055,
0,279622,86537553498486,86537570165152,0,86537572407555,86537572407971,86537572408263,86537572455888,86537636831816,86537572403180,16666666,86537572815430,86537598736180,86537598810055,86537606480096,86537635198763,27928583,81667,86537634592888,86537635198763,0,86537606480096,
0,279631,86537586831818,86537586831818,-456168106,86537600520388,86537600521013,86537600521263,86537600556305,86537653498482,86537600516555,16666666,86537604601430,86537635261138,86537635311930,86537643149221,86537662399596,1667,120167,86537662399596,86537643497471,0,86537643149221,
0,279639,86537603498484,86537636831816,-832250177,86537638659305,86537639035971,86537639284555,86537639304638,86537686831814,86537638653638,16666666,86537639445680,86537643547013,86537643581138,86537663595180,86537701149971,1916,133583,86537701149971,86537681655430,0,86537663595180,
0,279648,86537653498482,86537653498482,-71341876,86537656702055,86537657187471,86537657497055,86537657521721,86537720165146,86537656695805,16666666,86537657788805,86537681733805,86537681799680,86537702023721,86537716322555,3416,280041,86537716322555,86537709316180,0,86537702023721,
0,279655,86537670165148,86537670165148,-523609626,86537682361930,86537682859638,86537695469346,86537695509555,86537736831812,86537682358263,16666666,86537696438805,86537709386596,86537709427846,86537715855346,86537729595680,6148834,111334,86537729595680,86537722519096,0,86537715855346,
0,279663,86537686831814,86537703498480,-860689531,86537709713430,86537710185263,86537711576305,86537711622763,86537753498478,86537709709846,16666666,86537711763221,86537722578805,86537722620013,86537729231471,86537746968846,10371209,109917,86537746968846,86537740085013,0,86537729231471,
0,279671,86537720165146,86537720165146,-707238154,86537722783971,86537723911930,86537727629888,86537727685096,86537770165144,86537722780680,16666666,86537727699388,86537740142096,86537740177138,86537746142846,86537762295888,8185416,255500,86537762295888,86537755239263,0,86537746142846,
0,279679,86537736831812,86537736831812,-163578769,86537743992513,86537746240888,86537751917638,86537752104596,86537786831810,86537743984846,16666666,86537752881305,86537755308596,86537755381680,86537761970055,86537778384263,9448583,106250,86537778384263,86537771793138,0,86537761970055,
0,279687,86537753498478,86537753498478,-917384462,86537755557888,86537759106471,86537760876680,86537760908388,86537803498476,86537755554805,16666666,86537761010596,86537771852805,86537771931013,86537777968055,86537796635930,10636709,112708,86537796635930,86537789071346,0,86537777968055,
0,279695,86537770165144,86537770165144,-813297324,86537772363930,86537773010930,86537773833513,86537773875680,86537820165142,86537772358471,16666666,86537773887180,86537789133555,86537789170638,86537796078305,86537813433680,8909917,101916,86537813433680,86537805695305,0,86537796078305,
0,279703,86537786831810,86537786831810,-922297008,86537789576221,86537793773763,86537794743221,86537794782805,86537836831808,86537789572888,16666666,86537795035388,86537805757805,86537805794638,86537812921930,86537830088096,9192958,118000,86537830088096,86537822687555,0,86537812921930,
0,279711,86537803498476,86537803498476,-222716625,86537806021805,86537807121430,86537810190430,86537810251388,86537853498474,86537806018138,16666666,86537810639055,86537822742763,86537822783055,86537829585971,86537845925638,9216916,181167,86537845925638,86537839380805,0,86537829585971,
0,279719,86537820165142,86537820165142,-292259249,86537823009096,86537827845555,86537829047680,86537829096305,86537870165140,86537823005888,16666666,86537829250055,86537839471596,86537839537680,86537845589763,86537865544722,11833333,90250,86537865544722,86537858782888,0,86537845589763,
0,279727,86537836831808,86537836831808,-928883065,86537843272305,86537845151721,86537846230263,86537846258680,86537886831806,86537843264430,16666666,86537846267430,86537858884638,86537859218388,86537865241013,86537881285055,7996458,89084,86537881285055,86537873627930,0,86537865241013,
0,279735,86537853498474,86537853498474,-202395638,86537863830930,86537864624013,86537865251513,86537865275555,86537903498472,86537863827763,16666666,86537865485680,86537873716388,86537873769430,86537880208763,86537897059055,8276167,584458,86537897059055,86537889645097,0,86537880208763,
0,279743,86537870165140,86537870165140,-466305560,86537877536347,86537878351763,86537883256680,86537883295972,86537920165138,86537877532680,16666666,86537883799263,86537889717930,86537889772430,86537896673013,86537913856138,8843458,96083,86537913856138,86537911346180,0,86537896673013,
0,279751,86537886831806,86537886831806,-855441504,86537889957597,86537895698013,86537897554763,86537897585347,86537936831804,86537889954555,16666666,86537897680055,86537911446555,86537911488055,86537913177805,86537929274013,8286792,392375,86537929274013,86537922220305,0,86537913177805,
0,279759,86537903498472,86537903498472,-339756475,86537911626555,86537912262847,86537913504597,86537913528597,86537953498470,86537911623347,16666666,86537913535138,86537922299888,86537922354222,86537928907763,86537947240180,9231167,96834,86537947240180,86537938551805,0,86537928907763,
0,279767,86537920165138,86537920165138,-905992697,86537927078722,86537927516430,86537927960388,86537927987055,86537970165136,86537927074930,16666666,86537929122180,86537938612847,86537938650013,86537945585222,86537969727305,9085209,816708,86537969727305,86537960742930,0,86537945585222,
0,279783,86537953498470,86537953498470,0,86537961252347,86537961252555,86537967267513,86537967304472,86537986831802,86537961248847,16666666,86537967667055,86537967785013,86537967916263,86537968807263,86537988538305,8077333,543458,86537988538305,86537977860805,0,86537968807263,
0,279791,86537970165136,86537970165136,0,86537971474263,86537971475555,86537974618847,86537975227138,86538020165134,86537971467097,16666666,86537975421847,86537977916097,86537977961222,86537990116763,86538006264972,2042,70917,86538006264972,86537998535263,0,86537990116763,
0,279799,86537986831802,86537986831802,0,86537988790638,86537988791180,86537996411972,86537996490888,86538036831800,86537988785805,16666666,86537996733638,86537998614097,86537998683180,86538007346805,86538024592847,1833,121042,86538024592847,86538016495680,0,86538007346805,
0,279807,86538003498468,86538003498468,0,86538006181847,86538006182722,86538007130388,86538007188138,86538053498466,86538006176513,16666666,86538013075513,86538016561513,86538016584263,86538024263805,86538033973638,336625,95625,86538033526888,86538033973638,0,86538024263805,
0,279815,86538020165134,86538020165134,0,86538023871222,86538023872555,86538029649847,86538029696388,86538070165132,86538023861347,16666666,86538029940597,86538034024680,86538035623097,86538040540638,86538062311513,19249542,132583,86538062311513,86538060345972,0,86538040540638,
0,279831,86538053498466,86538053498466,-972164817,86538054244555,86538054890097,86538060868055,86538060918555,86538086831798,86538054237722,16666666,86538061049388,86538061273138,86538061315847,86538061746263,86538079434222,15187833,243583,86538079434222,86538077583722,0,86538061746263,
0,279839,86538070165132,86538070165132,-13068446,86538071096722,86538071734013,86538072685180,86538072727930,86538103498464,86538071089805,16666666,86538077402722,86538077645930,86538077707430,86538079017263,86538096775722,10140125,148333,86538096775722,86538089659680,0,86538079017263,
0,279847,86538086831798,86538086831798,-804204533,86538088755805,86538089366263,86538089773180,86538089800847,86538120165130,86538088749597,16666666,86538090071805,86538091876597,86538091921763,86538096292180,86538113215888,9122542,164083,86538113215888,86538105956638,0,86538096292180,
0,279855,86538103498464,86538103498464,-347329827,86538105036847,86538105736513,86538106640847,86538106675305,86538136831796,86538105030222,16666666,86538106912555,86538107152888,86538107251763,86538112820097,86538129901388,9363917,90333,86538129901388,86538122667347,0,86538112820097,
0,279863,86538120165130,86538120165130,-895417068,86538121558305,86538122445347,86538123098680,86538123127680,86538153498462,86538121551888,16666666,86538123216597,86538123504013,86538123561388,86538129490722,86538145585013,9272958,142291,86538145585013,86538139228555,0,86538129490722,
0,279871,86538136831796,86538136831796,-996857,86538137590597,86538138265888,86538138852597,86538138902388,86538170165128,86538137584513,16666666,86538139230472,86538139266847,86538139308597,86538145166347,86538161586513,9867750,120875,86538161586513,86538155514763,0,86538145166347,
0,279879,86538153498462,86538153498462,-17096287,86538154592013,86538155271847,86538155564138,86538155596597,86538186831794,86538154585347,16666666,86538160849222,86538160956347,86538160994472,86538161284013,86538178862097,11390834,94167,86538178862097,86538173025555,0,86538161284013,
0,279887,86538170165128,86538170165128,-299919137,86538171206513,86538172264972,86538174502055,86538174531680,86538203498460,86538171200555,16666666,86538174736472,86538176952138,86538177016763,86538178299680,86538196237430,15430500,216166,86538196237430,86538194372305,0,86538178299680,
0,279895,86538186831794,86538186831794,-826055348,86538187740930,86538188633722,86538194548722,86538194588180,86538220165126,86538187735222,16666666,86538194803222,86538194919263,86538194944430,86538195842638,86538212721472,15386042,99875,86538212721472,86538211736097,0,86538195842638,
0,279903,86538203498460,86538203498460,-376474032,86538204968722,86538205520388,86538205762097,86538205784638,86538236831792,86538204963347,16666666,86538206013222,86538211791638,86538211843847,86538212345013,86538229657138,9698084,152042,86538229657138,86538222545805,0,86538212345013,
0,279911,86538220165126,86538220165126,-735392716,86538221508138,86538222170013,86538222416930,86538222446638,86538253498458,86538221502138,16666666,86538222669222,86538222914388,86538223003597,86538229181013,86538246494430,9121291,150500,86538246494430,86538244821805,0,86538229181013,
0,279919,86538236831792,86538236831792,-128794597,86538237522430,86538238067555,86538239050555,86538239194430,86538270165124,86538237516763,16666666,86538244967847,86538245098597,86538245137055,86538245425722,86538262550472,13389750,545583,86538262550472,86538259963847,0,86538245425722,
0,279927,86538253498458,86538253498458,-1063385401,86538254390847,86538255333972,86538256315930,86538256354013,86538286831790,86538254385388,16666666,86538256476513,86538260075222,86538260137430,86538262215513,86538279896263,9341458,98333,86538279896263,86538271939097,0,86538262215513,
0,279935,86538270165124,86538270165124,-622175047,86538271293388,86538272085513,86538277892597,86538277950638,86538303498456,86538271287638,16666666,86538278359513,86538278465847,86538278501722,86538279572513,86538298338472,11213500,102083,86538298338472,86538291210763,0,86538279572513,
0,279943,86538286831790,86538286831790,-294089524,86538289852305,86538290355680,86538290797388,86538290848472,86538320165122,86538289846513,16666666,86538291170138,86538291290347,86538291594638,86538297940388,86538325224097,24278875,117833,86538325224097,86538322677472,0,86538297940388,
0,279951,86538303498456,86538303498456,-910548552,86538310638722,86538311032388,86538322997888,86538323041305,86538353498454,86538310632722,16666666,86538323677638,86538324142013,86538324161722,86538324540138,86538402466347,13881500,110458,86538402466347,86538339179347,0,86538324540138,
0,279959,86538320165122,86538320165122,-118594472,86538324873305,86538325631805,86538326546180,86538326581888,86538420165118,86538324862972,16666666,86538326714888,86538341785180,86538341816972,86538393336430,86538468947555,66110000,1463416,86538467244055,86538468947555,0,86538393336430,
0,279967,86538336831788,86538403498452,-19336368,86538412634097,86538416985430,86538417870222,86538417907722,86538486831782,86538412620680,16666666,86538418341597,86538469124472,86538469252222,86538471393888,86538504650138,4583,1222458,86538504650138,86538486371097,0,86538471393888,
0,279992,86538703498440,86538703498440,-224876532,86538704867180,86538705692680,86538706279305,86538706323805,86538720165106,86538704861389,16666666,86538707066305,86538707178930,86538707233139,86538707640014,86538720616889,3084,353167,86538720616889,86538708423097,0,86538707640014,
0,280000,86538720165106,86538720165106,-234639317,86538720886930,86538721434014,86538722796930,86538722827097,86538753498438,86538720881055,16666666,86538723129222,86538723146764,86538723183055,86538730309597,86538737250180,2000,214917,86538737250180,86538730885847,0,86538730309597,
0,280008,86538736831772,86538736831772,-609865902,86538737504514,86538737979097,86538738292930,86538738318347,86538770165104,86538737498597,16666666,86538738540764,86538739700180,86538739750930,86538745150764,86538753890680,3458,408625,86538753890680,86538745878014,0,86538745150764,
0,280016,86538753498438,86538753498438,-400962620,86538754163805,86538754852264,86538755798430,86538755854597,86538786831770,86538754157847,16666666,86538756132264,86538759589264,86538759620514,86538761788805,86538770611014,1709,237875,86538770611014,86538762250514,0,86538761788805,
0,280024,86538770165104,86538770165104,-959796418,86538770837305,86538771262889,86538771844680,86538771868264,86538803498436,86538770831764,16666666,86538771875347,86538772084722,86538772118930,86538778420139,86538787263055,2375,302375,86538787263055,86538779035722,0,86538778420139,
0,280032,86538786831770,86538786831770,-788841813,86538787649597,86538788501097,86538791055430,86538791092722,86538820165102,86538787643847,16666666,86538793661847,86538793768847,86538794000389,86538795290389,86538804875639,2166,118125,86538804875639,86538795902972,0,86538795290389,
0,280040,86538803498436,86538803498436,-1059117765,86538805020097,86538805834764,86538806244430,86538806289930,86538836831768,86538805013680,16666666,86538806731680,86538806869305,86538806916305,86538813319639,86538821154555,1708,187709,86538821154555,86538813806930,0,86538813319639,
0,280048,86538820165102,86538820165102,-448957562,86538821526097,86538822133014,86538823100680,86538823128305,86538853498434,86538821520305,16666666,86538823222014,86538826734680,86538826804472,86538829336930,86538837246014,1375,205667,86538837246014,86538829830764,0,86538829336930,
0,280056,86538836831768,86538836831768,-813650233,86538837495347,86538837932597,86538838809889,86538838832972,86538870165100,86538837489389,16666666,86538838840514,86538839353472,86538839451264,86538845142014,86538854787930,2042,167959,86538854787930,86538845579639,0,86538845142014,
0,280064,86538853498434,86538853498434,-1064472666,86538855029555,86538855462014,86538856525930,86538856552972,86538886831766,86538855023805,16666666,86538856763680,86538861480764,86538861596514,86538863447805,86538870911597,1917,206875,86538870911597,86538864475430,0,86538863447805,
0,280072,86538870165100,86538870165100,-702748743,86538871170514,86538871690597,86538871938014,86538871965222,86538903498432,86538871164555,16666666,86538872817305,86538875345055,86538875458680,86538880644847,86538887750139,2084,209166,86538887750139,86538881183430,0,86538880644847,
0,280080,86538886831766,86538886831766,-748879226,86538888346097,86538888927764,86538889604514,86538889631639,86538920165098,86538888340680,16666666,86538889721389,86538896378930,86538896449847,86538898150597,86538905666680,1875,141667,86538905666680,86538898601889,0,86538898150597,
0,280088,86538903498432,86538903498432,-461117915,86538905880222,86538906973430,86538907583805,86538907605597,86538936831764,86538905874097,16666666,86538907612639,86538910214764,86538910546847,86538914730472,86538922929014,1667,350583,86538922929014,86538915443805,0,86538914730472,
0,280096,86538920165098,86538920165098,-793930639,86538922137430,86538922677889,86538923570430,86538923599972,86538953498430,86538922131139,16666666,86538925666055,86538928341389,86538928386305,86538931903722,86538940442889,4166,1102750,86538940442889,86538934122389,0,86538931903722,
0,280104,86538936831764,86538936831764,-936058553,86538938488472,86538939215180,86538939556889,86538939586389,86538970165096,86538938482722,16666666,86538940644722,86538940853722,86538940904555,86538949852764,86538957350180,2250,198417,86538957350180,86538950324472,0,86538949852764,
0,280112,86538953498430,86538953498430,-778336268,86538956607722,86538957566639,86538958242930,86538958276805,86538986831762,86538956601805,16666666,86538958380514,86538958590222,86538958632597,86538967748597,86538975931389,2000,127042,86538975931389,86538968445055,0,86538967748597,
0,280120,86538970165096,86538970165096,-164620657,86538971944222,86538972637847,86538973936180,86538973961347,86539003498428,86538971938389,16666666,86538973968972,86538974047264,86538974081055,86538975596305,86538991308514,2473959,127458,86538991308514,86538979661597,0,86538975596305,
0,280128,86538986831762,86538986831762,-814746583,86538990855472,86538991529097,86538993035555,86538993069597,86539020165094,86538990848514,16666666,86538993280805,86538999410847,86538999457014,86539004229389,86539017605639,2709,124375,86539017605639,86539004696430,0,86539004229389,
0,280135,86539003498428,86539003498428,-304741397,86539005149889,86539005749764,86539007080305,86539007125930,86539036831760,86539005143805,16666666,86539007357930,86539007620180,86539007660472,86539017179264,86539034614472,16844334,139042,86539017618430,86539034614472,0,86539017179264,
0,280143,86539020165094,86539020165094,-427090438,86539021869222,86539022703764,86539023872514,86539023922264,86539053498426,86539021862972,16666666,86539023932805,86539034737514,86539034783514,86539039106972,86539062755264,12321584,140584,86539062755264,86539052798680,0,86539039106972,
0,280151,86539036831760,86539036831760,-449986130,86539039056014,86539039812764,86539041019764,86539041058180,86539086831758,86539039051430,16666666,86539041567139,86539052874055,86539052917014,86539061567972,86539129438472,48047833,477958,86539129438472,86539110866014,0,86539061567972,
0,280167,86539070165092,86539103498424,0,86539112846139,86539112846389,86539129820889,86539129887639,86539153498422,86539112842514,16666666,86539133025264,86539136307014,86539136374055,86539174050597,86539214199180,2617250,29687584,86539214199180,86539209626305,0,86539174050597,
0,280176,86539136831756,86539170165088,0,86539173204055,86539173205097,86539178567222,86539178602930,86539236831752,86539173197430,16666666,86539178826514,86539209796055,86539209826180,86539211476430,86539309554847,33299417,885542,86539309554847,86539247590306,0,86539211476430,
0,280183,86539186831754,86539220165086,0,86539228370264,86539228371389,86539229448972,86539229494264,86539336831748,86539228363305,16666666,86539229629139,86539247674139,86539247729139,86539310114389,86539472093264,100191459,54683708,86539458057597,86539472093264,0,86539310114389,
0,280192,86539236831752,86539236831752,0,86539252750764,86539252752222,86539400277056,86539400337639,86539486831742,86539252743931,16666666,86539400784889,86539472191347,86539472304347,86539474479764,86539494787181,132792,1903709,86539494787181,86539484201264,0,86539474479764,
0,280200,86539253498418,86539470165076,0,86539474382931,86539474384306,86539522077306,86539522130556,86539520165074,86539473316347,16666666,86539522436597,86539522715972,86539522761722,86539531737847,86539569873431,2125,216625,86539569873431,86539545137014,0,86539531737847,
0,280223,86539486831742,86539520165074,0,86539531746431,86539531747597,86539533745722,86539534379347,86539586831738,86539531739014,16666666,86539534403972,86539545997889,86539546055431,86539566887222,86539603866389,31329167,349917,86539603866389,86539601319264,0,86539566887222,
0,280238,86539536831740,86539553498406,-442016550,86539560388764,86539561052306,86539561458222,86539561494264,86539636831736,86539560380389,16666666,86539561820347,86539601445264,86539601482514,86539602998264,86539636942597,28624084,238083,86539636942597,86539632570806,0,86539602998264,
0,280247,86539570165072,86539603498404,-93382255,86539607405181,86539609552014,86539611893056,86539611936097,86539670165068,86539607112139,16666666,86539615832431,86539632652222,86539632715222,86539635874722,86539667674306,30428750,217917,86539667674306,86539667457806,0,86539635874722,
0,280257,86539620165070,86539620165070,-443962369,86539633022681,86539633551306,86539634531681,86539634564056,86539686831734,86539633019181,16666666,86539634670431,86539667537306,86539667865556,86539669086764,86539701336097,31626667,212250,86539700833222,86539701336097,0,86539669086764,
0,280264,86539636831736,86539670165068,-833473445,86539676095264,86539676566264,86539678300889,86539678356306,86539720165066,86539676087889,16666666,86539689042556,86539701406139,86539701448806,86539702459222,86539728687014,1958,243333,86539728687014,86539716859931,0,86539702459222,
0,280280,86539703498400,86539703498400,-142921526,86539713134347,86539713547764,86539715679472,86539715710889,86539753498398,86539713128597,16666666,86539716619139,86539717081431,86539717208597,86539728809222,86539754804972,12063250,1665917,86539754804972,86539743190306,0,86539728809222,
0,280288,86539720165066,86539720165066,-438071533,86539726834097,86539727218931,86539743585556,86539743626931,86539786831730,86539726828389,16666666,86539743744972,86539751370556,86539752594806,86539755379764,86539779949847,22188459,111750,86539779949847,86539778129806,0,86539755379764,
0,280296,86539736831732,86539753498398,-726341672,86539758458889,86539759000847,86539759287056,86539759329597,86539803498396,86539758452264,16666666,86539759660597,86539778204514,86539778255639,86539779223847,86539809981097,27134209,117166,86539809981097,86539807491514,0,86539779223847,
0,280305,86539770165064,86539770165064,-490003951,86539779164597,86539779750764,86539780936764,86539780985056,86539836831728,86539779160972,16666666,86539781296847,86539807573597,86539807668556,86539809911722,86539847735514,956000,172125,86539847735514,86539815344639,0,86539809911722,
0,280313,86539786831730,86539803498396,-849854974,86539815344014,86539815907181,86539817337181,86539817382139,86539870165060,86539815336972,16666666,86539817513681,86539817737222,86539817791764,86539846575764,86539863442847,15409792,551625,86539847987597,86539863442847,0,86539846575764,
0,280323,86539820165062,86539836831728,-540604455,86539841859889,86539842360097,86539846049931,86539846104806,86539886831726,86539841851889,16666666,86539846440931,86539863529889,86539863570931,86539876507431,86539900579056,12389541,605292,86539900579056,86539890071972,0,86539876507431,
0,280331,86539853498394,86539870165060,-857000653,86539874599389,86539875560472,86539878559431,86539878610347,86539920165058,86539874595347,16666666,86539878969264,86539890139514,86539890229514,86539899593931,86539925731889,19664417,110834,86539925731889,86539920317764,0,86539899593931,
0,280340,86539886831726,86539886831726,-690506639,86539890705431,86539899647931,86539900748431,86539900809264,86539953498390,86539890701931,16666666,86539901365472,86539920400222,86539920444056,86539922488139,86539946379973,12987583,2807875,86539946379973,86539938783847,0,86539922488139,
0,280348,86539903498392,86539920165058,-46868220,86539927631889,86539927650681,86539929833722,86539929886222,86539970165056,86539927624639,16666666,86539930472431,86539938849264,86539938887972,86539945974181,86539963946306,9175750,167291,86539963946306,86539955645139,0,86539945974181,
0,280357,86539936831724,86539936831724,0,86539945112389,86539945112848,86539947076181,86539947113764,86539986831722,86539945108681,16666666,86539947620431,86539955741056,86539955814014,86539963167848,86539979562139,7903625,237042,86539979562139,86539971936848,0,86539963167848,
0,280365,86539953498390,86539953498390,0,86539963219181,86539963220181,86539965165723,86539965293098,86540003498388,86539963215264,16666666,86539965589014,86539972199139,86539972252723,86539979236181,86539995892848,9048000,104667,86539995892848,86539988662764,0,86539979236181,
0,280373,86539970165056,86539970165056,0,86539974070764,86539974071931,86539974862181,86539974919389,86540020165054,86539974062639,16666666,86539975496764,86539988729181,86539988766014,86539995574014,86540014173598,9651084,98875,86540014173598,86540005610473,0,86539995574014,
0,280381,86539986831722,86539986831722,0,86539990302931,86539990303264,86539990742056,86539990778348,86540036831720,86539990298764,16666666,86539990998389,86540005674639,86540005732473,86540013648973,86540046315681,8261750,254000,86540046315681,86540022500514,0,86540013648973,
0,280389,86540003498388,86540003498388,0,86540006623764,86540006624014,86540011850514,86540011899056,86540070165052,86540006620223,16666666,86540014728806,86540022623848,86540022669139,86540043138306,86540065646389,11071958,2604250,86540065646389,86540057476931,0,86540043138306,
0,280397,86540020165054,86540020165054,0,86540033781598,86540033782306,86540038634098,86540038689556,86540086831718,86540033774223,16666666,86540039211973,86540057616014,86540058594264,86540065301056,86540080725806,7653667,105541,86540080725806,86540073371931,0,86540065301056,
0,280405,86540036831720,86540053498386,0,86540061810223,86540061810639,86540063622348,86540063655431,86540103498384,86540061805598,16666666,86540063747723,86540073449889,86540073501431,86540079773139,86540102629473,10627708,325375,86540102629473,86540091517264,0,86540079773139,
0,280414,86540070165052,86540070165052,0,86540074029306,86540074029514,86540074308681,86540074338098,86540120165050,86540074026014,16666666,86540074549223,86540091604264,86540091658931,86540102263223,86540128286139,17712875,116333,86540128286139,86540125784264,0,86540102263223,
0,280422,86540086831718,86540086831718,0,86540094998139,86540094998348,86540095322473,86540095355973,86540153498382,86540094994931,16666666,86540095564556,86540126184348,86540126306598,86540127230556,86540149008598,10610792,295583,86540149008598,86540138985931,0,86540127230556,
0,280430,86540103498384,86540120165050,0,86540127323431,86540127323889,86540132748639,86540132980056,86540170165048,86540127318556,16666666,86540133304931,86540139048723,86540139091556,86540148518764,86540164114014,7903416,245417,86540164114014,86540156986931,0,86540148518764,
0,280439,86540136831716,86540136831716,0,86540141225181,86540141225723,86540142404931,86540142455723,86540186831714,86540141221431,16666666,86540142601973,86540157071181,86540157222098,86540163703973,86540180459681,8286375,169709,86540180459681,86540172456681,0,86540163703973,
0,280447,86540153498382,86540153498382,0,86540158139681,86540158140306,86540163644556,86540163696931,86540203498380,86540158135723,16666666,86540164252848,86540172524889,86540172566973,86540179899848,86540199589681,9241125,136291,86540199589681,86540189758514,0,86540179899848,
0,280455,86540170165048,86540170165048,0,86540173725556,86540173725931,86540174136181,86540174175473,86540220165046,86540173721514,16666666,86540174392473,86540189819598,86540189866056,86540198667681,86540218668806,9486042,359083,86540218668806,86540209141598,0,86540198667681,
0,280463,86540186831714,86540186831714,0,86540197457348,86540197457639,86540197847764,86540197895389,86540236831712,86540197453931,16666666,86540198748348,86540209205848,86540209244431,86540218268931,86540235090306,8755541,153042,86540235090306,86540227513681,0,86540218268931,
0,280471,86540203498380,86540203498380,0,86540209593806,86540209594056,86540209994306,86540210028014,86540253498378,86540209590306,16666666,86540210238806,86540227589931,86540229903931,86540234730306,86540259082223,22802292,108250,86540259082223,86540258295139,0,86540234730306,
0,280479,86540220165046,86540220165046,0,86540233551806,86540233552264,86540234038056,86540234082056,86540286831710,86540233547389,16666666,86540234353848,86540258367639,86540258435639,86540258724764,86540283280723,13365833,66166,86540283280723,86540272498348,0,86540258724764,
0,280487,86540236831712,86540253498378,0,86540258832264,86540258832639,86540263426848,86540263465764,86540303498376,86540258828056,16666666,86540263668723,86540272559598,86540272601973,86540282827056,86540307012514,20387541,103208,86540307012514,86540303801764,0,86540282827056,
0,280496,86540270165044,86540270165044,0,86540282792889,86540282793514,86540284285264,86540284328639,86540336831708,86540282786806,16666666,86540284607556,86540303933681,86540304184181,86540306677514,86540330906556,15748292,97500,86540330906556,86540322821098,0,86540306677514,
0,280504,86540286831710,86540303498376,0,86540305759681,86540305760139,86540306113639,86540306153556,86540353498374,86540305755056,16666666,86540306387098,86540322896681,86540322948556,86540330479806,86540349680348,17187292,168167,86540349680348,86540348159473,0,86540330479806,
0,280513,86540320165042,86540320165042,0,86540324662014,86540324662223,86540325052639,86540325086181,86540370165040,86540324658556,16666666,86540325306473,86540348220598,86540348244514,86540349162473,86540367336639,8725833,120834,86540367336639,86540358468848,0,86540349162473,
0,280521,86540336831708,86540336831708,0,86540350813848,86540350814223,86540351984306,86540352067098,86540353498374,86540350809639,16666666,86540352166848,86540358559639,86540358632348,86540366917806,86537189432346,15540375,164667,86537189432346,86540382976306,0,86540366917806,
---PROFILEDATA---


View hierarchy:

  dev.polski.grammarmatrix/dev.polski.grammarmatrix.GlassBenchmarkActivity/android.view.ViewRootImpl@c3b5206
  7 views, 12.08 kB of render nodes


Total ViewRootImpl   : 1
Total attached Views : 7
Total RenderNode     : 12.08 kB (used) / 36.09 kB (capacity)

