Applications Graphics Acceleration Info:
Uptime: 86562572 Realtime: 86562572

** Graphics info for pid 10542 [dev.polski.grammarmatrix] **

Stats since: 86555721436647ns
Total frames rendered: 218
Janky frames: 97 (44.50%)
Janky frames (legacy): 186 (85.32%)
50th percentile: 38ms
90th percentile: 89ms
95th percentile: 121ms
99th percentile: 150ms
Number Missed Vsync: 30
Number High input latency: 240
Number Slow UI thread: 64
Number Slow bitmap uploads: 1
Number Slow issue draw commands: 97
Number Frame deadline missed: 97
Number Frame deadline missed (legacy): 96
HISTOGRAM: 5ms=0 6ms=0 7ms=0 8ms=0 9ms=0 10ms=0 11ms=0 12ms=0 13ms=0 14ms=0 15ms=1 16ms=4 17ms=9 18ms=2 19ms=1 20ms=1 21ms=1 22ms=5 23ms=2 24ms=5 25ms=5 26ms=2 27ms=12 28ms=3 29ms=4 30ms=4 31ms=4 32ms=10 34ms=11 36ms=13 38ms=13 40ms=12 42ms=7 44ms=8 46ms=0 48ms=6 53ms=10 57ms=5 61ms=7 65ms=4 69ms=4 73ms=4 77ms=6 81ms=1 85ms=8 89ms=4 93ms=3 97ms=2 101ms=2 105ms=0 109ms=0 113ms=2 117ms=0 121ms=1 125ms=2 129ms=0 133ms=0 150ms=6 200ms=1 250ms=1 300ms=0 350ms=0 400ms=0 450ms=0 500ms=0 550ms=0 600ms=0 650ms=0 700ms=0 750ms=0 800ms=0 850ms=0 900ms=0 950ms=0 1000ms=0 1050ms=0 1100ms=0 1150ms=0 1200ms=0 1250ms=0 1300ms=0 1350ms=0 1400ms=0 1450ms=0 1500ms=0 1550ms=0 1600ms=0 1650ms=0 1700ms=0 1750ms=0 1800ms=0 1850ms=0 1900ms=0 1950ms=0 2000ms=0 2050ms=0 2100ms=0 2150ms=0 2200ms=0 2250ms=0 2300ms=0 2350ms=0 2400ms=0 2450ms=0 2500ms=0 2550ms=0 2600ms=0 2650ms=0 2700ms=0 2750ms=0 2800ms=0 2850ms=0 2900ms=0 2950ms=0 3000ms=0 3050ms=0 3100ms=0 3150ms=0 3200ms=0 3250ms=0 3300ms=0 3350ms=0 3400ms=0 3450ms=0 3500ms=0 3550ms=0 3600ms=0 3650ms=0 3700ms=0 3750ms=0 3800ms=0 3850ms=0 3900ms=0 3950ms=0 4000ms=0 4050ms=0 4100ms=0 4150ms=0 4200ms=0 4250ms=0 4300ms=0 4350ms=0 4400ms=0 4450ms=0 4500ms=0 4550ms=0 4600ms=0 4650ms=0 4700ms=0 4750ms=0 4800ms=0 4850ms=0 4900ms=0 4950ms=0
50th gpu percentile: 21ms
90th gpu percentile: 4950ms
95th gpu percentile: 4950ms
99th gpu percentile: 4950ms
GPU HISTOGRAM: 1ms=1 2ms=1 3ms=0 4ms=0 5ms=2 6ms=0 7ms=0 8ms=11 9ms=7 10ms=2 11ms=1 12ms=2 13ms=2 14ms=4 15ms=3 16ms=11 17ms=5 18ms=18 19ms=15 20ms=11 21ms=15 22ms=8 23ms=4 24ms=6 25ms=7 4950ms=82

Pipeline=Skia (OpenGL)
Memory policy:
  Max surface area: 2592000
  Max resource usage: 124.42MB (x48)
  Background retention: 50% (altUiHidden = true)
  GPU Context timeout: 10
Contexts: 1 (stopped = 0)
CPU Caches:
  Glyph Cache: 33.70 KB (1 entry)
  Glyph Count: 11 
Total CPU memory usage:
  34510 bytes, 33.70 KB (0.00 bytes is purgeable)
GPU Caches:
  Other:
    Other: 32.36 KB (1 entry)
    Buffer Object: 36.00 KB (1 entry)
  Scratch:
    RenderTarget: 11.88 MB (1 entry)
    Buffer Object: 110.00 KB (3 entries)
    Texture: 2.00 MB (1 entry)
Total GPU memory usage:
  14731632 bytes, 14.05 MB (11.94 MB is purgeable)

GraphicBufferAllocator buffers:
        Handle |        Size |     W (Stride) x H | Layers |   Format |      Usage | Requestor
0xb400007c0ba836d0 |     unknown | 1080 (   0) x 2400 |      1 |        1 | 0x     b00 | VRI[GlassBenchmarkActivity]#0(BLAST Consumer)0
0xb400007c0ba935a0 |     unknown | 1080 (   0) x 2400 |      1 |        1 | 0x     b00 | VRI[GlassBenchmarkActivity]#0(BLAST Consumer)0
0xb400007c0ba93870 |     unknown | 1080 (   0) x 2400 |      1 |        1 | 0x     b00 | VRI[GlassBenchmarkActivity]#0(BLAST Consumer)0
Total allocated by GraphicBufferAllocator (estimate): 0.00 KB
GoldfishAllocator::dumpDebugInfo is not implemented
Profile data in ms:

	dev.polski.grammarmatrix/dev.polski.grammarmatrix.GlassBenchmarkActivity/android.view.ViewRootImpl@c3b5206 (visibility=0)
Window: dev.polski.grammarmatrix/dev.polski.grammarmatrix.GlassBenchmarkActivity
Stats since: 86555721435772ns
Total frames rendered: 218
Janky frames: 97 (44.50%)
Janky frames (legacy): 186 (85.32%)
50th percentile: 38ms
90th percentile: 89ms
95th percentile: 121ms
99th percentile: 150ms
Number Missed Vsync: 30
Number High input latency: 240
Number Slow UI thread: 64
Number Slow bitmap uploads: 1
Number Slow issue draw commands: 97
Number Frame deadline missed: 97
Number Frame deadline missed (legacy): 96
HISTOGRAM: 5ms=0 6ms=0 7ms=0 8ms=0 9ms=0 10ms=0 11ms=0 12ms=0 13ms=0 14ms=0 15ms=1 16ms=4 17ms=9 18ms=2 19ms=1 20ms=1 21ms=1 22ms=5 23ms=2 24ms=5 25ms=5 26ms=2 27ms=12 28ms=3 29ms=4 30ms=4 31ms=4 32ms=10 34ms=11 36ms=13 38ms=13 40ms=12 42ms=7 44ms=8 46ms=0 48ms=6 53ms=10 57ms=5 61ms=7 65ms=4 69ms=4 73ms=4 77ms=6 81ms=1 85ms=8 89ms=4 93ms=3 97ms=2 101ms=2 105ms=0 109ms=0 113ms=2 117ms=0 121ms=1 125ms=2 129ms=0 133ms=0 150ms=6 200ms=1 250ms=1 300ms=0 350ms=0 400ms=0 450ms=0 500ms=0 550ms=0 600ms=0 650ms=0 700ms=0 750ms=0 800ms=0 850ms=0 900ms=0 950ms=0 1000ms=0 1050ms=0 1100ms=0 1150ms=0 1200ms=0 1250ms=0 1300ms=0 1350ms=0 1400ms=0 1450ms=0 1500ms=0 1550ms=0 1600ms=0 1650ms=0 1700ms=0 1750ms=0 1800ms=0 1850ms=0 1900ms=0 1950ms=0 2000ms=0 2050ms=0 2100ms=0 2150ms=0 2200ms=0 2250ms=0 2300ms=0 2350ms=0 2400ms=0 2450ms=0 2500ms=0 2550ms=0 2600ms=0 2650ms=0 2700ms=0 2750ms=0 2800ms=0 2850ms=0 2900ms=0 2950ms=0 3000ms=0 3050ms=0 3100ms=0 3150ms=0 3200ms=0 3250ms=0 3300ms=0 3350ms=0 3400ms=0 3450ms=0 3500ms=0 3550ms=0 3600ms=0 3650ms=0 3700ms=0 3750ms=0 3800ms=0 3850ms=0 3900ms=0 3950ms=0 4000ms=0 4050ms=0 4100ms=0 4150ms=0 4200ms=0 4250ms=0 4300ms=0 4350ms=0 4400ms=0 4450ms=0 4500ms=0 4550ms=0 4600ms=0 4650ms=0 4700ms=0 4750ms=0 4800ms=0 4850ms=0 4900ms=0 4950ms=0
50th gpu percentile: 21ms
90th gpu percentile: 4950ms
95th gpu percentile: 4950ms
99th gpu percentile: 4950ms
GPU HISTOGRAM: 1ms=1 2ms=1 3ms=0 4ms=0 5ms=2 6ms=0 7ms=0 8ms=11 9ms=7 10ms=2 11ms=1 12ms=2 13ms=2 14ms=4 15ms=3 16ms=11 17ms=5 18ms=18 19ms=15 20ms=11 21ms=15 22ms=8 23ms=4 24ms=6 25ms=7 4950ms=82



---PROFILEDATA---
Flags,FrameTimelineVsyncId,IntendedVsync,Vsync,InputEventId,HandleInputStart,AnimationStart,PerformTraversalsStart,DrawStart,FrameDeadline,FrameInterval,FrameStartTime,SyncQueued,SyncStart,IssueDrawCommandsStart,SwapBuffers,FrameCompleted,DequeueBufferDuration,QueueBufferDuration,GpuCompleted,SwapBuffersCompleted,DisplayPresentTime,CommandSubmissionCompleted,
0,286843,86558353497654,86558386830986,0,86558391068981,86558391069981,86558398906231,86558398959856,86558436830984,86558391061065,16666666,86558400358523,86558400984981,86558401012481,86558413026398,86558468696273,3875,3009583,86558468696273,86558433585898,0,86558413026398,
0,286852,86558403497652,86558403497652,0,86558409699440,86558409700815,86558422196648,86558422235898,86558486830982,86558409512981,16666666,86558422244190,86558433653440,86558433696523,86558468937481,86558504498481,31765667,656875,86558504494565,86558504498481,0,86558468937481,
0,286859,86558420164318,86558420164318,0,86558434722731,86558434723523,86558455809565,86558455862356,86558536830980,86558434718231,16666666,86558468778856,86558504569481,86558504592773,86558506109606,86558526247856,2292,186500,86558526247856,86558517182898,0,86558506109606,
0,286867,86558436830984,86558503497648,0,86558505386273,86558505387440,86558506546440,86558506594523,86558553497646,86558505380315,16666666,86558506773148,86558517243065,86558517292648,86558526607356,86558542774106,2167,136084,86558542774106,86558527223815,0,86558526607356,
0,286877,86558520164314,86558520164314,-879832110,86558526178106,86558526277106,86558526392148,86558526438565,86558570164312,86558526172148,16666666,86558526614440,86558527248273,86558527430190,86558542817481,86558561219856,11697625,95584,86558561219856,86558555152648,0,86558542817481,
0,286885,86558536830980,86558536830980,-390187131,86558538279773,86558542818898,86558543862898,86558543890815,86558586830978,86558538274773,16666666,86558543898815,86558555213773,86558555272940,86558560696565,86558580697065,11495417,184167,86558580697065,86558572765565,0,86558560696565,
0,286901,86558570164312,86558570164312,-1034435494,86558571058440,86558571503815,86558571802356,86558571825690,86558603497644,86558571052940,16666666,86558572277565,86558572787065,86558572831356,86558580358731,86558598327273,8442459,97750,86558598327273,86558589392690,0,86558580358731,
0,286909,86558586830978,86558586830978,-921870749,86558587679981,86558588314565,86558589153356,86558589180981,86558620164310,86558587674398,16666666,86558595503315,86558596299231,86558596344773,86558597836273,86558614986315,14736875,160250,86558614986315,86558613210190,0,86558597836273,
0,286917,86558603497644,86558603497644,-816581925,86558605503398,86558606070773,86558607935940,86558608405440,86558636830976,86558605498231,16666666,86558608578856,86558613282356,86558613336106,86558614537606,86558630364523,11601583,112584,86558630364523,86558626666356,0,86558614537606,
0,286925,86558620164310,86558620164310,-599601340,86558621470856,86558622166856,86558622512023,86558622536606,86558653497642,86558621465148,16666666,86558623462023,86558626726398,86558626828023,86558629621898,86558650492523,9398250,96084,86558650492523,86558639823023,0,86558629621898,
0,286933,86558636830976,86558636830976,-474592246,86558637978940,86558639221106,86558646916690,86558647152940,86558670164308,86558637972398,16666666,86558648445106,86558648828481,86558649040273,86558649891898,86558670922898,8946833,195625,86558670922898,86558659494981,0,86558649891898,
0,286941,86558653497642,86558653497642,-799285664,86558657500731,86558657995148,86558658334440,86558658360398,86558703497640,86558657495398,16666666,86558658844856,86558659517398,86558659660481,86558670242148,86558690968815,16679625,135583,86558690968815,86558687712356,0,86558670242148,
0,286949,86558670164308,86558670164308,-446157185,86558671310648,86558673737565,86558683690065,86558683731023,86558720164306,86558671304356,16666666,86558683881815,86558687769481,86558688165398,86558690083523,86558716761440,16303167,364041,86558716761440,86558707330273,0,86558690083523,
0,286957,86558686830974,86558686830974,-677377861,86558688831356,86558689145065,86558689369273,86558689390815,86558736830972,86558688827773,16666666,86558689602356,86558707455148,86558707498565,86558715611356,86558733020606,7862375,224917,86558733020606,86558724710273,0,86558715611356,
0,286965,86558703497640,86558703497640,-469019381,86558707853356,86558708425231,86558715547481,86558715588773,86558753497638,86558707849981,16666666,86558716345481,86558724792023,86558724858648,86558732520606,86558750278106,8690250,128084,86558750278106,86558741768481,0,86558732520606,
0,286973,86558720164306,86558720164306,-148199974,86558730792898,86558731472981,86558732848398,86558732888815,86558770164304,86558730788690,16666666,86558733023065,86558741837273,86558741886065,86558749601690,86558765252773,6983958,243417,86558765252773,86558757314231,0,86558749601690,
0,286981,86558736830972,86558736830972,-764401742,86558747780856,86558748971356,86558749740773,86558749781356,86558786830970,86558747732231,16666666,86558750409356,86558757393315,86558757437106,86558764945231,86558782193856,12874708,87625,86558782193856,86558778188523,0,86558764945231,
0,286997,86558770164304,86558770164304,-496729303,86558778600898,86558779399856,86558779657815,86558779679898,86558803497636,86558778597815,16666666,86558780435106,86558780568731,86558780600731,86558781485315,86558815806481,30252834,110875,86558815806481,86558813079815,0,86558781485315,
0,287005,86558786830970,86558786830970,-611946279,86558795542190,86558797252273,86558798832648,86558798898815,86558836830968,86558795536856,16666666,86558813188856,86558813629315,86558813652190,86558815324773,86558854389523,34639126,163375,86558854389523,86558850806940,0,86558815324773,
0,287021,86558820164302,86558820164302,-461844244,86558823173107,86558831894732,86558838380357,86558838433232,86558886830966,86558823167357,16666666,86558838606107,86558850876607,86558850922273,86558862472315,86558891348440,2042,200750,86558891348440,86558871616190,0,86558862472315,
0,287043,86558870164300,86558870164300,-371829559,86558872506648,86558873710690,86558877812732,86558877956148,86558920164298,86558872500482,16666666,86558906468482,86558906931732,86558906958232,86558912729190,86558925814273,3125,187958,86558925814273,86558913855273,0,86558912729190,
0,287066,86559070164292,86559070164292,-527546976,86559071589815,86559072725857,86559085624898,86559085674315,86559086830958,86559071583482,16666666,86559086137107,86559086621648,86559086658773,86559088913315,86559125102898,1958,87292,86559125102898,86559091106107,0,86559088913315,
0,287073,86559086830958,86559086830958,-127367080,86559087845190,86559089242190,86559090272023,86559090294940,86559153497622,86559087839648,16666666,86559090476398,86559091133315,86559091332815,86559122948232,86559165213982,9831167,184959,86559165213982,86559145569523,0,86559122948232,
0,287081,86559103497624,86559120164290,-65236133,86559131855940,86559135622815,86559138572440,86559138617065,86559186830954,86559131844357,16666666,86559138686940,86559145641648,86559145736065,86559147168732,86559211777398,38395750,117417,86559211777398,86559203929898,0,86559147168732,
0,287090,86559153497622,86559153497622,-967126522,86559161848732,86559162495773,86559167897190,86559167944982,86559236830952,86559161842315,16666666,86559168510565,86559204090982,86559204234357,86559204742732,86559238768857,12564125,4994417,86559238768857,86559224407565,0,86559204742732,
0,287098,86559170164288,86559203497620,-541187752,86559204673857,86559212201357,86559214016523,86559214067357,86559270164284,86559204668023,16666666,86559214238190,86559224461482,86559224505315,86559238994773,86559265978107,8641250,102959,86559265978107,86559248502773,0,86559238994773,
0,287117,86559253497618,86559253497618,-372548966,86559255335982,86559255958523,86559261197607,86559261237565,86559286830950,86559255329273,16666666,86559262181023,86559262405773,86559262712190,86559265503023,86559289219315,19323792,205084,86559289219315,86559285525232,0,86559265503023,
0,287125,86559270164284,86559270164284,-834415432,86559273438773,86559275235065,86559278636190,86559278695273,86559320164282,86559273433440,16666666,86559279087107,86559285601482,86559285666273,86559289328023,86559319883857,488916,138292,86559319883857,86559293053107,0,86559289328023,
0,287141,86559303497616,86559303497616,-872232945,86559315763940,86559316428190,86559317573857,86559317604273,86559336830948,86559315757065,16666666,86559317741023,86559317847940,86559318260773,86559318573148,86559346325607,18230292,285833,86559346325607,86559338448023,0,86559318573148,
0,287157,86559336830948,86559336830948,-1051631510,86559340193357,86559341643690,86559343874690,86559343928357,86559370164280,86559340186898,16666666,86559345438648,86559345532898,86559345567190,86559345917690,86559372290773,10944292,176167,86559372290773,86559357324440,0,86559345917690,
0,287165,86559353497614,86559353497614,-225342113,86559357106648,86559359610148,86559360877398,86559360911857,86559403497612,86559357100898,16666666,86559361014440,86559361193273,86559361403482,86559371591940,86559398072857,23217292,329042,86559398072857,86559395566315,0,86559371591940,
0,287173,86559370164280,86559370164280,-655965778,86559371309773,86559375856523,86559377073773,86559377115482,86559420164278,86559371292107,16666666,86559377126773,86559395626357,86559395664773,86559397124273,86559421549190,14636375,82792,86559421549190,86559412766190,0,86559397124273,
0,287189,86559403497612,86559403497612,-444545623,86559406537898,86559408431690,86559409633232,86559409686023,86559453497610,86559406530898,16666666,86559410107690,86559412819440,86559414217732,86559421845357,86559452198065,436791,711458,86559452198065,86559423859357,0,86559421845357,
0,287205,86559436830944,86559436830944,-22985506,86559447674273,86559447675315,86559450127607,86559450160398,86559470164276,86559447668607,16666666,86559450261148,86559450370232,86559450407857,86559451434690,86559481535357,16144292,416083,86559481535357,86559468435273,0,86559451434690,
0,287213,86559453497610,86559453497610,0,86559457733023,86559457734773,86559466091315,86559466136732,86559503497608,86559457726732,16666666,86559466148482,86559468490065,86559468509732,86559481074190,86559509366523,13475084,159375,86559509366523,86559495895565,0,86559481074190,
0,287221,86559470164276,86559470164276,0,86559479579857,86559479580690,86559481464982,86559481506857,86559536830940,86559479574732,16666666,86559481920315,86559497425857,86559497471065,86559509157023,86559534521274,11741875,162042,86559534521274,86559522059024,0,86559509157023,
0,287229,86559486830942,86559520164274,0,86559528942732,86559528944065,86559531302982,86559531367274,86559553497606,86559528936065,16666666,86559531711232,86559531937732,86559532412649,86559533460357,86559553635065,6951417,607833,86559553635065,86559541531857,0,86559533460357,
0,287239,86559536830940,86559536830940,0,86559537758190,86559537759232,86559538420565,86559538449232,86559586830938,86559537753690,16666666,86559538543857,86559546006107,86559548199565,86559553046524,86559582760315,18843750,100791,86559582760315,86559572540440,0,86559553046524,
0,287247,86559553497606,86559570164272,-434035627,86559575794982,86559576653524,86559580667899,86559580716982,86559603497604,86559575785857,16666666,86559581416857,86559581505357,86559581539815,86559581821940,86559613768524,27258666,203667,86559613768524,86559610161274,0,86559581821940,
0,287256,86559586830938,86559586830938,-564943782,86559592596024,86559593046024,86559597378732,86559597430982,86559636830936,86559592590357,16666666,86559610365440,86559610462190,86559610503649,86559613008065,86559643447149,24559750,116834,86559643447149,86559638390315,0,86559613008065,
0,287264,86559603497604,86559603497604,-84967080,86559610694399,86559612649607,86559613827940,86559613876274,86559670164268,86559610690857,16666666,86559614163607,86559638601440,86559638652732,86559642864482,86559669751565,20153167,107375,86559669751565,86559663694357,0,86559642864482,
0,287272,86559620164270,86559636830936,-15094537,86559639150274,86559639535065,86559640520107,86559640556649,86559686830934,86559639146274,16666666,86559641076940,86559663773899,86559663811565,86559668731315,86559693729482,12527333,477583,86559693729482,86559690760024,0,86559668731315,
0,287281,86559653497602,86559653497602,-352887847,86559667096399,86559667703774,86559667964107,86559667988315,86559720164266,86559667093524,16666666,86559669066940,86559690855982,86559691212482,86559692305982,86559727824065,12682542,157333,86559727824065,86559706473357,0,86559692305982,
0,287289,86559670164268,86559686830934,-60425721,86559696648190,86559698900024,86559702771732,86559702820940,86559753497598,86559696641524,16666666,86559704507232,86559706509857,86559706550232,86559727147649,86559749927774,10775833,151167,86559749927774,86559738653982,0,86559727147649,
0,287298,86559703497600,86559703497600,-930005390,86559713519524,86559714292232,86559715001815,86559715094274,86559770164264,86559713516440,16666666,86559715538649,86559738723857,86559738762482,86559748631065,86559764498732,12403875,269084,86559764498732,86559762410899,0,86559748631065,
0,287306,86559720164266,86559736830932,-37134746,86559747026815,86559747895607,86559750761940,86559751084024,86559786830930,86559747022024,16666666,86559751435607,86559762481607,86559762532065,86559763852149,86559785653482,8192458,124167,86559785653482,86559772756815,0,86559763852149,
0,287315,86559753497598,86559753497598,-728228732,86559762763232,86559763276607,86559765074357,86559765103940,86559803497596,86559762760065,16666666,86559765201899,86559772830232,86559772887107,86559785274565,86559805261649,10663042,103667,86559805261649,86559796367899,0,86559785274565,
0,287323,86559770164264,86559770164264,-623308045,86559775561565,86559775975649,86559776259274,86559776292024,86559836830928,86559775558399,16666666,86559776503482,86559796428940,86559796469232,86559805273315,86559834719524,19947333,94084,86559834719524,86559827231024,0,86559805273315,
0,287339,86559803497596,86559820164262,-951177118,86559830665565,86559831011399,86559832117024,86559832142274,86559853497594,86559830660649,16666666,86559833093524,86559833240857,86559833301732,86559834031232,86559855878690,17120208,208791,86559855878690,86559851917065,0,86559834031232,
0,287356,86559853497594,86559853497594,-234613068,86559855885274,86559856480149,86559858819107,86559858865482,86559886830926,86559855879774,16666666,86559859003940,86559861238732,86559861283149,86559865479149,86559872874899,1959,151750,86559872874899,86559866004232,0,86559865479149,
0,287364,86559870164260,86559870164260,-1057334300,86559871880107,86559872410774,86559875834274,86559875871482,86559903497592,86559871874607,16666666,86559876167815,86559880894940,86559881045649,86559883926190,86559899785024,2584,365166,86559899785024,86559884772274,0,86559883926190,
0,287372,86559886830926,86559886830926,-871296180,86559887996190,86559888809024,86559889802565,86559889892815,86559920164258,86559887984440,16666666,86559890197107,86559890325107,86559890373107,86559898313607,86559914787399,14751667,1182584,86559899940149,86559914787399,0,86559898313607,
0,287380,86559903497592,86559903497592,-132894810,86559906852149,86559907590982,86559907974524,86559908441565,86559936830924,86559906844732,16666666,86559914199524,86559914836607,86559914878732,86559915949524,86559938994815,10994625,143167,86559938994815,86559927445274,0,86559915949524,
0,287396,86559936830924,86559936830924,0,86559939316732,86559939317857,86559948790607,86559948839482,86559970164256,86559939311065,16666666,86559949176524,86559950320899,86559950388315,86559950776690,86559965412315,12104833,1850750,86559964775482,86559965412315,0,86559950776690,
0,287404,86559953497590,86559953497590,0,86559954238315,86559954239232,86559954788649,86559954828565,86559986830922,86559954233274,16666666,86559955067774,86559966181315,86559966240315,86559977108607,86559996758607,1958,107292,86559996758607,86559977651774,0,86559977108607,
0,287411,86559970164256,86559970164256,0,86559976899482,86559976900357,86559979191357,86559979243857,86560020164254,86559976894899,16666666,86559979979857,86559980266774,86559980310815,86559996807732,86560022515232,18806750,101208,86560022515232,86560016209940,0,86559996807732,
0,287419,86559986830922,86559986830922,0,86559992532565,86559992533815,86559994407982,86559994468024,86560053497586,86559992526899,16666666,86559995360482,86560016293690,86560016319940,86560022073315,86560048497649,16095666,82375,86560048497649,86560038661399,0,86560022073315,
0,287427,86560003497588,86560003497588,0,86560018315565,86560018316024,86560019599899,86560019639940,86560070164252,86560018311815,16666666,86560019648774,86560038717565,86560038757399,86560047904815,86560062969190,7467166,153708,86560062969190,86560056119690,0,86560047904815,
0,287434,86560020164254,86560036830920,-347674430,86560051579524,86560053244649,86560053360149,86560053407190,86560086830918,86560051573899,16666666,86560053591982,86560056173357,86560056209690,86560062645774,86560081587190,14447541,101625,86560081587190,86560077875690,0,86560062645774,
0,287444,86560070164252,86560070164252,-428682357,86560071205399,86560071714690,86560073298315,86560073342232,86560103497584,86560071199482,16666666,86560073671357,86560077941565,86560078076565,86560081149899,86560099009357,15766083,156750,86560099009357,86560097480357,0,86560081149899,
0,287452,86560086830918,86560086830918,-276328010,86560089146232,86560089564857,86560089797357,86560089820399,86560120164250,86560089140732,16666666,86560090024982,86560097541399,86560097582399,86560098606857,86560118230565,9816375,100875,86560118230565,86560108912940,0,86560098606857,
0,287460,86560103497584,86560103497584,-957687017,86560108149524,86560108595315,86560109335357,86560109359732,86560136830916,86560108144357,16666666,86560109550315,86560109641857,86560113577399,86560117102357,86560137521065,11086000,385084,86560137521065,86560129389315,0,86560117102357,
0,287476,86560136830916,86560136830916,-320642548,86560137765649,86560138162357,86560139194524,86560139236065,86560170164248,86560137759565,16666666,86560139374107,86560139393065,86560139417690,86560147247357,86560154404815,1459,113250,86560154404815,86560147729024,0,86560147247357,
0,287484,86560153497582,86560153497582,-811499407,86560154868190,86560155530482,86560161693107,86560161741940,86560186830914,86560154860982,16666666,86560161755857,86560161906649,86560161955732,86560163102024,86560170742149,2041,182709,86560170742149,86560163549274,0,86560163102024,
0,287492,86560170164248,86560170164248,-951284725,86560171356024,86560175384274,86560176248315,86560176282357,86560203497580,86560171349315,16666666,86560176557315,86560178470940,86560178554274,86560179491649,86560187490690,2375,264583,86560187490690,86560180180274,0,86560179491649,
0,287500,86560186830914,86560186830914,-178724863,86560187629940,86560188677149,86560189643690,86560189696857,86560220164246,86560187625065,16666666,86560189851649,86560195225190,86560195291482,86560195643524,86560208419732,1833,235000,86560208419732,86560198773565,0,86560195643524,
0,287508,86560203497580,86560203497580,-64396295,86560206440607,86560206941024,86560207507857,86560207531649,86560236830912,86560206435024,16666666,86560207560774,86560207599315,86560207670607,86560209195815,86560226691316,1916,194916,86560226691316,86560217905649,0,86560209195815,
0,287516,86560220164246,86560220164246,-705311782,86560222823732,86560223356274,86560224813024,86560224908774,86560253497578,86560222817941,16666666,86560225467399,86560225553191,86560225589941,86560227909524,86560245070649,2125,678917,86560245070649,86560236657857,0,86560227909524,
0,287524,86560236830912,86560236830912,-975265816,86560237567816,86560238069816,86560238321524,86560238381274,86560270164244,86560237562941,16666666,86560238818107,86560239477982,86560239533107,86560244614857,86560255134649,9948542,243875,86560245111482,86560255134649,0,86560244614857,
0,287532,86560253497578,86560253497578,-405178831,86560258076774,86560259485857,86560260549899,86560260584941,86560286830910,86560258065732,16666666,86560260689274,86560260784107,86560260855899,86560261453441,86560280947982,9937750,227917,86560280947982,86560271934316,0,86560261453441,
0,287540,86560270164244,86560270164244,-423947011,86560271472899,86560271896774,86560272791524,86560272816691,86560303497576,86560271466774,16666666,86560272823857,86560274495149,86560274548691,86560280541274,86560299148982,9611083,105875,86560299148982,86560290657774,0,86560280541274,
0,287548,86560286830910,86560286830910,-485988765,86560288234024,86560288712816,86560288973066,86560289024691,86560320164242,86560288228399,16666666,86560289576732,86560290732566,86560290858399,86560298657691,86560315624482,8296917,231000,86560315624482,86560307501566,0,86560298657691,
0,287556,86560303497576,86560303497576,-1063596892,86560305423774,86560306064357,86560307727607,86560307778732,86560336830908,86560305418107,16666666,86560309958774,86560312096732,86560312518982,86560315280399,86560332798899,9699708,108958,86560332798899,86560325407066,0,86560315280399,
0,287564,86560320164242,86560320164242,-801344782,86560322395191,86560322970149,86560324289941,86560324336982,86560353497574,86560322389441,16666666,86560324524316,86560325485941,86560325941774,86560332361316,86560359712941,26760417,196125,86560359084566,86560359712941,0,86560332361316,
0,287572,86560336830908,86560336830908,-651789662,86560342879691,86560343272399,86560343863316,86560343888607,86560386830906,86560342874066,16666666,86560343895899,86560359817607,86560360887357,86560369409691,86560383753857,1833,147542,86560383753857,86560370093941,0,86560369409691,
0,287580,86560353497574,86560353497574,-1037600752,86560361833316,86560362428482,86560362761066,86560362798024,86560403497572,86560361827982,16666666,86560363114316,86560370154524,86560370200149,86560383932774,86560420610441,32419458,537417,86560420610441,86560417307316,0,86560383932774,
0,287596,86560386830906,86560403497572,-12539568,86560417596232,86560418458191,86560419507232,86560419549607,86560453497570,86560417592316,16666666,86560420793691,86560422330607,86560422362691,86560434175857,86560451932024,1875,153625,86560451932024,86560434752732,0,86560434175857,
0,287619,86560453497570,86560453497570,-1025726731,86560469397774,86560469398566,86560469398941,86560469453232,86560470164236,86560469392357,16666666,86560470213982,86560471887482,86560472318066,86560474440066,86560497171066,5084,6530542,86560497171066,86560482403441,0,86560474440066,
0,287634,86560603497564,86560603497564,-160756033,86560604198107,86560604797899,86560605989191,86560606115441,86560620164230,86560604192941,16666666,86560606503107,86560606604524,86560606643691,86560607021816,86560620737441,2709,252542,86560620737441,86560607832857,0,86560607021816,
0,287642,86560620164230,86560620164230,-452791056,86560621007774,86560621619441,86560634517566,86560634575649,86560653497562,86560621000732,16666666,86560634904899,86560635163357,86560635221232,86560636086566,86560644474691,2792,330250,86560644474691,86560637055732,0,86560636086566,
0,287649,86560636830896,86560636830896,-339667117,86560638002982,86560638583816,86560638881566,86560638912482,86560670164228,86560637997524,16666666,86560639178107,86560639374566,86560639437982,86560643976941,86560671129399,23758792,170833,86560671129399,86560668361482,0,86560643976941,
0,287657,86560653497562,86560653497562,-730098414,86560656967691,86560657576441,86560663241191,86560663299357,86560703497560,86560656961024,16666666,86560663579691,86560668428691,86560668488274,86560672963441,86560697203399,2917,702041,86560697203399,86560686427649,0,86560672963441,
0,287672,86560686830894,86560686830894,-380290151,86560688844316,86560689642566,86560690267774,86560690296732,86560720164226,86560688839107,16666666,86560690403066,86560695290607,86560695368066,86560696586399,86560720244524,18105959,139333,86560720244524,86560715401191,0,86560696586399,
0,287680,86560703497560,86560703497560,-984747747,86560706211566,86560706712857,86560707248982,86560707319607,86560753497558,86560706206816,16666666,86560707666107,86560715485816,86560715513649,86560719543024,86560743077732,12043250,265416,86560743077732,86560732358607,0,86560719543024,
0,287688,86560720164226,86560720164226,-226914417,86560723026107,86560730846649,86560735252107,86560735321649,86560770164224,86560723020566,16666666,86560739666774,86560739959149,86560740048941,86560742054899,86560773051232,14179416,265416,86560773051232,86560757550649,0,86560742054899,
0,287696,86560736830892,86560736830892,-564386215,86560740670982,86560741291857,86560741792024,86560741829732,86560803497556,86560740667857,16666666,86560742127941,86560757656482,86560757739066,86560773004732,86560797679774,20283667,202458,86560797679774,86560794137357,0,86560773004732,
0,287704,86560753497558,86560753497558,-965903200,86560766891524,86560772413316,86560776757066,86560776827691,86560820164222,86560766885191,16666666,86560777072941,86560794362774,86560794417357,86560795618399,86560822462024,14157792,2126291,86560822462024,86560812292066,0,86560795618399,
0,287712,86560770164224,86560786830890,-1068483046,86560795802316,86560796417649,86560797991649,86560798021357,86560853497554,86560795797107,16666666,86560798244316,86560812366774,86560812416191,86560822019441,86560869949107,22713167,96875,86560869949107,86560845329524,0,86560822019441,
0,287721,86560803497556,86560820164222,-208799064,86560821975816,86560822689982,86560823839816,86560823877357,86560886830886,86560821971941,16666666,86560825655149,86560845415816,86560845477316,86560863459191,86560897018232,20568958,2984875,86560897018232,86560890647191,0,86560863459191,
0,287729,86560836830888,86560853497554,-608945743,86560862245566,86560862609857,86560863446316,86560863477274,86560920164218,86560862239732,16666666,86560863766107,86560891174691,86560891233399,86560895917316,86560940773108,17618417,197500,86560940773108,86560914698149,0,86560895917316,
0,287737,86560853497554,86560886830886,-1029423448,86560891526774,86560892808816,86560894710066,86560894788441,86560970164216,86560891523107,16666666,86560895331316,86560914755066,86560914800358,86560938873066,86560974395858,30543042,222959,86560974395858,86560971396816,0,86560938873066,
0,287747,86560903497552,86560903497552,-839941898,86560915205941,86560927990483,86560930608358,86560930658733,86561003497548,86560915198566,16666666,86560930803524,86560971465899,86560971510399,86560973884066,86561004412024,15995166,174875,86561004412024,86560990467274,0,86560973884066,
0,287756,86560936830884,86560970164216,-25082087,86560979727566,86560979743566,86560980863233,86560980917191,86561036830880,86560979721108,16666666,86560981099983,86560990546441,86560990610566,86561003145316,86561030413816,14182792,499083,86561030413816,86561027699316,0,86561003145316,
0,287775,86561120164210,86561120164210,-339692705,86561123223441,86561124167816,86561124641358,86561124668774,86561136830876,86561123218191,16666666,86561124886733,86561124903774,86561124939941,86561127058941,86561141659108,3291,1235000,86561141659108,86561129101733,0,86561127058941,
0,287783,86561136830876,86561136830876,-974307269,86561141374316,86561144267649,86561146251983,86561146294941,86561170164208,86561141367524,16666666,86561147070024,86561147718691,86561147799816,86561158223691,86561167772191,2458,237292,86561167772191,86561158960899,0,86561158223691,
0,287790,86561153497542,86561153497542,-564467976,86561158275191,86561160657899,86561161797358,86561161836274,86561186830874,86561158269441,16666666,86561161950858,86561162119274,86561162142191,86561167281399,86561184585983,13270375,208416,86561184585983,86561181129358,0,86561167281399,
0,287798,86561170164208,86561170164208,-544940212,86561171265274,86561171652899,86561172369816,86561172392941,86561203497540,86561171259233,16666666,86561172399941,86561181205358,86561181452316,86561184196358,86561215299191,15823458,107959,86561215299191,86561201127358,0,86561184196358,
0,287806,86561186830874,86561186830874,-646450024,86561191740399,86561199780774,86561200628108,86561200715483,86561236830872,86561191733858,16666666,86561200977774,86561201154524,86561201188941,86561201666649,86561228111233,10573709,99084,86561228111233,86561225940691,0,86561201666649,
0,287814,86561203497540,86561220164206,-264015879,86561223680941,86561224210483,86561226274316,86561226310858,86561253497538,86561223674233,16666666,86561226976608,86561227131733,86561227166191,86561227723691,86561247249024,10600375,156542,86561247249024,86561238764941,0,86561227723691,
0,287830,86561236830872,86561236830872,-752304594,86561237916358,86561238549566,86561239421691,86561239466816,86561270164204,86561237910608,16666666,86561239598649,86561245565149,86561245605483,86561246610274,86561262308149,8129958,151333,86561262308149,86561260914816,0,86561246610274,
0,287838,86561253497538,86561253497538,-778417599,86561254351566,86561255005858,86561261234274,86561261431691,86561286830870,86561254345733,16666666,86561261444816,86561261563983,86561261606566,86561261917441,86561283530149,16832417,121583,86561283530149,86561279311399,0,86561261917441,
0,287846,86561270164204,86561270164204,-369318938,86561270969649,86561271922941,86561281421649,86561281454066,86561303497536,86561270964024,16666666,86561281673233,86561281863274,86561281932108,86561283106399,86561299523108,13084833,129083,86561299523108,86561297162816,0,86561283106399,
0,287854,86561286830870,86561286830870,-40333055,86561290030691,86561290454816,86561291039316,86561291065524,86561320164202,86561290024858,16666666,86561291418649,86561297220899,86561297292108,86561299044399,86561317316941,14935667,156166,86561317316941,86561314539108,0,86561299044399,
0,287862,86561303497536,86561303497536,-970668566,86561307515399,86561308317524,86561309068816,86561309100024,86561336830868,86561307508733,16666666,86561309108233,86561314594899,86561314736733,86561316920024,86561335616108,15812458,137375,86561335616108,86561333212941,0,86561316920024,
0,287870,86561320164202,86561320164202,-144471392,86561324845566,86561325387566,86561325701691,86561325731816,86561353497534,86561324840066,16666666,86561331795774,86561333262566,86561333288608,86561334486441,86561354955524,15719125,128500,86561354955524,86561351413191,0,86561334486441,
0,287878,86561336830868,86561336830868,-455960194,86561341649816,86561342445274,86561344480733,86561344530566,86561386830866,86561341644108,16666666,86561345216774,86561351482108,86561351539566,86561354992358,86561373837274,1666750,98875,86561373837274,86561357678024,0,86561354992358,
0,287886,86561353497534,86561353497534,-415618009,86561357209358,86561358447524,86561359880024,86561359916566,86561403497532,86561357204691,16666666,86561360285608,86561362715233,86561362835649,86561364167149,86561396822316,21837958,826042,86561396822316,86561395802524,0,86561364167149,
0,287894,86561370164200,86561370164200,-723350449,86561371684524,86561372680191,86561373684774,86561373729691,86561420164198,86561371678858,16666666,86561373741649,86561395897816,86561395961858,86561396445191,86561415213233,10416292,107417,86561415213233,86561407300191,0,86561396445191,
0,287902,86561386830866,86561386830866,-415505833,86561396541733,86561397083774,86561397410691,86561397829066,86561436830864,86561396537358,16666666,86561398149066,86561407382649,86561407444191,86561414346483,86561433169066,8072125,159250,86561433169066,86561423353441,0,86561414346483,
0,287910,86561403497532,86561403497532,-654565168,86561411061191,86561413800691,86561416516441,86561416678316,86561453497530,86561411053983,16666666,86561416982816,86561423439316,86561423572733,86561432689524,86561449246483,8529083,154792,86561449246483,86561441757274,0,86561432689524,
0,287918,86561420164198,86561420164198,-711837003,86561430666358,86561431114816,86561432277108,86561432326608,86561470164196,86561430663066,16666666,86561432516899,86561441815899,86561441859191,86561448893941,86561468196774,12865417,89333,86561468196774,86561462179899,0,86561448893941,
0,287934,86561453497530,86561453497530,-284712709,86561455221441,86561455223649,86561458150274,86561458186274,86561486830862,86561455210399,16666666,86561458363941,86561462241566,86561462282649,86561467486024,86561495059316,25180000,249708,86561495059316,86561493453233,0,86561467486024,
0,287942,86561470164196,86561470164196,0,86561473080733,86561473082858,86561477071358,86561477113608,86561520164194,86561473069566,16666666,86561477393358,86561493539066,86561493602149,86561494558108,86561527039024,28546000,138292,86561527039024,86561523672858,0,86561494558108,
0,287950,86561486830862,86561486830862,0,86561494352149,86561494352608,86561497791774,86561497861233,86561553497526,86561494347858,16666666,86561499277858,86561523756649,86561523805066,86561526209608,86561572364399,30180167,513042,86561572364399,86561557338358,0,86561526209608,
0,287958,86561503497528,86561520164194,0,86561530664899,86561530666191,86561533101483,86561533144108,86561603497524,86561530657983,16666666,86561535386608,86561557429899,86561557504316,86561570526774,86561769280566,44836792,124083,86561769280566,86561617325275,0,86561570526774,
0,287967,86561536830860,86561553497526,0,86561560640691,86561560640899,86561561808233,86561561843858,86561786830850,86561560636691,16666666,86561562068191,86561617589691,86561617670400,86561728721275,86561885265066,45737167,47080458,86561839433608,86561885265066,0,86561728721275,
0,287975,86561570164192,86561620164190,-706128491,86561627505983,86561631572816,86561631709275,86561631788025,86561870164180,86561627497358,16666666,86561655214733,86561888864566,86561889579441,86561891913275,86561955164983,2333,98000,86561955164983,86561917540650,0,86561891913275,
0,287985,86561803497516,86561886830846,-558524717,86561891140566,86561914918650,86561917068983,86561917114816,86561986830842,86561891130441,16666666,86561917254983,86561918039941,86561918089608,86561950715108,86561997526316,35914542,3147542,86561955358150,86561997526316,0,86561950715108,
0,287994,86561920164178,86561920164178,-691539803,86561931372775,86561956806900,86561961743483,86561961789691,86562003497508,86561931366733,16666666,86561962245358,86561997612066,86561997691108,86562036653983,86562122346358,60691958,395792,86562122346358,86562102336608,0,86562036653983,
0,288003,86561986830842,86562020164174,-898834833,86562023478608,86562023491941,86562023492233,86562023542275,86562153497502,86562023472316,16666666,86562023767400,86562102424025,86562102492900,86562121955608,86562189567691,31477417,184291,86562189567691,86562155205108,0,86562121955608,
---PROFILEDATA---


View hierarchy:

  dev.polski.grammarmatrix/dev.polski.grammarmatrix.GlassBenchmarkActivity/android.view.ViewRootImpl@c3b5206
  7 views, 12.02 kB of render nodes


Total ViewRootImpl   : 1
Total attached Views : 7
Total RenderNode     : 12.02 kB (used) / 36.09 kB (capacity)

