Applications Graphics Acceleration Info:
Uptime: 86551399 Realtime: 86551399

** Graphics info for pid 10416 [dev.polski.grammarmatrix] **

Stats since: 86544776875683ns
Total frames rendered: 270
Janky frames: 84 (31.11%)
Janky frames (legacy): 157 (58.15%)
50th percentile: 27ms
90th percentile: 93ms
95th percentile: 129ms
99th percentile: 200ms
Number Missed Vsync: 32
Number High input latency: 297
Number Slow UI thread: 48
Number Slow bitmap uploads: 1
Number Slow issue draw commands: 82
Number Frame deadline missed: 84
Number Frame deadline missed (legacy): 79
HISTOGRAM: 5ms=0 6ms=0 7ms=0 8ms=0 9ms=0 10ms=1 11ms=1 12ms=2 13ms=5 14ms=10 15ms=5 16ms=16 17ms=26 18ms=14 19ms=10 20ms=10 21ms=6 22ms=3 23ms=2 24ms=7 25ms=3 26ms=10 27ms=5 28ms=11 29ms=3 30ms=3 31ms=2 32ms=12 34ms=11 36ms=8 38ms=7 40ms=3 42ms=4 44ms=7 46ms=3 48ms=5 53ms=2 57ms=5 61ms=3 65ms=2 69ms=2 73ms=3 77ms=5 81ms=3 85ms=0 89ms=2 93ms=3 97ms=1 101ms=1 105ms=5 109ms=0 113ms=3 117ms=0 121ms=0 125ms=1 129ms=3 133ms=1 150ms=7 200ms=2 250ms=0 300ms=0 350ms=1 400ms=0 450ms=0 500ms=0 550ms=0 600ms=0 650ms=0 700ms=0 750ms=0 800ms=0 850ms=0 900ms=0 950ms=0 1000ms=0 1050ms=0 1100ms=0 1150ms=0 1200ms=0 1250ms=0 1300ms=0 1350ms=0 1400ms=0 1450ms=0 1500ms=0 1550ms=0 1600ms=0 1650ms=0 1700ms=0 1750ms=0 1800ms=0 1850ms=0 1900ms=0 1950ms=0 2000ms=0 2050ms=0 2100ms=0 2150ms=0 2200ms=0 2250ms=0 2300ms=0 2350ms=0 2400ms=0 2450ms=0 2500ms=0 2550ms=0 2600ms=0 2650ms=0 2700ms=0 2750ms=0 2800ms=0 2850ms=0 2900ms=0 2950ms=0 3000ms=0 3050ms=0 3100ms=0 3150ms=0 3200ms=0 3250ms=0 3300ms=0 3350ms=0 3400ms=0 3450ms=0 3500ms=0 3550ms=0 3600ms=0 3650ms=0 3700ms=0 3750ms=0 3800ms=0 3850ms=0 3900ms=0 3950ms=0 4000ms=0 4050ms=0 4100ms=0 4150ms=0 4200ms=0 4250ms=0 4300ms=0 4350ms=0 4400ms=0 4450ms=0 4500ms=0 4550ms=0 4600ms=0 4650ms=0 4700ms=0 4750ms=0 4800ms=0 4850ms=0 4900ms=0 4950ms=0
50th gpu percentile: 16ms
90th gpu percentile: 4950ms
95th gpu percentile: 4950ms
99th gpu percentile: 4950ms
GPU HISTOGRAM: 1ms=1 2ms=0 3ms=0 4ms=2 5ms=0 6ms=0 7ms=10 8ms=30 9ms=34 10ms=11 11ms=10 12ms=5 13ms=3 14ms=4 15ms=12 16ms=14 17ms=14 18ms=21 19ms=9 20ms=3 21ms=8 22ms=10 23ms=5 24ms=0 25ms=3 4950ms=61

Pipeline=Skia (OpenGL)
Memory policy:
  Max surface area: 2592000
  Max resource usage: 124.42MB (x48)
  Background retention: 50% (altUiHidden = true)
  GPU Context timeout: 10
Contexts: 1 (stopped = 0)
CPU Caches:
  Glyph Cache: 33.70 KB (1 entry)
  Glyph Count: 11 
Total CPU memory usage:
  34510 bytes, 33.70 KB (0.00 bytes is purgeable)
GPU Caches:
  Other:
    Other: 49.27 KB (1 entry)
    Buffer Object: 36.00 KB (1 entry)
  Scratch:
    RenderTarget: 11.88 MB (1 entry)
    Buffer Object: 110.00 KB (3 entries)
    Texture: 2.00 MB (1 entry)
Total GPU memory usage:
  14748944 bytes, 14.07 MB (11.94 MB is purgeable)

GraphicBufferAllocator buffers:
        Handle |        Size |     W (Stride) x H | Layers |   Format |      Usage | Requestor
0xb400007c0ba84f00 |     unknown | 1080 (   0) x 2400 |      1 |        1 | 0x     b00 | VRI[GlassBenchmarkActivity]#0(BLAST Consumer)0
0xb400007c0ba86850 |     unknown | 1080 (   0) x 2400 |      1 |        1 | 0x     b00 | VRI[GlassBenchmarkActivity]#0(BLAST Consumer)0
0xb400007c0ba91f20 |     unknown | 1080 (   0) x 2400 |      1 |        1 | 0x     b00 | VRI[GlassBenchmarkActivity]#0(BLAST Consumer)0
Total allocated by GraphicBufferAllocator (estimate): 0.00 KB
GoldfishAllocator::dumpDebugInfo is not implemented
Profile data in ms:

	dev.polski.grammarmatrix/dev.polski.grammarmatrix.GlassBenchmarkActivity/android.view.ViewRootImpl@2b9632d (visibility=0)
Window: dev.polski.grammarmatrix/dev.polski.grammarmatrix.GlassBenchmarkActivity
Stats since: 86544776874850ns
Total frames rendered: 270
Janky frames: 84 (31.11%)
Janky frames (legacy): 157 (58.15%)
50th percentile: 27ms
90th percentile: 93ms
95th percentile: 129ms
99th percentile: 200ms
Number Missed Vsync: 32
Number High input latency: 297
Number Slow UI thread: 48
Number Slow bitmap uploads: 1
Number Slow issue draw commands: 82
Number Frame deadline missed: 84
Number Frame deadline missed (legacy): 79
HISTOGRAM: 5ms=0 6ms=0 7ms=0 8ms=0 9ms=0 10ms=1 11ms=1 12ms=2 13ms=5 14ms=10 15ms=5 16ms=16 17ms=26 18ms=14 19ms=10 20ms=10 21ms=6 22ms=3 23ms=2 24ms=7 25ms=3 26ms=10 27ms=5 28ms=11 29ms=3 30ms=3 31ms=2 32ms=12 34ms=11 36ms=8 38ms=7 40ms=3 42ms=4 44ms=7 46ms=3 48ms=5 53ms=2 57ms=5 61ms=3 65ms=2 69ms=2 73ms=3 77ms=5 81ms=3 85ms=0 89ms=2 93ms=3 97ms=1 101ms=1 105ms=5 109ms=0 113ms=3 117ms=0 121ms=0 125ms=1 129ms=3 133ms=1 150ms=7 200ms=2 250ms=0 300ms=0 350ms=1 400ms=0 450ms=0 500ms=0 550ms=0 600ms=0 650ms=0 700ms=0 750ms=0 800ms=0 850ms=0 900ms=0 950ms=0 1000ms=0 1050ms=0 1100ms=0 1150ms=0 1200ms=0 1250ms=0 1300ms=0 1350ms=0 1400ms=0 1450ms=0 1500ms=0 1550ms=0 1600ms=0 1650ms=0 1700ms=0 1750ms=0 1800ms=0 1850ms=0 1900ms=0 1950ms=0 2000ms=0 2050ms=0 2100ms=0 2150ms=0 2200ms=0 2250ms=0 2300ms=0 2350ms=0 2400ms=0 2450ms=0 2500ms=0 2550ms=0 2600ms=0 2650ms=0 2700ms=0 2750ms=0 2800ms=0 2850ms=0 2900ms=0 2950ms=0 3000ms=0 3050ms=0 3100ms=0 3150ms=0 3200ms=0 3250ms=0 3300ms=0 3350ms=0 3400ms=0 3450ms=0 3500ms=0 3550ms=0 3600ms=0 3650ms=0 3700ms=0 3750ms=0 3800ms=0 3850ms=0 3900ms=0 3950ms=0 4000ms=0 4050ms=0 4100ms=0 4150ms=0 4200ms=0 4250ms=0 4300ms=0 4350ms=0 4400ms=0 4450ms=0 4500ms=0 4550ms=0 4600ms=0 4650ms=0 4700ms=0 4750ms=0 4800ms=0 4850ms=0 4900ms=0 4950ms=0
50th gpu percentile: 16ms
90th gpu percentile: 4950ms
95th gpu percentile: 4950ms
99th gpu percentile: 4950ms
GPU HISTOGRAM: 1ms=1 2ms=0 3ms=0 4ms=2 5ms=0 6ms=0 7ms=10 8ms=30 9ms=34 10ms=11 11ms=10 12ms=5 13ms=3 14ms=4 15ms=12 16ms=14 17ms=14 18ms=21 19ms=9 20ms=3 21ms=8 22ms=10 23ms=5 24ms=0 25ms=3 4950ms=61



---PROFILEDATA---
Flags,FrameTimelineVsyncId,IntendedVsync,Vsync,InputEventId,HandleInputStart,AnimationStart,PerformTraversalsStart,DrawStart,FrameDeadline,FrameInterval,FrameStartTime,SyncQueued,SyncStart,IssueDrawCommandsStart,SwapBuffers,FrameCompleted,DequeueBufferDuration,QueueBufferDuration,GpuCompleted,SwapBuffersCompleted,DisplayPresentTime,CommandSubmissionCompleted,
0,283572,86548803498036,86548803498036,-741238844,86548806790602,86548807378518,86548807728560,86548807764643,86548836831368,86548806784518,16666666,86548808569727,86548808986143,86548809124810,86548809490477,86548830844602,12459750,156042,86548830844602,86548822518643,0,86548809490477,
0,283580,86548820164702,86548820164702,-433321068,86548821418727,86548822064727,86548827544977,86548827622727,86548853498034,86548821411852,16666666,86548827977852,86548828428227,86548828454977,86548829034310,86548846783268,8716959,1313042,86548846783268,86548839680268,0,86548829034310,
0,283588,86548836831368,86548836831368,-757856453,86548837927268,86548839596810,86548843653268,86548843696352,86548870164700,86548837921143,16666666,86548844116810,86548844308143,86548844395518,86548846284852,86548861864935,8569958,248833,86548861864935,86548855420435,0,86548846284852,
0,283596,86548853498034,86548853498034,-431326347,86548854203810,86548854786768,86548855396018,86548855423768,86548886831366,86548854197518,16666666,86548855519518,86548859366602,86548859449268,86548861499060,86548879315602,13404333,101208,86548879315602,86548875347768,0,86548861499060,
0,283604,86548870164700,86548870164700,-407318640,86548871040768,86548871573310,86548871883852,86548871918685,86548903498032,86548871033393,16666666,86548872593685,86548875423852,86548875486477,86548878723685,86548904327602,10779208,347750,86548904327602,86548890177352,0,86548878723685,
0,283612,86548886831366,86548886831366,-768210709,86548888240435,86548888839102,86548889186018,86548889230560,86548936831364,86548888233435,16666666,86548889548518,86548890228435,86548890273935,86548903660102,86548921716310,9342875,373458,86548921716310,86548913731018,0,86548903660102,
0,283620,86548903498032,86548903498032,-518528732,86548904929352,86548905333977,86548906127518,86548906168477,86548953498030,86548904923685,16666666,86548906590185,86548913792060,86548913834560,86548921306977,86548937687310,13227792,90667,86548937687310,86548935030060,0,86548921306977,
0,283628,86548920164698,86548920164698,-265294806,86548921139310,86548921718560,86548922491935,86548922528852,86548970164696,86548921133935,16666666,86548922652018,86548935113685,86548935190893,86548939568227,86548954357143,1542,127792,86548954357143,86548946513227,0,86548939568227,
0,283636,86548936831364,86548936831364,-955952055,86548937921477,86548938465435,86548938801518,86548938836143,86548986831362,86548937914727,16666666,86548939114643,86548946579477,86548946641977,86548955484518,86548971340977,3667,425792,86548971340977,86548962540685,0,86548955484518,
0,283644,86548953498030,86548953498030,-472173651,86548954517602,86548955133185,86548955518977,86548955571435,86549003498028,86548954511060,16666666,86548955994060,86548962625935,86548962678935,86548972836893,86548988470518,1958,118959,86548988470518,86548980183518,0,86548972836893,
0,283652,86548970164696,86548970164696,-159732663,86548971529393,86548972444935,86548973184268,86548973210102,86549020164694,86548971523393,16666666,86548973442352,86548980239018,86548980276727,86548989314352,86549005444685,1959,131375,86549005444685,86548998516268,0,86548989314352,
0,283660,86548986831362,86548986831362,-358637177,86548988688727,86548989114185,86548989838352,86548989867310,86549036831360,86548988683310,16666666,86548989961393,86548998581560,86548998630185,86549007063768,86549022115227,3500,174333,86549022115227,86549014568518,0,86549007063768,
0,283668,86549003498028,86549003498028,-747244118,86549005752518,86549006196602,86549007205185,86549007242477,86549053498026,86549005746935,16666666,86549011229768,86549014639852,86549014698685,86549023633143,86549040365185,1958,118625,86549040365185,86549032997560,0,86549023633143,
0,283676,86549020164694,86549020164694,-904423794,86549022500435,86549023531893,86549024563810,86549024605102,86549070164692,86549022494602,16666666,86549024878060,86549033060935,86549033107810,86549041632102,86549071585477,1375,100209,86549071585477,86549051058019,0,86549041632102,
0,283684,86549036831360,86549036831360,-220423309,86549050062935,86549051702185,86549052955852,86549053000685,86549103498024,86549050057894,16666666,86549054849602,86549054937394,86549055074102,86549071557060,86549135924144,737250,162834,86549135924144,86549073309019,0,86549071557060,
0,283699,86549070164692,86549070164692,0,86549080703727,86549080704644,86549081783435,86549081825602,86549153498022,86549080698810,16666666,86549081948935,86549082093644,86549082248685,86549124978477,86549166136185,25143167,398083,86549166136185,86549161785935,0,86549124978477,
0,283707,86549086831358,86549086831358,0,86549094930185,86549094931352,86549095485769,86549095519852,86549186831354,86549094924310,16666666,86549097085185,86549161877310,86549163936060,86549165301727,86549185860310,15247916,222166,86549185860310,86549181498019,0,86549165301727,
0,283715,86549103498024,86549153498022,0,86549165470144,86549165471560,86549167798810,86549167845227,86549203498020,86549164926644,16666666,86549168376060,86549181564894,86549181590102,86549185379935,86549206710810,19381042,146250,86549206710810,86549205315227,0,86549185379935,
0,283725,86549170164688,86549170164688,0,86549183056102,86549183057227,86549185552560,86549185628102,86549236831352,86549183050060,16666666,86549186462727,86549205385394,86549205423935,86549206784727,86549223681185,9935958,264000,86549223681185,86549217457310,0,86549206784727,
0,283742,86549220164686,86549220164686,-360453499,86549222685685,86549223581435,86549224808810,86549224849310,86549253498018,86549222680977,16666666,86549225301977,86549230207560,86549230445852,86549233203102,86549243686810,2250,130333,86549243686810,86549233887894,0,86549233203102,
0,283750,86549236831352,86549236831352,-997535712,86549237610852,86549238168144,86549239054769,86549239117519,86549270164684,86549237604560,16666666,86549239731935,86549239859019,86549239909227,86549243722144,86549258910560,11922209,314000,86549258910560,86549256818685,0,86549243722144,
0,283758,86549253498018,86549253498018,-585626346,86549257931935,86549258963852,86549260409560,86549260470269,86549286831350,86549257924935,16666666,86549260805269,86549261005227,86549261053352,86549268101102,86549275055352,3209,229625,86549275055352,86549268962185,0,86549268101102,
0,283766,86549270164684,86549270164684,-912363128,86549271167769,86549275078060,86549276451810,86549276487269,86549303498016,86549271161894,16666666,86549276593685,86549281826269,86549281885727,86549283264185,86549289609810,1500,94667,86549289609810,86549283647019,0,86549283264185,
0,283774,86549286831350,86549286831350,-899297279,86549289002852,86549289686727,86549291149727,86549291187269,86549320164682,86549288996102,16666666,86549291199310,86549295931477,86549296269185,86549297727144,86549306019394,2875,315167,86549306019394,86549298411894,0,86549297727144,
0,283782,86549303498016,86549303498016,-8966213,86549305046394,86549306149310,86549306761144,86549306825477,86549336831348,86549305039102,16666666,86549307586019,86549307867810,86549307957852,86549313790519,86549321482894,1417,95875,86549321482894,86549314192227,0,86549313790519,
0,283790,86549320164682,86549320164682,-108295095,86549321655269,86549322148435,86549323347977,86549323390227,86549353498014,86549321649144,16666666,86549329659185,86549329751352,86549329784977,86549330066477,86549338204810,3000,351250,86549338204810,86549330839852,0,86549330066477,
0,283798,86549336831348,86549336831348,-411968919,86549338025185,86549338908519,86549339853352,86549339895102,86549370164680,86549338019644,16666666,86549340097894,86549342907477,86549342935977,86549345796519,86549356613852,1209,98125,86549356613852,86549346212644,0,86549345796519,
0,283806,86549353498014,86549353498014,-268000827,86549356475102,86549356978977,86549361482435,86549361523935,86549386831346,86549356469144,16666666,86549361535269,86549361838769,86549362638144,86549364983394,86549372849935,2041,259667,86549372849935,86549365506935,0,86549364983394,
0,283814,86549370164680,86549370164680,-567075999,86549372977810,86549373623269,86549379908852,86549379947560,86549403498012,86549372970394,16666666,86549380399394,86549380566894,86549380636477,86549381644810,86549390471352,1584,354792,86549390471352,86549382430935,0,86549381644810,
0,283822,86549386831346,86549386831346,-984861759,86549390392560,86549391575769,86549391832185,86549391857602,86549420164678,86549390387019,16666666,86549392194060,86549398683977,86549398729769,86549399070519,86549406557185,1875,214000,86549406557185,86549399690810,0,86549399070519,
0,283830,86549403498012,86549403498012,-332441431,86549406455394,86549407017185,86549407871435,86549407902435,86549436831344,86549406449560,16666666,86549413030019,86549413549769,86549413617727,86549414207810,86549421262602,2209,279208,86549421262602,86549414769519,0,86549414207810,
0,283838,86549420164678,86549420164678,-877160774,86549421123435,86549421847977,86549422673769,86549422697477,86549453498010,86549421117060,16666666,86549422704935,86549422785644,86549422818352,86549431035060,86549438999685,1334,217958,86549438999685,86549431516185,0,86549431035060,
0,283846,86549436831344,86549436831344,-392469553,86549438474977,86549438921810,86549439176977,86549439199435,86549470164676,86549438469144,16666666,86549439499519,86549439674227,86549439694352,86549448717227,86549456360519,3000,292792,86549456360519,86549449822394,0,86549448717227,
0,283861,86549470164676,86549470164676,-605404042,86549471013477,86549471581852,86549473260602,86549473387977,86549486831342,86549471007269,16666666,86549474002394,86549474105019,86549474142519,86549474434102,86549487245810,2792,329417,86549487245810,86549475133102,0,86549474434102,
0,283869,86549486831342,86549486831342,-764517654,86549487554227,86549488213227,86549488773852,86549488799727,86549520164674,86549487548310,16666666,86549496113269,86549496370810,86549496468185,86549497151060,86549505674977,1667,185625,86549505674977,86549497615560,0,86549497151060,
0,283877,86549503498008,86549503498008,-953640993,86549505553227,86549506346227,86549506993560,86549507022352,86549536831340,86549505545685,16666666,86549507029685,86549507047310,86549507065310,86549513659685,86549521609227,1666,204375,86549521609227,86549514212019,0,86549513659685,
0,283885,86549520164674,86549520164674,-359924571,86549521599935,86549522097727,86549531180644,86549531257185,86549553498006,86549521593977,16666666,86549531665394,86549531783769,86549531823852,86549532403269,86549539747269,1833,293958,86549539747269,86549533103685,0,86549532403269,
0,283893,86549536831340,86549536831340,-1068663341,86549537925894,86549538763269,86549539778769,86549539816102,86549570164672,86549537920477,16666666,86549539928102,86549540261685,86549540285935,86549548309102,86549554885310,1333,103167,86549554885310,86549548725102,0,86549548309102,
0,283901,86549553498006,86549553498006,-253296461,86549555018060,86549555743977,86549556456685,86549556486352,86549586831338,86549555010977,16666666,86549556583394,86549556597394,86549558305602,86549562927477,86549574297435,2000,195208,86549574297435,86549563464144,0,86549562927477,
0,283916,86549586831338,86549586831338,-814961544,86549587513935,86549587514894,86549588320852,86549588364602,86549603498004,86549587507852,16666666,86549588672477,86549588770977,86549588808144,86549589234019,86549603953019,1667,108208,86549603953019,86549589634894,0,86549589234019,
0,283924,86549603498004,86549603498004,0,86549604267060,86549604268185,86549605253102,86549605287977,86549636831336,86549604261352,16666666,86549611406310,86549611568019,86549611607644,86549612414102,86549620829644,1375,83666,86549620829644,86549612983477,0,86549612414102,
0,283932,86549620164670,86549620164670,0,86549621110310,86549621111519,86549628635935,86549628738019,86549653498002,86549621105144,16666666,86549628991685,86549629161060,86549629213852,86549630195019,86549637499894,1917,104375,86549637499894,86549630584810,0,86549630195019,
0,283940,86549636831336,86549636831336,0,86549637621102,86549637622269,86549638545894,86549638581519,86549670164668,86549637615102,16666666,86549638588977,86549638947060,86549639154394,86549649001810,86549656524394,2125,126583,86549656524394,86549649517519,0,86549649001810,
0,283955,86549670164668,86549670164668,-876057585,86549670729769,86549671196560,86549671660769,86549671684519,86549686831334,86549670723935,16666666,86549672214394,86549672452144,86549672488019,86549672978019,86549689602560,1667,87750,86549689602560,86549673423394,0,86549672978019,
0,283963,86549686831334,86549686831334,-353267306,86549689637977,86549690290269,86549691280477,86549691306394,86549720164666,86549689632060,16666666,86549691507769,86549694725519,86549695504727,86549697051394,86549703942019,2125,149958,86549703942019,86549697852977,0,86549697051394,
0,283971,86549703498000,86549703498000,-854807802,86549704124269,86549704684435,86549705692227,86549705716310,86549736831332,86549704118185,16666666,86549705811144,86549709352227,86549709425602,86549711267144,86549721254935,1500,95250,86549721254935,86549711654269,0,86549711267144,
0,283979,86549720164666,86549720164666,-391520009,86549721422769,86549721885852,86549722152477,86549722179269,86549753497998,86549721417019,16666666,86549722408227,86549722676685,86549722904435,86549730586019,86549739064852,1500,110875,86549739064852,86549730987769,0,86549730586019,
0,283987,86549736831332,86549736831332,-942953540,86549739327019,86549740282269,86549740555852,86549740582602,86549770164664,86549739320894,16666666,86549747105394,86549747625186,86549747724436,86549748693019,86549755467727,1916,122500,86549755467727,86549749153727,0,86549748693019,
0,283995,86549753497998,86549753497998,-193636013,86549755743144,86549756792477,86549757586269,86549757616686,86549786831330,86549755737227,16666666,86549757822561,86549762031019,86549762127644,86549764617936,86549771722061,4167,370833,86549771722061,86549765530602,0,86549764617936,
0,284003,86549770164664,86549770164664,-193692053,86549771932561,86549772736269,86549773600519,86549773639061,86549803497996,86549771926727,16666666,86549773769019,86549776270186,86549776303894,86549779345561,86549787367602,2125,111583,86549787367602,86549779726561,0,86549779345561,
0,284011,86549786831330,86549786831330,-593996214,86549787796644,86549788833269,86549794337686,86549794379477,86549820164662,86549787790936,16666666,86549794659102,86549794770311,86549794817561,86549795614519,86549804768186,3000,320083,86549804768186,86549796380686,0,86549795614519,
0,284019,86549803497996,86549803497996,-77492098,86549804958769,86549805531019,86549806051769,86549806082436,86549836831328,86549804953227,16666666,86549806344477,86549806953061,86549806988311,86549812776769,86549820791102,2375,186167,86549820791102,86549813305602,0,86549812776769,
0,284027,86549820164662,86549820164662,-637750745,86549821367977,86549821988311,86549822871144,86549822898977,86549853497994,86549821361394,16666666,86549823136477,86549826335519,86549826377644,86549830113519,86549837438311,2000,567584,86549837438311,86549830958436,0,86549830113519,
0,284035,86549836831328,86549836831328,-742019618,86549838447644,86549839004477,86549839249811,86549839277269,86549870164660,86549838441727,16666666,86549839577936,86549841719394,86549841769352,86549846693102,86549854269686,2083,205042,86549854269686,86549847212644,0,86549846693102,
0,284043,86549853497994,86549853497994,-476622965,86549854555602,86549855022227,86549855715561,86549855744644,86549886831326,86549854549727,16666666,86549855844352,86549860144519,86549860220644,86549862513311,86549872615727,2958,274375,86549872615727,86549863107519,0,86549862513311,
0,284051,86549870164660,86549870164660,-73436506,86549870992477,86549871461686,86549871759477,86549871792186,86549903497992,86549870986644,16666666,86549872188936,86549872644144,86549872699394,86549873110602,86549887184727,5783083,479792,86549887184727,86549879753436,0,86549873110602,
0,284059,86549886831326,86549886831326,-935331525,86549887745936,86549888887061,86549889957977,86549890010352,86549920164658,86549887740394,16666666,86549890319894,86549893570311,86549893650769,86549895548852,86549904785644,1792,105959,86549904785644,86549895935686,0,86549895548852,
0,284067,86549903497992,86549903497992,-528483714,86549905034477,86549905512477,86549905763519,86549905791811,86549936831324,86549905028561,16666666,86549910952227,86549911074811,86549911127727,86549912921727,86549922149936,2292,157500,86549922149936,86549913463769,0,86549912921727,
0,284075,86549920164658,86549920164658,-447296861,86549922457311,86549922888769,86549923474852,86549923499977,86549953497990,86549922451519,16666666,86549923598811,86549923696644,86549926760019,86549930451602,86549939116519,2208,191417,86549939116519,86549931117144,0,86549930451602,
0,284083,86549936831324,86549936831324,-715104410,86549937811061,86549938223644,86549938459811,86549938481727,86549970164656,86549937804519,16666666,86549938704186,86549939810644,86549939855561,86549948738936,86549955206019,1875,117375,86549955206019,86549949145977,0,86549948738936,
0,284091,86549953497990,86549953497990,-1029348844,86549955208436,86549955711727,86549956703602,86549956732061,86549986831322,86549955202644,16666666,86549956936894,86549957274769,86549960320811,86549964241602,86549971516519,2000,110083,86549971516519,86549964770769,0,86549964241602,
0,284099,86549970164656,86549970164656,-779412105,86549971751436,86549972436227,86549973046561,86549973074436,86550003497988,86549971745269,16666666,86549973175186,86549977326144,86549977437852,86549981112519,86549989279186,2917,308625,86549989279186,86549981860936,0,86549981112519,
0,284107,86549986831322,86549986831322,-848230431,86549988496311,86549988953227,86549989226227,86549989251144,86550020164654,86549988490811,16666666,86549990612977,86549992114602,86549992153186,86549997934769,86550006732977,1542,209542,86550006732977,86549998499102,0,86549997934769,
0,284115,86550003497988,86550003497988,-482081796,86550006611894,86550007155352,86550007635686,86550007679102,86550036831320,86550006604894,16666666,86550007964644,86550011382394,86550011431227,86550018589769,86550027333977,2042,332208,86550027333977,86550019295561,0,86550018589769,
0,284130,86550036831320,86550036831320,0,86550038072686,86550038073894,86550040651436,86550040697061,86550053497986,86550038066519,16666666,86550041019311,86550041167602,86550041206852,86550041567977,86550053888727,2291,163000,86550053888727,86550042393144,0,86550041567977,
0,284138,86550053497986,86550053497986,0,86550054114144,86550054115102,86550054611144,86550054646686,86550086831318,86550054108436,16666666,86550055189102,86550055329894,86550055367894,86550064438102,86550072928811,1458,101416,86550072928811,86550064848144,0,86550064438102,
0,284146,86550070164652,86550070164652,0,86550073395852,86550073397352,86550076974561,86550077080602,86550103497984,86550073389727,16666666,86550077435936,86550081634811,86550081783936,86550083511936,86550091109019,1666,232042,86550091109019,86550084061561,0,86550083511936,
0,284154,86550086831318,86550086831318,0,86550091005269,86550091006977,86550092669019,86550092712936,86550120164650,86550090999186,16666666,86550092995019,86550095000977,86550095081061,86550100995936,86550109829602,2542,218000,86550109829602,86550101539852,0,86550100995936,
0,284162,86550103497984,86550103497984,0,86550105262686,86550105263977,86550106667311,86550106864686,86550136831316,86550105257227,16666666,86550106886269,86550107833561,86550107888061,86550110161561,86550128956061,496500,150083,86550128956061,86550111180852,0,86550110161561,
0,284170,86550120164650,86550120164650,0,86550121998186,86550121999894,86550122000436,86550122062561,86550153497982,86550121991602,16666666,86550122784644,86550125740186,86550125900686,86550128408019,86550162067727,25454083,104500,86550162067727,86550154474394,0,86550128408019,
0,284178,86550136831316,86550136831316,-34693763,86550141724394,86550141777144,86550141777436,86550141826102,86550186831314,86550141719102,16666666,86550142148602,86550154546352,86550154919477,86550161622394,86550190426811,21539416,141459,86550190426811,86550183672936,0,86550161622394,
0,284186,86550153497982,86550153497982,-626797144,86550160644727,86550161154686,86550161381394,86550161419061,86550220164646,86550160638936,16666666,86550161654686,86550183745519,86550183786644,86550198622102,86550219648352,1584,110292,86550219648352,86550199042186,0,86550198622102,
0,284194,86550170164648,86550186831314,-456747116,86550190386019,86550191233311,86550191424102,86550191452061,86550236831312,86550190379561,16666666,86550191615519,86550199105977,86550199144852,86550220703769,86550247252936,2292,189125,86550247252936,86550230667477,0,86550220703769,
0,284203,86550203497980,86550203497980,-595370799,86550213726019,86550214379269,86550214583436,86550214609977,86550270164644,86550213719977,16666666,86550214771894,86550230761852,86550230830019,86550248129936,86550278585352,2042,179708,86550278585352,86550257772394,0,86550248129936,
0,284210,86550220164646,86550220164646,-498317344,86550231227561,86550231616686,86550231872019,86550231906186,86550303497976,86550231223852,16666666,86550233158269,86550257850352,86550257944227,86550279173227,86550311695977,1583,65625,86550311695977,86550288220269,0,86550279173227,
0,284218,86550236831312,86550253497978,-376325243,86550258270644,86550258677894,86550258948269,86550258972936,86550336831308,86550258266769,16666666,86550259247644,86550288286519,86550288335727,86550311698061,86550329210936,10931625,81292,86550329210936,86550323339186,0,86550311698061,
0,284226,86550270164644,86550303497976,-959683262,86550306074686,86550306974477,86550307216769,86550307245936,86550353497974,86550306067686,16666666,86550307442311,86550323542144,86550323830144,86550328733686,86550346034436,9984750,78500,86550346034436,86550339257894,0,86550328733686,
0,284235,86550320164642,86550320164642,-275630819,86550324736769,86550327836769,86550329925311,86550329960936,86550370164640,86550324729061,16666666,86550330174144,86550339322519,86550339368936,86550345707394,86550362886436,9224333,97875,86550362886436,86550355327102,0,86550345707394,
0,284243,86550336831308,86550336831308,-64030344,86550339527519,86550344406394,86550346359394,86550346406061,86550386831306,86550339524019,16666666,86550346417269,86550355418977,86550355479561,86550362495436,86550380195019,14378917,100084,86550380195019,86550377461477,0,86550362495436,
0,284251,86550353497974,86550353497974,-110452188,86550355869936,86550356239894,86550357364186,86550357385019,86550403497972,86550355866686,16666666,86550357581852,86550377559727,86550377651977,86550379422144,86550397015311,8470500,223625,86550397015311,86550388752186,0,86550379422144,
0,284259,86550370164640,86550370164640,-154612246,86550377975102,86550378618894,86550379901936,86550379958227,86550420164638,86550377971561,16666666,86550380514436,86550388847436,86550388934644,86550396569977,86550419318144,13486209,158958,86550419318144,86550410572061,0,86550396569977,
0,284267,86550386831306,86550386831306,-204609859,86550389172811,86550390561811,86550391666061,86550391698019,86550436831304,86550389169352,16666666,86550391707102,86550415883186,86550415976477,86550418727186,86550436628228,15356042,104000,86550436628228,86550434773311,0,86550418727186,
0,284275,86550403497972,86550403497972,-448071546,86550417377477,86550417891936,86550418127019,86550418148061,86550453497970,86550417374061,16666666,86550418354144,86550434849103,86550434988561,86550436079686,86550453659311,7561333,97125,86550453659311,86550444248436,0,86550436079686,
0,284291,86550436831304,86550436831304,-73895766,86550444522811,86550445468561,86550446641853,86550446664186,86550486831302,86550444519603,16666666,86550446869394,86550452186353,86550452292186,86550452902228,86550470707311,14293083,189666,86550470707311,86550468429894,0,86550452902228,
0,284307,86550470164636,86550470164636,-282850253,86550471121936,86550472282811,86550477830811,86550477867769,86550503497968,86550471116561,16666666,86550477974936,86550478117394,86550478157311,86550478690519,86550493155061,2542,158000,86550493155061,86550479208186,0,86550478690519,
0,284315,86550486831302,86550486831302,-1014123669,86550487579644,86550487929478,86550488571603,86550488596269,86550520164634,86550487573561,16666666,86550488603228,86550493058811,86550493120103,86550493827353,86550511865311,4500,152750,86550511865311,86550503368978,0,86550493827353,
0,284330,86550520164634,86550520164634,-85620237,86550521391853,86550521393228,86550522389978,86550522424103,86550536831300,86550521385686,16666666,86550522620561,86550522724728,86550522760228,86550523202061,86550537324644,2291,127375,86550537324644,86550523883519,0,86550523202061,
0,284338,86550536831300,86550536831300,0,86550537478061,86550537479894,86550538508686,86550538543936,86550570164632,86550537471519,16666666,86550538643603,86550546036519,86550546108228,86550547896769,86550555992936,1625,88250,86550555992936,86550548357019,0,86550547896769,
0,284346,86550553497966,86550553497966,0,86550556399853,86550556400978,86550557866144,86550557898561,86550586831298,86550556393936,16666666,86550557905436,86550564645644,86550564690978,86550565007978,86550575949853,1542,105166,86550575949853,86550565445978,0,86550565007978,
0,284354,86550570164632,86550570164632,0,86550575736811,86550575738269,86550576903561,86550576944894,86550603497964,86550575730603,16666666,86550577225936,86550577379519,86550577478894,86550586773103,86550598492769,2042,333791,86550598492769,86550587611728,0,86550586773103,
0,284361,86550586831298,86550586831298,0,86550588290728,86550588292478,86550589213603,86550589246311,86550620164630,86550588284686,16666666,86550589495728,86550590356186,86550590393103,86550597915519,86550617096478,11324250,129916,86550617096478,86550609864228,0,86550597915519,
0,284369,86550603497964,86550603497964,-582738060,86550608955186,86550609010561,86550609340894,86550609386061,86550636831296,86550608949728,16666666,86550609702436,86550609888478,86550609924019,86550616677394,86550638950561,11699459,138875,86550638950561,86550628856603,0,86550616677394,
0,284377,86550620164630,86550620164630,-86701039,86550622960144,86550627119894,86550633999936,86550634059478,86550670164628,86550622953144,16666666,86550634412561,86550636158144,86550636191228,86550638235228,86550666730269,16458667,130667,86550666730269,86550655466686,0,86550638235228,
0,284385,86550636831296,86550636831296,-466859534,86550637880769,86550638453478,86550641726269,86550642692519,86550686831294,86550637875144,16666666,86550642901019,86550655536478,86550655578269,86550666278561,86550687641436,18181417,127375,86550687641436,86550685055394,0,86550666278561,
0,284393,86550653497962,86550653497962,-797013023,86550663024186,86550665985019,86550667051686,86550667093144,86550720164626,86550663018519,16666666,86550668593436,86550685217811,86550685246811,86550687609936,86550711901478,10914084,62584,86550711901478,86550699179103,0,86550687609936,
0,284409,86550686831294,86550703497960,-852627433,86550708857394,86550709544394,86550710291603,86550710319269,86550736831292,86550708849894,16666666,86550710890561,86550711099519,86550711134853,86550711507311,86550733299269,10575333,89416,86550733299269,86550722544019,0,86550711507311,
0,284418,86550720164626,86550720164626,-902922151,86550721090561,86550721667811,86550722424853,86550722451769,86550753497958,86550721085269,16666666,86550722572478,86550722629894,86550722776394,86550732949811,86550751643144,12312833,108750,86550751643144,86550745732061,0,86550732949811,
0,284426,86550736831292,86550736831292,-530637664,86550738910978,86550748407186,86550749594144,86550749643978,86550770164624,86550738904186,16666666,86550749972853,86550750249353,86550750275686,86550751277936,86550771527019,10818625,111208,86550771527019,86550762543894,0,86550751277936,
0,284442,86550770164624,86550770164624,-347442055,86550771680228,86550772869311,86550779433353,86550779472769,86550803497956,86550771674686,16666666,86550779597144,86550779777311,86550779851519,86550780846436,86550794996644,1834,117500,86550794996644,86550781356853,0,86550780846436,
0,284450,86550786831290,86550786831290,-305462213,86550798235561,86550798730394,86550799000436,86550799024644,86550820164622,86550798229394,16666666,86550799250311,86550799419561,86550799462269,86550809471478,86550820905353,1875,117250,86550820905353,86550810012311,0,86550809471478,
0,284465,86550820164622,86550820164622,-168751629,86550821472186,86550822117519,86550823464353,86550823508894,86550853497954,86550821467019,16666666,86550823787394,86550829435561,86550829464936,86550830185519,86550838916519,1541,85334,86550838916519,86550830564144,0,86550830185519,
0,284473,86550836831288,86550836831288,-527123165,86550838585978,86550839062311,86550839681186,86550839706978,86550870164620,86550838580394,16666666,86550839809519,86550839954269,86550840204228,86550846983728,86550854147936,1667,111417,86550854147936,86550847479019,0,86550846983728,
0,284481,86550853497954,86550853497954,-980420824,86550854618353,86550855165353,86550855452978,86550855482269,86550886831286,86550854612019,16666666,86550855823894,86550855917186,86550855954228,86550863790978,86550870900519,1750,87542,86550870900519,86550864295561,0,86550863790978,
0,284489,86550870164620,86550870164620,-685582255,86550871182061,86550871676936,86550880480853,86550880537603,86550903497952,86550871175644,16666666,86550881108853,86550881268228,86550881332436,86550882106686,86550890937811,2125,164042,86550890937811,86550882626519,0,86550882106686,
0,284497,86550886831286,86550886831286,-475612224,86550890911686,86550891631811,86550892863186,86550892903811,86550920164618,86550890905478,16666666,86550893042311,86550897732769,86550897799311,86550900621103,86550908697186,1625,220250,86550908697186,86550901166144,0,86550900621103,
0,284512,86550920164618,86550920164618,-20238737,86550921187311,86550921757144,86550922233019,86550922277894,86550936831284,86550921180811,16666666,86550922657519,86550922900728,86550922935603,86550923367186,86550937255311,2417,177500,86550937255311,86550923904519,0,86550923367186,
0,284520,86550936831284,86550936831284,-843525182,86550937662269,86550938078603,86550938404603,86550938431686,86550970164616,86550937656769,16666666,86550938727644,86550945860686,86550945913061,86550946524144,86550954335269,2084,128875,86550954335269,86550947037144,0,86550946524144,
0,284528,86550953497950,86550953497950,-48745881,86550954499853,86550955114519,86550955810519,86550955846894,86550986831282,86550954494186,16666666,86550957279728,86550960287978,86550960355019,86550964899519,86550991505519,3083,162083,86550991505519,86550965513561,0,86550964899519,
0,284536,86550970164616,86550970164616,-177182218,86550977930894,86550977955978,86550978656853,86550978799353,86551020164614,86550977919811,16666666,86550979040353,86550980282936,86550980381436,86550992140019,86551019064936,1378416,177834,86551019064936,86551003471061,0,86550992140019,
0,284543,86550986831282,86550986831282,0,86550987338019,86550987338686,86550991191394,86550991235228,86551036831280,86550987334478,16666666,86550991586644,86551003721061,86551003764186,86551019532978,86551049972853,6253958,745584,86551049972853,86551027025436,0,86551019532978,
0,284551,86551003497948,86551003497948,0,86551004847311,86551004847853,86551004848061,86551004883561,86551070164612,86551004844061,16666666,86551005078894,86551027127436,86551027175644,86551049672478,86551084160311,26514375,105208,86551084160311,86551078813728,0,86551049672478,
0,284558,86551020164614,86551020164614,0,86551027660853,86551027661686,86551027661978,86551027711061,86551103497944,86551027656561,16666666,86551028211228,86551079166061,86551079209561,86551081309353,86551114278894,29084583,2603541,86551114278894,86551113324269,0,86551081309353,
0,284566,86551036831280,86551070164612,0,86551079607478,86551079608228,86551079608561,86551079646228,86551136831276,86551079602978,16666666,86551079976519,86551113392311,86551113432561,86551113949394,86551150623978,28596876,73709,86551150623978,86551142934936,0,86551113949394,
0,284576,86551086831278,86551103497944,0,86551113724519,86551113724978,86551113725269,86551113759728,86551170164608,86551113720853,16666666,86551114115728,86551143006895,86551143046645,86551148616395,86551191744770,35064667,1694250,86551191744770,86551185816603,0,86551148616395,
0,284585,86551120164610,86551136831276,0,86551144589020,86551144589895,86551144590186,86551144649520,86551220164606,86551144582978,16666666,86551145235603,86551188918478,86551189228853,86551191320978,86551226951020,31982208,155625,86551226951020,86551223790061,0,86551191320978,
0,284594,86551153497942,86551186831274,0,86551190369436,86551190370353,86551190370645,86551190427978,86551253497938,86551190363520,16666666,86551191354603,86551223859978,86551223900936,86551226604103,86551268895103,33963917,94709,86551268895103,86551260991395,0,86551226604103,
0,284603,86551203497940,86551220164606,0,86551224604478,86551224605395,86551224605686,86551224648228,86551286831270,86551224600520,16666666,86551225299561,86551261074811,86551261102436,86551268336020,86551365768895,74936292,122083,86551365768895,86551343917811,0,86551268336020,
0,284612,86551236831272,86551253497938,0,86551264484645,86551264485061,86551264485353,86551264534728,86551386831266,86551264480936,16666666,86551264825520,86551344615603,86551344968520,86551365197103,86551421518436,50066917,154042,86551421518436,86551415948395,0,86551365197103,
0,284620,86551253497938,86551336831268,0,86551345290645,86551345291520,86551346523770,86551346592645,86551453497930,86551345281020,16666666,86551350244978,86551416320228,86551416354645,86551417460853,86551469403353,39044333,11197625,86551469403353,86551468102936,0,86551417460853,
0,284631,86551370164600,86551403497932,0,86551417514020,86551417514436,86551417514686,86551417548520,86551386831266,86551417509728,16666666,86551435402686,86551468182645,86551468237395,86551468547270,86548809987685,70982375,172084,86548809987685,86551542262436,0,86551468547270,
---PROFILEDATA---


View hierarchy:

  dev.polski.grammarmatrix/dev.polski.grammarmatrix.GlassBenchmarkActivity/android.view.ViewRootImpl@2b9632d
  7 views, 12.02 kB of render nodes


Total ViewRootImpl   : 1
Total attached Views : 7
Total RenderNode     : 12.02 kB (used) / 36.09 kB (capacity)

