Applications Graphics Acceleration Info:
Uptime: 86597922 Realtime: 86597922

** Graphics info for pid 10922 [dev.polski.grammarmatrix] **

Stats since: 86590149496746ns
Total frames rendered: 169
Janky frames: 106 (62.72%)
Janky frames (legacy): 148 (87.57%)
50th percentile: 53ms
90th percentile: 150ms
95th percentile: 150ms
99th percentile: 550ms
Number Missed Vsync: 48
Number High input latency: 113
Number Slow UI thread: 81
Number Slow bitmap uploads: 0
Number Slow issue draw commands: 106
Number Frame deadline missed: 106
Number Frame deadline missed (legacy): 104
HISTOGRAM: 5ms=0 6ms=0 7ms=0 8ms=0 9ms=0 10ms=0 11ms=0 12ms=0 13ms=0 14ms=2 15ms=0 16ms=1 17ms=6 18ms=4 19ms=1 20ms=0 21ms=0 22ms=1 23ms=2 24ms=0 25ms=3 26ms=4 27ms=4 28ms=2 29ms=1 30ms=2 31ms=3 32ms=6 34ms=6 36ms=3 38ms=4 40ms=6 42ms=3 44ms=1 46ms=3 48ms=8 53ms=9 57ms=7 61ms=2 65ms=8 69ms=2 73ms=6 77ms=4 81ms=2 85ms=1 89ms=4 93ms=1 97ms=3 101ms=6 105ms=1 109ms=0 113ms=3 117ms=5 121ms=1 125ms=1 129ms=3 133ms=3 150ms=14 200ms=4 250ms=1 300ms=0 350ms=0 400ms=0 450ms=0 500ms=0 550ms=1 600ms=1 650ms=0 700ms=0 750ms=0 800ms=0 850ms=0 900ms=0 950ms=0 1000ms=0 1050ms=0 1100ms=0 1150ms=0 1200ms=0 1250ms=0 1300ms=0 1350ms=0 1400ms=0 1450ms=0 1500ms=0 1550ms=0 1600ms=0 1650ms=0 1700ms=0 1750ms=0 1800ms=0 1850ms=0 1900ms=0 1950ms=0 2000ms=0 2050ms=0 2100ms=0 2150ms=0 2200ms=0 2250ms=0 2300ms=0 2350ms=0 2400ms=0 2450ms=0 2500ms=0 2550ms=0 2600ms=0 2650ms=0 2700ms=0 2750ms=0 2800ms=0 2850ms=0 2900ms=0 2950ms=0 3000ms=0 3050ms=0 3100ms=0 3150ms=0 3200ms=0 3250ms=0 3300ms=0 3350ms=0 3400ms=0 3450ms=0 3500ms=0 3550ms=0 3600ms=0 3650ms=0 3700ms=0 3750ms=0 3800ms=0 3850ms=0 3900ms=0 3950ms=0 4000ms=0 4050ms=0 4100ms=0 4150ms=0 4200ms=0 4250ms=0 4300ms=0 4350ms=0 4400ms=0 4450ms=0 4500ms=0 4550ms=0 4600ms=0 4650ms=0 4700ms=0 4750ms=0 4800ms=0 4850ms=0 4900ms=0 4950ms=0
50th gpu percentile: 4950ms
90th gpu percentile: 4950ms
95th gpu percentile: 4950ms
99th gpu percentile: 4950ms
GPU HISTOGRAM: 1ms=1 2ms=1 3ms=0 4ms=0 5ms=0 6ms=0 7ms=4 8ms=3 9ms=3 10ms=2 11ms=0 12ms=0 13ms=2 14ms=2 15ms=3 16ms=3 17ms=4 18ms=5 19ms=4 20ms=11 21ms=7 22ms=3 23ms=5 24ms=10 25ms=5 4950ms=91

Pipeline=Skia (OpenGL)
Memory policy:
  Max surface area: 2592000
  Max resource usage: 124.42MB (x48)
  Background retention: 50% (altUiHidden = true)
  GPU Context timeout: 10
Contexts: 1 (stopped = 0)
CPU Caches:
  Glyph Cache: 33.70 KB (1 entry)
  Glyph Count: 11 
Total CPU memory usage:
  34510 bytes, 33.70 KB (0.00 bytes is purgeable)
GPU Caches:
  Other:
    Other: 49.27 KB (1 entry)
    Buffer Object: 36.00 KB (1 entry)
  Scratch:
    RenderTarget: 11.88 MB (1 entry)
    Buffer Object: 110.00 KB (3 entries)
    Texture: 2.00 MB (1 entry)
Total GPU memory usage:
  14748944 bytes, 14.07 MB (68.00 KB is purgeable)

GraphicBufferAllocator buffers:
        Handle |        Size |     W (Stride) x H | Layers |   Format |      Usage | Requestor
0xb400007c0ba85800 |     unknown | 1080 (   0) x 2400 |      1 |        1 | 0x     b00 | VRI[GlassBenchmarkActivity]#0(BLAST Consumer)0
0xb400007c0ba86580 |     unknown | 1080 (   0) x 2400 |      1 |        1 | 0x     b00 | VRI[GlassBenchmarkActivity]#0(BLAST Consumer)0
0xb400007c0ba86850 |     unknown | 1080 (   0) x 2400 |      1 |        1 | 0x     b00 | VRI[GlassBenchmarkActivity]#0(BLAST Consumer)0
Total allocated by GraphicBufferAllocator (estimate): 0.00 KB
GoldfishAllocator::dumpDebugInfo is not implemented
Profile data in ms:

	dev.polski.grammarmatrix/dev.polski.grammarmatrix.GlassBenchmarkActivity/android.view.ViewRootImpl@9834c4 (visibility=0)
Window: dev.polski.grammarmatrix/dev.polski.grammarmatrix.GlassBenchmarkActivity
Stats since: 86590149496163ns
Total frames rendered: 169
Janky frames: 106 (62.72%)
Janky frames (legacy): 148 (87.57%)
50th percentile: 53ms
90th percentile: 150ms
95th percentile: 150ms
99th percentile: 550ms
Number Missed Vsync: 48
Number High input latency: 113
Number Slow UI thread: 81
Number Slow bitmap uploads: 0
Number Slow issue draw commands: 106
Number Frame deadline missed: 106
Number Frame deadline missed (legacy): 104
HISTOGRAM: 5ms=0 6ms=0 7ms=0 8ms=0 9ms=0 10ms=0 11ms=0 12ms=0 13ms=0 14ms=2 15ms=0 16ms=1 17ms=6 18ms=4 19ms=1 20ms=0 21ms=0 22ms=1 23ms=2 24ms=0 25ms=3 26ms=4 27ms=4 28ms=2 29ms=1 30ms=2 31ms=3 32ms=6 34ms=6 36ms=3 38ms=4 40ms=6 42ms=3 44ms=1 46ms=3 48ms=8 53ms=9 57ms=7 61ms=2 65ms=8 69ms=2 73ms=6 77ms=4 81ms=2 85ms=1 89ms=4 93ms=1 97ms=3 101ms=6 105ms=1 109ms=0 113ms=3 117ms=5 121ms=1 125ms=1 129ms=3 133ms=3 150ms=14 200ms=4 250ms=1 300ms=0 350ms=0 400ms=0 450ms=0 500ms=0 550ms=1 600ms=1 650ms=0 700ms=0 750ms=0 800ms=0 850ms=0 900ms=0 950ms=0 1000ms=0 1050ms=0 1100ms=0 1150ms=0 1200ms=0 1250ms=0 1300ms=0 1350ms=0 1400ms=0 1450ms=0 1500ms=0 1550ms=0 1600ms=0 1650ms=0 1700ms=0 1750ms=0 1800ms=0 1850ms=0 1900ms=0 1950ms=0 2000ms=0 2050ms=0 2100ms=0 2150ms=0 2200ms=0 2250ms=0 2300ms=0 2350ms=0 2400ms=0 2450ms=0 2500ms=0 2550ms=0 2600ms=0 2650ms=0 2700ms=0 2750ms=0 2800ms=0 2850ms=0 2900ms=0 2950ms=0 3000ms=0 3050ms=0 3100ms=0 3150ms=0 3200ms=0 3250ms=0 3300ms=0 3350ms=0 3400ms=0 3450ms=0 3500ms=0 3550ms=0 3600ms=0 3650ms=0 3700ms=0 3750ms=0 3800ms=0 3850ms=0 3900ms=0 3950ms=0 4000ms=0 4050ms=0 4100ms=0 4150ms=0 4200ms=0 4250ms=0 4300ms=0 4350ms=0 4400ms=0 4450ms=0 4500ms=0 4550ms=0 4600ms=0 4650ms=0 4700ms=0 4750ms=0 4800ms=0 4850ms=0 4900ms=0 4950ms=0
50th gpu percentile: 4950ms
90th gpu percentile: 4950ms
95th gpu percentile: 4950ms
99th gpu percentile: 4950ms
GPU HISTOGRAM: 1ms=1 2ms=1 3ms=0 4ms=0 5ms=0 6ms=0 7ms=4 8ms=3 9ms=3 10ms=2 11ms=0 12ms=0 13ms=2 14ms=2 15ms=3 16ms=3 17ms=4 18ms=5 19ms=4 20ms=11 21ms=7 22ms=3 23ms=5 24ms=10 25ms=5 4950ms=91



---PROFILEDATA---
Flags,FrameTimelineVsyncId,IntendedVsync,Vsync,InputEventId,HandleInputStart,AnimationStart,PerformTraversalsStart,DrawStart,FrameDeadline,FrameInterval,FrameStartTime,SyncQueued,SyncStart,IssueDrawCommandsStart,SwapBuffers,FrameCompleted,DequeueBufferDuration,QueueBufferDuration,GpuCompleted,SwapBuffersCompleted,DisplayPresentTime,CommandSubmissionCompleted,
0,296007,86594086829558,86594103496224,-847417837,86594117222123,86594117699082,86594123487415,86594123533498,86594170162888,86594117216207,16666666,86594123853332,86594136680665,86594136723165,86594142426582,86594170360707,13594500,109000,86594170360707,86594156470373,0,86594142426582,
0,296017,86594136829556,86594136829556,-163368016,86594144416373,86594145857498,86594150528707,86594150569415,86594203496220,86594144408373,16666666,86594151994415,86594156515332,86594156557748,86594169885082,86594193594123,11479542,163042,86594193594123,86594181903832,0,86594169885082,
0,296025,86594153496222,86594153496222,-590522147,86594156897457,86594157357665,86594158272332,86594158308832,86594220162886,86594156893540,16666666,86594158585832,86594183154040,86594183202207,86594190452790,86594221179290,12550916,91250,86594221179290,86594206279332,0,86594190452790,
0,296033,86594170162888,86594170162888,-139438155,86594184403582,86594184988707,86594191616623,86594191685582,86594253496218,86594184399207,16666666,86594194073665,86594206342082,86594206397373,86594219908040,86594284617873,63064875,1007708,86594282074873,86594284617873,0,86594219908040,
0,296042,86594203496220,86594203496220,-7987632,86594207234457,86594207621582,86594209252040,86594209284957,86594303496216,86594207230457,16666666,86594209408165,86594284697748,86594284912498,86594305155373,86594326710748,2083,242958,86594326710748,86594308873623,0,86594305155373,
0,296050,86594220162886,86594303496216,-673212052,86594303809957,86594304953415,86594305378040,86594305426165,86594353496214,86594303802582,16666666,86594306157623,86594308937373,86594309108957,86594326992248,86594354613457,20456334,233625,86594354613457,86594348142707,0,86594326992248,
0,296082,86594470162876,86594470162876,-73823529,86594472416707,86594473094165,86594473542957,86594473589957,86594486829542,86594472411290,16666666,86594474124957,86594474139624,86594474279957,86594475508165,86594487771540,2542,350709,86594487771540,86594479019874,0,86594475508165,
0,296090,86594486829542,86594486829542,-477539409,86594487790957,86594488939165,86594490230790,86594490371707,86594520162874,86594487785582,16666666,86594490831082,86594494213874,86594494303457,86594504445832,86594518611332,1750,203917,86594518611332,86594505239749,0,86594504445832,
0,296097,86594503496208,86594503496208,-1045782248,86594514694749,86594515986582,86594516973999,86594517001124,86594536829540,86594514688874,16666666,86594517158707,86594517321915,86594517393082,86594518201957,86594550276332,14701416,97042,86594550276332,86594533401124,0,86594518201957,
0,296113,86594536829540,86594536829540,-858708292,86594550257707,86594550772082,86594551554749,86594551592124,86594570162872,86594550251207,16666666,86594551602707,86594551629957,86594551652915,86594562392915,86594571721082,1958,84584,86594571721082,86594563625790,0,86594562392915,
0,296128,86594570162872,86594570162872,-342451412,86594571648790,86594573028249,86594578160665,86594578220624,86594603496204,86594571642832,16666666,86594578584832,86594578611957,86594578633499,86594584933207,86594597583874,1709,202042,86594597583874,86594585428332,0,86594584933207,
0,296136,86594586829538,86594586829538,-164410027,86594590868082,86594591419249,86594596866582,86594596922415,86594620162870,86594590861499,16666666,86594597142707,86594597616290,86594597669665,86594598028332,86594628528415,16196750,145459,86594628528415,86594614816707,0,86594598028332,
0,296144,86594603496204,86594603496204,-203137844,86594605207332,86594607240249,86594608288707,86594608332749,86594653496202,86594605199290,16666666,86594608344332,86594614895457,86594614963040,86594627385457,86594664631124,11771917,114167,86594664631124,86594640365957,0,86594627385457,
0,296151,86594620162870,86594620162870,-557335130,86594625095624,86594626069749,86594631420332,86594631492707,86594686829534,86594625088915,16666666,86594632474582,86594640444207,86594640511999,86594655724374,86594700728540,16174916,160625,86594700728540,86594680896332,0,86594655724374,
0,296159,86594636829536,86594636829536,-628019979,86594641036749,86594647061999,86594647782790,86594647814665,86594720162866,86594641033582,16666666,86594647956207,86594681073082,86594681115665,86594698851249,86594843436457,111247792,979791,86594843436457,86594813871165,0,86594698851249,
0,296167,86594653496202,86594686829534,-127915553,86594692890915,86594697179707,86594698122957,86594698172582,86594870162860,86594692886665,16666666,86594698512624,86594813946249,86594813970707,86594837612832,86594905187540,41453042,358250,86594905187540,86594884960415,0,86594837612832,
0,296176,86594703496200,86594803496196,-309130635,86594815680457,86594821884290,86594842793540,86594842858457,86594936829524,86594814960540,16666666,86594863416540,86594886046040,86594886090832,86594900427707,86594945157124,21818375,1316542,86594945157124,86594927515207,0,86594900427707,
0,296203,86594903496192,86594903496192,-962640029,86594905630832,86594905632124,86594905632999,86594905710665,86594970162856,86594905623499,16666666,86594906669040,86594927589290,86594927633749,86594944450082,86595004767457,39691583,186333,86595004767457,86594984924915,0,86594944450082,
0,296223,86595086829518,86595086829518,-97906166,86595090924207,86595091760665,86595099207124,86595099740207,86595103496184,86595090917874,16666666,86595100368832,86595100498374,86595100534457,86595100855749,86595115683457,2417,818250,86595115683457,86595102009999,0,86595100855749,
0,296231,86595103496184,86595103496184,-532986195,86595106759082,86595110498707,86595111118790,86595111147290,86595136829516,86595106752665,16666666,86595111247707,86595111318624,86595111341374,86595116735124,86595136798915,2417,213625,86595136798915,86595127050457,0,86595116735124,
0,296238,86595120162850,86595120162850,-164070532,86595124732332,86595125231332,86595125664082,86595125720874,86595153496182,86595124726707,16666666,86595125980124,86595127078540,86595127119582,86595136370499,86595156548082,13201250,149792,86595156548082,86595150090249,0,86595136370499,
0,296246,86595136829516,86595136829516,-397636428,86595139930582,86595142033874,86595142785499,86595142818624,86595186829514,86595139925415,16666666,86595143035707,86595150175707,86595150250040,86595154845124,86595193690249,19143209,896833,86595193690249,86595175818207,0,86595154845124,
0,296254,86595153496182,86595153496182,-30140014,86595155720582,86595156925624,86595159492040,86595159546915,86595220162846,86595155714624,16666666,86595159715790,86595175967707,86595176080207,86595191686791,86595218831374,14729875,1486083,86595218831374,86595208475082,0,86595191686791,
0,296262,86595170162848,86595170162848,-41025604,86595176773499,86595177259749,86595179428416,86595179487249,86595236829512,86595176768624,16666666,86595179852332,86595208543582,86595208623666,86595218438749,86595287278082,15931209,106208,86595287278082,86595234832707,0,86595218438749,
0,296270,86595186829514,86595203496180,-731043477,86595210108374,86595210985332,86595211590832,86595211633957,86595320162842,86595210104916,16666666,86595212321624,86595234921124,86595234986291,86595284885249,86595326040582,38701500,245458,86595323184166,86595326040582,0,86595284885249,
0,296279,86595220162846,86595220162846,-364881689,86595235331666,86595236242791,86595238112124,86595238160999,86595353496174,86595235327832,16666666,86595239044332,86595326109624,86595326156457,86595327096374,86595381731332,2125,218208,86595381731332,86595369731707,0,86595327096374,
0,296287,86595236829512,86595320162842,-661096634,86595329311041,86595330296124,86595331348457,86595331378957,86595403496172,86595329307499,16666666,86595331492541,86595369896749,86595369942541,86595381653082,86595404528624,2426458,245083,86595404528624,86595385187207,0,86595381653082,
0,296298,86595336829508,86595370162840,-435133736,86595380107082,86595381553707,86595390682666,86595390716291,86595436829504,86595380097457,16666666,86595391242541,86595391448832,86595391484916,86595404701582,86595427740624,159958,1333333,86595427740624,86595406995916,0,86595404701582,
0,296315,86595403496172,86595403496172,-289790742,86595405205082,86595405589041,86595407117249,86595407144707,86595453496170,86595405199416,16666666,86595407246082,86595407304791,86595407343624,86595415041041,86595454381332,22456666,162292,86595454381332,86595450262499,0,86595415041041,
0,296339,86595536829500,86595536829500,-451028824,86595537873916,86595538647082,86595539080791,86595539104499,86595553496166,86595537867916,16666666,86595539331082,86595539415457,86595539473166,86595540127999,86595555573207,2208,92958,86595555573207,86595541219082,0,86595540127999,
0,296347,86595553496166,86595553496166,-411231317,86595557770999,86595558664999,86595558929499,86595558956041,86595586829498,86595557765916,16666666,86595563227791,86595564750791,86595566452999,86595589716832,86595620949624,1958,891625,86595620949624,86595593487791,0,86595589716832,
0,296354,86595570162832,86595570162832,-343655821,86595572944291,86595573339332,86595575831499,86595575868707,86595653496162,86595572938291,16666666,86595576207666,86595594022124,86595594117707,86595620861999,86595685894957,3453375,125667,86595685894957,86595630412582,0,86595620861999,
0,296361,86595586829498,86595586829498,-17822800,86595595073874,86595595496207,86595597083166,86595597115832,86595703496160,86595595070041,16666666,86595597233582,86595630509249,86595630581249,86595654562499,86595721482416,28885625,198833,86595721482416,86595714851457,0,86595654562499,
0,296369,86595603496164,86595620162830,-975116027,86595634109374,86595635528916,86595636202166,86595636229916,86595753496158,86595634102249,16666666,86595636237624,86595715485582,86595715531624,86595722424707,86595761960957,31136750,5772542,86595761960957,86595760746124,0,86595722424707,
0,296377,86595636829496,86595703496160,-899628946,86595717788582,86595720951874,86595737414749,86595737456874,86595786829490,86595717783082,16666666,86595738497499,86595760813166,86595760857332,86595761500707,86595791599457,16859125,112334,86595791599457,86595778906916,0,86595761500707,
0,296390,86595736829492,86595753496158,-1036535597,86595763460791,86595764407582,86595768756541,86595768796249,86595820162822,86595763452249,16666666,86595771814666,86595778988166,86595779086499,86595790723791,86595828514624,30634833,464542,86595828514624,86595822302916,0,86595790723791,
0,296398,86595770162824,86595770162824,-539775299,86595783551541,86595784140041,86595789335166,86595789400957,86595853496154,86595783548374,16666666,86595789849582,86595822368207,86595822406832,86595827797624,86595854850374,10183250,280833,86595854850374,86595838750207,0,86595827797624,
0,296406,86595786829490,86595820162822,-337920912,86595824282624,86595824627166,86595825428791,86595825452916,86595886829486,86595824278707,16666666,86595825550999,86595838810707,86595838947207,86595854072832,86595901624666,25903833,185541,86595901624666,86595880834124,0,86595854072832,
0,296415,86595836829488,86595836829488,-387040449,86595839216707,86595842181416,86595857535582,86595857578457,86595920162818,86595839212957,16666666,86595857863624,86595880924958,86595880997958,86595899602833,86595949564999,21486250,1779166,86595949564999,86595923181708,0,86595899602833,
0,296423,86595853496154,86595870162820,-1043204009,86595882132124,86595882586624,86595883190666,86595883214124,86595970162816,86595882127999,16666666,86595883310416,86595923249291,86595923540208,86595948810666,86596009309333,32632709,162625,86596009309333,86595982267874,0,86595948810666,
0,296432,86595886829486,86595936829484,-372253440,86595938591874,86595948423541,86595957256833,86595958096166,86596036829480,86595938586208,16666666,86595958297958,86595982335249,86595982376833,86596007204333,86596042434749,15890500,127708,86596042434749,86596025266874,0,86596007204333,
0,296444,86595970162816,86595970162816,0,86595984849291,86595984849624,86595988749333,86595988812333,86596070162812,86595984845458,16666666,86595996454499,86596025342791,86596025497208,86596041305291,86596081854624,25101833,302959,86596081854624,86596067684166,0,86596041305291,
0,296452,86595986829482,86596036829480,0,86596044904999,86596044906583,86596046925541,86596046968624,86596103496144,86596044897416,16666666,86596047089374,86596067751624,86596067802124,86596081422458,86596112659541,17946875,104916,86596112659541,86596099876624,0,86596081422458,
0,296472,86596086829478,86596086829478,-270996017,86596087618541,86596088490708,86596089309999,86596089334666,86596136829476,86596087611708,16666666,86596089342499,86596099951333,86596100082499,86596111810458,86596134962833,10660792,154375,86596134962833,86596123693291,0,86596111810458,
0,296480,86596103496144,86596103496144,-205295936,86596107744541,86596110216416,86596111495458,86596111596916,86596153496142,86596107738291,16666666,86596113952999,86596123783458,86596123824291,86596134542708,86596163855458,17815958,106542,86596163855458,86596152857749,0,86596134542708,
0,296488,86596120162810,86596120162810,-581286591,86596125997624,86596126327958,86596128519874,86596128575041,86596186829474,86596125993583,16666666,86596128831124,86596152948624,86596153210833,86596163480749,86596184606666,14277625,96250,86596184606666,86596178226166,0,86596163480749,
0,296496,86596136829476,86596153496142,-272990141,86596161799958,86596162480124,86596169221541,86596169300499,86596203496140,86596161794333,16666666,86596169566958,86596178311541,86596178404249,86596184252958,86596210817624,11015500,237000,86596210817624,86596195920291,0,86596184252958,
0,296505,86596170162808,86596170162808,-773578052,86596183140333,86596183957583,86596185206499,86596185236249,86596236829472,86596183136291,16666666,86596185628624,86596196283958,86596196361249,86596210760791,86596242657666,16065625,105292,86596242657666,86596227384666,0,86596210760791,
0,296521,86596203496140,86596220162806,-9971181,86596230134041,86596231851999,86596234387208,86596235529208,86596270162804,86596230126999,16666666,86596237282083,86596237413374,86596237453499,86596238061291,86596268611374,15828333,4109500,86596268611374,86596258575999,0,86596238061291,
0,296538,86596253496138,86596253496138,-944011060,86596254385041,86596255331208,86596256845249,86596256931708,86596286829470,86596254378583,16666666,86596257049458,86596258624791,86596258690916,86596267996333,86596312845999,25664583,116958,86596312845999,86596306162916,0,86596267996333,
0,296546,86596270162804,86596270162804,-778721082,86596271937041,86596272893874,86596273848708,86596273884958,86596336829468,86596271929833,16666666,86596277240749,86596306271916,86596306313583,86596310789624,86596338315124,16515375,1779000,86596338315124,86596329894708,0,86596310789624,
0,296554,86596286829470,86596303496136,-994739847,86596310923083,86596314813249,86596317405499,86596317447541,86596370162800,86596310917708,16666666,86596317562416,86596329964124,86596330031874,86596338566916,86596357756749,8616125,105042,86596357756749,86596347729416,0,86596338566916,
0,296571,86596336829468,86596336829468,-99962821,86596338302749,86596339179874,86596342950374,86596342994666,86596386829466,86596338296124,16666666,86596343678458,86596347793708,86596347849291,86596357789083,86596382686833,13111084,139500,86596382686833,86596371502999,0,86596357789083,
0,296579,86596353496134,86596353496134,-518242610,86596357836916,86596359381916,86596361618124,86596361671458,86596403496132,86596357833333,16666666,86596361839624,86596371562249,86596371605083,86596382170874,86596401841791,7830167,111500,86596401841791,86596390570708,0,86596382170874,
0,296587,86596370162800,86596370162800,-1023577598,86596378340749,86596381812374,86596383065208,86596383126916,86596420162798,86596378336874,16666666,86596383491124,86596390635916,86596390789791,86596401405499,86596538811583,46723625,158542,86596538811583,86596448672499,0,86596401405499,
0,296603,86596403496132,86596453496130,-756320628,86596458633416,86596459186791,86596460252208,86596460293624,86596570162792,86596458624916,16666666,86596460578791,86596460995874,86596461017374,86596538139624,86596584999500,29012458,385334,86596584999500,86596567890458,0,86596538139624,
0,296623,86596536829460,86596536829460,-14989981,86596540673999,86596540675208,86596541512916,86596541574624,86596603496124,86596540669041,16666666,86596541788249,86596567961250,86596568905833,86596583963500,86596640951125,36300375,129500,86596640951125,86596621868291,0,86596583963500,
0,296649,86596686829454,86596686829454,-789376558,86596688155666,86596688711000,86596690971625,86596691022791,86596703496120,86596688149875,16666666,86596691175291,86596691320750,86596691363958,86596691749375,86596704939958,1416,94625,86596704939958,86596692705708,0,86596691749375,
0,296657,86596703496120,86596703496120,-333530790,86596705287583,86596705920375,86596712655083,86596712688416,86596736829452,86596705281666,16666666,86596712698958,86596712785458,86596712820916,86596713612583,86596721318958,1625,154375,86596721318958,86596714162375,0,86596713612583,
0,296665,86596720162786,86596720162786,-936673468,86596722337125,86596728389583,86596730084625,86596730113833,86596753496118,86596722330291,16666666,86596730992208,86596731207375,86596731320916,86596732718041,86596739020333,3583,384583,86596739020333,86596733448416,0,86596732718041,
0,296673,86596736829452,86596736829452,-294760921,86596738738750,86596739474250,86596739813708,86596739847458,86596770162784,86596738732958,16666666,86596740574458,86596740613958,86596740647583,86596746433500,86596754009166,2000,156333,86596754009166,86596746907000,0,86596746433500,
0,296681,86596753496118,86596753496118,-227006509,86596754481541,86596755223208,86596755957791,86596755999875,86596786829450,86596754474541,16666666,86596760234250,86596760765958,86596760806666,86596763364375,86596771111708,1542,96625,86596771111708,86596763745125,0,86596763364375,
0,296689,86596770162784,86596770162784,-86955841,86596771917666,86596772648041,86596773205041,86596773228541,86596803496116,86596771912041,16666666,86596773235833,86596776516000,86596776569208,86596778604000,86596787587625,1834,139917,86596787587625,86596779088333,0,86596778604000,
0,296697,86596786829450,86596786829450,-992091755,86596788781625,86596789654000,86596789912000,86596789936166,86596820162782,86596788771500,16666666,86596791474083,86596794376666,86596794450833,86596797623458,86596804472250,1750,123792,86596804472250,86596798054791,0,86596797623458,
0,296705,86596803496116,86596803496116,-437330928,86596804142958,86596804818833,86596806060375,86596806089375,86596836829448,86596804136750,16666666,86596807767041,86596807869166,86596807903416,86596815300000,86596822174000,2167,680625,86596822174000,86596816323583,0,86596815300000,
0,296713,86596820162782,86596820162782,-397189827,86596821595875,86596822608166,86596823804916,86596823835000,86596853496114,86596821590500,16666666,86596823936625,86596824563500,86596824585416,86596831123375,86596837988125,1541,241000,86596837988125,86596831662583,0,86596831123375,
0,296721,86596836829448,86596836829448,-334555401,86596837904250,86596838318125,86596838882166,86596838904000,86596870162780,86596837899000,16666666,86596838910791,86596838919875,86596839141125,86596846484708,86596854982625,1666,166750,86596854982625,86596847202500,0,86596846484708,
0,296729,86596853496114,86596853496114,-124134543,86596854367625,86596854829583,86596855802458,86596856348000,86596886829446,86596854362500,16666666,86596856587833,86596859051000,86596859137875,86596863701208,86596872212708,2458,144500,86596872212708,86596864486541,0,86596863701208,
0,296737,86596870162780,86596870162780,-370454760,86596871161125,86596871591833,86596872575791,86596872607500,86596903496112,86596871155541,16666666,86596872933041,86596873032291,86596873090125,86596875694458,86596897251916,1917,176334,86596897251916,86596887778541,0,86596875694458,
0,296744,86596886829446,86596886829446,-911617821,86596887455458,86596888331541,86596888939041,86596888966958,86596920162778,86596887450083,16666666,86596889065708,86596889153291,86596889191708,86596896874125,86596914710375,8172083,135209,86596914710375,86596905478458,0,86596896874125,
0,296752,86596903496112,86596903496112,-161789452,86596904597750,86596905296291,86596906150166,86596906193375,86596936829444,86596904590416,16666666,86596906205958,86596906834000,86596906885333,86596914359708,86596929963625,11057208,114708,86596929963625,86596925825666,0,86596914359708,
0,296760,86596920162778,86596920162778,-306243083,86596921325208,86596921811208,86596922514833,86596922541291,86596953496110,86596921318458,16666666,86596927646208,86596927890416,86596927991875,86596929541041,86596947367333,16646458,157875,86596947367333,86596946688000,0,86596929541041,
0,296768,86596936829444,86596936829444,-395527141,86596937844291,86596938700583,86596938998750,86596939029291,86596970162776,86596937838458,16666666,86596939861833,86596946744916,86596946786750,86596947068208,86596962944958,8261333,87375,86596962944958,86596959077291,0,86596947068208,
0,296776,86596953496110,86596953496110,-571088681,86596954449500,86596954957791,86596955566458,86596955593041,86596986829442,86596954443125,16666666,86596955694625,86596959157458,86596959193541,86596962549708,86596979134916,13774834,91833,86596979134916,86596976789833,0,86596962549708,
0,296784,86596970162776,86596970162776,-359856241,86596971190583,86596971660333,86596972422916,86596972446291,86597003496108,86596971184375,16666666,86596972452708,86596976841750,86596976877625,86596978751250,86596998469125,12105292,88708,86596998469125,86596991300958,0,86596978751250,
0,296792,86596986829442,86596986829442,-589456693,86596989860291,86596990338166,86596992260041,86596992315666,86597020162774,86596989853708,16666666,86596995098833,86596997086416,86596997147791,86596997815875,86597014134041,8081708,209125,86597014134041,86597006606458,0,86596997815875,
0,296800,86597003496108,86597003496108,-38142696,86597004776916,86597005397916,86597005638875,86597005664750,86597036829440,86597004771291,16666666,86597005930000,86597006629666,86597006662958,86597013202833,86597037193750,9254875,375166,86597037193750,86597023441458,0,86597013202833,
0,296816,86597036829440,86597036829440,0,86597037671708,86597037672875,86597039369791,86597039452291,86597070162772,86597037665541,16666666,86597039595125,86597039693750,86597039736416,86597051539625,86597060854833,1542,113208,86597060854833,86597051912708,0,86597051539625,
0,296824,86597053496106,86597053496106,0,86597054990541,86597054991250,86597055866416,86597055902500,86597086829438,86597054985208,16666666,86597055908958,86597056062000,86597056099208,86597060676833,86597086320166,954458,116167,86597086320166,86597062736333,0,86597060676833,
0,296832,86597070162772,86597070162772,0,86597080175125,86597080176166,86597081315708,86597081473000,86597103496104,86597080169625,16666666,86597082136208,86597082463750,86597082503875,86597084555750,86597123897916,17564750,115833,86597123897916,86597103941666,0,86597084555750,
0,296840,86597086829438,86597086829438,0,86597090430333,86597090431458,86597093713416,86597093762875,86597153496102,86597090423916,16666666,86597094048875,86597113474916,86597113515583,86597123120666,86597149301375,16283041,108542,86597149301375,86597140258125,0,86597123120666,
0,296848,86597103496104,86597120162770,-111660306,86597127589916,86597127591416,86597129822041,86597129887541,86597170162768,86597127583208,16666666,86597130271833,86597140345375,86597140393666,86597148836500,86597170968583,11426417,98042,86597170968583,86597160799791,0,86597148836500,
0,296857,86597136829436,86597136829436,-203340099,86597140949291,86597141502083,86597143217291,86597143249416,86597203496100,86597140945916,16666666,86597143478166,86597160863250,86597160907166,86597169662958,86597190098875,18797208,123625,86597190098875,86597189855250,0,86597169662958,
0,296865,86597153496102,86597153496102,-456654242,86597161378000,86597164833416,86597165603500,86597165717833,86597220162766,86597161374291,16666666,86597165843000,86597189927500,86597189985041,86597190450416,86597215677500,638333,75333,86597215677500,86597195246083,0,86597190450416,
0,296873,86597170162768,86597186829434,-865595171,86597192361250,86597192616708,86597194830916,86597194876166,86597236829432,86597192356875,16666666,86597195195125,86597195276291,86597195298416,86597215237083,86597234755000,7650208,169083,86597234755000,86597223390875,0,86597215237083,
0,296882,86597203496100,86597203496100,-179257291,86597205327458,86597206383458,86597207680083,86597207712416,86597253496098,86597205321875,16666666,86597207927375,86597223460583,86597223501875,86597233954708,86597254009875,9459917,415416,86597254009875,86597244274625,0,86597233954708,
0,296890,86597220162766,86597220162766,-65437389,86597223734875,86597230852250,86597233982083,86597234054000,86597286829430,86597223731125,16666666,86597234852041,86597244329250,86597244353333,86597253111125,86597279127333,18169958,595917,86597279127333,86597272645083,0,86597253111125,
0,296906,86597253496098,86597253496098,-311318598,86597254389875,86597268797583,86597269463792,86597269518292,86597303496096,86597254382916,16666666,86597270828792,86597272687875,86597272706542,86597278657000,86597301959792,9900917,201959,86597301959792,86597289079125,0,86597278657000,
0,296922,86597286829430,86597286829430,-692158600,86597289322458,86597289711208,86597290479500,86597290503417,86597320162762,86597289319625,16666666,86597290712417,86597290911917,86597290941250,86597300390208,86597319088417,9103292,494417,86597319088417,86597311127542,0,86597300390208,
0,296930,86597303496096,86597303496096,-733295760,86597304850250,86597308692417,86597309446792,86597309478958,86597336829428,86597304845333,16666666,86597309573208,86597311166458,86597311232458,86597318735375,86597335952750,7872542,105583,86597335952750,86597327030750,0,86597318735375,
0,296938,86597320162762,86597320162762,-321570749,86597321660917,86597322114458,86597322382292,86597322405500,86597353496094,86597321655792,16666666,86597323021208,86597327085792,86597327126458,86597335593917,86597351834542,12148458,118709,86597351834542,86597348160500,0,86597335593917,
0,296946,86597336829428,86597336829428,-748762085,86597338617875,86597339079708,86597341058500,86597341120833,86597370162760,86597338612083,16666666,86597341440625,86597348220875,86597348261125,86597351498458,86597375235500,10100333,111375,86597375235500,86597361982083,0,86597351498458,
0,296954,86597353496094,86597353496094,-68752751,86597355362333,86597359817167,86597360966917,86597361013625,86597403496092,86597355356333,16666666,86597361157958,86597362006583,86597362046250,86597372924083,86597405869083,16246209,112666,86597405869083,86597391547583,0,86597372924083,
0,296962,86597370162760,86597370162760,-992418656,86597373240417,86597373660375,86597374946208,86597374993167,86597436829424,86597373234542,16666666,86597379442167,86597391620875,86597391674625,86597403643125,86597428298625,11833834,97375,86597428298625,86597417757500,0,86597403643125,
0,296970,86597386829426,86597386829426,-74019497,86597394285458,86597395027458,86597403785708,86597403824958,86597453496090,86597394281417,16666666,86597404147583,86597417829583,86597417870708,86597427909000,86597452734417,12269667,109541,86597452734417,86597440628208,0,86597427909000,
0,296978,86597403496092,86597420162758,-19440815,86597423604667,86597423959000,86597424229167,86597424250625,86597470162756,86597423600875,16666666,86597424463583,86597440691958,86597440734708,86597452168458,86597475334750,20385500,124041,86597475334750,86597473176833,0,86597452168458,
0,296987,86597436829424,86597436829424,-271968200,86597448880875,86597449474292,86597450058875,86597450089083,86597503496088,86597448877250,16666666,86597450188792,86597473240417,86597473289125,86597474912417,86597498227667,13405209,110500,86597498227667,86597488902917,0,86597474912417,
0,296995,86597453496090,86597470162756,-9745294,86597475617833,86597476790917,86597477688167,86597477728875,86597520162754,86597475612208,16666666,86597478099458,86597488965458,86597489006625,86597497771250,86597518528000,17295584,89125,86597518528000,86597515595333,0,86597497771250,
0,297012,86597503496088,86597503496088,-387107271,86597507891917,86597507893000,86597509624208,86597514952208,86597536829420,86597507885958,16666666,86597515641583,86597516137333,86597516185167,86597518163417,86597537220625,12922083,122542,86597537220625,86597531530250,0,86597518163417,
0,297020,86597520162754,86597520162754,0,86597521925333,86597521926917,86597523016583,86597523062042,86597570162752,86597521917458,16666666,86597523189500,86597531598625,86597535434833,86597536728167,86597554745333,13565334,118250,86597554745333,86597550904083,0,86597536728167,
0,297028,86597536829420,86597536829420,0,86597538186000,86597538186542,86597538889083,86597538924167,86597586829418,86597538181125,16666666,86597539156208,86597551012333,86597551090792,86597554761500,86597574186208,1195000,87834,86597574186208,86597557200833,0,86597554761500,
0,297036,86597553496086,86597553496086,0,86597554686500,86597554687500,86597555174333,86597555215667,86597603496084,86597554681500,16666666,86597555445083,86597557269583,86597557341792,86597565021958,86597598177292,15288583,154833,86597598177292,86597589537167,0,86597565021958,
0,297044,86597570162752,86597570162752,0,86597572216000,86597572217000,86597573279417,86597573320833,86597620162750,86597572210958,16666666,86597573564458,86597589610250,86597589650250,86597597747000,86597621535083,20995500,134250,86597621535083,86597619298792,0,86597597747000,
0,297052,86597586829418,86597586829418,0,86597590091500,86597590091958,86597590928167,86597590959792,86597653496082,86597590087958,16666666,86597591048250,86597619523917,86597619636917,86597622027583,86597642633583,3593542,231208,86597642633583,86597626830875,0,86597622027583,
0,297060,86597603496084,86597620162750,0,86597623545583,86597623546417,86597623905625,86597623933792,86597670162748,86597623540208,16666666,86597624930583,86597626886750,86597626945833,86597633457417,86597662747042,9671750,166958,86597662747042,86597652354917,0,86597633457417,
0,297069,86597636829416,86597636829416,0,86597643015208,86597643016167,86597643820583,86597643857083,86597686829414,86597643009917,16666666,86597644343708,86597652422667,86597652461875,86597662403375,86597685706583,17443833,104959,86597685706583,86597680250083,0,86597662403375,
0,297077,86597653496082,86597653496082,0,86597658751958,86597658753042,86597659976667,86597660130917,86597703496080,86597658746042,16666666,86597660336375,86597680315833,86597680338458,86597685363417,86597705044417,17521541,96625,86597705044417,86597703361750,0,86597685363417,
0,297085,86597670162748,86597670162748,0,86597684480333,86597684480750,86597684980792,86597685012292,86597736829412,86597684476583,16666666,86597685211208,86597703492458,86597703547958,86597705122458,86597723924833,340417,490916,86597723924833,86597706511250,0,86597705122458,
0,297093,86597686829414,86597703496080,0,86597704448250,86597704448458,86597705436417,86597705468833,86597753496078,86597704444042,16666666,86597705560000,86597706532708,86597706565042,86597723427208,86597746168792,14675292,195500,86597746168792,86597738705583,0,86597723427208,
0,297102,86597720162746,86597720162746,0,86597722404083,86597722404833,86597722942375,86597722976125,86597770162744,86597722398708,16666666,86597723202167,86597738792375,86597738866000,86597745737750,86597762180708,9336708,159083,86597762180708,86597755559125,0,86597745737750,
0,297110,86597736829412,86597736829412,0,86597739452083,86597739453083,86597743129583,86597743206750,86597786829410,86597739446167,16666666,86597743551167,86597755622208,86597755661708,86597761736000,86597779665750,9738583,220792,86597779665750,86597771984375,0,86597761736000,
0,297118,86597753496078,86597753496078,0,86597756454000,86597756454333,86597756832833,86597756865917,86597803496076,86597756450250,16666666,86597757103375,86597772297417,86597772338042,86597779024583,86597798047333,9884500,334500,86597798047333,86597789623708,0,86597779024583,
0,297126,86597770162744,86597770162744,0,86597772690583,86597772690875,86597780666500,86597780712417,86597820162742,86597772682750,16666666,86597781034750,86597789696125,86597789751750,86597797595833,86597814989750,8546791,200125,86597814989750,86597806644292,0,86597797595833,
0,297134,86597786829410,86597786829410,0,86597790206083,86597790206542,86597790844875,86597790875583,86597836829408,86597790202333,16666666,86597790881750,86597806706125,86597806744833,86597814506333,86597833806208,9823542,218583,86597833806208,86597824872458,0,86597814506333,
0,297142,86597803496076,86597803496076,0,86597807281875,86597807282250,86597807282792,86597807317250,86597853496074,86597807278542,16666666,86597808345792,86597824934542,86597824975000,86597833395667,86597852307792,7892750,176167,86597852307792,86597841750833,0,86597833395667,
0,297150,86597820162742,86597820162742,0,86597828379250,86597828379500,86597828379875,86597828415917,86597870162740,86597828376125,16666666,86597828718750,86597841815292,86597841870000,86597851768292,86597889337625,26537209,181167,86597889337625,86597878913542,0,86597851768292,
0,297158,86597836829408,86597836829408,0,86597842373500,86597842373708,86597842374125,86597842408333,86597920162738,86597842369833,16666666,86597842657958,86597878988333,86597879033500,86597889979625,86597926167500,24851500,215500,86597926167500,86597915902542,0,86597889979625,
0,297166,86597853496074,86597870162740,0,86597882380667,86597882381042,86597882381458,86597882425458,86597953496070,86597882377042,16666666,86597882809125,86597915979417,86597916754917,86597925629708,86597960237167,25265083,169125,86597960237167,86597951501250,0,86597925629708,
0,297176,86597903496072,86597903496072,0,86597917753542,86597917754417,86597917755083,86597917827875,86597986829402,86597917746292,16666666,86597918253458,86597951580625,86597951632125,86597959666958,86598001537209,28030209,347000,86598001537209,86597988367584,0,86597959666958,
0,297184,86597920162738,86597936829404,0,86597953434708,86597953436000,86597953436750,86597954672708,86597936829404,86597953424042,16666666,86597955286167,86597988436500,86597988475500,86598001156959,86594142825623,23305375,127875,86594142825623,86598024938875,0,86598001156959,
---PROFILEDATA---


View hierarchy:

  dev.polski.grammarmatrix/dev.polski.grammarmatrix.GlassBenchmarkActivity/android.view.ViewRootImpl@9834c4
  7 views, 12.02 kB of render nodes


Total ViewRootImpl   : 1
Total attached Views : 7
Total RenderNode     : 12.02 kB (used) / 36.09 kB (capacity)

