Applications Graphics Acceleration Info:
Uptime: 86529354 Realtime: 86529354

** Graphics info for pid 10158 [dev.polski.grammarmatrix] **

Stats since: 86522897290256ns
Total frames rendered: 276
Janky frames: 90 (32.61%)
Janky frames (legacy): 227 (82.25%)
50th percentile: 36ms
90th percentile: 65ms
95th percentile: 85ms
99th percentile: 150ms
Number Missed Vsync: 26
Number High input latency: 364
Number Slow UI thread: 61
Number Slow bitmap uploads: 1
Number Slow issue draw commands: 90
Number Frame deadline missed: 90
Number Frame deadline missed (legacy): 90
HISTOGRAM: 5ms=0 6ms=0 7ms=0 8ms=0 9ms=0 10ms=0 11ms=0 12ms=0 13ms=2 14ms=1 15ms=2 16ms=4 17ms=9 18ms=6 19ms=7 20ms=3 21ms=2 22ms=2 23ms=5 24ms=2 25ms=3 26ms=3 27ms=6 28ms=9 29ms=10 30ms=8 31ms=13 32ms=15 34ms=19 36ms=13 38ms=13 40ms=12 42ms=10 44ms=12 46ms=7 48ms=8 53ms=14 57ms=11 61ms=10 65ms=8 69ms=3 73ms=2 77ms=4 81ms=3 85ms=3 89ms=2 93ms=1 97ms=2 101ms=1 105ms=0 109ms=0 113ms=1 117ms=1 121ms=0 125ms=1 129ms=0 133ms=0 150ms=3 200ms=0 250ms=0 300ms=0 350ms=0 400ms=0 450ms=0 500ms=0 550ms=0 600ms=0 650ms=0 700ms=0 750ms=0 800ms=0 850ms=0 900ms=0 950ms=0 1000ms=0 1050ms=0 1100ms=0 1150ms=0 1200ms=0 1250ms=0 1300ms=0 1350ms=0 1400ms=0 1450ms=0 1500ms=0 1550ms=0 1600ms=0 1650ms=0 1700ms=0 1750ms=0 1800ms=0 1850ms=0 1900ms=0 1950ms=0 2000ms=0 2050ms=0 2100ms=0 2150ms=0 2200ms=0 2250ms=0 2300ms=0 2350ms=0 2400ms=0 2450ms=0 2500ms=0 2550ms=0 2600ms=0 2650ms=0 2700ms=0 2750ms=0 2800ms=0 2850ms=0 2900ms=0 2950ms=0 3000ms=0 3050ms=0 3100ms=0 3150ms=0 3200ms=0 3250ms=0 3300ms=0 3350ms=0 3400ms=0 3450ms=0 3500ms=0 3550ms=0 3600ms=0 3650ms=0 3700ms=0 3750ms=0 3800ms=0 3850ms=0 3900ms=0 3950ms=0 4000ms=0 4050ms=0 4100ms=0 4150ms=0 4200ms=0 4250ms=0 4300ms=0 4350ms=0 4400ms=0 4450ms=0 4500ms=0 4550ms=0 4600ms=0 4650ms=0 4700ms=0 4750ms=0 4800ms=0 4850ms=0 4900ms=0 4950ms=0
50th gpu percentile: 20ms
90th gpu percentile: 4950ms
95th gpu percentile: 4950ms
99th gpu percentile: 4950ms
GPU HISTOGRAM: 1ms=3 2ms=0 3ms=0 4ms=1 5ms=0 6ms=0 7ms=3 8ms=12 9ms=11 10ms=6 11ms=6 12ms=1 13ms=2 14ms=1 15ms=5 16ms=6 17ms=11 18ms=26 19ms=25 20ms=27 21ms=18 22ms=12 23ms=9 24ms=15 25ms=11 4950ms=65

Pipeline=Skia (OpenGL)
Memory policy:
  Max surface area: 2592000
  Max resource usage: 124.42MB (x48)
  Background retention: 50% (altUiHidden = true)
  GPU Context timeout: 10
Contexts: 1 (stopped = 0)
CPU Caches:
  Glyph Cache: 33.70 KB (1 entry)
  Glyph Count: 11 
Total CPU memory usage:
  34510 bytes, 33.70 KB (0.00 bytes is purgeable)
GPU Caches:
  Other:
    Other: 49.27 KB (1 entry)
    Buffer Object: 36.00 KB (1 entry)
  Scratch:
    RenderTarget: 11.88 MB (1 entry)
    Buffer Object: 110.00 KB (3 entries)
    Texture: 2.00 MB (1 entry)
Total GPU memory usage:
  14748944 bytes, 14.07 MB (11.94 MB is purgeable)

GraphicBufferAllocator buffers:
        Handle |        Size |     W (Stride) x H | Layers |   Format |      Usage | Requestor
0xb400007c0ba81d80 |     unknown | 1080 (   0) x 2400 |      1 |        1 | 0x     b00 | VRI[GlassBenchmarkActivity]#0(BLAST Consumer)0
0xb400007c0ba82e60 |     unknown | 1080 (   0) x 2400 |      1 |        1 | 0x     b00 | VRI[GlassBenchmarkActivity]#0(BLAST Consumer)0
0xb400007c0ba83b50 |     unknown | 1080 (   0) x 2400 |      1 |        1 | 0x     b00 | VRI[GlassBenchmarkActivity]#0(BLAST Consumer)0
Total allocated by GraphicBufferAllocator (estimate): 0.00 KB
GoldfishAllocator::dumpDebugInfo is not implemented
Profile data in ms:

	dev.polski.grammarmatrix/dev.polski.grammarmatrix.GlassBenchmarkActivity/android.view.ViewRootImpl@1cbf93f (visibility=0)
Window: dev.polski.grammarmatrix/dev.polski.grammarmatrix.GlassBenchmarkActivity
Stats since: 86522897289881ns
Total frames rendered: 276
Janky frames: 90 (32.61%)
Janky frames (legacy): 227 (82.25%)
50th percentile: 36ms
90th percentile: 65ms
95th percentile: 85ms
99th percentile: 150ms
Number Missed Vsync: 26
Number High input latency: 364
Number Slow UI thread: 61
Number Slow bitmap uploads: 1
Number Slow issue draw commands: 90
Number Frame deadline missed: 90
Number Frame deadline missed (legacy): 90
HISTOGRAM: 5ms=0 6ms=0 7ms=0 8ms=0 9ms=0 10ms=0 11ms=0 12ms=0 13ms=2 14ms=1 15ms=2 16ms=4 17ms=9 18ms=6 19ms=7 20ms=3 21ms=2 22ms=2 23ms=5 24ms=2 25ms=3 26ms=3 27ms=6 28ms=9 29ms=10 30ms=8 31ms=13 32ms=15 34ms=19 36ms=13 38ms=13 40ms=12 42ms=10 44ms=12 46ms=7 48ms=8 53ms=14 57ms=11 61ms=10 65ms=8 69ms=3 73ms=2 77ms=4 81ms=3 85ms=3 89ms=2 93ms=1 97ms=2 101ms=1 105ms=0 109ms=0 113ms=1 117ms=1 121ms=0 125ms=1 129ms=0 133ms=0 150ms=3 200ms=0 250ms=0 300ms=0 350ms=0 400ms=0 450ms=0 500ms=0 550ms=0 600ms=0 650ms=0 700ms=0 750ms=0 800ms=0 850ms=0 900ms=0 950ms=0 1000ms=0 1050ms=0 1100ms=0 1150ms=0 1200ms=0 1250ms=0 1300ms=0 1350ms=0 1400ms=0 1450ms=0 1500ms=0 1550ms=0 1600ms=0 1650ms=0 1700ms=0 1750ms=0 1800ms=0 1850ms=0 1900ms=0 1950ms=0 2000ms=0 2050ms=0 2100ms=0 2150ms=0 2200ms=0 2250ms=0 2300ms=0 2350ms=0 2400ms=0 2450ms=0 2500ms=0 2550ms=0 2600ms=0 2650ms=0 2700ms=0 2750ms=0 2800ms=0 2850ms=0 2900ms=0 2950ms=0 3000ms=0 3050ms=0 3100ms=0 3150ms=0 3200ms=0 3250ms=0 3300ms=0 3350ms=0 3400ms=0 3450ms=0 3500ms=0 3550ms=0 3600ms=0 3650ms=0 3700ms=0 3750ms=0 3800ms=0 3850ms=0 3900ms=0 3950ms=0 4000ms=0 4050ms=0 4100ms=0 4150ms=0 4200ms=0 4250ms=0 4300ms=0 4350ms=0 4400ms=0 4450ms=0 4500ms=0 4550ms=0 4600ms=0 4650ms=0 4700ms=0 4750ms=0 4800ms=0 4850ms=0 4900ms=0 4950ms=0
50th gpu percentile: 20ms
90th gpu percentile: 4950ms
95th gpu percentile: 4950ms
99th gpu percentile: 4950ms
GPU HISTOGRAM: 1ms=3 2ms=0 3ms=0 4ms=1 5ms=0 6ms=0 7ms=3 8ms=12 9ms=11 10ms=6 11ms=6 12ms=1 13ms=2 14ms=1 15ms=5 16ms=6 17ms=11 18ms=26 19ms=25 20ms=27 21ms=18 22ms=12 23ms=9 24ms=15 25ms=11 4950ms=65



---PROFILEDATA---
Flags,FrameTimelineVsyncId,IntendedVsync,Vsync,InputEventId,HandleInputStart,AnimationStart,PerformTraversalsStart,DrawStart,FrameDeadline,FrameInterval,FrameStartTime,SyncQueued,SyncStart,IssueDrawCommandsStart,SwapBuffers,FrameCompleted,DequeueBufferDuration,QueueBufferDuration,GpuCompleted,SwapBuffersCompleted,DisplayPresentTime,CommandSubmissionCompleted,
0,275502,86526303498936,86526320165602,-637803934,86526328795508,86526334478466,86526338195508,86526338232716,86526386832266,86526328789466,16666666,86526338818799,86526356230799,86526356294466,86526365290758,86526402757674,18679917,115500,86526402757674,86526385439966,0,86526365290758,
0,275511,86526353498934,86526353498934,-552099588,86526365395174,86526365409841,86526367911008,86526367948174,86526420165598,86526365389549,16666666,86526368849674,86526385503133,86526385542508,86526402111799,86526431842799,24302875,371375,86526431842799,86526427280716,0,86526402111799,
0,275519,86526370165600,86526386832266,0,86526386924716,86526386925174,86526398123341,86526398164341,86526453498930,86526386920549,16666666,86526399250216,86526427357466,86526427412424,86526431325883,86526454898633,9415000,88541,86526454898633,86526441304966,0,86526431325883,
0,275528,86526403498932,86526420165598,0,86526430333966,86526430334216,86526432316091,86526432476424,86526486832262,86526430330258,16666666,86526432751591,86526441477716,86526441527341,86526454609674,86526479149508,1458,105291,86526479149508,86526456190841,0,86526454609674,
0,275537,86526436832264,86526436832264,0,86526443350466,86526443350966,86526451893799,86526451949133,86526503498928,86526443346299,16666666,86526453185049,86526456247716,86526456400258,86526478585716,86526502019924,14887416,110167,86526502019924,86526494108383,0,86526478585716,
0,275545,86526453498930,86526453498930,0,86526458758758,86526458759049,86526459526466,86526459558549,86526520165594,86526458755049,16666666,86526459565091,86526494179633,86526494460091,86526500919549,86526529466216,16412625,101917,86526529466216,86526518547258,0,86526500919549,
0,275553,86526470165596,86526503498928,-878562778,86526509065383,86526509066591,86526526030258,86526526110966,86526553498926,86526509059508,16666666,86526526370716,86526526484758,86526526516716,86526528728674,86526554279633,13101750,91167,86526554279633,86526542616299,0,86526528728674,
0,275571,86526536832260,86526536832260,-577035407,86526544177466,86526544582466,86526546089924,86526546117174,86526586832258,86526544172383,16666666,86526546334799,86526546518216,86526546580174,86526555610716,86526576028466,2416,293083,86526576028466,86526566180133,0,86526555610716,
0,275579,86526553498926,86526553498926,-302175748,86526555237591,86526555975091,86526561887841,86526561941549,86526603498924,86526555231049,16666666,86526562102091,86526566251549,86526566319216,86526576544258,86526594864299,7245083,161250,86526594864299,86526584537008,0,86526576544258,
0,275587,86526570165592,86526570165592,-699489667,86526573563258,86526580926591,86526581708508,86526581928841,86526620165590,86526573556466,16666666,86526582740424,86526584599466,86526584659591,86526594363758,86526614086716,11118083,81541,86526614086716,86526606032966,0,86526594363758,
0,275595,86526586832258,86526586832258,-923015050,86526594649508,86526595816383,86526597138383,86526597202174,86526636832256,86526594644216,16666666,86526598270299,86526606093216,86526606133216,86526613770883,86526636375133,12328291,95708,86526636375133,86526626539216,0,86526613770883,
0,275603,86526603498924,86526603498924,-95729936,86526606342591,86526606723674,86526607273883,86526607295466,86526653498922,86526606339383,16666666,86526607382299,86526626610258,86526626658008,86526635830591,86526656781049,11854000,108958,86526656781049,86526648284508,0,86526635830591,
0,275611,86526620165590,86526620165590,-643380020,86526627391591,86526627953883,86526628417758,86526628457424,86526686832254,86526627386133,16666666,86526628755216,86526648356591,86526648400841,86526656647549,86526676763300,618458,75250,86526676763300,86526658632508,0,86526656647549,
0,275619,86526636832256,86526636832256,-437233735,86526648602674,86526649001258,86526649248716,86526649274216,86526703498920,86526648599299,16666666,86526649494216,86526658720299,86526658787383,86526676422633,86526704695341,14179792,108791,86526704695341,86526691005216,0,86526676422633,
0,275635,86526670165588,86526686832254,-330101177,86526698205841,86526699560925,86526702669175,86526702721925,86526736832252,86526698199050,16666666,86526704518300,86526704719425,86526704767050,86526705102966,86526723651841,2897083,91042,86526723651841,86526708605925,0,86526705102966,
0,275652,86526720165586,86526720165586,-1039617606,86526722416008,86526722879883,86526723530591,86526723556008,86526753498918,86526722410300,16666666,86526723661758,86526723681383,86526723741966,86526725064508,86526739543216,1916,170417,86526739543216,86526732684883,0,86526725064508,
0,275660,86526736832252,86526736832252,-542304805,86526739803550,86526740593758,86526741471883,86526741507050,86526770165584,86526739786883,16666666,86526745151675,86526745753258,86526745791675,86526748720966,86526757119591,2208,506291,86526757119591,86526749550716,0,86526748720966,
0,275668,86526753498918,86526753498918,-665893659,86526756225925,86526756888633,86526758060716,86526758104925,86526786832250,86526756219925,16666666,86526758247383,86526758263300,86526758361091,86526766375133,86526774411758,1833,143167,86526774411758,86526766826091,0,86526766375133,
0,275676,86526770165584,86526770165584,-882452694,86526772532008,86526773410633,86526773714716,86526773755925,86526803498916,86526772525341,16666666,86526774162841,86526774196466,86526774220091,86526774701883,86526789055550,4745959,159416,86526789055550,86526780161133,0,86526774701883,
0,275684,86526786832250,86526786832250,-377776,86526788825675,86526789422966,86526790613800,86526790669591,86526820165582,86526788818883,16666666,86526791024383,86526794861883,86526794903675,86526799336050,86526807915591,4000,651375,86526807915591,86526800710800,0,86526799336050,
0,275692,86526803498916,86526803498916,-181952516,86526806102800,86526806548091,86526807401508,86526807432466,86526836832248,86526806097091,16666666,86526807546633,86526807908341,86526807935300,86526808468758,86526825662216,683583,269625,86526825662216,86526809731925,0,86526808468758,
0,275700,86526820165582,86526820165582,-571898701,86526822182966,86526822606050,86526822888425,86526822914758,86526853498914,86526822177383,16666666,86526823185050,86526823223966,86526823256383,86526825060300,86526849767050,15300542,146000,86526849767050,86526841038883,0,86526825060300,
0,275708,86526836832248,86526836832248,-1058720454,86526837713425,86526838148383,86526838421175,86526838447091,86526870165580,86526837707341,16666666,86526838677425,86526841518258,86526842141800,86526849375466,86526867746466,9828875,155084,86526867746466,86526859646633,0,86526849375466,
0,275716,86526853498914,86526853498914,-794587596,86526856493133,86526857054466,86526857839841,86526857869591,86526886832246,86526856485300,16666666,86526858543925,86526859676591,86526859695591,86526866791425,86526887359258,11216208,625125,86526887359258,86526879050758,0,86526866791425,
0,275732,86526886832246,86526886832246,-604583988,86526887790508,86526887791883,86526888532383,86526888569716,86526920165578,86526887784091,16666666,86526888800091,86526889215216,86526889260675,86526897965716,86526907402341,2208,181042,86526907402341,86526899583883,0,86526897965716,
0,275740,86526903498912,86526903498912,0,86526904568841,86526904569966,86526906171591,86526906205508,86526936832244,86526904563133,16666666,86526906308175,86526906434216,86526906471966,86526907796050,86526927319966,6844333,272459,86526927319966,86526915440591,0,86526907796050,
0,275748,86526920165578,86526920165578,0,86526920963591,86526920964883,86526921513758,86526921548591,86526953498910,86526920957216,16666666,86526921771716,86526924667091,86526924734425,86526926561925,86526939169008,11628375,535541,86526927488216,86526939169008,0,86526926561925,
0,275756,86526936832244,86526936832244,0,86526937638341,86526937639258,86526939402300,86526939436508,86526970165576,86526937633258,16666666,86526939442841,86526942660008,86526942721966,86526948429716,86526967083091,9049042,108042,86526967083091,86526957898008,0,86526948429716,
0,275764,86526953498910,86526953498910,0,86526954732966,86526954734633,86526954735258,86526954804216,86526986832242,86526954726300,16666666,86526955344216,86526957982466,86526958059633,86526966529841,86527004595591,29008541,182375,86527004595591,86526996150341,0,86526966529841,
0,275772,86526970165576,86526970165576,0,86526972254300,86526972255300,86526972255675,86526972315050,86527036832240,86526972248508,16666666,86526973367425,86526996212300,86526999967550,86527004290091,86527046049300,37451125,102792,86527046049300,86527042320591,0,86527004290091,
0,275780,86526986832242,86526986832242,0,86527000410925,86527000411216,86527000411591,86527000450716,86527070165572,86527000406883,16666666,86527001082883,86527042413466,86527042497050,86527044893508,86527072662175,19546167,152125,86527072662175,86527065648508,0,86527044893508,
0,275788,86527003498908,86527036832240,-507300921,86527047212800,86527047335008,86527047335300,86527047393341,86527103498904,86527047207466,16666666,86527047698091,86527065714383,86527065754508,86527072421425,86527179855466,96265792,198417,86527179855466,86527169301091,0,86527072421425,
0,275797,86527053498906,86527053498906,-653022196,86527066916883,86527067224341,86527067339258,86527067357841,86527203498900,86527066913550,16666666,86527067515716,86527169402341,86527169436300,86527178478550,86527249006883,62769708,491167,86527249006883,86527242820550,0,86527178478550,
0,275805,86527070165572,86527170165568,-43754183,86527178443841,86527179057550,86527179336758,86527179375133,86527270165564,86527175783216,16666666,86527179684758,86527242925383,86527243018383,86527248199758,86527315882425,61032000,309167,86527315882425,86527310130758,0,86527248199758,
0,275823,86527203498900,86527236832232,-558749717,86527243547800,86527244618050,86527245220925,86527245267841,86527336832228,86527243539216,16666666,86527245526966,86527310204216,86527310353383,86527312998175,86527386352675,49627417,1968667,86527386352675,86527365671133,0,86527312998175,
0,275831,86527253498898,86527303498896,-362933427,86527310957591,86527311333966,86527334023300,86527334066800,86527403498892,86527310953883,16666666,86527334504300,86527365755258,86527365816383,86527385762092,86527423805800,23213000,273041,86527423805800,86527409639092,0,86527385762092,
0,275841,86527320165562,86527353498894,-491122533,86527366248717,86527367519883,86527378407508,86527378449050,86527453498890,86527366239467,16666666,86527378718258,86527409737383,86527409810467,86527423397092,86527476240425,2750,596250,86527476240425,86527428421383,0,86527423397092,
0,275861,86527436832224,86527436832224,-661899100,86527444167258,86527444168967,86527444169550,86527444281092,86527503498888,86527444160758,16666666,86527444595092,86527444785800,86527444827008,86527475642175,86527501758383,25449042,286541,86527476250800,86527501758383,0,86527475642175,
0,275887,86527570165552,86527570165552,-95926910,86527571183217,86527571926008,86527574356925,86527574394508,86527586832218,86527571177050,16666666,86527574404883,86527574500592,86527574540467,86527575140008,86527589563467,4459,1585209,86527589563467,86527577166800,0,86527575140008,
0,275895,86527586832218,86527586832218,-381701269,86527589692383,86527590792800,86527591427883,86527591453633,86527620165550,86527589686842,16666666,86527591546425,86527597554133,86527597615633,86527599276300,86527609622842,1750,99667,86527609622842,86527599655925,0,86527599276300,
0,275903,86527603498884,86527603498884,-856473173,86527608680800,86527609207092,86527609537800,86527609565008,86527636832216,86527608675342,16666666,86527610002050,86527610622675,86527610707925,86527619009342,86527626720758,2791,138458,86527626720758,86527619523717,0,86527619009342,
0,275911,86527620165550,86527620165550,-213877975,86527622343050,86527622973758,86527626405258,86527626476383,86527653498882,86527622336467,16666666,86527627894425,86527628045133,86527628088425,86527635808008,86527645962258,2208,155625,86527645962258,86527636372092,0,86527635808008,
0,275919,86527636832216,86527636832216,-172775035,86527639196633,86527641726758,86527642867467,86527642903550,86527670165548,86527639190592,16666666,86527643010925,86527643209300,86527643335633,86527645412383,86527657375633,8466000,3073334,86527648840342,86527657375633,0,86527645412383,
0,275927,86527653498882,86527653498882,-718927055,86527654336508,86527655595508,86527659625717,86527659677508,86527686832214,86527654328842,16666666,86527660079675,86527660237008,86527660289425,86527664880092,86527684402508,9839875,169458,86527684402508,86527675303883,0,86527664880092,
0,275935,86527670165548,86527670165548,-610575589,86527673152592,86527674094717,86527674775925,86527674823008,86527703498880,86527673145550,16666666,86527675068425,86527675367883,86527675433383,86527683816383,86527702996217,10129916,147708,86527702996217,86527697342425,0,86527683816383,
0,275943,86527686832214,86527686832214,-404348680,86527688130592,86527688610342,86527689295383,86527689322300,86527720165546,86527688123842,16666666,86527689464800,86527697428175,86527697698383,86527702567467,86527740395633,29170334,152791,86527740395633,86527732236633,0,86527702567467,
0,275951,86527703498880,86527703498880,-904407205,86527708977883,86527709905592,86527710242258,86527710294258,86527770165544,86527708971383,16666666,86527710719883,86527732320092,86527732349842,86527742253967,86527772677258,4447583,134917,86527772677258,86527751727383,0,86527742253967,
0,275959,86527720165546,86527736832212,-837126058,86527739472383,86527739785175,86527740324758,86527740351800,86527803498876,86527739468133,16666666,86527741231300,86527751831050,86527751920592,86527773219925,86527804649967,6800834,186167,86527804649967,86527780611383,0,86527773219925,
0,275975,86527753498878,86527770165544,-244625620,86527781804508,86527782239800,86527782367633,86527782388425,86527836832208,86527781800550,16666666,86527782544300,86527782775758,86527782809133,86527805294633,86527840327967,5562458,556000,86527840327967,86527811662425,0,86527805294633,
0,275984,86527786832210,86527786832210,0,86527797846967,86527797904592,86527797904925,86527797952175,86527870165540,86527797841592,16666666,86527798626592,86527811749175,86527811794300,86527836989592,86527867431217,19785417,103791,86527867431217,86527864238842,0,86527836989592,
0,275999,86527803498876,86527803498876,-476581284,86527812358967,86527814199550,86527814528842,86527814573592,86527886832206,86527812354175,16666666,86527815713300,86527864324050,86527864391925,86527866902175,86527894429050,19884500,222917,86527894429050,86527893587925,0,86527866902175,
0,276007,86527820165542,86527853498874,-455940881,86527866436425,86527866823967,86527866997758,86527867037133,86527920165538,86527866432508,16666666,86527867239758,86527893689467,86527893723300,86527894978592,86527922673925,5385625,310167,86527922673925,86527901132550,0,86527894978592,
0,276017,86527870165540,86527886832206,-531914450,86527901634967,86527902101883,86527902288175,86527902313883,86527953498870,86527901629758,16666666,86527902486842,86527905224508,86527905550425,86527923315550,86527955874092,5179292,587500,86527955874092,86527929733842,0,86527923315550,
0,276026,86527903498872,86527903498872,0,86527905931967,86527905941967,86527905942258,86527905984008,86527986832202,86527905928758,16666666,86527906247467,86527929808425,86527929855133,86527956697300,86527986598133,257292,118709,86527986598133,86527957511800,0,86527956697300,
0,276034,86527920165538,86527936832204,-775633,86527940620550,86527940621800,86527940622050,86527940677467,86528003498868,86527940615092,16666666,86527941036717,86527957581383,86527957616467,86527987100425,86528021069800,33367917,126916,86528020461342,86528021069800,0,86527987100425,
0,276042,86527936832204,86527953498870,0,86527957790800,86527957791133,86527958163967,86527958216342,86528053498866,86527957786675,16666666,86527958539967,86528021154592,86528021198592,86528029619425,86528048173092,2125,140500,86528048173092,86528030068008,0,86528029619425,
0,276051,86527970165536,86528020165534,0,86528021639342,86528021639633,86528021639925,86528021679508,86528070165532,86528021635675,16666666,86528028418258,86528030136300,86528030160675,86528049027217,86528074285384,1958,123584,86528074285384,86528059041092,0,86528049027217,
0,276060,86528036832200,86528036832200,0,86528043006967,86528043008675,86528043009258,86528043086383,86528103498864,86528042999217,16666666,86528043674092,86528059123592,86528059183717,86528074892509,86528104267217,1833,94791,86528104267217,86528082363550,0,86528074892509,
0,276067,86528053498866,86528053498866,-631750822,86528068822259,86528068884800,86528068885092,86528070006675,86528136832196,86528068818050,16666666,86528071044550,86528082424009,86528082464550,86528112845009,86528133239175,2041,141208,86528133239175,86528113279050,0,86528112845009,
0,276075,86528070165532,86528070165532,-176041414,86528084787925,86528085642967,86528086078342,86528086129175,86528153498862,86528084777884,16666666,86528086379425,86528113342925,86528113363967,86528134086217,86528160388467,1625,96500,86528160388467,86528141546425,0,86528134086217,
0,276083,86528086832198,86528103498864,-136494161,86528116255259,86528116669842,86528116803550,86528116824134,86528186832194,86528116250759,16666666,86528116980300,86528141609550,86528141646384,86528161109009,86528187609384,2667,178834,86528187609384,86528167856009,0,86528161109009,
0,276091,86528120165530,86528136832196,-321275172,86528142806217,86528143147592,86528143311009,86528143339592,86528220165526,86528142801717,16666666,86528143538009,86528167948217,86528168075675,86528187557592,86528215756259,19479333,76916,86528215756259,86528207726300,0,86528187557592,
0,276099,86528153498862,86528170165528,-140848286,86528171684134,86528173982925,86528174291717,86528174317217,86528236832192,86528171680384,16666666,86528174599759,86528207794967,86528207841467,86528214736592,86528231258592,7116459,706833,86528231258592,86528223303009,0,86528214736592,
0,276107,86528186832194,86528203498860,-279515347,86528208946925,86528209245342,86528209796300,86528209819675,86528253498858,86528208942759,16666666,86528209997675,86528223372634,86528223418175,86528230753384,86528246270592,7872333,212875,86528246270592,86528239187759,0,86528230753384,
0,276116,86528220165526,86528220165526,-1047552173,86528228646342,86528229239342,86528229876675,86528229903509,86528270165524,86528228642925,16666666,86528230000842,86528239262592,86528239306717,86528245588175,86528263688884,9089959,301917,86528263688884,86528255434759,0,86528245588175,
0,276124,86528236832192,86528236832192,-10903554,86528244432217,86528245355092,86528253261092,86528253322884,86528286832190,86528244428300,16666666,86528254176509,86528255478967,86528255520342,86528263314050,86528281030634,10311333,141541,86528281030634,86528274050009,0,86528263314050,
0,276132,86528253498858,86528253498858,-614682034,86528259471259,86528261115300,86528261390050,86528261417842,86528303498856,86528259466217,16666666,86528261645759,86528274115467,86528274154092,86528280631009,86528297348050,9344792,147459,86528297348050,86528293258384,0,86528280631009,
0,276140,86528270165524,86528270165524,-54930538,86528274401509,86528275324009,86528275899800,86528275928425,86528320165522,86528274398592,16666666,86528276075259,86528293338842,86528294094884,86528296964009,86528314459217,8216167,105167,86528314459217,86528305616134,0,86528296964009,
0,276148,86528286832190,86528286832190,-362449696,86528295053884,86528295680967,86528297013717,86528297043842,86528336832188,86528295050384,16666666,86528297051884,86528305685550,86528305788759,86528313834092,86528331042967,7803459,150208,86528331042967,86528322319717,0,86528313834092,
0,276156,86528303498856,86528303498856,-232078677,86528306217009,86528306677967,86528311943634,86528311991925,86528353498854,86528306213134,16666666,86528314577675,86528322378884,86528322416967,86528330442217,86528345853092,7814209,122500,86528345853092,86528338967675,0,86528330442217,
0,276164,86528320165522,86528320165522,-74771334,86528329395092,86528329891384,86528330314675,86528330350717,86528370165520,86528329392134,16666666,86528330620592,86528339060717,86528343652384,86528345433217,86528362917884,10645875,64500,86528362917884,86528356617175,0,86528345433217,
0,276172,86528336832188,86528336832188,-975463417,86528344896967,86528345542384,86528346518675,86528346584800,86528386832186,86528344893092,16666666,86528346844384,86528356725425,86528360482134,86528362444884,86528379765925,9676875,111458,86528379765925,86528372685800,0,86528362444884,
0,276180,86528353498854,86528353498854,-312552923,86528361838217,86528362664925,86528363314509,86528363342259,86528403498852,86528361834800,16666666,86528363349550,86528372768925,86528372814884,86528379298050,86528396836800,14046041,89042,86528396836800,86528393885842,0,86528379298050,
0,276188,86528370165520,86528370165520,-632737362,86528378303550,86528379311592,86528385026217,86528385063884,86528420165518,86528378299092,16666666,86528387663425,86528393954425,86528394006675,86528396462509,86528416428300,10260209,93292,86528416428300,86528407173925,0,86528396462509,
0,276196,86528386832186,86528386832186,-484558569,86528394264259,86528395243217,86528395578217,86528395607759,86528436832184,86528394260634,16666666,86528395838967,86528407267217,86528407327592,86528415713925,86528433018675,9089666,93541,86528433018675,86528425637842,0,86528415713925,
0,276204,86528403498852,86528403498852,-447517100,86528407512884,86528407879092,86528408479842,86528408504592,86528453498850,86528407509925,16666666,86528408593134,86528425714009,86528425773425,86528432529300,86528452924592,14896709,160541,86528452924592,86528448172509,0,86528432529300,
0,276220,86528436832184,86528436832184,-892708531,86528441683300,86528441684175,86528443782884,86528443819300,86528470165516,86528441677509,16666666,86528443918259,86528448316675,86528448346884,86528451571717,86528470415467,8811084,1028708,86528470415467,86528461789592,0,86528451571717,
0,276228,86528453498850,86528453498850,0,86528455224300,86528455225175,86528468447759,86528468500634,86528503498848,86528455219217,16666666,86528468866717,86528468970050,86528469124509,86528470079134,86528487736634,8774459,97583,86528487736634,86528479295425,0,86528470079134,
0,276236,86528470165516,86528470165516,0,86528471469259,86528471471134,86528473088467,86528473144050,86528520165514,86528471462342,16666666,86528473486967,86528479420509,86528479518092,86528488469009,86528505943884,6063542,125000,86528505943884,86528495376675,0,86528488469009,
0,276244,86528486832182,86528486832182,0,86528487709634,86528487710717,86528496220384,86528496284717,86528536832180,86528487703800,16666666,86528496496050,86528496608800,86528496654509,86528506039717,86528522833050,8370083,90542,86528522833050,86528521161592,0,86528506039717,
0,276252,86528503498848,86528503498848,0,86528505790300,86528505791842,86528506931800,86528506971509,86528553498846,86528505784009,16666666,86528507078134,86528521239884,86528521262967,86528522409175,86528543411759,12058750,106292,86528543411759,86528535041050,0,86528522409175,
0,276260,86528520165514,86528520165514,0,86528524264217,86528524264634,86528527196592,86528527256550,86528570165512,86528524260092,16666666,86528527609342,86528535113675,86528535164259,86528543496425,86528558878217,7664208,127292,86528558878217,86528551936925,0,86528543496425,
0,276276,86528553498846,86528553498846,-627744571,86528558795384,86528559421300,86528559792800,86528559815884,86528586832178,86528558792175,16666666,86528560355759,86528563093425,86528563203134,86528567746259,86528574679009,2792,299375,86528574679009,86528568577634,0,86528567746259,
0,276284,86528570165512,86528570165512,-687035357,86528574697092,86528575303175,86528576086009,86528576142675,86528603498844,86528574690675,16666666,86528576546134,86528576827717,86528576933675,86528582716550,86528590352217,2084,253000,86528590352217,86528583288300,0,86528582716550,
0,276292,86528586832178,86528586832178,-334036004,86528590573842,86528591250550,86528596799884,86528596842175,86528620165510,86528590567134,16666666,86528597048675,86528599145634,86528599201509,86528599656467,86528606956300,2459,322792,86528606956300,86528600304717,0,86528599656467,
0,276300,86528603498844,86528603498844,-97605414,86528606931134,86528607929217,86528608949134,86528608979009,86528636832176,86528606923759,16666666,86528609073467,86528613922175,86528613997967,86528615118634,86528623644134,3625,445583,86528623644134,86528615951592,0,86528615118634,
0,276308,86528620165510,86528620165510,-1063815335,86528623521092,86528624704175,86528625515550,86528625572634,86528653498842,86528623515134,16666666,86528625939425,86528630319175,86528630348092,86528632089842,86528639296300,2375,148625,86528639296300,86528632984425,0,86528632089842,
0,276316,86528636832176,86528636832176,-948956668,86528639708217,86528643955592,86528647185467,86528647240842,86528670165508,86528639701634,16666666,86528648621550,86528648780759,86528648820092,86528649105425,86528655637509,1750,196875,86528655637509,86528649629592,0,86528649105425,
0,276324,86528653498842,86528653498842,-693487537,86528655762050,86528656877509,86528663291634,86528663333134,86528686832174,86528655755009,16666666,86528663611467,86528663716967,86528663898634,86528665030384,86528671623842,1792,111834,86528671623842,86528665494259,0,86528665030384,
0,276332,86528670165508,86528670165508,-116396334,86528671765967,86528672534134,86528673145925,86528673170259,86528703498840,86528671760425,16666666,86528678588592,86528678604467,86528678626800,86528679647092,86528687426800,3500,588000,86528687426800,86528680704634,0,86528679647092,
0,276340,86528686832174,86528686832174,-69694825,86528687837300,86528688464759,86528693079842,86528693133175,86528720165506,86528687832092,16666666,86528693423800,86528694202550,86528694265342,86528695673259,86528704476425,1959,332375,86528704476425,86528696321634,0,86528695673259,
0,276348,86528703498840,86528703498840,-1070976597,86528704861550,86528705283342,86528705748842,86528705775717,86528736832172,86528704855884,16666666,86528706236800,86528710275050,86528710364550,86528712451300,86528720856800,1959,184375,86528720856800,86528712985967,0,86528712451300,
0,276356,86528720165506,86528720165506,-994605160,86528721035342,86528721974592,86528726907300,86528726960550,86528753498838,86528721028217,16666666,86528727648842,86528727937592,86528727973467,86528729331634,86528737545717,1666,245208,86528737545717,86528730099550,0,86528729331634,
0,276364,86528736832172,86528736832172,-280519685,86528737809384,86528738374134,86528739645384,86528739693384,86528770165504,86528737804259,16666666,86528739940092,86528740251259,86528740900509,86528746344675,86528754159550,3125,440417,86528754159550,86528747181842,0,86528746344675,
0,276372,86528753498838,86528753498838,-122777769,86528754555550,86528754939634,86528755168050,86528755190925,86528786832170,86528754549425,16666666,86528755642134,86528755838217,86528755904717,86528763429509,86528770596051,1333,149583,86528770596051,86528763910592,0,86528763429509,
0,276380,86528770165504,86528770165504,-27969567,86528771152759,86528772862009,86528778081717,86528778127676,86528803498836,86528771135426,16666666,86528778659884,86528778787217,86528778836217,86528779228384,86528787750967,1459,114875,86528787750967,86528779711176,0,86528779228384,
0,276388,86528786832170,86528786832170,-297941892,86528788356134,86528788742551,86528790072509,86528790098301,86528820165502,86528788350967,16666666,86528790292426,86528790401551,86528790434676,86528797293384,86528805027926,1541,114041,86528805027926,86528797946842,0,86528797293384,
0,276396,86528803498836,86528803498836,-733734922,86528805426676,86528806331301,86528811432176,86528811496217,86528836832168,86528805421092,16666666,86528811686342,86528811805634,86528811851801,86528812849259,86528820751051,2208,212167,86528820751051,86528813383759,0,86528812849259,
0,276404,86528820165502,86528820165502,-846463134,86528821417467,86528821981467,86528828116551,86528828169092,86528853498834,86528821412051,16666666,86528828451342,86528828616217,86528828652801,86528828971467,86528837345217,1666,96958,86528837345217,86528829378384,0,86528828971467,
0,276412,86528836832168,86528836832168,-581913347,86528837881759,86528838558759,86528839201926,86528839235301,86528870165500,86528837876092,16666666,86528839471301,86528843820384,86528843873551,86528845382676,86528854237426,2833,246417,86528854237426,86528846163509,0,86528845382676,
0,276420,86528853498834,86528853498834,-295086738,86528854765176,86528855496134,86528863090842,86528863159259,86528886832166,86528854758301,16666666,86528863705801,86528863880926,86528863954301,86528864447467,86528872803676,1458,109792,86528872803676,86528864843009,0,86528864447467,
0,276428,86528870165500,86528870165500,-863231301,86528873014134,86528873445551,86528881376092,86528881415342,86528903498832,86528873008551,16666666,86528881530134,86528881701759,86528881775509,86528882391634,86528890093717,1667,160375,86528890093717,86528882913426,0,86528882391634,
0,276436,86528886832166,86528886832166,-273048380,86528889914842,86528890543759,86528890796384,86528890821426,86528920165498,86528889909051,16666666,86528891036676,86528891149717,86528891167551,86528899984801,86528910276009,1708,149792,86528910276009,86528900922634,0,86528899984801,
0,276451,86528920165498,86528920165498,0,86528920683217,86528920684384,86528921199551,86528921236384,86528936832164,86528920677301,16666666,86528921811217,86528921990426,86528922024634,86528922340884,86528937430551,3958,350125,86528937430551,86528923002842,0,86528922340884,
0,276459,86528936832164,86528936832164,0,86528937587926,86528937589384,86528938439676,86528938499717,86528970165496,86528937581634,16666666,86528938509092,86528938834551,86528938892801,86528946536884,86528954160717,1709,110333,86528954160717,86528946945176,0,86528946536884,
0,276467,86528953498830,86528953498830,0,86528954522717,86528954523717,86528954524092,86528954574051,86528986832162,86528954517176,16666666,86528955162592,86528955317717,86528955372467,86528962848342,86528985089967,3291,286917,86528985089967,86528963440259,0,86528962848342,
0,276475,86528970165496,86528970165496,0,86528976904426,86528976905342,86528976905801,86528976954217,86529003498828,86528976899176,16666666,86528977383759,86528977536384,86528977620967,86528985484926,86529013864176,5153500,101917,86529013864176,86528991026134,0,86528985484926,
0,276483,86528986832162,86528986832162,0,86528994025967,86528994026634,86528994027009,86528994247676,86529036832160,86528994020676,16666666,86528996547842,86528996742092,86528996803467,86529014370092,86529044662717,26718375,2659834,86529043784176,86529044662717,0,86529014370092,
0,276490,86529003498828,86529003498828,0,86529008215592,86529008217217,86529008217801,86529008274259,86529070165492,86529008209426,16666666,86529008696759,86529044750717,86529044850592,86529052503467,86529073915176,3125,3475167,86529073915176,86529056456967,0,86529052503467,
0,276497,86529020165494,86529036832160,0,86529045433384,86529045433801,86529045434051,86529045474759,86529103498824,86529045429259,16666666,86529045944759,86529056521259,86529056571092,86529074551717,86529105007967,2208,185667,86529105007967,86529084706801,0,86529074551717,
0,276505,86529053498826,86529053498826,0,86529057196509,86529057197051,86529057197301,86529057249259,86529136832156,86529057192467,16666666,86529057671551,86529084803967,86529084861092,86529105652676,86529135307676,1667,134083,86529135307676,86529119058592,0,86529105652676,
0,276513,86529070165492,86529070165492,0,86529085247301,86529085247509,86529085247801,86529085285217,86529153498822,86529085244009,16666666,86529085614676,86529119144092,86529119217926,86529135738259,86529162951592,3666,346333,86529162951592,86529143417384,0,86529135738259,
0,276521,86529086832158,86529103498824,0,86529119594259,86529119594467,86529119594717,86529119640217,86529186832154,86529119590592,16666666,86529119955801,86529143524051,86529143624176,86529170434926,86529189560051,1917,150833,86529189560051,86529170812259,0,86529170434926,
0,276529,86529136832156,86529136832156,0,86529145665217,86529145665467,86529145665717,86529145701967,86529220165486,86529145662051,16666666,86529145972217,86529170883009,86529170928301,86529190220426,86529215240967,1708,152958,86529215240967,86529197244051,0,86529190220426,
0,276537,86529153498822,86529170165488,0,86529171751717,86529171752426,86529171753092,86529171815051,86529236832152,86529171742801,16666666,86529172528384,86529197312676,86529197351676,86529199386717,86529245040801,28020500,1383916,86529216430259,86529245040801,0,86529199386717,
0,276544,86529170165488,86529186832154,0,86529198646342,86529198647134,86529199239967,86529199288009,86529253498818,86529198637592,16666666,86529199529092,86529245107426,86529245134634,86529245922842,86529276751884,23451000,257208,86529276751884,86529273983467,0,86529245922842,
0,276553,86529203498820,86529236832152,0,86529245834551,86529245834926,86529245835217,86529245874384,86529303498816,86529245830217,16666666,86529250129051,86529274101967,86529274459051,86529289502134,86529316530676,2292,180333,86529316530676,86529289987551,0,86529289502134,
0,276562,86529253498818,86529270165484,0,86529275369676,86529275369967,86529275370217,86529275408259,86529336832148,86529275365634,16666666,86529276527801,86529290077009,86529290133801,86529314142009,86529335753259,1508083,19141959,86529334201176,86529335753259,0,86529314142009,
0,276570,86529286832150,86529286832150,0,86529295414051,86529295414676,86529295414967,86529295467426,86529353498814,86529295410092,16666666,86529295805342,86529335822342,86529335866467,86529343376759,86529366623634,20868916,103833,86529366623634,86529364698051,0,86529343376759,
0,276578,86529303498816,86529336832148,0,86529341057176,86529341057676,86529341057926,86529341102426,86529320165482,86529341051342,16666666,86529341289592,86529364754426,86529364777759,86529366272551,86526356155299,10747959,103208,86526344480258,86529377454884,0,86529366272551,
---PROFILEDATA---


View hierarchy:

  dev.polski.grammarmatrix/dev.polski.grammarmatrix.GlassBenchmarkActivity/android.view.ViewRootImpl@1cbf93f
  7 views, 12.02 kB of render nodes


Total ViewRootImpl   : 1
Total attached Views : 7
Total RenderNode     : 12.02 kB (used) / 36.09 kB (capacity)

