Applications Graphics Acceleration Info:
Uptime: 17203050 Realtime: 155209615

** Graphics info for pid 27061 [dev.polski.grammarmatrix.benchmark] **

Stats since: 17200447589107ns
Total frames rendered: 234
Janky frames: 0 (0.00%)
Janky frames (legacy): 0 (0.00%)
50th percentile: 5ms
90th percentile: 5ms
95th percentile: 5ms
99th percentile: 5ms
Number Missed Vsync: 0
Number High input latency: 0
Number Slow UI thread: 0
Number Slow bitmap uploads: 0
Number Slow issue draw commands: 0
Number Frame deadline missed: 0
Number Frame deadline missed (legacy): 0
HISTOGRAM: 5ms=233 6ms=1 7ms=0 8ms=0 9ms=0 10ms=0 11ms=0 12ms=0 13ms=0 14ms=0 15ms=0 16ms=0 17ms=0 18ms=0 19ms=0 20ms=0 21ms=0 22ms=0 23ms=0 24ms=0 25ms=0 26ms=0 27ms=0 28ms=0 29ms=0 30ms=0 31ms=0 32ms=0 34ms=0 36ms=0 38ms=0 40ms=0 42ms=0 44ms=0 46ms=0 48ms=0 53ms=0 57ms=0 61ms=0 65ms=0 69ms=0 73ms=0 77ms=0 81ms=0 85ms=0 89ms=0 93ms=0 97ms=0 101ms=0 105ms=0 109ms=0 113ms=0 117ms=0 121ms=0 125ms=0 129ms=0 133ms=0 150ms=0 200ms=0 250ms=0 300ms=0 350ms=0 400ms=0 450ms=0 500ms=0 550ms=0 600ms=0 650ms=0 700ms=0 750ms=0 800ms=0 850ms=0 900ms=0 950ms=0 1000ms=0 1050ms=0 1100ms=0 1150ms=0 1200ms=0 1250ms=0 1300ms=0 1350ms=0 1400ms=0 1450ms=0 1500ms=0 1550ms=0 1600ms=0 1650ms=0 1700ms=0 1750ms=0 1800ms=0 1850ms=0 1900ms=0 1950ms=0 2000ms=0 2050ms=0 2100ms=0 2150ms=0 2200ms=0 2250ms=0 2300ms=0 2350ms=0 2400ms=0 2450ms=0 2500ms=0 2550ms=0 2600ms=0 2650ms=0 2700ms=0 2750ms=0 2800ms=0 2850ms=0 2900ms=0 2950ms=0 3000ms=0 3050ms=0 3100ms=0 3150ms=0 3200ms=0 3250ms=0 3300ms=0 3350ms=0 3400ms=0 3450ms=0 3500ms=0 3550ms=0 3600ms=0 3650ms=0 3700ms=0 3750ms=0 3800ms=0 3850ms=0 3900ms=0 3950ms=0 4000ms=0 4050ms=0 4100ms=0 4150ms=0 4200ms=0 4250ms=0 4300ms=0 4350ms=0 4400ms=0 4450ms=0 4500ms=0 4550ms=0 4600ms=0 4650ms=0 4700ms=0 4750ms=0 4800ms=0 4850ms=0 4900ms=0 4950ms=0
50th gpu percentile: 2ms
90th gpu percentile: 2ms
95th gpu percentile: 2ms
99th gpu percentile: 3ms
GPU HISTOGRAM: 1ms=0 2ms=225 3ms=9 4ms=0 5ms=0 6ms=0 7ms=0 8ms=0 9ms=0 10ms=0 11ms=0 12ms=0 13ms=0 14ms=0 15ms=0 16ms=0 17ms=0 18ms=0 19ms=0 20ms=0 21ms=0 22ms=0 23ms=0 24ms=0 25ms=0 4950ms=0

Pipeline=Skia (OpenGL)
CPU Caches:
  Glyph Cache: 43.11 KB (1 entry)
  Glyph Count: 8 
Total CPU memory usage:
  44146 bytes, 43.11 KB (0.00 bytes is purgeable)
GPU Caches:
  Other:
    Other: 13.66 KB (1 entry)
    Buffer Object: 36.00 KB (1 entry)
  Scratch:
    Texture: 2.00 MB (1 entry)
    Buffer Object: 48.00 KB (1 entry)
Total GPU memory usage:
  2197152 bytes, 2.10 MB (36.00 KB is purgeable)

Profile data in ms:

	dev.polski.grammarmatrix.benchmark/dev.polski.grammarmatrix.GlassBenchmarkActivity/android.view.ViewRootImpl@86d155f (visibility=0)
Window: dev.polski.grammarmatrix.benchmark/dev.polski.grammarmatrix.GlassBenchmarkActivity
Stats since: 17200447588274ns
Total frames rendered: 234
Janky frames: 0 (0.00%)
Janky frames (legacy): 0 (0.00%)
50th percentile: 5ms
90th percentile: 5ms
95th percentile: 5ms
99th percentile: 5ms
Number Missed Vsync: 0
Number High input latency: 0
Number Slow UI thread: 0
Number Slow bitmap uploads: 0
Number Slow issue draw commands: 0
Number Frame deadline missed: 0
Number Frame deadline missed (legacy): 0
HISTOGRAM: 5ms=233 6ms=1 7ms=0 8ms=0 9ms=0 10ms=0 11ms=0 12ms=0 13ms=0 14ms=0 15ms=0 16ms=0 17ms=0 18ms=0 19ms=0 20ms=0 21ms=0 22ms=0 23ms=0 24ms=0 25ms=0 26ms=0 27ms=0 28ms=0 29ms=0 30ms=0 31ms=0 32ms=0 34ms=0 36ms=0 38ms=0 40ms=0 42ms=0 44ms=0 46ms=0 48ms=0 53ms=0 57ms=0 61ms=0 65ms=0 69ms=0 73ms=0 77ms=0 81ms=0 85ms=0 89ms=0 93ms=0 97ms=0 101ms=0 105ms=0 109ms=0 113ms=0 117ms=0 121ms=0 125ms=0 129ms=0 133ms=0 150ms=0 200ms=0 250ms=0 300ms=0 350ms=0 400ms=0 450ms=0 500ms=0 550ms=0 600ms=0 650ms=0 700ms=0 750ms=0 800ms=0 850ms=0 900ms=0 950ms=0 1000ms=0 1050ms=0 1100ms=0 1150ms=0 1200ms=0 1250ms=0 1300ms=0 1350ms=0 1400ms=0 1450ms=0 1500ms=0 1550ms=0 1600ms=0 1650ms=0 1700ms=0 1750ms=0 1800ms=0 1850ms=0 1900ms=0 1950ms=0 2000ms=0 2050ms=0 2100ms=0 2150ms=0 2200ms=0 2250ms=0 2300ms=0 2350ms=0 2400ms=0 2450ms=0 2500ms=0 2550ms=0 2600ms=0 2650ms=0 2700ms=0 2750ms=0 2800ms=0 2850ms=0 2900ms=0 2950ms=0 3000ms=0 3050ms=0 3100ms=0 3150ms=0 3200ms=0 3250ms=0 3300ms=0 3350ms=0 3400ms=0 3450ms=0 3500ms=0 3550ms=0 3600ms=0 3650ms=0 3700ms=0 3750ms=0 3800ms=0 3850ms=0 3900ms=0 3950ms=0 4000ms=0 4050ms=0 4100ms=0 4150ms=0 4200ms=0 4250ms=0 4300ms=0 4350ms=0 4400ms=0 4450ms=0 4500ms=0 4550ms=0 4600ms=0 4650ms=0 4700ms=0 4750ms=0 4800ms=0 4850ms=0 4900ms=0 4950ms=0
50th gpu percentile: 2ms
90th gpu percentile: 2ms
95th gpu percentile: 2ms
99th gpu percentile: 3ms
GPU HISTOGRAM: 1ms=0 2ms=225 3ms=9 4ms=0 5ms=0 6ms=0 7ms=0 8ms=0 9ms=0 10ms=0 11ms=0 12ms=0 13ms=0 14ms=0 15ms=0 16ms=0 17ms=0 18ms=0 19ms=0 20ms=0 21ms=0 22ms=0 23ms=0 24ms=0 25ms=0 4950ms=0



---PROFILEDATA---
Flags,FrameTimelineVsyncId,IntendedVsync,Vsync,InputEventId,HandleInputStart,AnimationStart,PerformTraversalsStart,DrawStart,FrameDeadline,FrameInterval,FrameStartTime,SyncQueued,SyncStart,IssueDrawCommandsStart,SwapBuffers,FrameCompleted,DequeueBufferDuration,QueueBufferDuration,GpuCompleted,SwapBuffersCompleted,DisplayPresentTime,CommandSubmissionCompleted,
0,710324,17201720764862,17201720764862,0,17201721155692,17201721157307,17201721364546,17201721454859,17201741264862,17201721151578,11143081,17201721911578,17201721981369,17201722154494,17201723532984,17201725298661,21302,367656,17201725298661,17201724579026,17201751764393,17201723532984,
0,710332,17201731905067,17201731905067,0,17201732238298,17201732239600,17201732475798,17201732567933,17201752405067,17201732233298,11142925,17201732592985,17201732652256,17201732766006,17201734139079,17201735889183,21094,429532,17201735889183,17201735250017,17201762907832,17201734139079,
0,710340,17201743044505,17201743044505,0,17201743399757,17201743400747,17201743585590,17201744016215,17201763544505,17201743395538,11142674,17201744755278,17201744807570,17201744934445,17201746435278,17201748190226,28177,401510,17201748190226,17201747540591,17201774045489,17201746435278,
0,710348,17201754185807,17201754185807,0,17201754521060,17201754522206,17201754734550,17201754830383,17201774685807,17201754515852,11142552,17201756002727,17201756072675,17201756210331,17201757750019,17201759538404,24792,382656,17201759538404,17201759013821,17201785243824,17201757750019,
0,710356,17201765328387,17201765328387,0,17201765655853,17201765657415,17201765826165,17201765926374,17201785828387,17201765649655,11142497,17201766681686,17201767144916,17201767220801,17201768205384,17201769909083,17447,296042,17201769909083,17201769065228,17201796344189,17201768205384,
0,710364,17201776473021,17201776473021,0,17201776917208,17201776920177,17201777171323,17201777286687,17201796973021,17201776910385,11142640,17201777979240,17201778551271,17201778629500,17201779585386,17201781276219,17917,293177,17201781276219,17201780377938,17201807473149,17201779585386,
0,710372,17201787615265,17201787615265,0,17201788153095,17201788154501,17201788466793,17201788577418,17201808115265,17201788147470,11142598,17201789264137,17201789839241,17201789919085,17201790916168,17201792590543,17760,345313,17201792590543,17201791783095,17201818631483,17201790916168,
0,710380,17201798771184,17201798771184,0,17201799205075,17201799206794,17201799446221,17201799557471,17201819271184,17201799199919,11143368,17201800240388,17201800821534,17201800897731,17201801981065,17201803636690,18855,276458,17201803636690,17201802768825,17201829758203,17201801981065,
0,710388,17201809915387,17201809915387,0,17201810289764,17201810291951,17201810546222,17201810661639,17201830415387,17201810284191,11143420,17201811380962,17201811927420,17201812018826,17201813032993,17201814704764,17812,280885,17201814704764,17201813835233,17201840896954,17201813032993,
0,710396,17201821055631,17201821055631,0,17201821485286,17201821487317,17201821771744,17201821885963,17201841555631,17201821479609,11143223,17201822670598,17201822729713,17201822870338,17201824476171,17201826199609,25573,364063,17201826199609,17201825558880,17201852051487,17201824476171,
0,710404,17201832201839,17201832201839,0,17201832515183,17201832516589,17201832708151,17201832797735,17201852701839,17201832510287,11143461,17201833430703,17201833474349,17201833599662,17201835108308,17201836887318,18698,340782,17201836887318,17201836098829,17201863197842,17201835108308,
0,710412,17201843343129,17201843343129,0,17201843637319,17201843638257,17201843812319,17201843889923,17201863843129,17201843633882,11143373,17201844398465,17201844468725,17201844566746,17201846033101,17201847860913,18698,383698,17201847860913,17201847105028,17201874326958,17201846033101,
0,710420,17201854483835,17201854483835,0,17201854862581,17201854864456,17201855101747,17201855218726,17201874983835,17201854858726,11143263,17201855809404,17201855865602,17201855991852,17201857599143,17201859431644,24791,442708,17201859431644,17201858733362,17201885477740,17201857599143,
0,710428,17201865625883,17201865625883,0,17201865902842,17201865904092,17201866114665,17201866206019,17201886125883,17201865898832,11143169,17201866810551,17201866857478,17201866978311,17201868452842,17201870229613,21354,343333,17201870229613,17201869480759,17201896616856,17201868452842,
0,710436,17201876769131,17201876769131,0,17201877072895,17201877074666,17201877255239,17201877332531,17201897269131,17201877069458,11143163,17201877822843,17201877884822,17201877995708,17201879388833,17201881131594,22031,347917,17201881131594,17201880351489,17201907756753,17201879388833,
0,710444,17201887910135,17201887910135,0,17201889131803,17201889133053,17201889302636,17201889363261,17201908410135,17201889129199,11143071,17201889695865,17201889739251,17201889858469,17201891357220,17201893231907,20365,374584,17201893231907,17201892512584,17201918901389,17201891357220,
0,710452,17201899054163,17201899054163,0,17201899375137,17201899376283,17201899543002,17201899617637,17201919554163,17201899371335,11143193,17201900106648,17201900180293,17201900294252,17201901758731,17201903551388,22968,354323,17201903551388,17201902770242,17201930046078,17201901758731,
0,710460,17201910195525,17201910195525,0,17201910504930,17201910506180,17201910662222,17201910737013,17201930695525,17201910500763,11143087,17201911217795,17201911259774,17201911364670,17201912678159,17201914463368,17604,322240,17201914463368,17201913607222,17201941189360,17201912678159,
0,710468,17201921335504,17201921335504,0,17201922095764,17201922096858,17201922296233,17201922391129,17201941835504,17201922091337,11142874,17201922972379,17201923019514,17201923146494,17201924586546,17201926409775,20677,395364,17201926409775,17201925733473,17201952343267,17201924586546,
0,710476,17201932477587,17201932477587,0,17201932855088,17201932856182,17201933048370,17201933134515,17201952977587,17201932851963,11142848,17201933672849,17201933721234,17201933840297,17201935388370,17201937173318,25573,359583,17201937173318,17201936400141,17201963476185,17201935388370,
0,710484,17201943618345,17201943618345,0,17201943924464,17201943926027,17201944127537,17201944203944,17201964118345,17201943921079,11142673,17201944686704,17201944733735,17201944843475,17201946297642,17201948023892,21354,385677,17201948023892,17201947338631,17201974618478,17201946297642,
0,710492,17201954758415,17201954758415,0,17201955534466,17201955536132,17201955758111,17201955859830,17201975258415,17201955529309,11142430,17201956479934,17201956532695,17201956668893,17201958098372,17201959920976,24844,421823,17201959920976,17201959259831,17201985763479,17201958098372,
0,710500,17201965901248,17201965901248,0,17201966186498,17201966187592,17201966366290,17201966440508,17201986401248,17201966183112,11142357,17201966761185,17201966820248,17201966941654,17201968011759,17201969816342,17812,307448,17201969816342,17201969111863,17201996903116,17201968011759,
0,710508,17201977042171,17201977042171,0,17201977378114,17201977378947,17201977578895,17201977667020,17201997542171,17201977373374,11142200,17201977691030,17201977748634,17201977850926,17201979298218,17201981048374,20105,378177,17201981048374,17201980341968,17202008042492,17201979298218,
0,710516,17201988183917,17201988183917,0,17201989405615,17201989406552,17201989584104,17201989642854,17202008683917,17201989403011,11142129,17201990049521,17201990098896,17201990244417,17201991723844,17201993449782,21979,371303,17201993449782,17201992767282,17202019195253,17201991723844,
0,710524,17201999326322,17201999326322,0,17201999701345,17201999702126,17201999881189,17201999957491,17202019826322,17201999696918,11142101,17202000994210,17202001053064,17202001181814,17202002682647,17202004398168,21146,361198,17202004398168,17202003732700,17202030340150,17202002682647,
0,710532,17202010467137,17202010467137,0,17202010813013,17202010815044,17202010994836,17202011088794,17202030967137,17202010807700,11141948,17202011931242,17202011975930,17202012115565,17202013672857,17202015453013,23750,373750,17202015453013,17202014759159,17202041486401,17202013672857,
0,710540,17202021616142,17202021616142,0,17202021941712,17202021943326,17202022120462,17202022225462,17202042116142,17202021937076,11142620,17202022725358,17202022767649,17202022904264,17202024407493,17202026166921,23177,350469,17202026166921,17202025483118,17202052631819,17202024407493,
0,710548,17202032761815,17202032761815,0,17202033071140,17202033072077,17202033246921,17202033321140,17202053261815,17202033068484,11142851,17202033767494,17202033822963,17202033927859,17202035797547,17202037603068,19948,412448,17202037603068,17202036960724,17202063765570,17202035797547,
0,710556,17202043905826,17202043905826,0,17202044657443,17202044658745,17202044881714,17202045057027,17202064405826,17202044652443,11142900,17202045709631,17202045762235,17202045896298,17202047482756,17202049223902,22240,446042,17202049223902,17202048614475,17202074911717,17202047482756,
0,710564,17202055053000,17202055053000,0,17202056219059,17202056219840,17202056420621,17202056483590,17202075553000,17202056216246,11143228,17202056812028,17202056862288,17202057023851,17202058636403,17202060401091,25990,403490,17202060401091,17202059750205,17202086058437,17202058636403,
0,710572,17202066198206,17202066198206,0,17202066504893,17202066506039,17202066682862,17202066757862,17202086698206,17202066500987,11143341,17202067233643,17202067295050,17202067412029,17202068993071,17202070773540,24948,371458,17202070773540,17202070088800,17202097193126,17202068993071,
0,710580,17202077340192,17202077340192,0,17202077692499,17202077693436,17202077909061,17202077992238,17202097840192,17202077689322,11143234,17202078602238,17202078646092,17202078755155,17202080139270,17202081908957,22083,343542,17202081908957,17202081130572,17202108318804,17202080139270,
0,710588,17202088484649,17202088484649,0,17202088812500,17202088813802,17202088998229,17202089073489,17202108984649,17202088808958,11143341,17202089609219,17202089656823,17202089780573,17202091139896,17202092896146,23229,373177,17202092896146,17202092302656,17202119479690,17202091139896,
0,710596,17202099630553,17202099630553,0,17202099925105,17202099926251,17202100109584,17202100186720,17202120130553,17202099921199,11143554,17202100754636,17202100801407,17202100932501,17202102520105,17202104337970,23594,374010,17202104337970,17202103601355,17202130629483,17202102520105,
0,710604,17202110772161,17202110772161,0,17202111261460,17202111262606,17202111423596,17202111488283,17202131272161,17202111257450,11143428,17202111955992,17202112000679,17202112099429,17202113411044,17202115138075,18958,371458,17202115138075,17202114434169,17202141769953,17202113411044,
0,710612,17202121910704,17202121910704,0,17202122316409,17202122317816,17202122569691,17202122667295,17202142410704,17202122312503,11143168,17202123304066,17202123357607,17202123482503,17202125078337,17202126907035,25104,400730,17202126907035,17202126229118,17202152904798,17202125078337,
0,710620,17202133053347,17202133053347,0,17202133816254,17202133817400,17202134070629,17202134162921,17202153553347,17202133812817,11143131,17202134747973,17202134802036,17202134917608,17202136409223,17202138328755,55937,391979,17202138328755,17202137463859,17202164051205,17202136409223,
0,710628,17202144197077,17202144197077,0,17202144547193,17202144548182,17202144753026,17202144836255,17202164697077,17202144543287,11143138,17202145485787,17202146015630,17202146077610,17202146974120,17202148968027,16459,295365,17202148968027,17202147773131,17202175191987,17202146974120,
0,710636,17202155340195,17202155340195,0,17202155845163,17202155847871,17202156139850,17202156258288,17202175840195,17202155839590,11143115,17202157042975,17202157114954,17202157264746,17202159378184,17202161290319,60729,479218,17202161290319,17202160691101,17202186335426,17202159378184,
0,710644,17202166481430,17202166481430,0,17202166809851,17202166811310,17202167028289,17202167349330,17202186981430,17202166804851,11142989,17202168037039,17202168083497,17202168222612,17202169764122,17202171814123,20365,358229,17202171814123,17202170813185,17202197461886,17202169764122,
0,710652,17202177623578,17202177623578,0,17202178023082,17202178024436,17202178639436,17202178734644,17202198123578,17202178017040,11142919,17202179341571,17202179382561,17202179506727,17202180900946,17202182692144,18698,381250,17202182692144,17202181923915,17202208606835,17202180900946,
0,710660,17202188766918,17202188766918,0,17202189145999,17202189147301,17202189349072,17202189435166,17202209266918,17202189141781,11142986,17202189954697,17202190013604,17202190115479,17202191449229,17202193148812,22709,354636,17202193148812,17202192455791,17202219753502,17202191449229,
0,710668,17202199908962,17202199908962,0,17202200219907,17202200221365,17202200409282,17202200481573,17202220408962,17202200215480,11142918,17202200989178,17202201025323,17202201121157,17202202349074,17202203997355,19375,320000,17202203997355,17202203221938,17202230896941,17202202349074,
0,710676,17202211046880,17202211046880,0,17202211356835,17202211357720,17202211549804,17202211650220,17202231546880,17202211352408,11142603,17202212001522,17202212054335,17202212174960,17202213359700,17202215042460,19740,310000,17202215042460,17202214247043,17202242043088,17202213359700,
0,710684,17202222185929,17202222185929,0,17202222908190,17202222909701,17202223143555,17202223232461,17202242685929,17202222903503,11142372,17202223256471,17202223310951,17202223431003,17202224784180,17202226528659,22864,389167,17202226528659,17202225879857,17202253180589,17202224784180,
0,710692,17202233325667,17202233325667,0,17202234473452,17202234474337,17202234654285,17202234710223,17202253825667,17202234470431,11142166,17202235163348,17202235215327,17202235346212,17202236683139,17202238391681,25469,388385,17202238391681,17202237703921,17202264330278,17202236683139,
0,710700,17202244465110,17202244465110,0,17202244865484,17202244866474,17202245101369,17202245172567,17202264965110,17202244861526,11141923,17202246085432,17202246147620,17202246264078,17202247599234,17202249218505,24375,397969,17202249218505,17202248609130,17202275484654,17202247599234,
0,710708,17202255607028,17202255607028,0,17202255906631,17202255907985,17202256062412,17202256140485,17202276107028,17202255902256,11141888,17202256797777,17202256842048,17202256969548,17202258505121,17202260281319,21562,381562,17202260281319,17202259636475,17202286621530,17202258505121,
0,710716,17202266748159,17202266748159,0,17202267068872,17202267070070,17202267274757,17202267360434,17202287248159,17202267062622,11141822,17202267892101,17202267938663,17202268079080,17202269770382,17202271591945,25000,377084,17202271591945,17202270880903,17202297767364,17202269770382,
0,710724,17202277891852,17202277891852,0,17202278202050,17202278203300,17202278429654,17202278513664,17202298391852,17202278197414,11141933,17202279020383,17202279070227,17202279200227,17202280734915,17202282487415,25521,445938,17202282487415,17202281857154,17202308907313,17202280734915,
0,710732,17202289039016,17202289039016,0,17202290291478,17202290292364,17202290462884,17202290521166,17202309539016,17202290288093,11142268,17202290839707,17202290882103,17202290999187,17202292621478,17202294369083,22032,381771,17202294369083,17202293708978,17202320052783,17202292621478,
0,710740,17202300183340,17202300183340,0,17202301323667,17202301324656,17202301533719,17202301601427,17202320683340,17202301320281,11142381,17202302026427,17202302073823,17202302246531,17202304006115,17202305817573,28385,511355,17202305817573,17202305307209,17202331198982,17202304006115,
0,710748,17202311328943,17202311328943,0,17202311910022,17202311911376,17202312067991,17202312133251,17202331828943,17202311906949,11142590,17202312575960,17202312617887,17202312736480,17202314069501,17202315801272,20364,361094,17202315801272,17202315076064,17202342337942,17202314069501,
0,710756,17202322474506,17202322474506,0,17202323636534,17202323637575,17202323811325,17202323866794,17202342974506,17202323633513,11142821,17202324187731,17202324235909,17202324370388,17202326137575,17202327984659,24688,443177,17202327984659,17202327324763,17202353496589,17202326137575,
0,710764,17202333619541,17202333619541,0,17202334079503,17202334080805,17202334301951,17202334373878,17202354119541,17202334076587,11142973,17202334871587,17202334946847,17202335136118,17202336555076,17202338362472,23854,376146,17202338362472,17202337615129,17202364629975,17202336555076,
0,710772,17202344762524,17202344762524,0,17202345582838,17202345583879,17202345797109,17202345894192,17202365262524,17202345579036,11142897,17202346457109,17202346510598,17202346647682,17202348233046,17202350478307,24583,406667,17202350478307,17202349399297,17202375768882,17202348233046,
0,710780,17202355907042,17202355907042,0,17202357083672,17202357084870,17202357247110,17202357303516,17202376407042,17202357081224,11143016,17202357601849,17202357644037,17202357795860,17202359236016,17202360984506,22240,348333,17202360984506,17202360219506,17202386909821,17202359236016,
0,710788,17202367056500,17202367056500,0,17202367345861,17202367346902,17202367525705,17202367603361,17202387556500,17202367341538,11143468,17202368110340,17202368172892,17202368345809,17202369938778,17202371736434,23490,371355,17202371736434,17202371019299,17202398055603,17202369938778,
0,710796,17202378203065,17202378203065,0,17202378558362,17202378559872,17202378746122,17202378827789,17202398703065,17202378553466,11143732,17202379361643,17202379406487,17202379534508,17202380949195,17202382741696,21041,422239,17202382741696,17202382061175,17202409201073,17202380949195,
0,710804,17202389347309,17202389347309,0,17202389953623,17202389954509,17202390139144,17202390216488,17202409847309,17202389949196,11143809,17202390727061,17202390763884,17202390868467,17202392228832,17202394016593,20834,336823,17202394016593,17202393195447,17202420343210,17202392228832,
0,710812,17202400491522,17202400491522,0,17202400893572,17202400894510,17202401118052,17202401211177,17202420991522,17202400889562,11143904,17202401831593,17202401881593,17202401998989,17202403536646,17202405358625,25990,397396,17202405358625,17202404638990,17202431481284,17202403536646,
0,710820,17202411636080,17202411636080,0,17202411944928,17202411945813,17202412119563,17202412194355,17202432136080,17202411942063,11144006,17202412688313,17202412741594,17202412858105,17202414225865,17202416036074,21198,438489,17202416036074,17202415319355,17202442627379,17202414225865,
0,710828,17202422781225,17202422781225,0,17202423143210,17202423144408,17202423372898,17202423469460,17202443281225,17202423139460,11144144,17202424088939,17202424139200,17202424285762,17202425905867,17202427719929,25000,372031,17202427719929,17202426999356,17202453781703,17202425905867,
0,710836,17202433923361,17202433923361,0,17202435189618,17202435190763,17202435377586,17202435438836,17202454423361,17202435185607,11144001,17202435815816,17202435871284,17202436018576,17202437646649,17202439739826,25990,442708,17202439739826,17202438871597,17202464913839,17202437646649,
0,710844,17202445064181,17202445064181,0,17202445434827,17202445435816,17202445593577,17202445655504,17202465564181,17202445431806,11143786,17202446105608,17202446196962,17202446301650,17202447577796,17202449339359,20052,382656,17202449339359,17202448585661,17202476056861,17202447577796,
0,710852,17202456206053,17202456206053,0,17202456583943,17202456585141,17202456785974,17202456867432,17202476706053,17202456580401,11143651,17202457268838,17202457329932,17202457474151,17202458853370,17202460614360,21146,372448,17202460614360,17202459873787,17202487197123,17202458853370,
0,710860,17202467350466,17202467350466,0,17202468054360,17202468055454,17202468273475,17202468405090,17202487850466,17202468050871,11143664,17202468429933,17202468481860,17202468585715,17202469960975,17202471711965,21459,377084,17202471711965,17202470991236,17202498375145,17202469960975,
0,710868,17202478492262,17202478492262,0,17202478789205,17202478790247,17202478978580,17202479058476,17202498992262,17202478784726,11143535,17202480147747,17202480194726,17202480321132,17202481804206,17202483540039,25261,377656,17202483540039,17202482885612,17202509488740,17202481804206,
0,710876,17202489632944,17202489632944,0,17202490274258,17202490275613,17202490455873,17202490555665,17202510132944,17202490269258,11143303,17202491720613,17202491772800,17202491903946,17202493343113,17202495123113,20990,337553,17202495123113,17202494336290,17202520626866,17202493343113,
0,710884,17202500773707,17202500773707,0,17202501130405,17202501132020,17202501280457,17202501369051,17202521273707,17202501126239,11143112,17202502120041,17202502170614,17202502305197,17202503848166,17202505621968,19375,361666,17202505621968,17202504933270,17202531770513,17202503848166,
0,710892,17202511924712,17202511924712,0,17202512249573,17202512250771,17202512422334,17202512503532,17202532424712,17202512244990,11143592,17202513006240,17202513048167,17202513167229,17202514567594,17202516306292,22969,369688,17202516306292,17202515647751,17202542914837,17202514567594,
0,710900,17202523066952,17202523066952,0,17202523416970,17202523417908,17202523604678,17202523676918,17202543566952,17202523413064,11143509,17202524150095,17202524194158,17202524311918,17202525918845,17202527697335,21667,402656,17202527697335,17202527041866,17202554057859,17202525918845,
0,710908,17202534208320,17202534208320,0,17202534573065,17202534574211,17202534795305,17202534882284,17202554708320,17202534569211,11143390,17202535533013,17202535582023,17202535701242,17202537098221,17202538839315,21979,372292,17202538839315,17202538123013,17202565205464,17202537098221,
0,710916,17202545349361,17202545349361,0,17202545687701,17202545689108,17202545876868,17202545958066,17202565849361,17202545683639,11143233,17202546471347,17202546521087,17202546635774,17202548079108,17202549885931,24843,391406,17202549885931,17202549204108,17202576347965,17202548079108,
0,710924,17202556491060,17202556491060,0,17202556814734,17202556815515,17202556993328,17202557069942,17202576991060,17202556811244,11143129,17202557590151,17202557634734,17202557747546,17202559135776,17202560842807,22396,351303,17202560842807,17202560122182,17202587490935,17202559135776,
0,710932,17202567633234,17202567633234,0,17202568328641,17202568330204,17202568580308,17202568682808,17202588133234,17202568323850,11143072,17202569274579,17202569314787,17202569443693,17202570957600,17202572714110,22344,402291,17202572714110,17202572044006,17202598631040,17202570957600,
0,710940,17202578775908,17202578775908,0,17202579360882,17202579362080,17202579563434,17202579659372,17202599275908,17202579355934,11143020,17202580258747,17202580308226,17202580433851,17202581974684,17202583777757,23646,384219,17202583777757,17202583061091,17202609775833,17202581974684,
0,710948,17202589920853,17202589920853,0,17202590632341,17202590633435,17202590843175,17202590943852,17202610420853,17202590627758,11143196,17202591507914,17202591553696,17202591718696,17202593187029,17202595035467,23230,373125,17202595035467,17202594208956,17202620917292,17202593187029,
0,710956,17202601064401,17202601064401,0,17202601710936,17202601712134,17202601898280,17202601979113,17202621564401,17202601706613,11143233,17202602499999,17202602542238,17202602645884,17202603978228,17202605699062,21562,342709,17202605699062,17202604983489,17202632067450,17202603978228,
0,710964,17202612206550,17202612206550,0,17202612529844,17202612530885,17202612724010,17202612803541,17202632706550,17202612526771,11143162,17202613365104,17202613416406,17202613538698,17202615176667,17202616953906,25573,360625,17202616953906,17202616217240,17202643204742,17202615176667,
0,710972,17202623348757,17202623348757,0,17202624076043,17202624077345,17202624260574,17202624344897,17202643848757,17202624071980,11143081,17202624832709,17202624872866,17202625024220,17202626459428,17202628312814,24531,433230,17202628312814,17202627645105,17202654347452,17202626459428,
0,710980,17202634490924,17202634490924,0,17202634841252,17202634842658,17202635102658,17202635213856,17202654990924,17202634836408,11143013,17202635816617,17202635867867,17202635994585,17202637461877,17202639307867,24583,433230,17202639307867,17202638584065,17202665487088,17202637461877,
0,710988,17202645635200,17202645635200,0,17202645948389,17202645949430,17202646135211,17202646212555,17202666135200,17202645944430,11143084,17202646704274,17202646745420,17202646844743,17202648200160,17202650024170,18958,363594,17202650024170,17202649244326,17202676631100,17202648200160,
0,710996,17202656777818,17202656777818,0,17202657953806,17202657954952,17202658125681,17202658186254,17202677277818,17202657951411,11143050,17202658575786,17202658623754,17202658760369,17202660284588,17202662148703,25625,363229,17202662148703,17202661367765,17202687775268,17202660284588,
0,711004,17202667919533,17202667919533,0,17202669140214,17202669141360,17202669297401,17202669349328,17202688419533,17202669137662,11142932,17202669678495,17202669722818,17202669839381,17202671228651,17202673008808,23802,352552,17202673008808,17202672300058,17202698919956,17202671228651,
0,711012,17202679060805,17202679060805,0,17202679362506,17202679363288,17202679566777,17202679639225,17202699560805,17202679358496,11142805,17202680134017,17202680186465,17202680301882,17202681828184,17202683610371,23437,395104,17202683610371,17202682925788,17202710058135,17202681828184,
0,711020,17202690204193,17202690204193,0,17202690508393,17202690509278,17202690707976,17202690796518,17202710704193,17202690504643,11142873,17202691300424,17202691342612,17202691451049,17202692966779,17202694763237,24063,382500,17202694763237,17202694010737,17202721200427,17202692966779,
0,711028,17202701346292,17202701346292,0,17202701725373,17202701726155,17202701930634,17202702027769,17202721846292,17202701720634,11142801,17202702447561,17202702544905,17202702718811,17202704215999,17202705979957,25000,418333,17202705979957,17202705349853,17202732346522,17202704215999,
0,711036,17202712488772,17202712488772,0,17202712809906,17202712810791,17202713005479,17202713083395,17202732988772,17202712804541,11142751,17202713105062,17202713168604,17202713263499,17202714566729,17202716301521,21250,343334,17202716301521,17202715628916,17202743495950,17202714566729,
0,711044,17202723629582,17202723629582,0,17202723971990,17202723972771,17202724153032,17202724231365,17202744129582,17202723967823,11142585,17202724924230,17202724970323,17202725083657,17202726551834,17202728320116,25989,786875,17202728320116,17202728038970,17202754642879,17202726551834,
0,711052,17202734775908,17202734775908,0,17202735223762,17202735225064,17202735444491,17202735534491,17202755275908,17202735219543,11142960,17202736680637,17202736750168,17202736889700,17202738512200,17202740241992,23542,382084,17202740241992,17202739618398,17202765773973,17202738512200,
0,711060,17202745918892,17202745918892,0,17202746280013,17202746282409,17202746463555,17202747012461,17202766418892,17202746276107,11142967,17202747777617,17202747818190,17202747932409,17202749472566,17202751245639,18959,368698,17202751245639,17202750548659,17202776916579,17202749472566,
0,711068,17202757062683,17202757062683,0,17202757406160,17202757407879,17202757613556,17202757710014,17202777562683,17202757401837,11142992,17202758314546,17202758360639,17202758479389,17202759902514,17202761991942,23437,356667,17202761991942,17202760894442,17202788066215,17202759902514,
0,711076,17202768207354,17202768207354,0,17202769439286,17202769440536,17202769613713,17202769671213,17202788707354,17202769436630,11143070,17202770002568,17202770048401,17202770171786,17202771890797,17202773678297,23854,388281,17202773678297,17202773007255,17202799198716,17202771890797,
0,711084,17202779349110,17202779349110,0,17202780602256,17202780603246,17202780792985,17202780851006,17202799849110,17202780599600,11142981,17202781165225,17202781211527,17202781370694,17202782951319,17202784710486,24115,355885,17202784710486,17202783991111,17202810343770,17202782951319,
0,711092,17202790490777,17202790490777,0,17202790821840,17202790823299,17202791037934,17202791110903,17202810990777,17202790817778,11142887,17202791609653,17202791713872,17202791844184,17202793377205,17202795188247,26198,398645,17202795188247,17202794516008,17202821483666,17202793377205,
0,711100,17202801634841,17202801634841,0,17202801947258,17202801947987,17202802154290,17202802248092,17202822134841,17202801944342,11142963,17202802755956,17202802794238,17202802891113,17202804139654,17202805846113,19583,392448,17202805846113,17202805149498,17202832628459,17202804139654,
0,711108,17202812776257,17202812776257,0,17202813087520,17202813088457,17202813251374,17202813321999,17202833276257,17202813084186,11142880,17202813802416,17202813845072,17202813951895,17202815491114,17202817272989,21250,380417,17202817272989,17202816542572,17202843767315,17202815491114,
0,711116,17202823918346,17202823918346,0,17202824263250,17202824264344,17202824449500,17202824521479,17202844418346,17202824260021,11142839,17202825353719,17202825413823,17202825535438,17202827024865,17202829001688,28541,406979,17202829001688,17202828139448,17202854909139,17202827024865,
0,711124,17202835059357,17202835059357,0,17202835416168,17202835417262,17202835627991,17202835721064,17202855559357,17202835411897,11142719,17202836282730,17202836348720,17202836475491,17202838134918,17202839990595,25677,390208,17202839990595,17202839283304,17202866051796,17202838134918,
0,711132,17202846201259,17202846201259,0,17202847393096,17202847394242,17202847563461,17202847618252,17202866701259,17202847390232,11142665,17202847941273,17202847985961,17202848098617,17202849522992,17202851267315,21354,346406,17202851267315,17202850510180,17202877190443,17202849522992,
0,711140,17202857342033,17202857342033,0,17202857649712,17202857650649,17202857817003,17202857884503,17202877842033,17202857646691,11142537,17202858440597,17202858485962,17202858597576,17202859978722,17202861760545,21407,356718,17202861760545,17202860983358,17202888343309,17202859978722,
0,711148,17202868483901,17202868483901,0,17202868914609,17202868915650,17202869104869,17202869181223,17202888983901,17202868910807,11142521,17202869712161,17202869761640,17202869869036,17202871331380,17202873181640,21718,403698,17202873181640,17202872498724,17202899483622,17202871331380,
0,711156,17202879625133,17202879625133,0,17202880282422,17202880283672,17202880504349,17202880597683,17202900125133,17202880278256,11142438,17202881148516,17202881186797,17202881306641,17202882879193,17202884690808,19583,349010,17202884690808,17202883898568,17202910609092,17202882879193,
0,711164,17202890765514,17202890765514,0,17202891152267,17202891153257,17202891368673,17202891459038,17202911265514,17202891148309,11142307,17202892020080,17202892097215,17202892160965,17202893107632,17202894854924,16510,295208,17202894854924,17202893927997,17202921775187,17202893107632,
0,711172,17202901908095,17202901908095,0,17202902266643,17202902268154,17202902486122,17202902597164,17202922408095,17202902261279,11142290,17202903243466,17202903311331,17202903452268,17202905031331,17202906835498,23073,334011,17202906835498,17202906013362,17202932911907,17202905031331,
0,711180,17202913050262,17202913050262,0,17202913319509,17202913320186,17202913497321,17202913568884,17202933550262,17202913316332,11142001,17202914010394,17202914048103,17202914131905,17202915646488,17202917463051,15937,393594,17202917463051,17202916736593,17202944053627,17202915646488,
0,711188,17202924188512,17202924188512,0,17202924577166,17202924578260,17202925327843,17202925421437,17202944688512,17202924572323,11142001,17202926064458,17202926111073,17202926239510,17202927628260,17202929358521,20781,446146,17202929358521,17202928723990,17202955202065,17202927628260,
0,711196,17202935333176,17202935333176,0,17202935687844,17202935688990,17202935890084,17202935979199,17202955833176,17202935683157,11142142,17202936565032,17202936607063,17202936737688,17202938071699,17202939889303,20104,365573,17202939889303,17202939128574,17202966347900,17202938071699,
0,711204,17202946475636,17202946475636,0,17202946787273,17202946788471,17202946972794,17202947059564,17202966975636,17202946782585,11142125,17202947470033,17202947521127,17202947648939,17202949068992,17202950799200,19219,344427,17202950799200,17202950058315,17202977481286,17202949068992,
0,711212,17202957617783,17202957617783,0,17202957915086,17202957916128,17202958124097,17202958241388,17202978117783,17202957910295,11142087,17202958267847,17202958330920,17202958430763,17202959895503,17202961750608,19687,386563,17202961750608,17202960975816,17202988627277,17202959895503,
0,711220,17202968761896,17202968761896,0,17202969095139,17202969096025,17202969271546,17202969349619,17202989261896,17202969091494,11142186,17202970057535,17202970100713,17202970197640,17202971445348,17202973226182,16979,336927,17202973226182,17202972503629,17202999773997,17202971445348,
0,711228,17202979907841,17202979907841,0,17202980558266,17202980559516,17202980734724,17202980832120,17203000407841,17202980553734,11142434,17202982035193,17202982091755,17202982223422,17202983577849,17202985650089,19791,338177,17202985650089,17202984553787,17203010916914,17202983577849,
0,711236,17202991052260,17202991052260,0,17202991370194,17202991371913,17202991535454,17202991733475,17203011552260,17202991365715,11142619,17202992524256,17202992566548,17202992683059,17202994292642,17202996068319,54584,512240,17202996068319,17202995554725,17203022069259,17202994292642,
0,711244,17203002195883,17203002195883,0,17203002527539,17203002528997,17203002729362,17203002819726,17203022695883,17203002522018,11142690,17203003387018,17203003433841,17203003578945,17203005237799,17203007041237,22657,388958,17203007041237,17203006349831,17203033212906,17203005237799,
0,711252,17203013340496,17203013340496,0,17203013673790,17203013675144,17203013848686,17203013928790,17203033840496,17203013670092,11142819,17203014473321,17203014522696,17203014653790,17203016289832,17203018108738,17917,421563,17203018108738,17203017473009,17201707183660,17203016289832,
0,711260,17203024486230,17203024486230,0,17203025755822,17203025757124,17203025947853,17203026010822,17203044986230,17203025752541,11143056,17203026353426,17203026406135,17203026561239,17203028190458,17203029991708,27136,394636,17203029991708,17203029330198,17201718322359,17203028190458,
0,711268,17203035632700,17203035632700,0,17203035963896,17203035965459,17203036172802,17203036296344,17203056132700,17203035958271,11143274,17203037350094,17203037394730,17203037528428,17203039581917,17201702993607,24948,474531,17201702993607,17203040880459,17201729466891,17203039581917,
0,711276,17203046779438,17203046779438,0,17203047155564,17203047158168,17203047811085,17203047907439,17203067279438,17203047150408,11143517,17203048552647,17203048604002,17203048741033,17203050298429,17201714215952,24428,350104,17201714215952,17203051268012,17201740615330,17203050298429,
---PROFILEDATA---


View hierarchy:

  dev.polski.grammarmatrix.benchmark/dev.polski.grammarmatrix.GlassBenchmarkActivity/android.view.ViewRootImpl@86d155f
  6 views, 10.66 kB of render nodes


Total ViewRootImpl   : 1
Total attached Views : 6
Total RenderNode     : 10.66 kB (used) / 34.73 kB (capacity)