Applications Graphics Acceleration Info:
Uptime: 17260419 Realtime: 155266984

** Graphics info for pid 27061 [dev.polski.grammarmatrix.benchmark] **

Stats since: 17257828955240ns
Total frames rendered: 232
Janky frames: 0 (0.00%)
Janky frames (legacy): 0 (0.00%)
50th percentile: 5ms
90th percentile: 5ms
95th percentile: 5ms
99th percentile: 5ms
Number Missed Vsync: 0
Number High input latency: 0
Number Slow UI thread: 0
Number Slow bitmap uploads: 0
Number Slow issue draw commands: 0
Number Frame deadline missed: 0
Number Frame deadline missed (legacy): 0
HISTOGRAM: 5ms=230 6ms=2 7ms=0 8ms=0 9ms=0 10ms=0 11ms=0 12ms=0 13ms=0 14ms=0 15ms=0 16ms=0 17ms=0 18ms=0 19ms=0 20ms=0 21ms=0 22ms=0 23ms=0 24ms=0 25ms=0 26ms=0 27ms=0 28ms=0 29ms=0 30ms=0 31ms=0 32ms=0 34ms=0 36ms=0 38ms=0 40ms=0 42ms=0 44ms=0 46ms=0 48ms=0 53ms=0 57ms=0 61ms=0 65ms=0 69ms=0 73ms=0 77ms=0 81ms=0 85ms=0 89ms=0 93ms=0 97ms=0 101ms=0 105ms=0 109ms=0 113ms=0 117ms=0 121ms=0 125ms=0 129ms=0 133ms=0 150ms=0 200ms=0 250ms=0 300ms=0 350ms=0 400ms=0 450ms=0 500ms=0 550ms=0 600ms=0 650ms=0 700ms=0 750ms=0 800ms=0 850ms=0 900ms=0 950ms=0 1000ms=0 1050ms=0 1100ms=0 1150ms=0 1200ms=0 1250ms=0 1300ms=0 1350ms=0 1400ms=0 1450ms=0 1500ms=0 1550ms=0 1600ms=0 1650ms=0 1700ms=0 1750ms=0 1800ms=0 1850ms=0 1900ms=0 1950ms=0 2000ms=0 2050ms=0 2100ms=0 2150ms=0 2200ms=0 2250ms=0 2300ms=0 2350ms=0 2400ms=0 2450ms=0 2500ms=0 2550ms=0 2600ms=0 2650ms=0 2700ms=0 2750ms=0 2800ms=0 2850ms=0 2900ms=0 2950ms=0 3000ms=0 3050ms=0 3100ms=0 3150ms=0 3200ms=0 3250ms=0 3300ms=0 3350ms=0 3400ms=0 3450ms=0 3500ms=0 3550ms=0 3600ms=0 3650ms=0 3700ms=0 3750ms=0 3800ms=0 3850ms=0 3900ms=0 3950ms=0 4000ms=0 4050ms=0 4100ms=0 4150ms=0 4200ms=0 4250ms=0 4300ms=0 4350ms=0 4400ms=0 4450ms=0 4500ms=0 4550ms=0 4600ms=0 4650ms=0 4700ms=0 4750ms=0 4800ms=0 4850ms=0 4900ms=0 4950ms=0
50th gpu percentile: 2ms
90th gpu percentile: 2ms
95th gpu percentile: 2ms
99th gpu percentile: 3ms
GPU HISTOGRAM: 1ms=0 2ms=227 3ms=5 4ms=0 5ms=0 6ms=0 7ms=0 8ms=0 9ms=0 10ms=0 11ms=0 12ms=0 13ms=0 14ms=0 15ms=0 16ms=0 17ms=0 18ms=0 19ms=0 20ms=0 21ms=0 22ms=0 23ms=0 24ms=0 25ms=0 4950ms=0

Pipeline=Skia (OpenGL)
CPU Caches:
  Glyph Cache: 43.11 KB (1 entry)
  Glyph Count: 8 
Total CPU memory usage:
  44146 bytes, 43.11 KB (0.00 bytes is purgeable)
GPU Caches:
  Other:
    Other: 13.66 KB (1 entry)
    Buffer Object: 36.00 KB (1 entry)
  Scratch:
    Texture: 2.00 MB (1 entry)
    Buffer Object: 48.00 KB (1 entry)
Total GPU memory usage:
  2197152 bytes, 2.10 MB (36.00 KB is purgeable)

Profile data in ms:

	dev.polski.grammarmatrix.benchmark/dev.polski.grammarmatrix.GlassBenchmarkActivity/android.view.ViewRootImpl@86d155f (visibility=0)
Window: dev.polski.grammarmatrix.benchmark/dev.polski.grammarmatrix.GlassBenchmarkActivity
Stats since: 17257828954823ns
Total frames rendered: 232
Janky frames: 0 (0.00%)
Janky frames (legacy): 0 (0.00%)
50th percentile: 5ms
90th percentile: 5ms
95th percentile: 5ms
99th percentile: 5ms
Number Missed Vsync: 0
Number High input latency: 0
Number Slow UI thread: 0
Number Slow bitmap uploads: 0
Number Slow issue draw commands: 0
Number Frame deadline missed: 0
Number Frame deadline missed (legacy): 0
HISTOGRAM: 5ms=230 6ms=2 7ms=0 8ms=0 9ms=0 10ms=0 11ms=0 12ms=0 13ms=0 14ms=0 15ms=0 16ms=0 17ms=0 18ms=0 19ms=0 20ms=0 21ms=0 22ms=0 23ms=0 24ms=0 25ms=0 26ms=0 27ms=0 28ms=0 29ms=0 30ms=0 31ms=0 32ms=0 34ms=0 36ms=0 38ms=0 40ms=0 42ms=0 44ms=0 46ms=0 48ms=0 53ms=0 57ms=0 61ms=0 65ms=0 69ms=0 73ms=0 77ms=0 81ms=0 85ms=0 89ms=0 93ms=0 97ms=0 101ms=0 105ms=0 109ms=0 113ms=0 117ms=0 121ms=0 125ms=0 129ms=0 133ms=0 150ms=0 200ms=0 250ms=0 300ms=0 350ms=0 400ms=0 450ms=0 500ms=0 550ms=0 600ms=0 650ms=0 700ms=0 750ms=0 800ms=0 850ms=0 900ms=0 950ms=0 1000ms=0 1050ms=0 1100ms=0 1150ms=0 1200ms=0 1250ms=0 1300ms=0 1350ms=0 1400ms=0 1450ms=0 1500ms=0 1550ms=0 1600ms=0 1650ms=0 1700ms=0 1750ms=0 1800ms=0 1850ms=0 1900ms=0 1950ms=0 2000ms=0 2050ms=0 2100ms=0 2150ms=0 2200ms=0 2250ms=0 2300ms=0 2350ms=0 2400ms=0 2450ms=0 2500ms=0 2550ms=0 2600ms=0 2650ms=0 2700ms=0 2750ms=0 2800ms=0 2850ms=0 2900ms=0 2950ms=0 3000ms=0 3050ms=0 3100ms=0 3150ms=0 3200ms=0 3250ms=0 3300ms=0 3350ms=0 3400ms=0 3450ms=0 3500ms=0 3550ms=0 3600ms=0 3650ms=0 3700ms=0 3750ms=0 3800ms=0 3850ms=0 3900ms=0 3950ms=0 4000ms=0 4050ms=0 4100ms=0 4150ms=0 4200ms=0 4250ms=0 4300ms=0 4350ms=0 4400ms=0 4450ms=0 4500ms=0 4550ms=0 4600ms=0 4650ms=0 4700ms=0 4750ms=0 4800ms=0 4850ms=0 4900ms=0 4950ms=0
50th gpu percentile: 2ms
90th gpu percentile: 2ms
95th gpu percentile: 2ms
99th gpu percentile: 3ms
GPU HISTOGRAM: 1ms=0 2ms=227 3ms=5 4ms=0 5ms=0 6ms=0 7ms=0 8ms=0 9ms=0 10ms=0 11ms=0 12ms=0 13ms=0 14ms=0 15ms=0 16ms=0 17ms=0 18ms=0 19ms=0 20ms=0 21ms=0 22ms=0 23ms=0 24ms=0 25ms=0 4950ms=0



---PROFILEDATA---
Flags,FrameTimelineVsyncId,IntendedVsync,Vsync,InputEventId,HandleInputStart,AnimationStart,PerformTraversalsStart,DrawStart,FrameDeadline,FrameInterval,FrameStartTime,SyncQueued,SyncStart,IssueDrawCommandsStart,SwapBuffers,FrameCompleted,DequeueBufferDuration,QueueBufferDuration,GpuCompleted,SwapBuffersCompleted,DisplayPresentTime,CommandSubmissionCompleted,
0,751623,17259084303158,17259084303158,0,17259084657709,17259084658594,17259084815000,17259084889688,17259104803158,17259084653542,11143072,17259085259219,17259085320313,17259085486146,17259086997553,17259088788386,23906,433333,17259088788386,17259088135313,17259115302347,17259086997553,
0,751631,17259095447407,17259095447407,0,17259096183387,17259096184897,17259096388960,17259096483700,17259115947407,17259096177658,11143175,17259096508804,17259096560002,17259096706512,17259098427919,17259100221669,24167,374687,17259100221669,17259099527346,17259126442453,17259098427919,
0,751639,17259106590156,17259106590156,0,17259106870940,17259106871721,17259107020732,17259107079534,17259127090156,17259106868284,11143133,17259107692711,17259107740524,17259107885419,17259109378232,17259111089274,22084,387708,17259111089274,17259110422711,17259137586933,17259109378232,
0,751647,17259117732756,17259117732756,0,17259118081202,17259118082764,17259118326098,17259118413962,17259138232756,17259118077295,11143096,17259119837608,17259119896879,17259120052087,17259121528181,17259123277400,21927,354792,17259123277400,17259122627921,17259148729590,17259121528181,
0,751655,17259128874846,17259128874846,0,17259129560526,17259129562088,17259129723807,17259129822713,17259149374846,17259129555526,11143009,17259130624693,17259130664849,17259130800057,17259132458026,17259134212245,21771,343177,17259134212245,17259133502401,17259159875685,17259132458026,
0,751663,17259140016811,17259140016811,0,17259141275683,17259141276933,17259141446204,17259141506360,17259160516811,17259141272558,11142939,17259141853340,17259141899485,17259142036256,17259143562038,17259145344382,24687,368594,17259145344382,17259144625371,17259171018447,17259143562038,
0,751671,17259151159318,17259151159318,0,17259151960684,17259151961518,17259152138809,17259152222455,17259171659318,17259151956153,11142907,17259152704382,17259152750789,17259152883861,17259154381518,17259156126831,21875,400677,17259156126831,17259155512612,17259182162250,17259154381518,
0,751679,17259162301818,17259162301818,0,17259162622664,17259162623862,17259162784227,17259162854904,17259182801818,17259162618810,11142877,17259163279123,17259163323237,17259163465165,17259165075946,17259166821571,23438,568021,17259166821571,17259166346050,17259193305949,17259165075946,
0,751687,17259173445244,17259173445244,0,17259173734645,17259173735791,17259173914384,17259173986207,17259193945244,17259173730739,11142907,17259174417874,17259174485791,17259174613968,17259176271885,17259178043551,22968,393958,17259178043551,17259177383499,17259204446054,17259176271885,
0,751695,17259184588107,17259184588107,0,17259184969177,17259184970115,17259185138083,17259185221729,17259205088107,17259184965635,11142885,17259185669177,17259185722406,17259185844333,17259187310479,17259189069073,26771,431355,17259189069073,17259188420688,17259215592305,17259187310479,
0,751703,17259195730792,17259195730792,0,17259196040949,17259196041991,17259196219230,17259196294960,17259216230792,17259196037251,11142840,17259196765949,17259196807668,17259196924439,17259198412668,17259200206418,21146,388854,17259200206418,17259199500637,17259226731421,17259198412668,
0,751711,17259206875833,17259206875833,0,17259207497825,17259207499023,17259207733606,17259207824544,17259227375833,17259207492148,11143019,17259208432773,17259208478294,17259208620482,17259210204023,17259212030951,23386,371719,17259212030951,17259211270846,17259237883505,17259210204023,
0,751719,17259218018628,17259218018628,0,17259218722618,17259218724076,17259218972097,17259219085847,17259238518628,17259218716785,11143004,17259219712201,17259219757774,17259219909806,17259221694962,17259223566941,24739,395573,17259223566941,17259222860327,17259249024756,17259221694962,
0,751727,17259229162311,17259229162311,0,17259229571004,17259229573504,17259229845536,17259229949755,17259249662311,17259229565796,11143045,17259230430223,17259230475015,17259230582411,17259232233453,17259233998349,21823,354948,17259233998349,17259233252567,17259260160383,17259232233453,
0,751735,17259240304351,17259240304351,0,17259240646579,17259240647672,17259240812412,17259240887724,17259260804351,17259240642256,11142964,17259241325954,17259241383141,17259241522152,17259243112308,17259244906631,23177,384688,17259244906631,17259244209548,17259271301009,17259243112308,
0,751743,17259251449581,17259251449581,0,17259251900955,17259251902361,17259252126423,17259252199392,17259271949581,17259251898090,11143109,17259252634653,17259252679392,17259252810694,17259254161059,17259255895382,19635,403438,17259255895382,17259255194028,17259282451999,17259254161059,
0,751751,17259262595051,17259262595051,0,17259263261945,17259263263143,17259263461477,17259263563352,17259283095051,17259263257935,11143296,17259264078091,17259264121008,17259264249393,17259265729914,17259267597154,20052,346093,17259267597154,17259266715227,17259293592834,17259265729914,
0,751759,17259273737924,17259273737924,0,17259274074342,17259274075957,17259274253978,17259274343665,17259294237924,17259274069967,11143299,17259274840176,17259274883926,17259275066947,17259276560280,17259278840072,24115,390209,17259278840072,17259277652884,17259304734345,17259276560280,
0,751767,17259284878993,17259284878993,0,17259285319760,17259285320750,17259285526323,17259285610645,17259305378993,17259285315229,11143148,17259286157937,17259286208562,17259286336271,17259287831271,17259290053563,19584,361459,17259290053563,17259288942417,17259315875649,17259287831271,
0,751775,17259296022683,17259296022683,0,17259296687938,17259296689865,17259296891740,17259296974397,17259316522683,17259296684397,11143178,17259297454918,17259297518563,17259297646532,17259299261897,17259301074397,24844,395364,17259301074397,17259300378355,17259327021848,17259299261897,
0,751783,17259307165574,17259307165574,0,17259307458252,17259307460075,17259307667731,17259307764866,17259327665574,17259307453721,11143153,17259308377471,17259308426533,17259308578512,17259310151221,17259311950127,24322,381406,17259311950127,17259311259554,17259338162630,17259310151221,
0,751791,17259318308630,17259318308630,0,17259318709868,17259318711326,17259318919451,17259319022732,17259338808630,17259318704347,11143142,17259319529607,17259319572472,17259319693722,17259320942107,17259322676378,20313,403594,17259322676378,17259321981118,17259349310339,17259320942107,
0,751799,17259329451271,17259329451271,0,17259330123723,17259330125129,17259330310442,17259330408567,17259349951271,17259330091119,11143142,17259330834035,17259330891483,17259331034921,17259332650338,17259334423619,18906,411354,17259334423619,17259333780911,17259360446278,17259332650338,
0,751807,17259340594446,17259340594446,0,17259340938099,17259340938932,17259341133672,17259341213880,17259361094446,17259340934453,11143145,17259341236745,17259341303047,17259341428932,17259342971589,17259344751745,26667,389688,17259344751745,17259344076016,17259371595706,17259342971589,
0,751815,17259351737041,17259351737041,0,17259352030235,17259352030860,17259352187006,17259352253933,17259372237041,17259352026902,11143114,17259352796069,17259352882944,17259353019611,17259354377632,17259356078673,23177,374687,17259356078673,17259355755392,17259382741853,17259354377632,
0,751823,17259362880314,17259362880314,0,17259363498205,17259363499195,17259363691226,17259363798518,17259383380314,17259363492893,11143105,17259364887580,17259364982633,17259365139143,17259366718935,17259368512633,26250,392812,17259368512633,17259367837633,17259393876594,17259366718935,
0,751831,17259374021958,17259374021958,0,17259374343154,17259374345498,17259374540967,17259374641123,17259394521958,17259374337790,11143007,17259375456540,17259375501800,17259375656019,17259377246592,17259378999405,20573,350104,17259378999405,17259378339457,17259405023834,17259377246592,
0,751839,17259385165115,17259385165115,0,17259385509145,17259385510603,17259386097687,17259386197114,17259405665115,17259385503780,11142996,17259386777687,17259386820239,17259386947426,17259388262999,17259390049927,18333,326510,17259390049927,17259389230760,17259416165086,17259388262999,
0,751847,17259396309410,17259396309410,0,17259396646386,17259396647844,17259396843677,17259396927011,17259416809410,17259396642063,11143069,17259397460657,17259397510188,17259397631177,17259399062896,17259400745605,20313,343489,17259400745605,17259400027949,17259427306337,17259399062896,
0,751855,17259407451547,17259407451547,0,17259407963574,17259407964772,17259408223679,17259408338001,17259427951547,17259407958835,11143012,17259408778991,17259408853106,17259408983991,17259410482168,17259412202169,25521,349010,17259412202169,17259411491335,17259438449879,17259410482168,
0,751863,17259418594869,17259418594869,0,17259418902534,17259418904044,17259419062898,17259419136440,17259439094869,17259418898732,11143030,17259419576753,17259419619148,17259419743211,17259421329669,17259423125972,20833,372969,17259423125972,17259422437638,17259449597641,17259421329669,
0,751871,17259429737867,17259429737867,0,17259430150295,17259430153889,17259430391649,17259430483785,17259450237867,17259430145660,11143033,17259431100504,17259431683525,17259431757327,17259432662848,17259434301858,20313,283333,17259434301858,17259433446181,17259460739934,17259432662848,
0,751879,17259440879963,17259440879963,0,17259441269098,17259441271338,17259441545192,17259441688474,17259461379963,17259441265192,11142965,17259442357276,17259442944411,17259443017953,17259444018057,17259445709724,15313,274792,17259445709724,17259444808682,17259471882383,17259444018057,
0,751887,17259452022734,17259452022734,0,17259452484308,17259452486339,17259452740975,17259452855245,17259472522734,17259452479516,11142957,17259453517902,17259454128527,17259454211600,17259455286964,17259456992746,17344,282239,17259456992746,17259456093162,17259483029259,17259455286964,
0,751895,17259463166072,17259463166072,0,17259463609934,17259463612538,17259463867642,17259463987174,17259483666072,17259463604361,11142959,17259464687851,17259465269882,17259465347018,17259466378788,17259468180768,16979,285364,17259468180768,17259467193476,17259494171968,17259466378788,
0,751903,17259474310594,17259474310594,0,17259474720091,17259474722018,17259475099727,17259475221966,17259494810594,17259474714102,11143085,17259475946550,17259476530508,17259476610717,17259477654102,17259479341342,18542,330781,17259479341342,17259478518217,17259505318115,17259477654102,
0,751911,17259485454758,17259485454758,0,17259485892176,17259485894520,17259486186343,17259486303113,17259505954758,17259485886655,11143180,17259487033061,17259487100301,17259487261395,17259489066864,17259490875510,21563,380521,17259490875510,17259490164833,17259516450304,17259489066864,
0,751919,17259496598728,17259496598728,0,17259496934729,17259496936604,17259497128167,17259497221604,17259517098728,17259496929937,11143219,17259497747490,17259497785146,17259497902542,17259499227386,17259500974469,17239,308438,17259500974469,17259500147959,17259527600774,17259499227386,
0,751927,17259507742046,17259507742046,0,17259508092022,17259508093636,17259508358897,17259508457647,17259528242046,17259508086188,11143202,17259509086657,17259509138637,17259509289834,17259510919939,17259512762387,24063,589739,17259512762387,17259512229939,17259538739837,17259510919939,
0,751935,17259518887215,17259518887215,0,17259519542752,17259519543950,17259519787127,17259519898273,17259539387215,17259519537023,11143340,17259520504783,17259520546919,17259520682179,17259522375304,17259524191763,22812,350886,17259524191763,17259523412284,17259549895151,17259522375304,
0,751943,17259530029279,17259530029279,0,17259530328430,17259530329732,17259530532076,17259530616607,17259550529279,17259530323066,11143280,17259531115357,17259531157232,17259531271764,17259532762545,17259534560462,18020,333125,17259534560462,17259533747701,17259561036610,17259532762545,
0,751951,17259541172965,17259541172965,0,17259541472129,17259541473483,17259541717702,17259541807181,17259561672965,17259541467442,11143307,17259542307286,17259542350306,17259542456400,17259543786505,17259545615880,18177,340885,17259545615880,17259544760775,17259572181143,17259543786505,
0,751959,17259552315283,17259552315283,0,17259552671453,17259552672495,17259552870620,17259552947495,17259572815283,17259552667287,11143241,17259553432183,17259553484995,17259553589058,17259554988120,17259556800464,19219,386614,17259556800464,17259556114422,17259583318748,17259554988120,
0,751967,17259563461041,17259563461041,0,17259564700517,17259564701559,17259564872600,17259564934684,17259583961041,17259564696975,11143396,17259565327392,17259565377548,17259565540205,17259567124215,17259568947549,28073,425677,17259568947549,17259568346611,17259594459010,17259567124215,
0,751975,17259574605780,17259574605780,0,17259574918070,17259574919528,17259575144581,17259575235258,17259595105780,17259574912810,11143473,17259575613799,17259575692862,17259575843851,17259577349633,17259579130466,22708,469166,17259579130466,17259578553331,17259605601979,17259577349633,
0,751983,17259585751385,17259585751385,0,17259586970988,17259586972342,17259587145207,17259587208176,17259606251385,17259586968071,11143626,17259587220780,17259587280571,17259587406717,17259588916561,17259590685520,22657,354063,17259590685520,17259589936770,17259616744428,17259588916561,
0,751991,17259596894306,17259596894306,0,17259597231197,17259597232395,17259597414947,17259597501718,17259617394306,17259597227499,11143574,17259598168489,17259598209270,17259598488437,17259599856614,17259601569635,21146,380208,17259601569635,17259600897187,17259627887919,17259599856614,
0,751999,17259608037351,17259608037351,0,17259608717032,17259608718021,17259608895678,17259608993438,17259628537351,17259608713542,11143565,17259610037292,17259610085417,17259610216719,17259611851928,17259613548282,22761,349167,17259613548282,17259612895209,17259639036358,17259611851928,
0,752007,17259619180843,17259619180843,0,17259619508595,17259619510522,17259619668804,17259619759325,17259639680843,17259619503647,11143601,17259620460731,17259620500054,17259620628856,17259622280314,17259624046044,20260,355989,17259624046044,17259623360002,17259650180838,17259622280314,
0,752015,17259630322844,17259630322844,0,17259630628857,17259630630367,17259630853544,17259630944534,17259650822844,17259630624482,11143498,17259631463597,17259631517034,17259631686982,17259633272607,17259635055941,23958,368594,17259635055941,17259634343909,17259661316777,17259633272607,
0,752023,17259641465508,17259641465508,0,17259641814900,17259641815889,17259642004327,17259642085264,17259661965508,17259641810889,11143458,17259642610212,17259642649275,17259642768494,17259644225577,17259645963963,20417,389270,17259645963963,17259645287088,17259672471674,17259644225577,
0,752031,17259652609112,17259652609112,0,17259652967661,17259652968703,17259653128651,17259653195422,17259673109112,17259652965422,11143461,17259653599484,17259653641411,17259653762245,17259655284484,17259656995266,22812,346823,17259656995266,17259656284953,17259683611623,17259655284484,
0,752039,17259663752567,17259663752567,0,17259664093704,17259664094589,17259664283183,17259664347506,17259684252567,17259664090892,11143441,17259664765215,17259664807819,17259664928756,17259666487298,17259668248079,21614,412396,17259668248079,17259667596621,17259694746780,17259666487298,
0,752047,17259674894103,17259674894103,0,17259675678445,17259675679643,17259675886726,17259675984122,17259695394103,17259675674643,11143307,17259676508132,17259676554591,17259676680632,17259678196674,17259680016987,23542,405625,17259680016987,17259679342195,17259705889646,17259678196674,
0,752055,17259686039168,17259686039168,0,17259686336883,17259686337873,17259686538290,17259686620165,17259706539168,17259686332040,11143408,17259687184592,17259687232717,17259687372456,17259689044071,17259690874175,24219,386042,17259690874175,17259690166415,17259717029959,17259689044071,
0,752063,17259697183090,17259697183090,0,17259697816416,17259697817666,17259697998968,17259698065478,17259717683090,17259697812718,11143433,17259698511885,17259698553760,17259698673343,17259700081624,17259701815062,20938,334792,17259701815062,17259701046729,17259728181210,17259700081624,
0,752071,17259708324771,17259708324771,0,17259708616573,17259708617771,17259708816313,17259708891833,17259728824771,17259708613136,11143319,17259709380636,17259709428136,17259709552771,17259711046000,17259712846834,20938,456667,17259712846834,17259712370167,17259739322462,17259711046000,
0,752079,17259719466967,17259719466967,0,17259719757147,17259719758345,17259719934387,17259720011366,17259739966967,17259719753710,11143154,17259720471522,17259720512668,17259720622772,17259722009856,17259723843241,19167,315938,17259723843241,17259722950741,17259750460900,17259722009856,
0,752087,17259730608462,17259730608462,0,17259731267200,17259731268346,17259731493294,17259731595065,17259751108462,17259731263450,11143154,17259732215690,17259732259388,17259732384180,17259733968711,17259735771003,22864,455521,17259735771003,17259735168711,17259761606995,17259733968711,
0,752095,17259741752508,17259741752508,0,17259742090274,17259742091264,17259742319128,17259742404649,17259762252508,17259742086056,11143220,17259742884806,17259742947149,17259743065535,17259744510066,17259746285118,23125,355157,17259746285118,17259745580379,17259772762152,17259744510066,
0,752103,17259752894307,17259752894307,0,17259753222671,17259753223869,17259753401317,17259753489598,17259773394307,17259753218973,11143086,17259753942932,17259753985953,17259754109078,17259755604599,17259757462672,19063,405469,17259757462672,17259756737307,17259783892622,17259755604599,
0,752111,17259764035963,17259764035963,0,17259764377516,17259764378402,17259764592516,17259764677568,17259784535963,17259764373870,11142986,17259765269287,17259765325381,17259765447100,17259766775902,17259768577777,21719,381511,17259768577777,17259767825746,17259795026373,17259766775902,
0,752119,17259775177742,17259775177742,0,17259775596163,17259775597048,17259775801580,17259775887621,17259795677742,17259775592517,11142869,17259776398976,17259776451944,17259776575694,17259778162153,17259780074236,22239,386302,17259780074236,17259779285590,17259806174031,17259778162153,
0,752127,17259786324318,17259786324318,0,17259787021320,17259787022414,17259787208560,17259787271216,17259806824318,17259787018716,11143108,17259787596216,17259787640956,17259787785539,17259789762050,17259791921738,23750,402083,17259791921738,17259790888144,17259817314084,17259789762050,
0,752135,17259797467470,17259797467470,0,17259797882936,17259797883978,17259798109707,17259798183457,17259817967470,17259797879551,11143134,17259799119759,17259799164811,17259799298249,17259800804968,17259802561634,23958,465104,17259802561634,17259801992468,17259828460647,17259800804968,
0,752143,17259808608705,17259808608705,0,17259808979135,17259808981010,17259809210333,17259809319656,17259829108705,17259808969239,11143058,17259809901896,17259809948719,17259810093146,17259811831010,17259813599865,25572,378489,17259813599865,17259812900958,17259839606847,17259811831010,
0,752151,17259819750484,17259819750484,0,17259820451168,17259820453251,17259820700490,17259820793980,17259840250484,17259820445334,11142985,17259821180751,17259821230126,17259821371949,17259822806897,17259824476012,18958,400104,17259824476012,17259823845439,17259850750493,17259822806897,
0,752159,17259830891199,17259830891199,0,17259831233304,17259831235804,17259831553877,17259831675596,17259851391199,17259831226481,11142834,17259831707314,17259831779502,17259831849033,17259832776585,17259834359763,18489,278021,17259834359763,17259833537731,17259861887213,17259832776585,
0,752167,17259842032877,17259842032877,0,17259842308201,17259842310232,17259842520805,17259842609034,17259862532877,17259842304763,11142741,17259843391430,17259843906118,17259843978462,17259844896274,17259846551431,15312,289947,17259846551431,17259845742785,17259873029298,17259844896274,
0,752175,17259853175269,17259853175269,0,17259853617577,17259853619556,17259853841483,17259853959973,17259873675269,17259853612160,11142687,17259855259608,17259856257682,17259856334609,17259857311848,17259858908723,17552,267864,17259858908723,17259858086171,17259884180497,17259857311848,
0,752183,17259864317858,17259864317858,0,17259864708984,17259864711484,17259864909297,17259865043984,17259884817858,17259864703984,11142647,17259865846953,17259866264870,17259866339714,17259867286485,17259868900547,15521,266354,17259868900547,17259868045026,17259895328154,17259867286485,
0,752191,17259875459739,17259875459739,0,17259875907215,17259875909454,17259876167319,17259876312006,17259895959739,17259875901329,11142598,17259877351225,17259877569871,17259877651486,17259878737684,17259880433726,19427,297135,17259880433726,17259879571590,17259906470239,17259878737684,
0,752199,17259886601838,17259886601838,0,17259887014768,17259887017528,17259887277737,17259887395080,17259907101838,17259887008622,11142574,17259888093258,17259888177320,17259888377581,17259890317841,17259892255862,25885,430781,17259892255862,17259891524195,17259917619823,17259890317841,
0,752207,17259897744997,17259897744997,0,17259899014925,17259899016175,17259899195967,17259899262582,17259918244997,17259899011384,11142572,17259899611696,17259899658832,17259899785394,17259901211123,17259902946905,17239,320937,17259902946905,17259902207165,17259928748157,17259901211123,
0,752215,17259908891169,17259908891169,0,17259910147062,17259910148833,17259910375135,17259910441541,17259929391169,17259910144301,11142820,17259910781281,17259910830864,17259910965916,17259912481593,17259914230604,21302,382500,17259914230604,17259913523312,17259939895971,17259912481593,
0,752223,17259920036679,17259920036679,0,17259921442428,17259921443990,17259921698001,17259921765709,17259940536679,17259921439771,11143011,17259922125865,17259922179771,17259922347115,17259923886438,17259925630865,25364,383021,17259925630865,17259925001490,17259951033264,17259923886438,
0,752231,17259931182545,17259931182545,0,17259931521283,17259931522741,17259931755554,17259931843887,17259951682545,17259931517012,11143175,17259932371804,17259932406804,17259932470918,17259933433523,17259935145241,14791,285365,17259935145241,17259934228471,17259962178838,17259933433523,
0,752239,17259942324565,17259942324565,0,17259942714617,17259942717169,17259942949669,17259943061961,17259962824565,17259942708471,11143108,17259943717482,17259943790867,17259943930399,17259945693784,17259947476336,23646,358073,17259947476336,17259946705711,17259973321860,17259945693784,
0,752247,17259953467340,17259953467340,0,17259954203681,17259954205816,17259954464358,17259954573837,17259973967340,17259954196962,11143069,17259955230868,17259955280243,17259955429618,17259957050556,17259958844671,22136,375937,17259958844671,17259958121494,17259984466601,17259957050556,
0,752255,17259964609943,17259964609943,0,17259965185817,17259965187224,17259965817328,17259965916911,17259985109943,17259965181130,11143069,17259966514880,17259966563161,17259966701703,17259968251755,17259970058214,21615,372240,17259970058214,17259969336755,17259995611445,17259968251755,
0,752263,17259975753058,17259975753058,0,17259976475298,17259976476391,17259976687902,17259976775141,17259996253058,17259976470506,11143091,17259977302589,17259977347173,17259977466444,17259978931287,17259980692121,18021,367448,17259980692121,17259979967329,17260006752176,17259978931287,
0,752271,17259986895512,17259986895512,0,17259987374934,17259987376184,17259987624726,17259987723788,17260007395512,17259987370142,11143047,17259988252122,17259988300924,17259988412643,17259989795559,17259991948580,21510,341302,17259991948580,17259990761237,17260017917021,17259989795559,
0,752279,17259998038871,17259998038871,0,17259998433477,17259998434466,17259998648321,17259998732644,17260018538871,17259998429935,11143075,17259999294987,17259999339206,17259999449831,17260000963685,17260002811082,19791,491979,17260002811082,17260002159311,17260029036917,17260000963685,
0,752287,17260009184669,17260009184669,0,17260009876447,17260009877645,17260010083426,17260010195041,17260029684669,17260009872384,11143322,17260010758634,17260010799364,17260010928478,17260012649468,17260014471343,21615,365885,17260014471343,17260013704416,17260040187387,17260012649468,
0,752295,17260020328093,17260020328093,0,17260020675667,17260020677073,17260020899104,17260020992021,17260040828093,17260020671917,11143355,17260021548375,17260021593583,17260021768375,17260023267959,17260025214990,24844,387083,17260025214990,17260024346084,17260051322232,17260023267959,
0,752303,17260031475311,17260031475311,0,17260031855876,17260031856657,17260032404678,17260032487855,17260051975311,17260031851605,11143451,17260033029001,17260033071762,17260033204418,17260035161085,17260037015512,22552,450885,17260037015512,17260036357960,17260062471608,17260035161085,
0,752311,17260042617066,17260042617066,0,17260043001658,17260043003481,17260043269731,17260043379158,17260063117066,17260042996398,11143451,17260043925200,17260043973586,17260044114002,17260045723482,17260047491190,23958,373542,17260047491190,17260046808430,17260073615255,17260045723482,
0,752319,17260053760083,17260053760083,0,17260054114785,17260054116191,17260054354993,17260054452805,17260074260083,17260054110462,11143403,17260055072962,17260055120305,17260055263378,17260056762493,17260058556556,27709,422187,17260058556556,17260057903118,17260084760621,17260056762493,
0,752327,17260064901447,17260064901447,0,17260065420046,17260065421869,17260065645150,17260065741192,17260085401447,17260065415046,11143276,17260066126140,17260066228275,17260066388432,17260067759786,17260069557547,23021,370260,17260069557547,17260068836140,17260095897497,17260067759786,
0,752335,17260076044847,17260076044847,0,17260076399162,17260076400724,17260076986558,17260077092599,17260096544847,17260076393433,11143288,17260077121193,17260077181558,17260077325256,17260078984891,17260080745100,26250,723281,17260080745100,17260080424735,17260107040675,17260078984891,
0,752343,17260087188396,17260087188396,0,17260087494163,17260087495413,17260087709996,17260087813850,17260107688396,17260087489007,11143311,17260088557028,17260088605257,17260088739528,17260090221194,17260091986820,20833,382865,17260091986820,17260091318382,17260118189114,17260090221194,
0,752351,17260098331419,17260098331419,0,17260098618331,17260098619893,17260098807654,17260098909841,17260118831419,17260098612341,11143263,17260099949112,17260100004529,17260100164737,17260101818487,17260103519789,22448,346354,17260103519789,17260102874998,17260129332500,17260101818487,
0,752359,17260109472520,17260109472520,0,17260109826926,17260109829478,17260110469426,17260110576926,17260129972520,17260109821092,11143092,17260111419947,17260111465207,17260111605103,17260113283540,17260115044061,26979,354479,17260115044061,17260114354634,17260140479272,17260113283540,
0,752367,17260120614841,17260120614841,0,17260120935677,17260120936927,17260121133802,17260121229375,17260141114841,17260120931406,11143041,17260121781041,17260121871927,17260121991979,17260123431979,17260125171875,21927,350260,17260125171875,17260124433489,17260151626565,17260123431979,
0,752375,17260131759239,17260131759239,0,17260132026199,17260132027084,17260132185574,17260132260261,17260152259239,17260132023438,11143141,17260132658074,17260132717813,17260132830886,17260134265418,17260136020366,19115,476511,17260136020366,17260135457032,17260162769431,17260134265418,
0,752383,17260142903567,17260142903567,0,17260143208023,17260143209689,17260143451043,17260143555210,17260163403567,17260143203283,11143231,17260144202554,17260144248804,17260144397346,17260146130262,17260147908440,23906,379375,17260147908440,17260147222606,17260173904849,17260146130262,
0,752391,17260154049833,17260154049833,0,17260155289013,17260155290368,17260155482086,17260155544638,17260174549833,17260155285888,11143475,17260155914534,17260155960159,17260156116513,17260157687816,17260159472347,22708,386093,17260159472347,17260158838441,17260185054225,17260157687816,
0,752399,17260165194752,17260165194752,0,17260165551566,17260165553337,17260165732504,17260165812452,17260185694752,17260165548285,11143549,17260166294171,17260166346567,17260166453910,17260167764900,17260169452452,19687,433386,17260169452452,17260168773702,17260196220111,17260167764900,
0,752407,17260176340058,17260176340058,0,17260176641515,17260176643234,17260176841047,17260176925318,17260196840058,17260176637609,11143670,17260177431516,17260177475005,17260177590786,17260179087505,17260180860318,23021,357969,17260180860318,17260180090266,17260207338602,17260179087505,
0,752415,17260187482329,17260187482329,0,17260188675475,17260188676413,17260188844798,17260188904121,17260207982329,17260188673340,11143573,17260189237090,17260189278496,17260189412402,17260190785579,17260192531517,21615,311354,17260192531517,17260191753392,17260218481103,17260190785579,
0,752423,17260198626314,17260198626314,0,17260199007872,17260199008966,17260199194018,17260199274747,17260219126314,17260199004174,11143589,17260199758653,17260199822872,17260199931153,17260201322455,17260203077768,16875,343385,17260203077768,17260202430008,17260229622250,17260201322455,
0,752431,17260209775560,17260209775560,0,17260210133186,17260210134071,17260210330686,17260210420321,17260230275560,17260210129227,11143910,17260210935998,17260210982040,17260211103290,17260212718082,17260214475426,18958,343437,17260214475426,17260213704540,17260240774751,17260212718082,
0,752439,17260220918364,17260220918364,0,17260221270426,17260221272249,17260221482041,17260221579801,17260241418364,17260221265947,11143851,17260222214749,17260222260426,17260222389645,17260223920270,17260225705375,22083,368750,17260225705375,17260225044281,17260251922825,17260223920270,
0,752447,17260232061091,17260232061091,0,17260232370896,17260232372406,17260232562042,17260232660948,17260252561091,17260232366573,11143795,17260233155219,17260233197615,17260233315636,17260235122094,17260236950792,21198,389948,17260236950792,17260236231834,17260263065639,17260235122094,
0,752455,17260243202812,17260243202812,0,17260243515741,17260243517355,17260243723606,17260243815376,17260263702812,17260243510585,11143663,17260244354751,17260244411835,17260244558606,17260246217356,17260248086210,23906,391250,17260248086210,17260247337877,17260274198036,17260246217356,
0,752463,17260254350194,17260254350194,0,17260254676002,17260254677200,17260254910586,17260255064648,17260274850194,17260254671002,11143996,17260255599075,17260255646523,17260255763919,17260257186576,17260259004180,22968,348177,17260259004180,17260258192305,17260285345276,17260257186576,
0,752471,17260265495097,17260265495097,0,17260265805326,17260265806212,17260265995066,17260266074024,17260285995097,17260265800587,11144041,17260266639962,17260266683087,17260266787774,17260268254337,17260270109077,21093,370625,17260270109077,17260269326368,17260296486267,17260268254337,
0,752479,17260276640630,17260276640630,0,17260277057932,17260277059130,17260277271890,17260277354442,17260297140630,17260277053609,11144161,17260277905276,17260277948349,17260278078505,17260279572255,17260281348557,23489,352240,17260281348557,17260280589286,17260307628039,17260279572255,
0,752487,17260287781895,17260287781895,0,17260288476266,17260288477100,17260288665016,17260288751110,17260308281895,17260288471943,11143974,17260289261370,17260289309495,17260289453193,17260290948662,17260292696475,20834,436042,17260292696475,17260292076371,17260318782519,17260290948662,
0,752495,17260298924917,17260298924917,0,17260299211424,17260299212569,17260299381528,17260299454913,17260319424917,17260299208767,11143925,17260299940434,17260299983924,17260300101944,17260301437413,17260303293768,20781,379739,17260303293768,17260302633559,17260329922520,17260301437413,
0,752503,17260310067266,17260310067266,0,17260310379862,17260310380748,17260310551164,17260310639081,17260330567266,17260310375904,11143836,17260311016737,17260311073404,17260311214914,17260312806946,17260314559810,20833,379218,17260314559810,17260313861008,17260341068303,17260312806946,
0,752511,17260321209490,17260321209490,0,17260321946061,17260321948197,17260322148092,17260322241843,17260341709490,17260321942103,11143751,17260322269082,17260322319134,17260322444395,17260323902624,17260325643510,22552,365312,17260325643510,17260324930853,17260352205804,17260323902624,
0,752519,17260332353349,17260332353349,0,17260332665906,17260332667104,17260332842677,17260332917364,17260352853349,17260332662573,11143722,17260333585646,17260333630125,17260333749969,17260335137208,17260336861115,22813,386927,17260336861115,17260336297729,17260363355336,17260335137208,
0,752527,17260343495997,17260343495997,0,17260343809136,17260343810282,17260343978563,17260344039293,17260363995997,17260343805490,11143615,17260344701272,17260344755282,17260344857522,17260345905543,17260347346480,16771,252239,17260347346480,17260346606012,17260374503410,17260345905543,
0,752535,17260354639768,17260354639768,0,17260355032783,17260355035075,17260355218773,17260355318981,17260375139768,17260355027679,11143601,17260356125492,17260356186169,17260356348252,17260357922159,17260359655232,22656,343906,17260359655232,17260358975440,17260385636484,17260357922159,
0,752543,17260365781880,17260365781880,0,17260366113930,17260366116066,17260366669659,17260366768357,17260386281880,17260366108461,11143486,17260367335076,17260367373566,17260367506535,17260369153358,17260370913879,20885,382865,17260370913879,17260370240024,17260396759194,17260369153358,
0,752551,17260376925913,17260376925913,0,17260377588411,17260377590181,17260377803879,17260377903723,17260397425913,17260377582473,11143503,17260378508827,17260378844192,17260378909973,17260379882890,17260381536848,16354,299062,17260381536848,17260380686536,17259070728280,17260379882890,
0,752566,17260388071564,17260388071564,0,17260388511224,17260388512162,17260388777943,17260388827318,17260408571564,17260388507630,11143637,17260389159245,17260391653256,17260391731485,17260392622787,17260394162943,19219,244375,17260394162943,17260393303933,17259081875104,17260392622787,
0,752574,17260399214431,17260399214431,0,17260399574246,17260399576538,17260399842527,17260399930131,17260419714431,17260399568204,11143601,17260400542111,17260400580392,17260400713152,17260402162996,17259066696509,16667,281250,17259066696509,17260403407163,17259093017970,17260402162996,
0,752582,17260410351005,17260410351005,0,17260410768466,17260410771435,17260411137216,17260411263674,17260430851005,17260410762112,11143146,17260411980289,17260412030601,17260412086643,17260412840341,17259077489791,14011,238854,17259077489791,17260413395445,17259104159169,17260412840341,
---PROFILEDATA---


View hierarchy:

  dev.polski.grammarmatrix.benchmark/dev.polski.grammarmatrix.GlassBenchmarkActivity/android.view.ViewRootImpl@86d155f
  6 views, 10.66 kB of render nodes


Total ViewRootImpl   : 1
Total attached Views : 6
Total RenderNode     : 10.66 kB (used) / 34.73 kB (capacity)