Applications Graphics Acceleration Info:
Uptime: 17226529 Realtime: 155233094

** Graphics info for pid 27061 [dev.polski.grammarmatrix.benchmark] **

Stats since: 17223913263111ns
Total frames rendered: 235
Janky frames: 0 (0.00%)
Janky frames (legacy): 0 (0.00%)
50th percentile: 5ms
90th percentile: 5ms
95th percentile: 5ms
99th percentile: 6ms
Number Missed Vsync: 0
Number High input latency: 0
Number Slow UI thread: 0
Number Slow bitmap uploads: 0
Number Slow issue draw commands: 0
Number Frame deadline missed: 0
Number Frame deadline missed (legacy): 0
HISTOGRAM: 5ms=232 6ms=3 7ms=0 8ms=0 9ms=0 10ms=0 11ms=0 12ms=0 13ms=0 14ms=0 15ms=0 16ms=0 17ms=0 18ms=0 19ms=0 20ms=0 21ms=0 22ms=0 23ms=0 24ms=0 25ms=0 26ms=0 27ms=0 28ms=0 29ms=0 30ms=0 31ms=0 32ms=0 34ms=0 36ms=0 38ms=0 40ms=0 42ms=0 44ms=0 46ms=0 48ms=0 53ms=0 57ms=0 61ms=0 65ms=0 69ms=0 73ms=0 77ms=0 81ms=0 85ms=0 89ms=0 93ms=0 97ms=0 101ms=0 105ms=0 109ms=0 113ms=0 117ms=0 121ms=0 125ms=0 129ms=0 133ms=0 150ms=0 200ms=0 250ms=0 300ms=0 350ms=0 400ms=0 450ms=0 500ms=0 550ms=0 600ms=0 650ms=0 700ms=0 750ms=0 800ms=0 850ms=0 900ms=0 950ms=0 1000ms=0 1050ms=0 1100ms=0 1150ms=0 1200ms=0 1250ms=0 1300ms=0 1350ms=0 1400ms=0 1450ms=0 1500ms=0 1550ms=0 1600ms=0 1650ms=0 1700ms=0 1750ms=0 1800ms=0 1850ms=0 1900ms=0 1950ms=0 2000ms=0 2050ms=0 2100ms=0 2150ms=0 2200ms=0 2250ms=0 2300ms=0 2350ms=0 2400ms=0 2450ms=0 2500ms=0 2550ms=0 2600ms=0 2650ms=0 2700ms=0 2750ms=0 2800ms=0 2850ms=0 2900ms=0 2950ms=0 3000ms=0 3050ms=0 3100ms=0 3150ms=0 3200ms=0 3250ms=0 3300ms=0 3350ms=0 3400ms=0 3450ms=0 3500ms=0 3550ms=0 3600ms=0 3650ms=0 3700ms=0 3750ms=0 3800ms=0 3850ms=0 3900ms=0 3950ms=0 4000ms=0 4050ms=0 4100ms=0 4150ms=0 4200ms=0 4250ms=0 4300ms=0 4350ms=0 4400ms=0 4450ms=0 4500ms=0 4550ms=0 4600ms=0 4650ms=0 4700ms=0 4750ms=0 4800ms=0 4850ms=0 4900ms=0 4950ms=0
50th gpu percentile: 2ms
90th gpu percentile: 2ms
95th gpu percentile: 3ms
99th gpu percentile: 3ms
GPU HISTOGRAM: 1ms=0 2ms=216 3ms=19 4ms=0 5ms=0 6ms=0 7ms=0 8ms=0 9ms=0 10ms=0 11ms=0 12ms=0 13ms=0 14ms=0 15ms=0 16ms=0 17ms=0 18ms=0 19ms=0 20ms=0 21ms=0 22ms=0 23ms=0 24ms=0 25ms=0 4950ms=0

Pipeline=Skia (OpenGL)
CPU Caches:
  Glyph Cache: 43.11 KB (1 entry)
  Glyph Count: 8 
Total CPU memory usage:
  44146 bytes, 43.11 KB (0.00 bytes is purgeable)
GPU Caches:
  Other:
    Other: 14.68 KB (1 entry)
    Buffer Object: 36.00 KB (1 entry)
  Scratch:
    Texture: 2.00 MB (1 entry)
    Buffer Object: 48.00 KB (1 entry)
Total GPU memory usage:
  2198200 bytes, 2.10 MB (36.00 KB is purgeable)

Profile data in ms:

	dev.polski.grammarmatrix.benchmark/dev.polski.grammarmatrix.GlassBenchmarkActivity/android.view.ViewRootImpl@86d155f (visibility=0)
Window: dev.polski.grammarmatrix.benchmark/dev.polski.grammarmatrix.GlassBenchmarkActivity
Stats since: 17223913262695ns
Total frames rendered: 235
Janky frames: 0 (0.00%)
Janky frames (legacy): 0 (0.00%)
50th percentile: 5ms
90th percentile: 5ms
95th percentile: 5ms
99th percentile: 6ms
Number Missed Vsync: 0
Number High input latency: 0
Number Slow UI thread: 0
Number Slow bitmap uploads: 0
Number Slow issue draw commands: 0
Number Frame deadline missed: 0
Number Frame deadline missed (legacy): 0
HISTOGRAM: 5ms=232 6ms=3 7ms=0 8ms=0 9ms=0 10ms=0 11ms=0 12ms=0 13ms=0 14ms=0 15ms=0 16ms=0 17ms=0 18ms=0 19ms=0 20ms=0 21ms=0 22ms=0 23ms=0 24ms=0 25ms=0 26ms=0 27ms=0 28ms=0 29ms=0 30ms=0 31ms=0 32ms=0 34ms=0 36ms=0 38ms=0 40ms=0 42ms=0 44ms=0 46ms=0 48ms=0 53ms=0 57ms=0 61ms=0 65ms=0 69ms=0 73ms=0 77ms=0 81ms=0 85ms=0 89ms=0 93ms=0 97ms=0 101ms=0 105ms=0 109ms=0 113ms=0 117ms=0 121ms=0 125ms=0 129ms=0 133ms=0 150ms=0 200ms=0 250ms=0 300ms=0 350ms=0 400ms=0 450ms=0 500ms=0 550ms=0 600ms=0 650ms=0 700ms=0 750ms=0 800ms=0 850ms=0 900ms=0 950ms=0 1000ms=0 1050ms=0 1100ms=0 1150ms=0 1200ms=0 1250ms=0 1300ms=0 1350ms=0 1400ms=0 1450ms=0 1500ms=0 1550ms=0 1600ms=0 1650ms=0 1700ms=0 1750ms=0 1800ms=0 1850ms=0 1900ms=0 1950ms=0 2000ms=0 2050ms=0 2100ms=0 2150ms=0 2200ms=0 2250ms=0 2300ms=0 2350ms=0 2400ms=0 2450ms=0 2500ms=0 2550ms=0 2600ms=0 2650ms=0 2700ms=0 2750ms=0 2800ms=0 2850ms=0 2900ms=0 2950ms=0 3000ms=0 3050ms=0 3100ms=0 3150ms=0 3200ms=0 3250ms=0 3300ms=0 3350ms=0 3400ms=0 3450ms=0 3500ms=0 3550ms=0 3600ms=0 3650ms=0 3700ms=0 3750ms=0 3800ms=0 3850ms=0 3900ms=0 3950ms=0 4000ms=0 4050ms=0 4100ms=0 4150ms=0 4200ms=0 4250ms=0 4300ms=0 4350ms=0 4400ms=0 4450ms=0 4500ms=0 4550ms=0 4600ms=0 4650ms=0 4700ms=0 4750ms=0 4800ms=0 4850ms=0 4900ms=0 4950ms=0
50th gpu percentile: 2ms
90th gpu percentile: 2ms
95th gpu percentile: 3ms
99th gpu percentile: 3ms
GPU HISTOGRAM: 1ms=0 2ms=216 3ms=19 4ms=0 5ms=0 6ms=0 7ms=0 8ms=0 9ms=0 10ms=0 11ms=0 12ms=0 13ms=0 14ms=0 15ms=0 16ms=0 17ms=0 18ms=0 19ms=0 20ms=0 21ms=0 22ms=0 23ms=0 24ms=0 25ms=0 4950ms=0



---PROFILEDATA---
Flags,FrameTimelineVsyncId,IntendedVsync,Vsync,InputEventId,HandleInputStart,AnimationStart,PerformTraversalsStart,DrawStart,FrameDeadline,FrameInterval,FrameStartTime,SyncQueued,SyncStart,IssueDrawCommandsStart,SwapBuffers,FrameCompleted,DequeueBufferDuration,QueueBufferDuration,GpuCompleted,SwapBuffersCompleted,DisplayPresentTime,CommandSubmissionCompleted,
0,727225,17225197853974,17225197853974,0,17225198386000,17225198387406,17225198576156,17225198660219,17225218353974,17225198380896,11142591,17225199106573,17225199147667,17225199264646,17225200700010,17225202464854,19688,428802,17225202464854,17225201817823,17225228860742,17225200700010,
0,727233,17225208995559,17225208995559,0,17225209382615,17225209383970,17225209665793,17225209763970,17225229495559,17225209378449,11142591,17225210255272,17225210297511,17225210414959,17225212018553,17225213831418,20625,371927,17225213831418,17225213050272,17225239998921,17225212018553,
0,727241,17225220137625,17225220137625,0,17225220448450,17225220449335,17225220656106,17225220743606,17225240637625,17225220443762,11142565,17225221280846,17225221329075,17225221470794,17225223046002,17225224845221,23490,389479,17225224845221,17225224146054,17225251144390,17225223046002,
0,727249,17225231281146,17225231281146,0,17225232029024,17225232029649,17225232266993,17225232358711,17225251781146,17225232025326,11142644,17225232919232,17225232968347,17225233099909,17225234588347,17225236726264,20416,364896,17225236726264,17225235649493,17225262284548,17225234588347,
0,727257,17225242425776,17225242425776,0,17225242770327,17225242771369,17225242951160,17225243033713,17225262925776,17225242765952,11142767,17225243536681,17225243580431,17225243695171,17225245018609,17225246762359,18541,352135,17225246762359,17225245996109,17225273423507,17225245018609,
0,727265,17225253568629,17225253568629,0,17225253894912,17225253896057,17225254081839,17225254161891,17225274068629,17225253890276,11142762,17225254673245,17225254721578,17225254846839,17225256274026,17225258047099,23334,370312,17225258047099,17225257303558,17225284570227,17225256274026,
0,727273,17225264712726,17225264712726,0,17225265038246,17225265039131,17225265214652,17225265307829,17225285212726,17225265034392,11142854,17225265823715,17225265862881,17225265969444,17225267235642,17225268955538,18698,323437,17225268955538,17225268168038,17225295709239,17225267235642,
0,727281,17225275856290,17225275856290,0,17225276588612,17225276589810,17225276803924,17225276895435,17225296356290,17225276584445,11142919,17225277411633,17225277456685,17225277575174,17225279135331,17225280932466,20781,381198,17225280932466,17225280190591,17225306849344,17225279135331,
0,727289,17225286998650,17225286998650,0,17225287365436,17225287366477,17225287578665,17225287693040,17225307498650,17225287360488,11142902,17225288314655,17225288363821,17225288498300,17225290105280,17225291968249,23594,418542,17225291968249,17225291258353,17225317994397,17225290105280,
0,727297,17225298141507,17225298141507,0,17225299428093,17225299430020,17225299651999,17225299721635,17225318641507,17225299424552,11142895,17225300079291,17225300128510,17225300295177,17225302272156,17225304422989,31198,438542,17225304422989,17225303743146,17225329142888,17225302272156,
0,727305,17225309283564,17225309283564,0,17225309583355,17225309584657,17225309760438,17225310149292,17225329783564,17225309578719,11142847,17225310629136,17225310668198,17225310810907,17225312730959,17225314576584,23958,385938,17225314576584,17225313854345,17225340284191,17225312730959,
0,727313,17225320424859,17225320424859,0,17225321008408,17225321009502,17225321188147,17225321271741,17225340924859,17225321003512,11142749,17225321920127,17225321972835,17225322121012,17225323660023,17225325455544,26042,393333,17225325455544,17225324773773,17225351506796,17225323660023,
0,727321,17225331566009,17225331566009,0,17225331940284,17225331941273,17225332123357,17225332201899,17225352066009,17225331936482,11142615,17225332668149,17225332713669,17225332827263,17225334126326,17225335870909,22396,433073,17225335870909,17225335200076,17225362573204,17225334126326,
0,727329,17225342709149,17225342709149,0,17225343024295,17225343025598,17225343224973,17225343307525,17225363209149,17225343020650,11142622,17225343693462,17225343746170,17225343886171,17225345280129,17225347035129,21875,384428,17225347035129,17225346325025,17225373716434,17225345280129,
0,727337,17225353853089,17225353853089,0,17225354130547,17225354131640,17225354722109,17225354820755,17225374353089,17225354126328,11142723,17225354843047,17225354891484,17225355025651,17225356514297,17225358266901,21302,371458,17225358266901,17225357574036,17225384858987,17225356514297,
0,727345,17225365016268,17225365016268,0,17225365713829,17225365715391,17225365926069,17225366009923,17225385516268,17225365709558,11143948,17225366751694,17225366797423,17225366925079,17225368370652,17225370118048,20104,381302,17225370118048,17225369452111,17225395997999,17225368370652,
0,727353,17225376158642,17225376158642,0,17225376590340,17225376591486,17225376852997,17225376939143,17225396658642,17225376586538,11143899,17225377983153,17225378047216,17225378183049,17225379650289,17225381366174,22031,386614,17225381366174,17225380721226,17225407143937,17225379650289,
0,727361,17225387301170,17225387301170,0,17225387630029,17225387632164,17225387797164,17225387893362,17225407801170,17225387625446,11143863,17225388670915,17225388713883,17225388852737,17225390436748,17225392230134,24532,351042,17225392230134,17225391498988,17225418300032,17225390436748,
0,727369,17225398443165,17225398443165,0,17225399137947,17225399139509,17225399344770,17225399439457,17225418943165,17225399133103,11143780,17225399926697,17225399962426,17225400076384,17225401449874,17225403285447,24062,348750,17225403285447,17225402547947,17225429431908,17225401449874,
0,727377,17225409584358,17225409584358,0,17225409882479,17225409883313,17225410076438,17225410162948,17225430084358,17225409877896,11143657,17225410652583,17225410702531,17225410834042,17225412717063,17225414528053,27135,356614,17225414528053,17225413773782,17225440577638,17225412717063,
0,727385,17225420727021,17225420727021,0,17225422018991,17225422020032,17225422203105,17225422269303,17225441227021,17225422015397,11143648,17225422594355,17225422646230,17225422794928,17225424492272,17225426277481,26667,436770,17225426277481,17225425742950,17225451723577,17225424492272,
0,727393,17225431870994,17225431870994,0,17225433029877,17225433031284,17225433231961,17225433293471,17225452370994,17225433027065,11143643,17225433609982,17225433656492,17225433808002,17225435437065,17225437200971,25260,376563,17225437200971,17225436524826,17225462857745,17225435437065,
0,727401,17225443012321,17225443012321,0,17225443342222,17225443343264,17225443900243,17225443978628,17225463512321,17225443339149,11143494,17225444471076,17225444514306,17225444631649,17225446045347,17225448140556,22552,337760,17225448140556,17225447039827,17225474007017,17225446045347,
0,727409,17225454154690,17225454154690,0,17225454487744,17225454488577,17225454655973,17225454730348,17225474654690,17225454484463,11143424,17225455238057,17225455283994,17225455403682,17225456829098,17225458616651,24687,368386,17225458616651,17225457856338,17225485148633,17225456829098,
0,727417,17225465298696,17225465298696,0,17225465655297,17225465656339,17225465820245,17225465895870,17225485798696,17225465652276,11143488,17225466342589,17225466380506,17225466484672,17225467709256,17225469433527,19322,348177,17225469433527,17225468649048,17225496299154,17225467709256,
0,727425,17225476439707,17225476439707,0,17225477147121,17225477148736,17225477382121,17225477475559,17225496939707,17225477143215,11143345,17225477985351,17225478031236,17225478154673,17225479646705,17225481422538,22292,378229,17225481422538,17225480687955,17225507428218,17225479646705,
0,727433,17225487582676,17225487582676,0,17225487922070,17225487923789,17225488132487,17225488222904,17225508082676,17225487916549,11143333,17225488770195,17225488827122,17225488951966,17225490436862,17225492227956,24063,390885,17225492227956,17225491528373,17225518595771,17225490436862,
0,727441,17225498724787,17225498724787,0,17225499070769,17225499071811,17225499237228,17225499317228,17225519224787,17225499066915,11143252,17225499777176,17225499820144,17225499932749,17225501272801,17225503241082,21667,415625,17225503241082,17225502491759,17225529733429,17225501272801,
0,727449,17225509867989,17225509867989,0,17225510171031,17225510171968,17225510368323,17225510436135,17225530367989,17225510168114,11143001,17225510856604,17225510905145,17225511005041,17225512435198,17225514277437,20938,422292,17225514277437,17225513613583,17225540865565,17225512435198,
0,727457,17225521008080,17225521008080,0,17225521337803,17225521339105,17225521547751,17225521722542,17225541508080,17225521333897,11143001,17225522275772,17225522332595,17225522454157,17225523937386,17225525797803,20364,382656,17225525797803,17225525034001,17225552005722,17225523937386,
0,727465,17225532153541,17225532153541,0,17225532501710,17225532503585,17225532768898,17225532862387,17225552653541,17225532496189,11143085,17225533446398,17225533590460,17225533663221,17225534713325,17225536427752,62447,321979,17225536427752,17225535599523,17225563155880,17225534713325,
0,727473,17225543296678,17225543296678,0,17225543815565,17225543818586,17225544449993,17225544569888,17225563796678,17225543808430,11143006,17225545342545,17225545384055,17225545541816,17225547345930,17225549188066,23906,704480,17225549188066,17225548815045,17225574300516,17225547345930,
0,727481,17225554437038,17225554437038,0,17225554865671,17225554868067,17225555387754,17225555484785,17225574937038,17225554859577,11142769,17225556091556,17225556134994,17225556268483,17225557880983,17225559629473,25000,402605,17225559629473,17225559002286,17225585435934,17225557880983,
0,727489,17225565577357,17225565577357,0,17225565929266,17225565931818,17225566469474,17225566566766,17225586077357,17225565923068,11142560,17225567159630,17225567199005,17225567330516,17225568911297,17225570584683,22135,373437,17225570584683,17225569943276,17225596589789,17225568911297,
0,727497,17225576719093,17225576719093,0,17225577894579,17225577895829,17225578094944,17225578159631,17225597219093,17225577890413,11142423,17225578558746,17225578651298,17225578784267,17225580592027,17225582384840,28438,480833,17225582384840,17225581869996,17225607724582,17225580592027,
0,727505,17225587873980,17225587873980,0,17225589066403,17225589067341,17225589292653,17225589346091,17225608373980,17225589063382,11143549,17225589556455,17225589607705,17225590955778,17225591873279,17225593567133,13750,248698,17225593567133,17225592596456,17225618868594,17225591873279,
0,727513,17225599015874,17225599015874,0,17225599454061,17225599455675,17225600113696,17225600225779,17225619515874,17225599446665,11143457,17225600252342,17225600313279,17225600447394,17225602072759,17225603833488,24115,369115,17225603833488,17225603130363,17225630012397,17225602072759,
0,727521,17225610160379,17225610160379,0,17225610468645,17225610470416,17225610689374,17225610770624,17225630660379,17225610464114,11143519,17225611374114,17225611415260,17225611552187,17225613221822,17225615020989,21510,417188,17225615020989,17225614360052,17225641149013,17225613221822,
0,727529,17225621302552,17225621302552,0,17225621799115,17225621800677,17225621999896,17225622086198,17225641802552,17225621794479,11143437,17225623144896,17225623206303,17225623346250,17225624903699,17225626773803,38959,439479,17225626773803,17225626161876,17225652302972,17225624903699,
0,727537,17225632444205,17225632444205,0,17225632808231,17225632811303,17225633019845,17225633136564,17225652944205,17225632800470,11143298,17225634033127,17225634086668,17225634250002,17225636178283,17225638010054,27656,406146,17225638010054,17225637382346,17225663442713,17225636178283,
0,727545,17225643586319,17225643586319,0,17225644244690,17225644245732,17225644443492,17225644542763,17225664086319,17225644240055,11143201,17225645109117,17225645149534,17225645272763,17225646639274,17225648442711,21406,340990,17225648442711,17225647633545,17225674587714,17225646639274,
0,727553,17225654728849,17225654728849,0,17225655098597,17225655099431,17225655307712,17225655393545,17225675228849,17225655093077,11143207,17225655875941,17225655926358,17225656052452,17225657602400,17225659398858,24011,447604,17225659398858,17225658748702,17225685747455,17225657602400,
0,727561,17225665872442,17225665872442,0,17225666207192,17225666208026,17225666437765,17225666530057,17225686372442,17225666202765,11143210,17225667058442,17225667101932,17225667224328,17225668811724,17225670561568,20469,362917,17225670561568,17225669852870,17225696874643,17225668811724,
0,727569,17225677015480,17225677015480,0,17225678236829,17225678237818,17225678442037,17225678498496,17225697515480,17225678233704,11143194,17225678800839,17225678841412,17225678961204,17225680460267,17225682553704,19687,382084,17225682553704,17225681534590,17225708016311,17225680460267,
0,727577,17225688159361,17225688159361,0,17225688780736,17225688781622,17225688967142,17225689025736,17225708659361,17225688776257,11143244,17225689324695,17225689385840,17225689506570,17225691009591,17225692787403,22656,394323,17225692787403,17225692233184,17225719163916,17225691009591,
0,727585,17225699305791,17225699305791,0,17225699626362,17225699627039,17225699795164,17225699870425,17225719805791,17225699622925,11143388,17225700348758,17225700394123,17225700505998,17225702066831,17225703885581,21667,381041,17225703885581,17225703167404,17225730309907,17225702066831,
0,727593,17225710448808,17225710448808,0,17225711023343,17225711024332,17225711208707,17225711295634,17225730948808,17225711019436,11143361,17225712042978,17225712088238,17225712215895,17225713636780,17225715415999,27604,366198,17225715415999,17225714680114,17225741446106,17225713636780,
0,727601,17225721591112,17225721591112,0,17225721943917,17225721945010,17225722155583,17225722241573,17225742091112,17225721940687,11143281,17225722757562,17225722837667,17225722971625,17225724604906,17225726424854,25469,415261,17225726424854,17225725822875,17225752598138,17225724604906,
0,727609,17225732735605,17225732735605,0,17225733390324,17225733391418,17225733569699,17225733664491,17225753235605,17225733386730,11143374,17225734162095,17225734202043,17225734301261,17225735649855,17225737381001,18385,312917,17225737381001,17225736582564,17225763738035,17225735649855,
0,727617,17225743878462,17225743878462,0,17225744211002,17225744211783,17225744393971,17225744474908,17225764378462,17225744208242,11143283,17225745008242,17225745047200,17225745147148,17225746475065,17225748218294,16718,357292,17225748218294,17225747462982,17225774898088,17225746475065,
0,727625,17225755023219,17225755023219,0,17225755392826,17225755394024,17225756013451,17225756100691,17225775523219,17225755388503,11143449,17225756608035,17225756653660,17225756772201,17225758162097,17225760008764,20156,397448,17225760008764,17225759326420,17225786019548,17225758162097,
0,727633,17225766169506,17225766169506,0,17225766464286,17225766465171,17225766636681,17225766715796,17225786669506,17225766460692,11143675,17225767201369,17225767248296,17225767363504,17225768802463,17225770648973,22239,367969,17225770648973,17225769871421,17225797171945,17225768802463,
0,727641,17225777313169,17225777313169,0,17225777691110,17225777691943,17225777862360,17225777946110,17225797813169,17225777686995,11143678,17225778453818,17225778500693,17225778614599,17225779908714,17225781706631,20156,324323,17225781706631,17225780855329,17225808307988,17225779908714,
0,727649,17225788460259,17225788460259,0,17225789687257,17225789688194,17225789853194,17225789909288,17225808960259,17225789685017,11143861,17225790224496,17225790268819,17225790394913,17225792269236,17225794154392,21771,439480,17225794154392,17225793458247,17225819455749,17225792269236,
0,727657,17225799602618,17225799602618,0,17225799959653,17225799961008,17225800158143,17225800231320,17225820102618,17225799955435,11143800,17225800721685,17225800795851,17225800915122,17225802442154,17225804228716,27239,354010,17225804228716,17225803449810,17225830597938,17225802442154,
0,727665,17225810747459,17225810747459,0,17225811416113,17225811417207,17225811610540,17225811734915,17225831247459,17225811412936,11143894,17225812321894,17225812374290,17225812514863,17225814089186,17225815914655,27344,458541,17225815914655,17225815316582,17225841747314,17225814089186,
0,727673,17225821889144,17225821889144,0,17225822561010,17225822562104,17225822735333,17225822815697,17225842389144,17225822558093,11143752,17225823265645,17225823307625,17225823427000,17225824654291,17225826399500,20156,361771,17225826399500,17225825680750,17225852892211,17225824654291,
0,727681,17225833033509,17225833033509,0,17225833371896,17225833372938,17225833567001,17225833678980,17225853533509,17225833366323,11143831,17225834102730,17225834170594,17225834358928,17225835946897,17225837740074,22865,375053,17225837740074,17225837033928,17225864029660,17225835946897,
0,727689,17225844176218,17225844176218,0,17225844474137,17225844475439,17225844657210,17225844746637,17225864676218,17225844469033,11143760,17225844768304,17225844824762,17225844925856,17225846528304,17225848276377,21875,338021,17225848276377,17225847525075,17225875167786,17225846528304,
0,727697,17225855320370,17225855320370,0,17225855725701,17225855726638,17225855955492,17225856029242,17225875820370,17225855722263,11143776,17225856727472,17225856771795,17225856890649,17225858244451,17225860055493,21666,388593,17225860055493,17225859729451,17225886312110,17225858244451,
0,727705,17225866464726,17225866464726,0,17225866753462,17225866754608,17225866916171,17225866999243,17225886964726,17225866748358,11143803,17225868044973,17225868098931,17225868230337,17225869689140,17225871453983,18594,322188,17225871453983,17225870675702,17225897459351,17225869689140,
0,727713,17225877606301,17225877606301,0,17225878313984,17225878315807,17225878493828,17225878597265,17225898106301,17225878307265,11143621,17225879455599,17225879496172,17225879625599,17225881221745,17225882973099,22656,379428,17225882973099,17225882415443,17225908605341,17225881221745,
0,727721,17225888748057,17225888748057,0,17225889931173,17225889932319,17225890097944,17225890154402,17225909248057,17225889928152,11143511,17225890460027,17225890506485,17225890626329,17225892881538,17225894739767,22135,440156,17225894739767,17225894133048,17225919748676,17225892881538,
0,727729,17225899889502,17225899889502,0,17225901307945,17225901309039,17225901511486,17225901579351,17225920389502,17225901305080,11143361,17225901972268,17225902030914,17225902207476,17225904032216,17225906207424,29010,479480,17225906207424,17225905307893,17225930884927,17225904032216,
0,727737,17225911032111,17225911032111,0,17225912213206,17225912214404,17225912408519,17225912472321,17225931532111,17225912210342,11143289,17225912786800,17225912834196,17225912968727,17225914498154,17225916246175,23750,361823,17225916246175,17225915573571,17225942026959,17225914498154,
0,727745,17225922177949,17225922177949,0,17225922501489,17225922502478,17225922673676,17225922745134,17225942677949,17225922498103,11143507,17225923197895,17225923242687,17225923363259,17225924834770,17225926659093,24531,374270,17225926659093,17225925931801,17225953184252,17225924834770,
0,727753,17225933321326,17225933321326,0,17225933638625,17225933640031,17225933805917,17225933884979,17225953821326,17225933635240,11143483,17225934333938,17225934377479,17225934525917,17225936097167,17225937861542,24063,371198,17225937861542,17225937176178,17225964326336,17225936097167,
0,727761,17225944462570,17225944462570,0,17225944827168,17225944828366,17225945059460,17225945139928,17225964962570,17225944823105,11143321,17225945648522,17225945689512,17225945810085,17225947152949,17225948884304,19740,316927,17225948884304,17225948053418,17225975464879,17225947152949,
0,727769,17225955604142,17225955604142,0,17225955911804,17225955913315,17225956112273,17225956197273,17225976104142,17225955907325,11143204,17225956725242,17225956774148,17225956903940,17225958320815,17225960290190,24114,340469,17225960290190,17225959287742,17225986604412,17225958320815,
0,727777,17225966749615,17225966749615,0,17225967061389,17225967063108,17225967249722,17225967332535,17225987249615,17225967057274,11143334,17225967907535,17225967951024,17225968068629,17225969544150,17225971297118,20625,326146,17225971297118,17225970499045,17225997746288,17225969544150,
0,727785,17225977893478,17225977893478,0,17225979111703,17225979112900,17225979270609,17225979324671,17225998393478,17225979108786,11143323,17225979622901,17225979668526,17225979799359,17225981214463,17225982968370,23334,411927,17225982968370,17225982384984,17226008888372,17225981214463,
0,727793,17225989037301,17225989037301,0,17225989493162,17225989494620,17225989805610,17225989884724,17226009537301,17225989488370,11143359,17225990370714,17225990430193,17225990546391,17225992189516,17225993965975,24375,360625,17225993965975,17225993222641,17226020035769,17225992189516,
0,727801,17226000179648,17226000179648,0,17226000541184,17226000542486,17226000730663,17226000820038,17226020679648,17226000536705,11143287,17226001330142,17226001374882,17226001485299,17226002911340,17226004705976,19740,358646,17226004705976,17226003937278,17226031183635,17226002911340,
0,727809,17226011324380,17226011324380,0,17226011833320,17226011834206,17226012018216,17226012095716,17226031824380,17226011828372,11143459,17226012602591,17226012672123,17226012784258,17226014259102,17226016144935,22500,483385,17226016144935,17226015496290,17226042326761,17226014259102,
0,727817,17226022465607,17226022465607,0,17226022803321,17226022804936,17226023031030,17226023117801,17226042965607,17226022799311,11143295,17226023628061,17226023688842,17226023814624,17226025453999,17226027276239,22292,368230,17226027276239,17226026495561,17226053468481,17226025453999,
0,727825,17226033609270,17226033609270,0,17226034603948,17226034604885,17226034792750,17226034853166,17226054109270,17226034600458,11143330,17226035241031,17226035302437,17226035452541,17226037058479,17226038903948,25260,387917,17226038903948,17226038167698,17226064621346,17226037058479,
0,727833,17226044752891,17226044752891,0,17226045081813,17226045083115,17226045655147,17226045724834,17226065252891,17226045078740,11143318,17226046178688,17226046218220,17226046350876,17226047780459,17226049555251,20468,347865,17226049555251,17226048803637,17226075747598,17226047780459,
0,727841,17226055896995,17226055896995,0,17226056538377,17226056539419,17226056728898,17226056813377,17226076396995,17226056534835,11143359,17226057285929,17226057328221,17226057450929,17226058950773,17226060678950,18959,363437,17226060678950,17226059984471,17226086891140,17226058950773,
0,727849,17226067040442,17226067040442,0,17226067373378,17226067375097,17226067587128,17226067719628,17226087540442,17226067369732,11143353,17226068254368,17226068312805,17226068455097,17226070002285,17226071824003,27708,445000,17226071824003,17226071193587,17226098027964,17226070002285,
0,727857,17226078187113,17226078187113,0,17226078738900,17226078740515,17226078966765,17226079057754,17226098687113,17226078735306,11143573,17226079444838,17226079532494,17226079690775,17226081129161,17226082860255,24115,422864,17226082860255,17226082347442,17226109180830,17226081129161,
0,727865,17226089329733,17226089329733,0,17226089680776,17226089681714,17226089907339,17226090005568,17226109829733,17226089675828,11143562,17226090030047,17226090088745,17226090200359,17226091873693,17226093643954,24115,374635,17226093643954,17226092979683,17226120319529,17226091873693,
0,727873,17226100471673,17226100471673,0,17226101101715,17226101103121,17226101284058,17226101389267,17226120971673,17226101097183,11143478,17226102208902,17226102264788,17226102414475,17226103934267,17226105682809,24739,444480,17226105682809,17226105096976,17226131462499,17226103934267,
0,727881,17226111611294,17226111611294,0,17226112071924,17226112073435,17226112268539,17226112362862,17226132111294,17226112068382,11143227,17226113435570,17226113508018,17226113651768,17226115222445,17226116954737,25677,389115,17226116954737,17226116333747,17226142604531,17226115222445,
0,727889,17226122753528,17226122753528,0,17226123061509,17226123063071,17226123211509,17226123295102,17226143253528,17226123057863,11143138,17226124001092,17226124042290,17226124176509,17226125676769,17226127407499,21250,333177,17226127407499,17226126674790,17226153746460,17226125676769,
0,727897,17226133895214,17226133895214,0,17226134199791,17226134200833,17226134391562,17226134477135,17226154395214,17226134196197,11143040,17226134928228,17226134983333,17226135088229,17226136397968,17226138101718,21354,424375,17226138101718,17226137433854,17226164895315,17226136397968,
0,727905,17226145037397,17226145037397,0,17226145322344,17226145323334,17226145493490,17226145572344,17226165537397,17226145318230,11142990,17226146111615,17226146151667,17226146289115,17226147747709,17226149503178,20833,368594,17226149503178,17226148828907,17226176029847,17226147747709,
0,727913,17226156179448,17226156179448,0,17226156467554,17226156468804,17226156676460,17226156766824,17226176679448,17226156462918,11142935,17226157292710,17226157340783,17226157479429,17226159128543,17226160875158,24062,379844,17226160875158,17226160214741,17226187176307,17226159128543,
0,727921,17226167320216,17226167320216,0,17226167635055,17226167636930,17226167847190,17226167937346,17226187820216,17226167630680,11142764,17226168530888,17226168578596,17226168717190,17226170233440,17226172014899,22968,380260,17226172014899,17226171335940,17226198323912,17226170233440,
0,727929,17226178462229,17226178462229,0,17226178745785,17226178747035,17226178924118,17226179016514,17226198962229,17226178741410,11142660,17226179484587,17226179525368,17226179641514,17226180896775,17226182606931,19687,385313,17226182606931,17226181885212,17226209468913,17226180896775,
0,727937,17226189604347,17226189604347,0,17226189920474,17226189921359,17226190116411,17226190192661,17226210104347,17226189916359,11142648,17226190685161,17226190738182,17226190857297,17226192441411,17226194249068,21771,398698,17226194249068,17226193562818,17226220613445,17226192441411,
0,727945,17226200747440,17226200747440,0,17226201125735,17226201126777,17226201331621,17226201413912,17226221247440,17226201121673,11142692,17226202000891,17226202048964,17226202161725,17226203567871,17226205358496,24167,377709,17226205358496,17226204624485,17226231740894,17226203567871,
0,727953,17226211891134,17226211891134,0,17226212213445,17226212214590,17226212411049,17226212490424,17226232391134,17226212209538,11142747,17226212979226,17226213026778,17226213148497,17226214578028,17226216356101,20000,366198,17226216356101,17226215651778,17226242887823,17226214578028,
0,727961,17226223034764,17226223034764,0,17226223579435,17226223580269,17226223766675,17226223852925,17226243534764,17226223575477,11142777,17226224391675,17226224432977,17226224553185,17226226041571,17226227794019,17864,351562,17226227794019,17226227061258,17226254036209,17226226041571,
0,727969,17226234178486,17226234178486,0,17226234834436,17226234835791,17226235097301,17226235175218,17226254678486,17226234830009,11142804,17226235684489,17226235733291,17226235857301,17226237278343,17226239055062,20521,377084,17226239055062,17226238379280,17226265180481,17226237278343,
0,727977,17226245318142,17226245318142,0,17226245898969,17226245900271,17226246102875,17226246193500,17226265818142,17226245894854,11142584,17226246750219,17226246792302,17226246927406,17226248435792,17226250226886,21198,355677,17226250226886,17226249477979,17226276315482,17226248435792,
0,727985,17226256459625,17226256459625,0,17226256831782,17226256833657,17226257001834,17226257078605,17226276959625,17226256827668,11142501,17226257564803,17226257613449,17226257738605,17226259161001,17226260992147,19115,369635,17226260992147,17226260229960,17226287455744,17226259161001,
0,727993,17226267603374,17226267603374,0,17226267969440,17226267970794,17226268165117,17226268256627,17226288103374,17226267964960,11142584,17226268819700,17226268869023,17226268987565,17226270409804,17226272239180,20261,352552,17226272239180,17226271432982,17226298603818,17226270409804,
0,728001,17226278747599,17226278747599,0,17226279151107,17226279152982,17226279328920,17226279412982,17226299247599,17226279144962,11142698,17226279881524,17226279925951,17226280036837,17226281357670,17226283199858,20625,398386,17226283199858,17226282457254,17226309757048,17226281357670,
0,728009,17226289889787,17226289889787,0,17226290206421,17226290207463,17226290410588,17226290494129,17226310389787,17226290202879,11142686,17226291019650,17226291068192,17226291180536,17226292738140,17226294550119,21302,376354,17226294550119,17226293794286,17226320881216,17226292738140,
0,728017,17226301033208,17226301033208,0,17226301365224,17226301367099,17226301573922,17226301717308,17226321533208,17226301360953,11142812,17226302369391,17226302424079,17226302556787,17226304079287,17226305887881,19166,452187,17226305887881,17226305276891,17226332030331,17226304079287,
0,728025,17226312175628,17226312175628,0,17226312499548,17226312500746,17226312678871,17226312762621,17226332675628,17226312494392,11142783,17226313228871,17226313290278,17226313395121,17226314637986,17226316374497,21303,347188,17226316374497,17226315625330,17226343171895,17226314637986,
0,728033,17226323320705,17226323320705,0,17226323654758,17226323655904,17226323841268,17226323924706,17226343820705,17226323650018,11142915,17226324328352,17226324391216,17226324536008,17226325908300,17226327652362,21510,354011,17226327652362,17226326920591,17226354297677,17226325908300,
0,728041,17226334460087,17226334460087,0,17226334797728,17226334798717,17226335020540,17226335099238,17226354960087,17226334793821,11142672,17226335123457,17226336086894,17226336150853,17226337031426,17226338664603,16197,286406,17226338664603,17226337823405,17226365444501,17226337031426,
0,728049,17226345602697,17226345602697,0,17226346038822,17226346040593,17226346300020,17226346398250,17226366102697,17226346034135,11142682,17226347141010,17226347637677,17226347706896,17226348646427,17226350199187,16406,282604,17226350199187,17226349397104,17226376602992,17226348646427,
0,728057,17226356744465,17226356744465,0,17226357109761,17226357111636,17226357318199,17226357406792,17226377244465,17226357104449,11142619,17226358335647,17226359250074,17226359324761,17226360229866,17226362092366,15104,281302,17226362092366,17226360991689,17226387744452,17226360229866,
0,728065,17226367882201,17226367882201,0,17226368592106,17226368594918,17226368974450,17226369082106,17226388382201,17226368586064,11142321,17226369993200,17226370035127,17226370205231,17226371849137,17226374053513,24375,437709,17226374053513,17226373070961,17226398890234,17226371849137,
0,728073,17226379021215,17226379021215,0,17226379331586,17226379333357,17226379533305,17226379624347,17226399521215,17226379325701,11142100,17226380158826,17226380201170,17226380322888,17226381952784,17226384148670,21302,388385,17226384148670,17226383071691,17226410031745,17226381952784,
0,728081,17226390164218,17226390164218,0,17226390483410,17226390485337,17226390676691,17226390766379,17226410664218,17226390478514,11142113,17226391242108,17226391282369,17226391399556,17226393034973,17226394834036,20209,397969,17226394834036,17226394138515,17226421178205,17226393034973,
0,728089,17226401307890,17226401307890,0,17226401731953,17226401733463,17226401943411,17226402039297,17226421807890,17226401727526,11142203,17226402540026,17226402587838,17226402702474,17226404127734,17226405861641,20052,424896,17226405861641,17226405227266,17226432318987,17226404127734,
0,728097,17226412451057,17226412451057,0,17226413744610,17226413745808,17226413935860,17226414003100,17226432951057,17226413741277,11142214,17226414367319,17226414418881,17226414590288,17226416332944,17226418479819,25365,406927,17226418479819,17226417485340,17226443452843,17226416332944,
0,728105,17226423594423,17226423594423,0,17226423897424,17226423898518,17226424069664,17226424150080,17226444094423,17226423893309,11142258,17226424622372,17226425256903,17226425327580,17226426292841,17226427950549,16511,297188,17226427950549,17226427117685,17226454599406,17226426292841,
0,728113,17226434739474,17226434739474,0,17226435163623,17226435165498,17226435399196,17226435508154,17226455239474,17226435157425,11142431,17226436145758,17226436221123,17226436363675,17226438017842,17226439990030,23906,373854,17226439990030,17226439241019,17226465749251,17226438017842,
0,728121,17226445884434,17226445884434,0,17226446248728,17226446249822,17226446417114,17226446494978,17226466384434,17226446244562,11142613,17226446925187,17226446961020,17226447057062,17226448069666,17226449614718,15000,236510,17226449614718,17226448793312,17226476877533,17226448069666,
0,728129,17226457027619,17226457027619,0,17226457641490,17226457642636,17226458028625,17226458127427,17226477527619,17226457636177,11142703,17226458770032,17226458817479,17226458949042,17226460446698,17226462222949,21927,342343,17226462222949,17226461442636,17226488024462,17226460446698,
0,728137,17226468169559,17226468169559,0,17226468543158,17226468544564,17226468738158,17226468825085,17226488669559,17226468538626,11142630,17226469328001,17226469378053,17226469498991,17226470879668,17226472619616,23229,420781,17226472619616,17226472012585,17226499166546,17226470879668,
0,728145,17226479313832,17226479313832,0,17226479963159,17226479964825,17226480160555,17226480256023,17226499813832,17226479958523,11142719,17226480763628,17226480803523,17226480919409,17226482425815,17226484197899,19427,375104,17226484197899,17226483460451,17226510307797,17226482425815,
0,728153,17226490455372,17226490455372,0,17226490802743,17226490803889,17226491035660,17226491121962,17226510955372,17226490798837,11142680,17226491716962,17226491763733,17226491899045,17226493356545,17226495135139,21042,347239,17226495135139,17226494356233,17225184288238,17226493356545,
0,728161,17226501598449,17226501598449,0,17226502294046,17226502295921,17226502496026,17226502593682,17226522098449,17226502289932,11142745,17226503124307,17226503174671,17226503310661,17226504724932,17226506579307,24635,366979,17226506579307,17226505788995,17225195419229,17226504724932,
0,728169,17226512740340,17226512740340,0,17226513067797,17226513069047,17226513264777,17226513346652,17226533240340,17226513065297,11142696,17226513841443,17226513890558,17226514003214,17226515558475,17226517391808,20729,428021,17226517391808,17226516696079,17225206565115,17226515558475,
0,728177,17226523881525,17226523881525,0,17226524351444,17226524354517,17226525165924,17226525281549,17226544381525,17226524344465,11142591,17226525995142,17226526042695,17226526224101,17226528254466,17225191307509,28646,413907,17225191307509,17226529535507,17225217711366,17226528254466,
---PROFILEDATA---


View hierarchy:

  dev.polski.grammarmatrix.benchmark/dev.polski.grammarmatrix.GlassBenchmarkActivity/android.view.ViewRootImpl@86d155f
  6 views, 10.66 kB of render nodes


Total ViewRootImpl   : 1
Total attached Views : 6
Total RenderNode     : 10.66 kB (used) / 34.73 kB (capacity)