Applications Graphics Acceleration Info:
Uptime: 17178987 Realtime: 155185551

** Graphics info for pid 27061 [dev.polski.grammarmatrix.benchmark] **

Stats since: 17176333170611ns
Total frames rendered: 238
Janky frames: 0 (0.00%)
Janky frames (legacy): 0 (0.00%)
50th percentile: 5ms
90th percentile: 5ms
95th percentile: 5ms
99th percentile: 5ms
Number Missed Vsync: 0
Number High input latency: 0
Number Slow UI thread: 0
Number Slow bitmap uploads: 0
Number Slow issue draw commands: 0
Number Frame deadline missed: 0
Number Frame deadline missed (legacy): 0
HISTOGRAM: 5ms=238 6ms=0 7ms=0 8ms=0 9ms=0 10ms=0 11ms=0 12ms=0 13ms=0 14ms=0 15ms=0 16ms=0 17ms=0 18ms=0 19ms=0 20ms=0 21ms=0 22ms=0 23ms=0 24ms=0 25ms=0 26ms=0 27ms=0 28ms=0 29ms=0 30ms=0 31ms=0 32ms=0 34ms=0 36ms=0 38ms=0 40ms=0 42ms=0 44ms=0 46ms=0 48ms=0 53ms=0 57ms=0 61ms=0 65ms=0 69ms=0 73ms=0 77ms=0 81ms=0 85ms=0 89ms=0 93ms=0 97ms=0 101ms=0 105ms=0 109ms=0 113ms=0 117ms=0 121ms=0 125ms=0 129ms=0 133ms=0 150ms=0 200ms=0 250ms=0 300ms=0 350ms=0 400ms=0 450ms=0 500ms=0 550ms=0 600ms=0 650ms=0 700ms=0 750ms=0 800ms=0 850ms=0 900ms=0 950ms=0 1000ms=0 1050ms=0 1100ms=0 1150ms=0 1200ms=0 1250ms=0 1300ms=0 1350ms=0 1400ms=0 1450ms=0 1500ms=0 1550ms=0 1600ms=0 1650ms=0 1700ms=0 1750ms=0 1800ms=0 1850ms=0 1900ms=0 1950ms=0 2000ms=0 2050ms=0 2100ms=0 2150ms=0 2200ms=0 2250ms=0 2300ms=0 2350ms=0 2400ms=0 2450ms=0 2500ms=0 2550ms=0 2600ms=0 2650ms=0 2700ms=0 2750ms=0 2800ms=0 2850ms=0 2900ms=0 2950ms=0 3000ms=0 3050ms=0 3100ms=0 3150ms=0 3200ms=0 3250ms=0 3300ms=0 3350ms=0 3400ms=0 3450ms=0 3500ms=0 3550ms=0 3600ms=0 3650ms=0 3700ms=0 3750ms=0 3800ms=0 3850ms=0 3900ms=0 3950ms=0 4000ms=0 4050ms=0 4100ms=0 4150ms=0 4200ms=0 4250ms=0 4300ms=0 4350ms=0 4400ms=0 4450ms=0 4500ms=0 4550ms=0 4600ms=0 4650ms=0 4700ms=0 4750ms=0 4800ms=0 4850ms=0 4900ms=0 4950ms=0
50th gpu percentile: 2ms
90th gpu percentile: 2ms
95th gpu percentile: 2ms
99th gpu percentile: 3ms
GPU HISTOGRAM: 1ms=0 2ms=229 3ms=9 4ms=0 5ms=0 6ms=0 7ms=0 8ms=0 9ms=0 10ms=0 11ms=0 12ms=0 13ms=0 14ms=0 15ms=0 16ms=0 17ms=0 18ms=0 19ms=0 20ms=0 21ms=0 22ms=0 23ms=0 24ms=0 25ms=0 4950ms=0

Pipeline=Skia (OpenGL)
CPU Caches:
  Glyph Cache: 43.11 KB (1 entry)
  Glyph Count: 8 
Total CPU memory usage:
  44146 bytes, 43.11 KB (0.00 bytes is purgeable)
GPU Caches:
  Other:
    Other: 13.66 KB (1 entry)
    Buffer Object: 36.00 KB (1 entry)
  Scratch:
    Texture: 2.00 MB (1 entry)
    Buffer Object: 48.00 KB (1 entry)
Total GPU memory usage:
  2197152 bytes, 2.10 MB (36.00 KB is purgeable)

Profile data in ms:

	dev.polski.grammarmatrix.benchmark/dev.polski.grammarmatrix.GlassBenchmarkActivity/android.view.ViewRootImpl@86d155f (visibility=0)
Window: dev.polski.grammarmatrix.benchmark/dev.polski.grammarmatrix.GlassBenchmarkActivity
Stats since: 17176333169986ns
Total frames rendered: 238
Janky frames: 0 (0.00%)
Janky frames (legacy): 0 (0.00%)
50th percentile: 5ms
90th percentile: 5ms
95th percentile: 5ms
99th percentile: 5ms
Number Missed Vsync: 0
Number High input latency: 0
Number Slow UI thread: 0
Number Slow bitmap uploads: 0
Number Slow issue draw commands: 0
Number Frame deadline missed: 0
Number Frame deadline missed (legacy): 0
HISTOGRAM: 5ms=238 6ms=0 7ms=0 8ms=0 9ms=0 10ms=0 11ms=0 12ms=0 13ms=0 14ms=0 15ms=0 16ms=0 17ms=0 18ms=0 19ms=0 20ms=0 21ms=0 22ms=0 23ms=0 24ms=0 25ms=0 26ms=0 27ms=0 28ms=0 29ms=0 30ms=0 31ms=0 32ms=0 34ms=0 36ms=0 38ms=0 40ms=0 42ms=0 44ms=0 46ms=0 48ms=0 53ms=0 57ms=0 61ms=0 65ms=0 69ms=0 73ms=0 77ms=0 81ms=0 85ms=0 89ms=0 93ms=0 97ms=0 101ms=0 105ms=0 109ms=0 113ms=0 117ms=0 121ms=0 125ms=0 129ms=0 133ms=0 150ms=0 200ms=0 250ms=0 300ms=0 350ms=0 400ms=0 450ms=0 500ms=0 550ms=0 600ms=0 650ms=0 700ms=0 750ms=0 800ms=0 850ms=0 900ms=0 950ms=0 1000ms=0 1050ms=0 1100ms=0 1150ms=0 1200ms=0 1250ms=0 1300ms=0 1350ms=0 1400ms=0 1450ms=0 1500ms=0 1550ms=0 1600ms=0 1650ms=0 1700ms=0 1750ms=0 1800ms=0 1850ms=0 1900ms=0 1950ms=0 2000ms=0 2050ms=0 2100ms=0 2150ms=0 2200ms=0 2250ms=0 2300ms=0 2350ms=0 2400ms=0 2450ms=0 2500ms=0 2550ms=0 2600ms=0 2650ms=0 2700ms=0 2750ms=0 2800ms=0 2850ms=0 2900ms=0 2950ms=0 3000ms=0 3050ms=0 3100ms=0 3150ms=0 3200ms=0 3250ms=0 3300ms=0 3350ms=0 3400ms=0 3450ms=0 3500ms=0 3550ms=0 3600ms=0 3650ms=0 3700ms=0 3750ms=0 3800ms=0 3850ms=0 3900ms=0 3950ms=0 4000ms=0 4050ms=0 4100ms=0 4150ms=0 4200ms=0 4250ms=0 4300ms=0 4350ms=0 4400ms=0 4450ms=0 4500ms=0 4550ms=0 4600ms=0 4650ms=0 4700ms=0 4750ms=0 4800ms=0 4850ms=0 4900ms=0 4950ms=0
50th gpu percentile: 2ms
90th gpu percentile: 2ms
95th gpu percentile: 2ms
99th gpu percentile: 3ms
GPU HISTOGRAM: 1ms=0 2ms=229 3ms=9 4ms=0 5ms=0 6ms=0 7ms=0 8ms=0 9ms=0 10ms=0 11ms=0 12ms=0 13ms=0 14ms=0 15ms=0 16ms=0 17ms=0 18ms=0 19ms=0 20ms=0 21ms=0 22ms=0 23ms=0 24ms=0 25ms=0 4950ms=0



---PROFILEDATA---
Flags,FrameTimelineVsyncId,IntendedVsync,Vsync,InputEventId,HandleInputStart,AnimationStart,PerformTraversalsStart,DrawStart,FrameDeadline,FrameInterval,FrameStartTime,SyncQueued,SyncStart,IssueDrawCommandsStart,SwapBuffers,FrameCompleted,DequeueBufferDuration,QueueBufferDuration,GpuCompleted,SwapBuffersCompleted,DisplayPresentTime,CommandSubmissionCompleted,
0,693030,17177652686054,17177652686054,0,17177653087930,17177653089180,17177653276472,17177653354909,17177673186054,17177653083503,11142567,17177653780430,17177653852618,17177654000534,17177655521993,17177657277253,29010,361198,17177657277253,17177656541472,17177683684131,17177655521993,
0,693038,17177663829923,17177663829923,0,17177664158087,17177664159442,17177664359077,17177664466160,17177684329923,17177664151473,11142621,17177664495431,17177664559390,17177664672254,17177666230796,17177667988036,22291,350833,17177667988036,17177667241629,17177694823872,17177666230796,
0,693046,17177674969805,17177674969805,0,17177675375224,17177675376474,17177675602307,17177675699599,17177695469805,17177675369391,11142428,17177676500120,17177676558922,17177676706266,17177678203558,17177679988870,28542,411875,17177679988870,17177679372360,17177705965071,17177678203558,
0,693054,17177686110134,17177686110134,0,17177686426215,17177686427204,17177686621110,17177686706423,17177706610134,17177686421683,11142275,17177687762517,17177687823350,17177687955329,17177689529392,17177691261267,20157,378646,17177691261267,17177690597309,17177717106114,17177689529392,
0,693062,17177697251064,17177697251064,0,17177697865174,17177697866476,17177698024080,17177698117830,17177717751064,17177697860330,11142137,17177699167205,17177699209810,17177699328820,17177700800174,17177702530643,20156,459167,17177702530643,17177701934393,17177728249292,17177700800174,
0,693070,17177708394365,17177708394365,0,17177708755175,17177708756529,17177708963509,17177709065904,17177728894365,17177708750956,11142257,17177709729759,17177709772884,17177709924342,17177711487415,17177713402051,22552,362292,17177713402051,17177712678457,17177739396116,17177711487415,
0,693078,17177719536092,17177719536092,0,17177719874968,17177719876062,17177720064343,17177720149551,17177740036092,17177719871635,11142229,17177720743458,17177720783926,17177720910489,17177722543302,17177724302000,20208,367395,17177724302000,17177723606843,17177750547367,17177722543302,
0,693086,17177730678288,17177730678288,0,17177731310125,17177731310802,17177731475698,17177731557052,17177751178288,17177731306584,11142256,17177732158250,17177732204240,17177732335178,17177733828511,17177735538615,23073,356093,17177735538615,17177734852313,17177761676743,17177733828511,
0,693094,17177741819640,17177741819640,0,17177743040960,17177743041949,17177743204502,17177743257835,17177762319640,17177743038668,11142189,17177743604137,17177743648616,17177743767522,17177745305439,17177747091794,20156,444323,17177747091794,17177746491794,17177772823567,17177745305439,
0,693102,17177752961653,17177752961653,0,17177754219138,17177754220544,17177754437003,17177754503461,17177773461653,17177754215492,11142144,17177755020336,17177755093930,17177755268096,17177757023409,17177758834243,26927,420937,17177758834243,17177758230441,17177783961953,17177757023409,
0,693110,17177764106101,17177764106101,0,17177764425077,17177764426118,17177764620545,17177764700597,17177784606101,17177764421014,11142255,17177765336014,17177765385597,17177765559556,17177767209035,17177768987837,22864,389584,17177768987837,17177768357160,17177795115548,17177767209035,
0,693118,17177775246952,17177775246952,0,17177775590338,17177775591692,17177775802942,17177775898828,17177795746952,17177775583984,11142143,17177776586849,17177776636119,17177776770494,17177778364297,17177780186693,22708,385521,17177780186693,17177779463984,17177806254456,17177778364297,
0,693126,17177786389372,17177786389372,0,17177786675756,17177786676589,17177786829662,17177786896485,17177806889372,17177786672839,11142142,17177787343777,17177787412735,17177787518100,17177789010183,17177790771485,22448,359844,17177790771485,17177789995235,17177817386436,17177789010183,
0,693134,17177797533045,17177797533045,0,17177798742997,17177798743934,17177798902736,17177798954715,17177818033045,17177798740705,11142299,17177799313518,17177799358153,17177799490340,17177800959716,17177802715080,23855,388489,17177802715080,17177802023674,17177828523573,17177800959716,
0,693142,17177808677797,17177808677797,0,17177809023675,17177809024821,17177809189821,17177809293727,17177829177797,17177809020706,11142450,17177809825862,17177809870758,17177809989664,17177811524612,17177813509300,23645,370781,17177813509300,17177812801800,17177839676490,17177811524612,
0,693150,17177819822293,17177819822293,0,17177820116957,17177820117686,17177820272582,17177820344457,17177840322293,17177820113936,11142611,17177820853259,17177820897895,17177821026124,17177822555134,17177824348833,21094,343073,17177824348833,17177823584301,17177850810398,17177822555134,
0,693158,17177830962633,17177830962633,0,17177832072635,17177832073729,17177832244042,17177832301594,17177851462633,17177832069771,11142465,17177832711542,17177832756125,17177832891802,17177834435448,17177836275188,21511,558281,17177836275188,17177835777584,17177861962586,17177834435448,
0,693166,17177842101236,17177842101236,0,17177842450293,17177842451803,17177842670657,17177842757584,17177862601236,17177842446647,11142199,17177843378730,17177843436022,17177843581595,17177845433939,17177847302168,28645,355625,17177847302168,17177846513783,17177873101389,17177845433939,
0,693174,17177853244119,17177853244119,0,17177853875450,17177853877325,17177854060763,17177854159044,17177873744119,17177853870606,11142248,17177854731336,17177854773992,17177854884825,17177856645190,17177858535867,20469,438906,17177858535867,17177857864617,17177884238995,17177856645190,
0,693182,17177864385794,17177864385794,0,17177864749566,17177864750607,17177865501857,17177865598212,17177884885794,17177864744566,11142257,17177866247847,17177866295868,17177866428837,17177868395087,17177870239150,24479,419843,17177870239150,17177869578941,17177895419152,17177868395087,
0,693190,17177875527936,17177875527936,0,17177876201338,17177876202588,17177876405921,17177876497588,17177896027936,17177876196025,11142213,17177877172692,17177877215921,17177877336182,17177878766911,17177880434776,20886,321303,17177880434776,17177879696494,17177906529570,17177878766911,
0,693198,17177886671668,17177886671668,0,17177887019047,17177887020349,17177887254880,17177887391183,17177907171668,17177887014776,11142359,17177888112745,17177888164828,17177888344047,17177889957172,17177891833318,25833,435520,17177891833318,17177891139725,17177917670821,17177889957172,
0,693206,17177897812137,17177897812137,0,17177898095715,17177898096652,17177898844725,17177898949257,17177918312137,17177898090923,11142228,17177899516340,17177899585142,17177899753580,17177901314830,17177903124726,23490,375261,17177903124726,17177902448424,17177928814103,17177901314830,
0,693214,17177908961937,17177908961937,0,17177909311862,17177909312487,17177909498997,17177909590508,17177929461937,17177909306445,11142650,17177909614779,17177909669310,17177909787122,17177911198268,17177912923008,22239,339479,17177912923008,17177912205091,17177939966292,17177911198268,
0,693222,17177920104020,17177920104020,0,17177920437853,17177920438634,17177920667436,17177920759884,17177940604020,17177920433425,11142636,17177921549988,17177921601498,17177921753634,17177923131499,17177924847176,23229,367760,17177924847176,17177924143426,17177951099210,17177923131499,
0,693230,17177931245449,17177931245449,0,17177932424625,17177932425510,17177932589312,17177932650458,17177951745449,17177932421343,11142568,17177933421916,17177933480041,17177933624520,17177935289156,17177937213844,24219,453073,17177937213844,17177936666969,17177962248013,17177935289156,
0,693238,17177942386929,17177942386929,0,17177942887959,17177942889365,17177943090303,17177943188636,17177962886929,17177942882073,11142496,17177944176501,17177944249469,17177944385719,17177946327282,17177948058637,35208,356562,17177948058637,17177947385303,17177973389316,17177946327282,
0,693246,17177953530532,17177953530532,0,17177953802439,17177953803689,17177953977595,17177954064314,17177974030532,17177953797647,11142540,17177954592908,17177954631189,17177954749731,17177956509887,17177958310929,21771,410104,17177958310929,17177957655408,17177984525671,17177956509887,
0,693254,17177964671705,17177964671705,0,17177964987753,17177964989419,17177965223586,17177965319263,17177985171705,17177964983274,11142442,17177965960774,17177966013274,17177966140722,17177967976555,17177969875722,24323,415625,17177969875722,17177969250878,17177995676975,17177967976555,
0,693262,17177975815124,17177975815124,0,17177976108379,17177976109733,17177976268743,17177976343379,17177996315124,17177976104212,11142503,17177976884264,17177976930723,17177977061191,17177978631765,17177980357442,21458,343125,17177980357442,17177979629473,17178006818069,17177978631765,
0,693270,17177986959651,17177986959651,0,17177987259370,17177987260463,17177987443745,17177987524682,17178007459651,17177987255411,11142683,17177988121609,17177988166036,17177988281088,17177989774161,17177991489474,22240,359896,17177991489474,17177990785099,17178017961143,17177989774161,
0,693278,17177998100693,17177998100693,0,17177998441819,17177998442652,17177998609058,17177998676298,17178018600693,17177998438954,11142579,17177999169840,17177999219475,17177999334683,17178000848069,17178002622652,22500,443021,17178002622652,17178001985465,17178029100207,17178000848069,
0,693286,17178009244606,17178009244606,0,17178009666820,17178009667757,17178009828174,17178009902861,17178029744606,17178009664007,11142671,17178010485257,17178010530153,17178010660466,17178012349580,17178014111768,20937,341355,17178014111768,17178013355310,17178040242031,17178012349580,
0,693294,17178020387439,17178020387439,0,17178020673644,17178020674737,17178020838800,17178020894738,17178040887439,17178020671248,11142673,17178021284842,17178021333279,17178021484477,17178023104738,17178024946925,27447,381563,17178024946925,17178024229634,17178051385991,17178023104738,
0,693302,17178031532094,17178031532094,0,17178032830468,17178032831666,17178033001145,17178033056978,17178052032094,17178032827760,11142849,17178033456822,17178033503072,17178033638749,17178035278958,17178037146979,23386,394792,17178037146979,17178036445312,17178062529065,17178035278958,
0,693310,17178042675421,17178042675421,0,17178043001302,17178043002865,17178043201667,17178043325729,17178063175421,17178042996719,11142926,17178043983073,17178044035156,17178044180313,17178045867969,17178047691615,25521,385625,17178047691615,17178046985157,17178073684066,17178045867969,
0,693318,17178053816946,17178053816946,0,17178054222762,17178054223908,17178054409064,17178054494637,17178074316946,17178054218803,11142833,17178055109428,17178055149897,17178055292345,17178056694064,17178058484585,27032,362136,17178058484585,17178057708127,17178084839796,17178056694064,
0,693326,17178064957839,17178064957839,0,17178066175419,17178066176982,17178066376200,17178066440055,17178085457839,17178066172398,11142668,17178066856878,17178066913336,17178067065836,17178068967451,17178070860628,31927,477500,17178070860628,17178070271513,17178095959641,17178068967451,
0,693334,17178076100319,17178076100319,0,17178076384691,17178076385524,17178076559899,17178076646774,17178096600319,17178076380368,11142657,17178077707191,17178077755785,17178077901618,17178079572764,17178081395941,27604,375833,17178081395941,17178080673806,17178107099642,17178079572764,
0,693342,17178087244394,17178087244394,0,17178087562452,17178087563442,17178087745734,17178087829744,17178107744394,17178087558338,11142686,17178088481359,17178088522192,17178088635109,17178089978651,17178091779797,19584,334063,17178091779797,17178090966255,17178118238810,17178089978651,
0,693350,17178098392763,17178098392763,0,17178099072089,17178099073391,17178099316152,17178099409850,17178118892763,17178099067922,11143020,17178099948756,17178099999745,17178100110995,17178101691673,17178103534746,28646,371510,17178103534746,17178102770787,17178129386415,17178101691673,
0,693358,17178109534488,17178109534488,0,17178110757351,17178110758340,17178110931882,17178110994851,17178130034488,17178110754746,11142932,17178111398236,17178111444747,17178111576882,17178113129903,17178114974955,53385,359114,17178114974955,17178114198184,17178140526885,17178113129903,
0,693366,17178120674645,17178120674645,0,17178121343914,17178121344852,17178121518341,17178121604383,17178141174645,17178121340425,11142719,17178122225529,17178122272873,17178122400060,17178123876987,17178125607508,20834,359323,17178125607508,17178124920737,17178151672198,17178123876987,
0,693374,17178131819907,17178131819907,0,17178132504228,17178132505113,17178132695686,17178132781415,17178152319907,17178132500530,11143036,17178133401051,17178133447561,17178133560061,17178134886572,17178136710426,20417,371406,17178136710426,17178135993655,17178162821939,17178134886572,
0,693382,17178142961791,17178142961791,0,17178143287146,17178143287927,17178143468968,17178143552823,17178163461791,17178143284073,11142965,17178144009437,17178144057406,17178144179854,17178145517198,17178147237927,18021,348333,17178147237927,17178146497771,17178173956680,17178145517198,
0,693390,17178154102840,17178154102840,0,17178154442042,17178154442928,17178154673501,17178154763136,17178174602840,17178154438397,11142835,17178154785688,17178154844438,17178155009022,17178156552616,17178158429022,27032,391562,17178158429022,17178157636834,17178185091733,17178156552616,
0,693398,17178165244583,17178165244583,0,17178165583606,17178165585117,17178165808867,17178165896471,17178185744583,17178165578919,11142749,17178166713658,17178166770585,17178166905377,17178168567148,17178170316263,27084,425990,17178170316263,17178169732304,17178196237255,17178168567148,
0,693406,17178176389499,17178176389499,0,17178176684753,17178176686524,17178176879232,17178176982357,17178196889499,17178176680013,11142907,17178178175066,17178178243399,17178178430378,17178180042097,17178181778451,26615,374167,17178181778451,17178181142722,17178207378819,17178180042097,
0,693414,17178187530846,17178187530846,0,17178187790952,17178187792723,17178187941629,17178188043400,17178208030846,17178187785483,11142794,17178189038088,17178189073088,17178189186838,17178190666317,17178192400953,20990,381198,17178192400953,17178191736109,17178218525955,17178190666317,
0,693422,17178198671277,17178198671277,0,17178199085953,17178199087307,17178199292516,17178199383037,17178219171277,17178199080849,11142664,17178199984391,17178200034755,17178200181318,17178201969808,17178203771839,24219,389323,17178203771839,17178203097672,17178229679862,17178201969808,
0,693430,17178209812365,17178209812365,0,17178210151579,17178210152413,17178210361631,17178210451163,17178230312365,17178210147204,11142567,17178211089809,17178211131788,17178211260017,17178212923819,17178214664184,21667,360521,17178214664184,17178213957778,17178240802937,17178212923819,
0,693438,17178220952255,17178220952255,0,17178221250539,17178221251372,17178221460122,17178221550070,17178241452255,17178221245226,11142362,17178222248976,17178222307414,17178222434081,17178224083352,17178225911998,26302,648489,17178225911998,17178225497310,17178251951063,17178224083352,
0,693446,17178232094664,17178232094664,0,17178232425279,17178232426269,17178232569238,17178232628769,17178252594664,17178232422675,11142359,17178233055696,17178233117102,17178233237936,17178234614967,17178236312155,22864,339688,17178236312155,17178235617728,17178263100907,17178234614967,
0,693454,17178243239616,17178243239616,0,17178243513926,17178243514708,17178243675749,17178243743614,17178263739616,17178243510228,11142497,17178244251010,17178244291895,17178244417520,17178245886791,17178247624708,20833,370521,17178247624708,17178246933562,17178274237732,17178245886791,
0,693462,17178254379708,17178254379708,0,17178254912209,17178254912990,17178255199605,17178255271896,17178274879708,17178254909605,11142349,17178255804188,17178255879292,17178256005178,17178257587105,17178259376063,24896,547604,17178259376063,17178258844865,17178285379087,17178257587105,
0,693470,17178265520779,17178265520779,0,17178265833356,17178265834345,17178266002731,17178266075127,17178286020779,17178265829606,11142240,17178266641116,17178266684137,17178266811585,17178268189814,17178270002679,20417,342604,17178270002679,17178269232575,17178296517005,17178268189814,
0,693478,17178276663506,17178276663506,0,17178276985440,17178276986221,17178277169451,17178277248305,17178297163506,17178276980909,11142224,17178277832680,17178277880336,17178278007940,17178279619867,17178281489034,23438,355468,17178281489034,17178280671222,17178307666901,17178279619867,
0,693486,17178287804906,17178287804906,0,17178288141327,17178288142472,17178288414556,17178288503254,17178308304906,17178288138097,11142136,17178289089035,17178289132004,17178289241900,17178290701587,17178292460129,22135,418698,17178292460129,17178291802785,17178318806798,17178290701587,
0,693494,17178298946084,17178298946084,0,17178299270338,17178299271380,17178299461536,17178299543255,17178319446084,17178299267057,11142038,17178300142317,17178300190859,17178300410286,17178302001432,17178303808932,20990,406146,17178303808932,17178303131901,17178329947477,17178302001432,
0,693502,17178310088204,17178310088204,0,17178310479714,17178310481433,17178310681902,17178311147371,17178330588204,17178310476277,11142073,17178311880652,17178311923412,17178312049142,17178313368985,17178315204559,18594,317135,17178315204559,17178314290392,17178341084561,17178313368985,
0,693510,17178321234608,17178321234608,0,17178321558049,17178321559611,17178321795705,17178321882893,17178341734608,17178321553882,11142447,17178322512945,17178322557163,17178322661955,17178323952372,17178325719820,17813,325677,17178325719820,17178324869039,17178352233677,17178323952372,
0,693518,17178332377155,17178332377155,0,17178332737060,17178332737998,17178332941592,17178333025394,17178352877155,17178332731904,11142461,17178333598571,17178333644040,17178333752112,17178335118519,17178336939196,20000,354948,17178336939196,17178336102790,17178363369355,17178335118519,
0,693526,17178343518911,17178343518911,0,17178343864561,17178343866228,17178344069197,17178344156228,17178364018911,17178343861072,11142414,17178344806436,17178344854249,17178345095395,17178346543364,17178348452010,28802,368907,17178348452010,17178347542374,17178374509877,17178346543364,
0,693534,17178354658850,17178354658850,0,17178355313052,17178355314719,17178355558156,17178355648625,17178375158850,17178355307271,11142240,17178356358990,17178356411490,17178356536802,17178357927584,17178359735188,23386,361458,17178359735188,17178358976855,17178385648732,17178357927584,
0,693542,17178365801321,17178365801321,0,17178366108053,17178366109564,17178366334512,17178366427949,17178386301321,17178366104303,11142248,17178367026387,17178367072897,17178367194876,17178368501178,17178370200762,20417,306771,17178370200762,17178369390293,17178396792275,17178368501178,
0,693550,17178376941852,17178376941852,0,17178377267221,17178377268315,17178377472690,17178377565763,17178397441852,17178377261752,11142130,17178378233523,17178378278419,17178378436284,17178379770607,17178381521492,21406,331302,17178381521492,17178380711023,17178407929255,17178379770607,
0,693558,17178388082521,17178388082521,0,17178388421753,17178388423420,17178388601649,17178388696128,17178408582521,17178388417014,11142040,17178389112587,17178389170087,17178389316805,17178390549722,17178392226129,21823,294479,17178392226129,17178391405139,17178419073423,17178390549722,
0,693566,17178399223725,17178399223725,0,17178399538734,17178399539879,17178399726442,17178399814046,17178419723725,17178399533734,11142030,17178399839567,17178399913682,17178400005921,17178401225869,17178402918942,15782,314011,17178402918942,17178402146078,17178430205612,17178401225869,
0,693574,17178410364398,17178410364398,0,17178410733995,17178410734933,17178410916495,17178411012797,17178430864398,17178410730193,11141948,17178411914776,17178411958370,17178412070818,17178413284672,17178415332589,16666,300781,17178415332589,17178414155454,17178441357279,17178413284672,
0,693582,17178421502805,17178421502805,0,17178422772642,17178422774100,17178422949778,17178423013163,17178442002805,17178422769100,11141691,17178423764361,17178423828892,17178423985767,17178425751288,17178427533320,24479,427396,17178427533320,17178426941393,17178452508218,17178425751288,
0,693590,17178432642372,17178432642372,0,17178432909726,17178432910924,17178433102487,17178433168893,17178453142372,17178432906185,11141525,17178433910768,17178433959362,17178434072383,17178435821758,17178437621029,20260,394948,17178437621029,17178436997904,17178463645615,17178435821758,
0,693598,17178443779554,17178443779554,0,17178445048894,17178445049780,17178445221134,17178445283426,17178464279554,17178445045561,11141217,17178445722124,17178445776967,17178445949311,17178447794780,17178449655509,27291,444271,17178449655509,17178449245301,17178474788689,17178447794780,
0,693606,17178454920188,17178454920188,0,17178456188323,17178456189156,17178456378218,17178456440927,17178475420188,17178456185145,11141148,17178456808218,17178456856552,17178457000614,17178458697021,17178460488948,24844,373490,17178460488948,17178459796552,17178485925565,17178458697021,
0,693614,17178466065116,17178466065116,0,17178467277855,17178467278949,17178467479105,17178467542334,17178486565116,17178467274678,11141408,17178467929938,17178467977751,17178468160824,17178469822282,17178471602126,25312,378230,17178471602126,17178470914053,17178497069941,17178469822282,
0,693622,17178477206062,17178477206062,0,17178477583741,17178477585043,17178477786189,17178477872648,17178497706062,17178477578116,11141320,17178478585616,17178478634731,17178478772127,17178480721658,17178482557075,25729,444479,17178482557075,17178481934992,17178508219994,17178480721658,
0,693630,17178488348227,17178488348227,0,17178488916763,17178488917857,17178489140826,17178489236920,17178508848227,17178488911972,11141341,17178489923899,17178489966972,17178490093222,17178491754107,17178493533014,21615,365885,17178493533014,17178492833795,17178519356402,17178491754107,
0,693638,17178499490472,17178499490472,0,17178499774577,17178499775306,17178499930931,17178500001035,17178519990472,17178499772233,11141416,17178500500723,17178500544264,17178500661400,17178502106244,17178503852546,24688,334427,17178503852546,17178503057650,17178530497965,17178502106244,
0,693646,17178510632772,17178510632772,0,17178511356453,17178511357703,17178511593901,17178511726297,17178531132772,17178511352599,11141467,17178512405880,17178512449839,17178512586974,17178514052912,17178515836037,19635,400365,17178515836037,17178515132964,17178541646508,17178514052912,
0,693654,17178521777071,17178521777071,0,17178522468694,17178522469892,17178522689944,17178522795048,17178542277071,17178522463381,11141634,17178523448017,17178523490777,17178523610569,17178524941923,17178526684007,19219,319636,17178526684007,17178525872288,17178552794634,17178524941923,
0,693662,17178532919325,17178532919325,0,17178533244528,17178533245518,17178533446820,17178533535101,17178553419325,17178533239268,11141655,17178534166143,17178534212445,17178534334059,17178536089164,17178537831924,22291,314740,17178537831924,17178537017654,17178563932552,17178536089164,
0,693670,17178544062768,17178544062768,0,17178544393436,17178544394373,17178544601456,17178544710727,17178564562768,17178544389008,11141795,17178545439790,17178545497186,17178545628071,17178547169009,17178548972811,24011,395104,17178548972811,17178548262030,17178575069428,17178547169009,
0,693678,17178555207656,17178555207656,0,17178555986718,17178555987655,17178556171978,17178556253176,17178575707656,17178555982239,11142010,17178556817187,17178556884843,17178557023124,17178558551979,17178560334323,25261,389896,17178560334323,17178559626302,17178586216669,17178558551979,
0,693686,17178566353807,17178566353807,0,17178566666875,17178566667709,17178566886094,17178566964584,17178586853807,17178566663490,11142291,17178567535365,17178567587709,17178567713490,17178569283959,17178571135782,24219,391719,17178571135782,17178570350834,17178597354951,17178569283959,
0,693694,17178577498029,17178577498029,0,17178577827033,17178577828178,17178578017970,17178578097658,17178597998029,17178577822866,11142426,17178578736199,17178578776460,17178578884897,17178580274116,17178582062918,21980,338542,17178582062918,17178581257866,17178608496879,17178580274116,
0,693702,17178588642003,17178588642003,0,17178589354742,17178589355784,17178589532034,17178589621930,17178609142003,17178589350888,11142588,17178590180471,17178590229534,17178590364273,17178592063753,17178593920472,23698,388177,17178593920472,17178593170159,17178619640422,17178592063753,
0,693710,17178599786300,17178599786300,0,17178600369379,17178600370108,17178600531358,17178600606566,17178620286300,17178600366201,11142731,17178601082868,17178601123129,17178601226827,17178602596775,17178604372764,19427,350156,17178604372764,17178603582087,17178630782871,17178602596775,
0,693718,17178610929310,17178610929310,0,17178611545578,17178611546880,17178611785369,17178611864223,17178631429310,17178611541411,11142787,17178612419536,17178612465317,17178612579640,17178614030682,17178615764380,19375,437292,17178615764380,17178615159015,17178641941362,17178614030682,
0,693726,17178622071676,17178622071676,0,17178622413287,17178622414745,17178622635579,17178622721412,17178642571676,17178622408808,11142784,17178623340839,17178623387193,17178623519745,17178624928496,17178626809537,20104,369167,17178626809537,17178626099017,17178653074488,17178624928496,
0,693734,17178633214516,17178633214516,0,17178633513028,17178633513861,17178633674226,17178633760424,17178653714516,17178633508392,11142816,17178634155997,17178634214382,17178634351153,17178635841153,17178637578289,21615,423438,17178637578289,17178636934434,17178664218552,17178635841153,
0,693742,17178644356467,17178644356467,0,17178645068602,17178645069800,17178645270425,17178645371883,17178664856467,17178644732560,11142762,17178645395633,17178645456987,17178645595060,17178647180269,17178648987821,26979,485417,17178648987821,17178648451935,17178675352511,17178647180269,
0,693750,17178655502510,17178655502510,0,17178655833551,17178655834645,17178656028863,17178656117822,17178676002510,17178655829176,11142958,17178656951311,17178656996780,17178657125686,17178658644489,17178660345530,21145,350677,17178660345530,17178659662978,17178686502408,17178658644489,
0,693758,17178666644226,17178666644226,0,17178666955635,17178666956729,17178667126364,17178667218656,17178687144226,17178666951312,11142830,17178668450375,17178668514490,17178668650062,17178670198552,17178671934594,20729,355261,17178671934594,17178671236261,17178697650847,17178670198552,
0,693766,17178677787439,17178677787439,0,17178678075063,17178678076522,17178678228553,17178678382251,17178698287439,17178678071053,11142841,17178679169959,17178679213032,17178679344178,17178680859022,17178682590324,19844,370678,17178682590324,17178681897616,17178708790275,17178680859022,
0,693774,17178688929720,17178688929720,0,17178689415012,17178689415950,17178689610117,17178689679596,17178709429720,17178689411471,11142846,17178690103710,17178690166054,17178690308919,17178692249700,17178694407148,25312,667656,17178694407148,17178694031367,17178719931109,17178692249700,
0,693782,17178700073087,17178700073087,0,17178701281993,17178701283139,17178701494493,17178701564545,17178720573087,17178701278399,11142885,17178702023607,17178702073712,17178702248660,17178704223191,17178706022045,27344,489844,17178706022045,17178705500847,17178731068610,17178704223191,
0,693790,17178711217855,17178711217855,0,17178712408661,17178712409911,17178712607150,17178712673244,17178731717855,17178712404598,11143008,17178713070848,17178713118452,17178713286109,17178715063505,17178716910849,25469,439635,17178716910849,17178716306473,17178742213664,17178715063505,
0,693798,17178722360699,17178722360699,0,17178723223505,17178723224807,17178723458662,17178723566578,17178742860699,17178723219182,11142979,17178724200068,17178724254964,17178724407047,17178726130693,17178727835433,25261,347292,17178727835433,17178727116683,17178753354602,17178726130693,
0,693806,17178733503164,17178733503164,0,17178733796631,17178733797569,17178733989184,17178734080434,17178754003164,17178733793611,11142935,17178734651736,17178734697048,17178734816267,17178736850642,17178738673611,22031,474115,17178738673611,17178738105486,17178764494499,17178736850642,
0,693814,17178744645406,17178744645406,0,17178745208403,17178745210018,17178745472258,17178745581372,17178765145406,17178745204289,11142921,17178746209393,17178746329081,17178746438612,17178747848091,17178749554289,17448,413959,17178749554289,17178748887675,17178775638094,17178747848091,
0,693822,17178755787310,17178755787310,0,17178756120280,17178756122155,17178756775748,17178756881998,17178776287310,17178756115957,11142850,17178757590384,17178757636894,17178757767988,17178759255905,17178761002415,17083,327917,17178761002415,17178760207259,17178786783095,17178759255905,
0,693830,17178766928522,17178766928522,0,17178767648249,17178767649395,17178767877468,17178767963354,17178787428522,17178767643874,11142730,17178768627677,17178768673093,17178768783458,17178770092729,17178772179760,18906,320938,17178772179760,17178770988875,17178797927732,17178770092729,
0,693838,17178778069963,17178778069963,0,17178778452834,17178778453875,17178778640751,17178778780751,17178798569963,17178778449032,11142659,17178779394344,17178779437261,17178779549761,17178780820178,17178782860907,17292,342291,17178782860907,17178781748251,17178809063045,17178780820178,
0,693846,17178789212635,17178789212635,0,17178789553304,17178789554033,17178789751116,17178789835491,17178809712635,17178789549397,11142696,17178790441793,17178790484450,17178790595700,17178791963460,17178793737419,17500,403542,17178793737419,17178792955908,17178820201119,17178791963460,
0,693854,17178800355284,17178800355284,0,17178800685492,17178800686690,17178800898878,17178800989919,17178820855284,17178800680388,11142705,17178801662576,17178801714815,17178801836690,17178803242993,17178805295649,23073,348698,17178805295649,17178804234034,17178831343516,17178803242993,
0,693862,17178811497538,17178811497538,0,17178812755077,17178812756639,17178812943254,17178813007160,17178831997538,17178812751952,11142656,17178813401223,17178813452108,17178813602421,17178815224817,17178817051431,22187,372656,17178817051431,17178816299713,17178842486382,17178815224817,
0,693870,17178822638641,17178822638641,0,17178823028984,17178823030286,17178823269765,17178823358359,17178843138641,17178823024922,11142566,17178823939661,17178823987161,17178824108880,17178825697734,17178827536432,22864,374011,17178827536432,17178826755859,17178853625654,17178825697734,
0,693878,17178833778061,17178833778061,0,17178834113204,17178834114402,17178834738308,17178834840339,17178854278061,17178834107735,11142352,17178835674558,17178835725965,17178835868308,17178837491850,17178839338413,26250,423906,17178839338413,17178838649559,17178864768936,17178837491850,
0,693886,17178844917437,17178844917437,0,17178846223257,17178846224403,17178846410393,17178846471278,17178865417437,17178846220028,11142133,17178846885966,17178846932059,17178847072059,17178848732893,17178850553049,23021,374792,17178850553049,17178849814247,17178875912010,17178848732893,
0,693894,17178856057143,17178856057143,0,17178857280394,17178857281488,17178857441435,17178857496904,17178876557143,17178857278258,11141941,17178857871696,17178857918415,17178858049196,17178859578206,17178861322946,24532,351354,17178861322946,17178860598832,17178887057636,17178859578206,
0,693902,17178867196136,17178867196136,0,17178867572791,17178867573780,17178867737634,17178867805395,17178887696136,17178867569197,11141708,17178868345082,17178868400759,17178868519041,17178869875447,17178871721801,24479,375730,17178871721801,17178870917166,17178898207429,17178869875447,
0,693910,17178878338081,17178878338081,0,17178878688260,17178878689406,17178878901385,17178878995448,17178898838081,17178878683365,11141750,17178879446125,17178879498208,17178879643625,17178880918365,17178882596698,21042,363541,17178882596698,17178881890344,17178909333576,17178880918365,
0,693918,17178889479081,17178889479081,0,17178889827897,17178889829407,17178890398366,17178890501543,17178909979081,17178889822532,11141685,17178890526803,17178890579824,17178890691699,17178892132637,17178893823835,20885,324010,17178893823835,17178893058418,17178920478317,17178892132637,
0,693926,17178900621359,17178900621359,0,17178900965659,17178900967117,17178901193992,17178901287169,17178921121359,17178900960138,11141709,17178902157638,17178902221179,17178902356336,17178903757950,17178905498107,24531,360365,17178905498107,17178904749201,17178931614724,17178903757950,
0,693934,17178911764226,17178911764226,0,17178912111858,17178912113368,17178912312535,17178912411180,17178932264226,17178912107430,11141718,17178913523264,17178913580556,17178913719931,17178915172900,17178916904723,20052,369271,17178916904723,17178916207535,17178942766496,17178915172900,
0,693942,17178922904232,17178922904232,0,17178923271598,17178923273213,17178923465348,17178923570557,17178943404232,17178923266025,11141603,17178924542848,17178924597796,17178924760557,17178926422901,17178928113422,21563,303281,17178928113422,17178927331755,17178953910976,17178926422901,
0,693950,17178934046132,17178934046132,0,17178934324256,17178934326235,17178934528579,17178934619412,17178954546132,17178934319256,11141642,17178935799777,17178935860714,17178936005714,17178937694100,17178939519048,24323,422917,17178939519048,17178938932641,17178965041238,17178937694100,
0,693958,17178945186517,17178945186517,0,17178945871080,17178945871965,17178946072330,17178946169830,17178965686517,17178945867121,11141580,17178946778892,17178946824830,17178946948632,17178948435351,17178950184934,22031,351094,17178950184934,17178949446497,17177639107877,17178948435351,
0,693966,17178956329393,17178956329393,0,17178957001393,17178957002539,17178957251602,17178957357747,17178976829393,17178956996966,11141662,17178958042539,17178958089987,17178958217956,17178959844727,17178961594362,24843,388490,17178961594362,17178960917227,17177650266159,17178959844727,
0,693974,17178967472228,17178967472228,0,17178967780613,17178967781655,17178967983634,17178968068790,17178987972228,17178967776915,11141715,17178968718426,17178968768322,17178968900249,17178970620040,17178972356759,20521,391823,17178972356759,17178971728426,17177661394233,17178970620040,
0,693982,17178978612674,17178978612674,0,17178979336031,17178979339781,17178979831031,17178979968271,17178999112674,17178979327333,11141646,17178980914260,17178980985458,17178981169364,17178983249365,17177645858190,33333,510886,17177645858190,17178984615927,17177672537099,17178983249365,
---PROFILEDATA---


View hierarchy:

  dev.polski.grammarmatrix.benchmark/dev.polski.grammarmatrix.GlassBenchmarkActivity/android.view.ViewRootImpl@86d155f
  6 views, 10.66 kB of render nodes


Total ViewRootImpl   : 1
Total attached Views : 6
Total RenderNode     : 10.66 kB (used) / 34.73 kB (capacity)