Applications Graphics Acceleration Info:
Uptime: 17217034 Realtime: 155223599

** Graphics info for pid 27061 [dev.polski.grammarmatrix.benchmark] **

Stats since: 17214451046387ns
Total frames rendered: 232
Janky frames: 0 (0.00%)
Janky frames (legacy): 0 (0.00%)
50th percentile: 5ms
90th percentile: 5ms
95th percentile: 5ms
99th percentile: 5ms
Number Missed Vsync: 0
Number High input latency: 0
Number Slow UI thread: 0
Number Slow bitmap uploads: 0
Number Slow issue draw commands: 0
Number Frame deadline missed: 0
Number Frame deadline missed (legacy): 0
HISTOGRAM: 5ms=231 6ms=1 7ms=0 8ms=0 9ms=0 10ms=0 11ms=0 12ms=0 13ms=0 14ms=0 15ms=0 16ms=0 17ms=0 18ms=0 19ms=0 20ms=0 21ms=0 22ms=0 23ms=0 24ms=0 25ms=0 26ms=0 27ms=0 28ms=0 29ms=0 30ms=0 31ms=0 32ms=0 34ms=0 36ms=0 38ms=0 40ms=0 42ms=0 44ms=0 46ms=0 48ms=0 53ms=0 57ms=0 61ms=0 65ms=0 69ms=0 73ms=0 77ms=0 81ms=0 85ms=0 89ms=0 93ms=0 97ms=0 101ms=0 105ms=0 109ms=0 113ms=0 117ms=0 121ms=0 125ms=0 129ms=0 133ms=0 150ms=0 200ms=0 250ms=0 300ms=0 350ms=0 400ms=0 450ms=0 500ms=0 550ms=0 600ms=0 650ms=0 700ms=0 750ms=0 800ms=0 850ms=0 900ms=0 950ms=0 1000ms=0 1050ms=0 1100ms=0 1150ms=0 1200ms=0 1250ms=0 1300ms=0 1350ms=0 1400ms=0 1450ms=0 1500ms=0 1550ms=0 1600ms=0 1650ms=0 1700ms=0 1750ms=0 1800ms=0 1850ms=0 1900ms=0 1950ms=0 2000ms=0 2050ms=0 2100ms=0 2150ms=0 2200ms=0 2250ms=0 2300ms=0 2350ms=0 2400ms=0 2450ms=0 2500ms=0 2550ms=0 2600ms=0 2650ms=0 2700ms=0 2750ms=0 2800ms=0 2850ms=0 2900ms=0 2950ms=0 3000ms=0 3050ms=0 3100ms=0 3150ms=0 3200ms=0 3250ms=0 3300ms=0 3350ms=0 3400ms=0 3450ms=0 3500ms=0 3550ms=0 3600ms=0 3650ms=0 3700ms=0 3750ms=0 3800ms=0 3850ms=0 3900ms=0 3950ms=0 4000ms=0 4050ms=0 4100ms=0 4150ms=0 4200ms=0 4250ms=0 4300ms=0 4350ms=0 4400ms=0 4450ms=0 4500ms=0 4550ms=0 4600ms=0 4650ms=0 4700ms=0 4750ms=0 4800ms=0 4850ms=0 4900ms=0 4950ms=0
50th gpu percentile: 2ms
90th gpu percentile: 2ms
95th gpu percentile: 2ms
99th gpu percentile: 3ms
GPU HISTOGRAM: 1ms=0 2ms=227 3ms=5 4ms=0 5ms=0 6ms=0 7ms=0 8ms=0 9ms=0 10ms=0 11ms=0 12ms=0 13ms=0 14ms=0 15ms=0 16ms=0 17ms=0 18ms=0 19ms=0 20ms=0 21ms=0 22ms=0 23ms=0 24ms=0 25ms=0 4950ms=0

Pipeline=Skia (OpenGL)
CPU Caches:
  Glyph Cache: 43.11 KB (1 entry)
  Glyph Count: 8 
Total CPU memory usage:
  44146 bytes, 43.11 KB (0.00 bytes is purgeable)
GPU Caches:
  Other:
    Other: 13.66 KB (1 entry)
    Buffer Object: 36.00 KB (1 entry)
  Scratch:
    Texture: 2.00 MB (1 entry)
    Buffer Object: 48.00 KB (1 entry)
Total GPU memory usage:
  2197152 bytes, 2.10 MB (36.00 KB is purgeable)

Profile data in ms:

	dev.polski.grammarmatrix.benchmark/dev.polski.grammarmatrix.GlassBenchmarkActivity/android.view.ViewRootImpl@86d155f (visibility=0)
Window: dev.polski.grammarmatrix.benchmark/dev.polski.grammarmatrix.GlassBenchmarkActivity
Stats since: 17214451045867ns
Total frames rendered: 232
Janky frames: 0 (0.00%)
Janky frames (legacy): 0 (0.00%)
50th percentile: 5ms
90th percentile: 5ms
95th percentile: 5ms
99th percentile: 5ms
Number Missed Vsync: 0
Number High input latency: 0
Number Slow UI thread: 0
Number Slow bitmap uploads: 0
Number Slow issue draw commands: 0
Number Frame deadline missed: 0
Number Frame deadline missed (legacy): 0
HISTOGRAM: 5ms=231 6ms=1 7ms=0 8ms=0 9ms=0 10ms=0 11ms=0 12ms=0 13ms=0 14ms=0 15ms=0 16ms=0 17ms=0 18ms=0 19ms=0 20ms=0 21ms=0 22ms=0 23ms=0 24ms=0 25ms=0 26ms=0 27ms=0 28ms=0 29ms=0 30ms=0 31ms=0 32ms=0 34ms=0 36ms=0 38ms=0 40ms=0 42ms=0 44ms=0 46ms=0 48ms=0 53ms=0 57ms=0 61ms=0 65ms=0 69ms=0 73ms=0 77ms=0 81ms=0 85ms=0 89ms=0 93ms=0 97ms=0 101ms=0 105ms=0 109ms=0 113ms=0 117ms=0 121ms=0 125ms=0 129ms=0 133ms=0 150ms=0 200ms=0 250ms=0 300ms=0 350ms=0 400ms=0 450ms=0 500ms=0 550ms=0 600ms=0 650ms=0 700ms=0 750ms=0 800ms=0 850ms=0 900ms=0 950ms=0 1000ms=0 1050ms=0 1100ms=0 1150ms=0 1200ms=0 1250ms=0 1300ms=0 1350ms=0 1400ms=0 1450ms=0 1500ms=0 1550ms=0 1600ms=0 1650ms=0 1700ms=0 1750ms=0 1800ms=0 1850ms=0 1900ms=0 1950ms=0 2000ms=0 2050ms=0 2100ms=0 2150ms=0 2200ms=0 2250ms=0 2300ms=0 2350ms=0 2400ms=0 2450ms=0 2500ms=0 2550ms=0 2600ms=0 2650ms=0 2700ms=0 2750ms=0 2800ms=0 2850ms=0 2900ms=0 2950ms=0 3000ms=0 3050ms=0 3100ms=0 3150ms=0 3200ms=0 3250ms=0 3300ms=0 3350ms=0 3400ms=0 3450ms=0 3500ms=0 3550ms=0 3600ms=0 3650ms=0 3700ms=0 3750ms=0 3800ms=0 3850ms=0 3900ms=0 3950ms=0 4000ms=0 4050ms=0 4100ms=0 4150ms=0 4200ms=0 4250ms=0 4300ms=0 4350ms=0 4400ms=0 4450ms=0 4500ms=0 4550ms=0 4600ms=0 4650ms=0 4700ms=0 4750ms=0 4800ms=0 4850ms=0 4900ms=0 4950ms=0
50th gpu percentile: 2ms
90th gpu percentile: 2ms
95th gpu percentile: 2ms
99th gpu percentile: 3ms
GPU HISTOGRAM: 1ms=0 2ms=227 3ms=5 4ms=0 5ms=0 6ms=0 7ms=0 8ms=0 9ms=0 10ms=0 11ms=0 12ms=0 13ms=0 14ms=0 15ms=0 16ms=0 17ms=0 18ms=0 19ms=0 20ms=0 21ms=0 22ms=0 23ms=0 24ms=0 25ms=0 4950ms=0



---PROFILEDATA---
Flags,FrameTimelineVsyncId,IntendedVsync,Vsync,InputEventId,HandleInputStart,AnimationStart,PerformTraversalsStart,DrawStart,FrameDeadline,FrameInterval,FrameStartTime,SyncQueued,SyncStart,IssueDrawCommandsStart,SwapBuffers,FrameCompleted,DequeueBufferDuration,QueueBufferDuration,GpuCompleted,SwapBuffersCompleted,DisplayPresentTime,CommandSubmissionCompleted,
0,720396,17215704241077,17215704241077,0,17215704630367,17215704632502,17215704871512,17215704999012,17215724741077,17215704624585,11143067,17215705713335,17215705782033,17215705933856,17215707513127,17215709302659,24843,450469,17215709302659,17215708635002,17215735247922,17215707513127,
0,720404,17215715383693,17215715383693,0,17215715753180,17215715755420,17215715985472,17215716096409,17215735883693,17215715747711,11143020,17215716992555,17215717057659,17215717207503,17215718623024,17215720394951,22031,348958,17215720394951,17215719637399,17215746383496,17215718623024,
0,720412,17215726527965,17215726527965,0,17215726892192,17215726893598,17215727085421,17215727183546,17215747027965,17215726887192,11143080,17215727211150,17215727273181,17215727379119,17215728765681,17215730483911,20000,368542,17215730483911,17215729796619,17215757528445,17215728765681,
0,720420,17215737671283,17215737671283,0,17215737998807,17215737999797,17215738181359,17215738270734,17215758171283,17215737994328,11143131,17215738921464,17215738967193,17215739087141,17215740407401,17215742112714,23541,453906,17215742112714,17215741507401,17215768672196,17215740407401,
0,720428,17215748817035,17215748817035,0,17215749160371,17215749161725,17215749340371,17215749429225,17215769317035,17215749155319,11143329,17215750495319,17215750549382,17215750690579,17215752107507,17215753806778,19948,353750,17215753806778,17215753114903,17215779822718,17215752107507,
0,720436,17215759959755,17215759959755,0,17215760289695,17215760290997,17215760445841,17215760538862,17215780459755,17215760284435,11143303,17215761285737,17215761326674,17215761466101,17215763050997,17215764879695,22656,343125,17215764879695,17215764080477,17215790958083,17215763050997,
0,720444,17215771102087,17215771102087,0,17215771380373,17215771381311,17215771560009,17215771668915,17215791602087,17215771375998,11143222,17215772161519,17215772198863,17215772326415,17215773767092,17215775597249,21927,336563,17215775597249,17215774751988,17215802101366,17215773767092,
0,720452,17215782244524,17215782244524,0,17215782627145,17215782628083,17215782812510,17215782891156,17215802744524,17215782623551,11143148,17215783387301,17215784093760,17215784164645,17215785196989,17215786902510,17552,313333,17215786902510,17215786068500,17215813251263,17215785196989,
0,720460,17215793388690,17215793388690,0,17215793781000,17215793783136,17215794056886,17215794166625,17215813888690,17215793774907,11143176,17215794884855,17215795043553,17215795198396,17215796796469,17215798580688,26302,368645,17215798580688,17215797834022,17215824392514,17215796796469,
0,720468,17215804530811,17215804530811,0,17215804941470,17215804943085,17215805259387,17215805374387,17215825030811,17215804936887,11143084,17215806006627,17215806049127,17215806172877,17215807658866,17215809415533,20729,408020,17215809415533,17215808750637,17215835538296,17215807658866,
0,720476,17215815676479,17215815676479,0,17215816892982,17215816893919,17215817104024,17215817168399,17215836176479,17215816889909,11143336,17215817518607,17215817568294,17215817730274,17215819516836,17215821315586,25261,386094,17215821315586,17215820632409,17215846679026,17215819516836,
0,720484,17215826821263,17215826821263,0,17215828032879,17215828034077,17215828235587,17215828329858,17215847321263,17215828029598,11143432,17215828664493,17215828712410,17215828867931,17215830575171,17215832425796,23177,462604,17215832425796,17215831790640,17215857817934,17215830575171,
0,720492,17215837964772,17215837964772,0,17215838689807,17215838690953,17215838879963,17215838964130,17215858464772,17215838685484,11143425,17215839484338,17215839525484,17215839644390,17215840986786,17215842734599,21615,361510,17215842734599,17215841989859,17215868960956,17215840986786,
0,720500,17215849109428,17215849109428,0,17215849419443,17215849420589,17215849579600,17215849650433,17215869609428,17215849415746,11143509,17215850117725,17215850160850,17215850286735,17215851770746,17215853562829,22136,358490,17215853562829,17215852789183,17215880109446,17215851770746,
0,720508,17215860252586,17215860252586,0,17215860589184,17215860590434,17215860765330,17215860837934,17215880752586,17215860585486,11143474,17215861276111,17215861320174,17215861437205,17215862843039,17215864589289,20990,362656,17215864589289,17215863852153,17215891258771,17215862843039,
0,720516,17215871395347,17215871395347,0,17215871796164,17215871797206,17215871982935,17215872068144,17215891895347,17215871792102,11143444,17215872579081,17215872629133,17215872751998,17215874169967,17215875941113,22760,418333,17215875941113,17215875258144,17215902393980,17215874169967,
0,720524,17215882538176,17215882538176,0,17215882868613,17215882869759,17215883038249,17215883112103,17215903038176,17215882864655,11143422,17215883548978,17215883597155,17215883708770,17215885101114,17215886889656,21458,386354,17215886889656,17215886135489,17215913530908,17215885101114,
0,720532,17215893681630,17215893681630,0,17215894030229,17215894031479,17215894264344,17215894372521,17215914181630,17215894024760,11143411,17215895080333,17215895137781,17215895284708,17215897162104,17215899011740,24114,379688,17215899011740,17215898249917,17215924682420,17215897162104,
0,720540,17215904827717,17215904827717,0,17215906069084,17215906070595,17215906245439,17215906303251,17215925327717,17215906065387,11143602,17215906636585,17215906680751,17215906824814,17215908476428,17215910304606,20625,368959,17215910304606,17215909543199,17215935822108,17215908476428,
0,720548,17215915970619,17215915970619,0,17215916313877,17215916315283,17215916490127,17215916562783,17215936470619,17215916310231,11143561,17215917017940,17215917066898,17215917193304,17215918785440,17215920654867,18698,395000,17215920654867,17215919899867,17215946957682,17215918785440,
0,720556,17215927111427,17215927111427,0,17215928339816,17215928340858,17215928508774,17215928569555,17215947611427,17215928337368,11143378,17215928880753,17215928926326,17215929064972,17215930433410,17215932282577,21198,353489,17215932282577,17215931444816,17215958100808,17215930433410,
0,720564,17215938254842,17215938254842,0,17215938602577,17215938603567,17215938775494,17215938872369,17215958754842,17215938599452,11143371,17215939368879,17215939418463,17215939540859,17215940995130,17215942759921,23386,434844,17215942759921,17215942127057,17215969247060,17215940995130,
0,720572,17215949398209,17215949398209,0,17215949972578,17215949973360,17215950152526,17215950234349,17215969898209,17215949967526,11143395,17215950734506,17215950773829,17215950898829,17215952348725,17215954119766,20573,387187,17215954119766,17215953409037,17215980398259,17215952348725,
0,720580,17215960538379,17215960538379,0,17215960995496,17215960996434,17215961161486,17215961241121,17215981038379,17215960991850,11143178,17215961607580,17215962587163,17215962667632,17215963552215,17215965194351,14427,286146,17215965194351,17215964337684,17215991528781,17215963552215,
0,720588,17215971680024,17215971680024,0,17215972020601,17215972022060,17215972199924,17215972297008,17215992180024,17215972015497,11143104,17215972325706,17215972392685,17215972502529,17215973884352,17215975632633,20052,304271,17215975632633,17215974790237,17216002676021,17215973884352,
0,720596,17215982821408,17215982821408,0,17215983184926,17215983185811,17215983393311,17215983476644,17216003321408,17215983181123,11142971,17215984619457,17215984674665,17215984816957,17215986228520,17215987942061,23437,320052,17215987942061,17215987163520,17216013818001,17215986228520,
0,720604,17215993965019,17215993965019,0,17215994337218,17215994338208,17215994521281,17215994612739,17216014465019,17215994333781,11142980,17215996286229,17215996350239,17215996508625,17215998050656,17216000013677,24479,383541,17216000013677,17215999184458,17216024980711,17215998050656,
0,720612,17216005105526,17216005105526,0,17216005485709,17216005487949,17216005736803,17216005853001,17216025605526,17216005479876,11142808,17216006620501,17216007080449,17216007148938,17216008099303,17216009780345,15677,283750,17216009780345,17216008933105,17216036105660,17216008099303,
0,720620,17216016248368,17216016248368,0,17216016732064,17216016734721,17216017040293,17216017155398,17216036748368,17216016725658,11142821,17216017841179,17216017941283,17216018101335,17216019911179,17216021805606,29687,419114,17216021805606,17216021026388,17216047240765,17216019911179,
0,720628,17216027389852,17216027389852,0,17216027739357,17216027741024,17216027937326,17216028030503,17216047889852,17216027734409,11142709,17216028649826,17216028691649,17216028810763,17216030293420,17216032086493,20365,315781,17216032086493,17216031231389,17216058396027,17216030293420,
0,720636,17216038536154,17216038536154,0,17216038850764,17216038852639,17216039047952,17216039133212,17216059036154,17216038847171,11142882,17216039641494,17216039691910,17216039823733,17216041339202,17216043108838,21459,349532,17216043108838,17216042374098,17216069538163,17216041339202,
0,720644,17216049678820,17216049678820,0,17216049975505,17216049976338,17216050169984,17216050252432,17216070178820,17216049971130,11142878,17216050784516,17216050826755,17216050942120,17216052327849,17216054042485,21354,331875,17216054042485,17216053280558,17216080680769,17216052327849,
0,720652,17216060819383,17216060819383,0,17216062049621,17216062050819,17216062222902,17216062282433,17216081319383,17216062046704,11142741,17216062600663,17216062651027,17216062780923,17216064183267,17216065923632,20000,498750,17216065923632,17216065337642,17216091804311,17216064183267,
0,720660,17216071963633,17216071963633,0,17216072269153,17216072270299,17216072828737,17216072902955,17216092463633,17216072265768,11142842,17216073393737,17216073434622,17216073551080,17216075059205,17216076882799,19063,400156,17216076882799,17216076179779,17216102964052,17216075059205,
0,720668,17216083107333,17216083107333,0,17216083508425,17216083509571,17216083710925,17216083786811,17216103607333,17216083504936,11142897,17216084252956,17216084308269,17216084428529,17216085983842,17216087721082,43281,341823,17216087721082,17216086956863,17216114101449,17216085983842,
0,720676,17216094250298,17216094250298,0,17216094564416,17216094565093,17216094716864,17216094766239,17216114750298,17216094561812,11142589,17216095240249,17216095296083,17216095401395,17216096670145,17216098546187,18803,436928,17216098546187,17216097884260,17216125253585,17216096670145,
0,720684,17216105388484,17216105388484,0,17216105900511,17216105902646,17216106224417,17216106312334,17216125888484,17216105894677,11142589,17216106777698,17216107494261,17216107562125,17216108524573,17216110212699,17083,299895,17216110212699,17216109339834,17216136395462,17216108524573,
0,720692,17216116531970,17216116531970,0,17216116930928,17216116932439,17216117171397,17216117281345,17216137031970,17216116926658,11142645,17216117913220,17216117976814,17216118110408,17216119773793,17216121571241,24635,370729,17216121571241,17216120814418,17216147531713,17216119773793,
0,720700,17216127675224,17216127675224,0,17216128975825,17216128977544,17216129159628,17216129226971,17216148175224,17216128971607,11142728,17216129573273,17216129617805,17216129762857,17216131286086,17216133086399,23854,350730,17216133086399,17216132371295,17216158676141,17216131286086,
0,720708,17216138819785,17216138819785,0,17216139128222,17216139129212,17216139291139,17216139359056,17216159319785,17216139124212,11142845,17216139832910,17216139889837,17216139993952,17216141385202,17216143261556,21875,382552,17216143261556,17216142511816,17216169824527,17216141385202,
0,720716,17216149963093,17216149963093,0,17216150283588,17216150284942,17216150474578,17216150563223,17216170463093,17216150279005,11142851,17216151070880,17216151122286,17216151261192,17216152829265,17216154649786,20469,342084,17216154649786,17216153833172,17216180955154,17216152829265,
0,720724,17216161106057,17216161106057,0,17216161772131,17216161773068,17216161968745,17216162073850,17216181606057,17216161768537,11142888,17216162615152,17216162659006,17216162786610,17216164207652,17216166033850,23386,381719,17216166033850,17216165256610,17216192098696,17216164207652,
0,720732,17216172249043,17216172249043,0,17216172599163,17216172600517,17216172877496,17216172967444,17216192749043,17216172596611,11142909,17216173498590,17216173548694,17216173671819,17216175296611,17216177125830,26667,359375,17216177125830,17216176360674,17216203246770,17216175296611,
0,720740,17216183392250,17216183392250,0,17216183676091,17216183677341,17216183860102,17216183944112,17216203892250,17216183672810,11142899,17216184450154,17216184497185,17216184603696,17216186458904,17216188208592,20156,364635,17216188208592,17216187478644,17216214385730,17216186458904,
0,720748,17216194532334,17216194532334,0,17216194874009,17216194874738,17216195104738,17216195217030,17216215032334,17216194870155,11142704,17216195726561,17216195772395,17216195889113,17216197168593,17216198930780,21250,363802,17216198930780,17216198176978,17216225536356,17216197168593,
0,720756,17216205673188,17216205673188,0,17216206300885,17216206301875,17216206506458,17216206601250,17216226173188,17216206296198,11142576,17216207050625,17216207113281,17216207275729,17216208737865,17216210796302,19636,401458,17216210796302,17216210108802,17216236666305,17216208737865,
0,720764,17216216816788,17216216816788,0,17216218119480,17216218120522,17216218346928,17216218414480,17216237316788,17216218116251,11142663,17216218430470,17216218490157,17216218631459,17216220201616,17216221971772,21094,362969,17216221971772,17216221264897,17216247810681,17216220201616,
0,720772,17216227957611,17216227957611,0,17216228346825,17216228347762,17216228512606,17216228582606,17216248457611,17216228343752,11142513,17216229231721,17216229276304,17216229395523,17216230749950,17216232452034,20989,400365,17216232452034,17216231803648,17216258950786,17216230749950,
0,720780,17216239101033,17216239101033,0,17216239458232,17216239459586,17216239618024,17216239702972,17216259601033,17216239453128,11142543,17216240807503,17216240858597,17216240987451,17216242544066,17216244243702,20209,336510,17216244243702,17216243542608,17216270092975,17216242544066,
0,720788,17216250241112,17216250241112,0,17216250519900,17216250521254,17216250662817,17216250748077,17216270741112,17216250515473,11142370,17216251504900,17216251543858,17216251705213,17216253189379,17216254933338,19375,335990,17216254933338,17216254189588,17216281240320,17216253189379,
0,720796,17216261384973,17216261384973,0,17216261857922,17216261858807,17216261997297,17216262063078,17216281884973,17216261854589,11142545,17216262428912,17216262476568,17216262566620,17216263836360,17216265600839,16666,308073,17216265600839,17216264748079,17216292389435,17216263836360,
0,720804,17216272525799,17216272525799,0,17216272837298,17216272838131,17216272999642,17216273078548,17216293025799,17216272833756,11142439,17216273518704,17216273555996,17216273661777,17216275441882,17216277238601,16667,415052,17216277238601,17216276582194,17216303523812,17216275441882,
0,720812,17216283665439,17216283665439,0,17216284159226,17216284160737,17216284453289,17216284534226,17216304165439,17216284153185,11142219,17216285176674,17216285229956,17216285361466,17216286912872,17216288664331,24063,401406,17216288664331,17216287972508,17216314666834,17216286912872,
0,720820,17216294808302,17216294808302,0,17216295234384,17216295235634,17216295454280,17216295544280,17216315308302,17216295231363,11142267,17216296044384,17216296091155,17216296220321,17216297659332,17216299453395,23073,409896,17216299453395,17216298733499,17216325817720,17216297659332,
0,720828,17216305952822,17216305952822,0,17216306250270,17216306251729,17216306457614,17216306550791,17216326452822,17216306244437,11142412,17216307078812,17216307126416,17216307267093,17216308873604,17216310648083,23594,370781,17216310648083,17216309962354,17216336955430,17216308873604,
0,720836,17216317095367,17216317095367,0,17216317729698,17216317730844,17216317929386,17216318021417,17216337595367,17216317725844,11142441,17216318635688,17216318675532,17216318789490,17216320299907,17216322082824,20990,371459,17216322082824,17216321355220,17216348104076,17216320299907,
0,720844,17216328235077,17216328235077,0,17216329086002,17216329086783,17216329297929,17216329391210,17216348735077,17216329081002,11142188,17216329914804,17216329963085,17216330093398,17216331491106,17216333313294,20886,378698,17216333313294,17216332577512,17216359234703,17216331491106,
0,720852,17216339379380,17216339379380,0,17216339693294,17216339694232,17216339880117,17216339969649,17216359879380,17216339689024,11142308,17216340500794,17216340547774,17216340663034,17216342265586,17216344071055,21458,378594,17216344071055,17216343343972,17216370378506,17216342265586,
0,720860,17216350521620,17216350521620,0,17216350923816,17216350924806,17216351127723,17216351213556,17216371021620,17216350919858,11142274,17216351894025,17216351955066,17216352073296,17216353648556,17216355450067,22917,419532,17216355450067,17216354786160,17216381524809,17216353648556,
0,720868,17216361666845,17216361666845,0,17216361960432,17216361961265,17216362154495,17216362254807,17216382166845,17216361956057,11142474,17216362836995,17216362877203,17216363016161,17216364492411,17216366286474,20678,365781,17216366286474,17216365611422,17216392679133,17216364492411,
0,720876,17216372809077,17216372809077,0,17216373147725,17216373148558,17216373331579,17216373420173,17216393309077,17216373144183,11142494,17216373947673,17216373987048,17216374106423,17216375527360,17216377309392,20052,344531,17216377309392,17216376499183,17216403816165,17216375527360,
0,720884,17216383950822,17216383950822,0,17216384613299,17216384614288,17216384806320,17216384900382,17216404450822,17216384608247,11142450,17216385550174,17216385604914,17216385756684,17216387264132,17216389098560,24583,401511,17216389098560,17216388394237,17216414953771,17216387264132,
0,720892,17216395093864,17216395093864,0,17216395510748,17216395511894,17216395701269,17216395781060,17216415593864,17216395507362,11142495,17216396254081,17216396303717,17216396411060,17216397945592,17216399753613,29011,379010,17216399753613,17216399040071,17216426092678,17216397945592,
0,720900,17216406240765,17216406240765,0,17216406531634,17216406532624,17216406729968,17216406847364,17216426740765,17216406526426,11142804,17216407374759,17216407419864,17216407543509,17216409033405,17216410865176,20834,354583,17216410865176,17216410081635,17216437234242,17216409033405,
0,720908,17216417384316,17216417384316,0,17216417839396,17216417840906,17216418086375,17216418163042,17216437884316,17216417835490,11142841,17216418690646,17216418731011,17216418835854,17216420099604,17216421834240,20677,301354,17216421834240,17216420990542,17216448383201,17216420099604,
0,720916,17216428526623,17216428526623,0,17216428854345,17216428855803,17216429052470,17216429147418,17216449026623,17216428850126,11142808,17216429688043,17216429733720,17216429855491,17216431339189,17216433150179,21719,385000,17216433150179,17216432479918,17216459523515,17216431339189,
0,720924,17216439668865,17216439668865,0,17216440820961,17216440821950,17216441001273,17216441057471,17216460168865,17216440818565,11142804,17216441364346,17216441411377,17216441524971,17216443019659,17216444830440,21562,389011,17216444830440,17216444138565,17216470676537,17216443019659,
0,720932,17216450810372,17216450810372,0,17216451155701,17216451157055,17216451348774,17216451425389,17216471310372,17216451151535,11142736,17216451839608,17216451915753,17216452069608,17216453518879,17216455299452,23542,412136,17216455299452,17216454637108,17216481818881,17216453518879,
0,720940,17216461954821,17216461954821,0,17216463093202,17216463093880,17216463264348,17216463323619,17216482454821,17216463090182,11142892,17216463337578,17216463392786,17216463510650,17216464897369,17216466806745,19531,417448,17216466806745,17216466151067,17216492961383,17216464897369,
0,720948,17216473096750,17216473096750,0,17216473561068,17216473562110,17216473751329,17216473833672,17216493596750,17216473557735,11142823,17216474921954,17216474989402,17216475127527,17216476463100,17216478171121,22292,346511,17216478171121,17216477444141,17216504103102,17216476463100,
0,720956,17216484241393,17216484241393,0,17216484578725,17216484579819,17216485256382,17216485359351,17216504741393,17216484573465,11142923,17216486573830,17216486631069,17216486788934,17216488396590,17216491232216,26406,381562,17216491232216,17216489495236,17216515246229,17216488396590,
0,720964,17216495385284,17216495385284,0,17216495738362,17216495739977,17216495932320,17216496030914,17216515885284,17216495733831,11142959,17216496830810,17216496877060,17216497029143,17216498809196,17216500600967,24062,352188,17216500600967,17216499901071,17216526385448,17216498809196,
0,720972,17216506528758,17216506528758,0,17216506858259,17216506859665,17216507459092,17216507562634,17216527028758,17216506853832,11142963,17216508141644,17216508185811,17216508353103,17216509893936,17216511723728,21563,350573,17216511723728,17216510934822,17216537532012,17216509893936,
0,720980,17216517672450,17216517672450,0,17216518363104,17216518364510,17216518547114,17216518643781,17216538172450,17216517978416,11143004,17216519175760,17216519215916,17216519322791,17216520762323,17216522507583,20781,425000,17216522507583,17216521867583,17216548670451,17216520762323,
0,720988,17216528817126,17216528817126,0,17216529170084,17216529171542,17216529831074,17216529938626,17216549317126,17216529164824,11143140,17216530576438,17216530618990,17216530749876,17216532493522,17216534242689,21666,357344,17216534242689,17216533563835,17216559819202,17216532493522,
0,720996,17216539959547,17216539959547,0,17216540354304,17216540356127,17216540560085,17216540646908,17216560459547,17216540350085,11143091,17216541184617,17216541230398,17216541363158,17216542979356,17216544770919,24167,363906,17216544770919,17216544006700,17216570967119,17216542979356,
0,721004,17216551102792,17216551102792,0,17216551789878,17216551791284,17216552016076,17216552113888,17216571602792,17216551785399,11143090,17216552651388,17216552692222,17216552809149,17216554169201,17216556155503,22552,419480,17216556155503,17216555529618,17216582103944,17216554169201,
0,721012,17216562246117,17216562246117,0,17216562772848,17216562775140,17216563229879,17216563324254,17216582746117,17216562766077,11143141,17216563901025,17216563951390,17216564086910,17216565799827,17216567614619,23333,405469,17216567614619,17216566926234,17216593251132,17216565799827,
0,721020,17216573390116,17216573390116,0,17216573718057,17216573719099,17216573929984,17216574016286,17216593890116,17216573712953,11143201,17216574561391,17216574610297,17216574748630,17216576311078,17216578093318,25989,377865,17216578093318,17216577373318,17216604388581,17216576311078,
0,721028,17216584536157,17216584536157,0,17216584875194,17216584876965,17216585626808,17216585731600,17216605036157,17216584870038,11143415,17216586322642,17216586377486,17216586524934,17216588140715,17216590080507,25052,407605,17216590080507,17216589307798,17216615535770,17216588140715,
0,721036,17216595678620,17216595678620,0,17216596045455,17216596046341,17216596272174,17216596359987,17216616178620,17216596042018,11143341,17216596916289,17216596955664,17216597061289,17216598508268,17216600278320,21875,358437,17216600278320,17216599525924,17216626679156,17216598508268,
0,721044,17216606822048,17216606822048,0,17216607188009,17216607189363,17216607419050,17216607520196,17216627322048,17216607183009,11143326,17216608095613,17216608149571,17216608274988,17216609917071,17216611742488,26459,415989,17216611742488,17216611062905,17216637819887,17216609917071,
0,721052,17216617964400,17216617964400,0,17216618673530,17216618674676,17216618873322,17216618965562,17216638464400,17216618669103,11143264,17216619511031,17216619551708,17216619667229,17216621056083,17216622814677,23386,345886,17216622814677,17216622089729,17216648967752,17216621056083,
0,721060,17216629109541,17216629109541,0,17216629433948,17216629434782,17216630044209,17216630137125,17216649609541,17216629430250,11143435,17216630700511,17216630747021,17216630881709,17216632508688,17216634360563,23125,385469,17216634360563,17216633593792,17216660102753,17216632508688,
0,721068,17216640253878,17216640253878,0,17216640545043,17216640546189,17216640726814,17216640797804,17216660753878,17216640541345,11143523,17216641292647,17216641336606,17216641442283,17216642736345,17216644522752,18177,328021,17216644522752,17216643667752,17216671248327,17216642736345,
0,721076,17216651396725,17216651396725,0,17216651770930,17216651772023,17216651973117,17216652056763,17216671896725,17216651766294,11143489,17216652563273,17216652617753,17216652739732,17216654226347,17216656049888,23645,453334,17216656049888,17216655352909,17216682394370,17216654226347,
0,721084,17216662539952,17216662539952,0,17216663753014,17216663753900,17216663924733,17216663982233,17216683039952,17216663750045,11143450,17216664300931,17216664348691,17216664470723,17216666082389,17216667950983,21406,428385,17216667950983,17216667261556,17216693542028,17216666082389,
0,721092,17216673680704,17216673680704,0,17216674040411,17216674041244,17216674243484,17216674321713,17216694180704,17216674036349,11143252,17216674813484,17216675501140,17216675572390,17216676532130,17216678224005,16562,306042,17216678224005,17216677369005,17216704674112,17216676532130,
0,721100,17216684822881,17216684822881,0,17216686167287,17216686168433,17216686366454,17216686433798,17216705322881,17216686163746,11143172,17216686825516,17216686929110,17216687094162,17216688874787,17216690725933,27135,438437,17216690725933,17216690087236,17216715827811,17216688874787,
0,721108,17216695965249,17216695965249,0,17216696274476,17216696276194,17216696462444,17216696535830,17216716465249,17216696271142,11143085,17216696895674,17216696953903,17216697083747,17216698550570,17216700314320,16927,363438,17216700314320,17216699567028,17216726967083,17216698550570,
0,721116,17216707110171,17216707110171,0,17216707714425,17216707715935,17216707918487,17216708015675,17216727610171,17216707708800,11143207,17216708039946,17216708100519,17216708215675,17216709741196,17216711532967,20521,401406,17216711532967,17216710855154,17216738103074,17216709741196,
0,721124,17216718252216,17216718252216,0,17216718566665,17216718567603,17216718739061,17216718812082,17216738752216,17216718563280,11143154,17216719414426,17216719461145,17216719585572,17216720900520,17216722615208,22552,370625,17216722615208,17216721908645,17216749253752,17216720900520,
0,721132,17216729396875,17216729396875,0,17216729706667,17216729707604,17216729883906,17216729979323,17216749896875,17216729703229,11143253,17216731123021,17216731178490,17216731308854,17216732726354,17216734420938,19010,330521,17216734420938,17216733698907,17216760393232,17216732726354,
0,721140,17216740540290,17216740540290,0,17216741298178,17216741299793,17216741465886,17216741562918,17216761040290,17216741294168,11143269,17216742349532,17216742389689,17216742514116,17216744009585,17216745733126,21927,331250,17216745733126,17216745035835,17216771537973,17216744009585,
0,721148,17216751681944,17216751681944,0,17216751994481,17216751995731,17216752166565,17216752241356,17216772181944,17216751990471,11143181,17216752671565,17216752713283,17216752822398,17216754310159,17216756056357,22187,485208,17216756056357,17216755460263,17216782683911,17216754310159,
0,721156,17216762824900,17216762824900,0,17216763126566,17216763127920,17216763308284,17216763393909,17216783324900,17216763121357,11143147,17216763881201,17216763924587,17216764058962,17216765633441,17216767384847,20625,376875,17216767384847,17216766693337,17216793825215,17216765633441,
0,721164,17216773967434,17216773967434,0,17216774331619,17216774332869,17216774525786,17216774608338,17216794467434,17216774327921,11143108,17216775126879,17216775198077,17216775340057,17216776982088,17216779111828,25104,431146,17216779111828,17216778143286,17216804966830,17216776982088,
0,721172,17216785109609,17216785109609,0,17216785445578,17216785446776,17216785631047,17216785711203,17216805609609,17216785441412,11143019,17216786161412,17216786221360,17216786334745,17216787727349,17216789478652,20625,380469,17216789478652,17216788883079,17216816109956,17216787727349,
0,721180,17216796253277,17216796253277,0,17216796975996,17216796977038,17216797178444,17216797281517,17216816753277,17216796972611,11143051,17216797809642,17216797851673,17216797961153,17216799406778,17216801120684,22292,364219,17216801120684,17216800424538,17216827262197,17216799406778,
0,721188,17216807397248,17216807397248,0,17216808519331,17216808520476,17216808720477,17216808814122,17216827897248,17216808515112,11143130,17216809372404,17216809425685,17216809564591,17216811188393,17216813013185,24948,434791,17216813013185,17216812562196,17216838407198,17216811188393,
0,721196,17216818539920,17216818539920,0,17216818859071,17216818859957,17216819028863,17216819102457,17216839039920,17216818855686,11143095,17216819568082,17216819608134,17216819709696,17216821033030,17216822775738,19739,439322,17216822775738,17216822079905,17216849539178,17216821033030,
0,721204,17216829683239,17216829683239,0,17216830643656,17216830644645,17216830849229,17216830915166,17216850183239,17216830640531,11143123,17216831245479,17216831295479,17216831441833,17216833196521,17216835058396,25209,420156,17216835058396,17216834351989,17216860689180,17216833196521,
0,721212,17216840827919,17216840827919,0,17216841199282,17216841200428,17216841352771,17216841417928,17216861327919,17216841196678,11143197,17216841849855,17216842466574,17216842531417,17216843439282,17216845105897,16302,286094,17216845105897,17216844229334,17216871828452,17216843439282,
0,721220,17216851973501,17216851973501,0,17216852315429,17216852317304,17216852510168,17216852599648,17216872473501,17216852308866,11143346,17216853132773,17216853763241,17216853829387,17216854747096,17216856399908,15104,297344,17216856399908,17216855595898,17216882983348,17216854747096,
0,721228,17216863116232,17216863116232,0,17216863507565,17216863510586,17216863760117,17216863869597,17216883616232,17216863502617,11143326,17216864533034,17216865138347,17216865220795,17216866236628,17216867952878,17136,273281,17216867952878,17216867029441,17216894117568,17216866236628,
0,721236,17216874260291,17216874260291,0,17216874643921,17216874646316,17216874940379,17216875144025,17216894760291,17216874638243,11143370,17216875872723,17216876415692,17216876493660,17216877472463,17216879217723,16927,283177,17216879217723,17216878265431,17216905264392,17216877472463,
0,721244,17216885404055,17216885404055,0,17216885931630,17216885933505,17216886166995,17216886273088,17216905904055,17216885925745,11143424,17216886902672,17216887502516,17216887582880,17216888627307,17216890355224,17969,290000,17216890355224,17216889432255,17216916396841,17216888627307,
0,721252,17216896549381,17216896549381,0,17216896988298,17216896990589,17216897258923,17216897375069,17216917049381,17216896981319,11143520,17216898090485,17216898663819,17216898749704,17216899754027,17216901513350,16771,286511,17216901513350,17216900569444,17216927542936,17216899754027,
0,721260,17216907692587,17216907692587,0,17216908120538,17216908122361,17216908436736,17216908551841,17216928192587,17216908115330,11143501,17216909238351,17216909295955,17216909446007,17216911028195,17216912850799,23178,543698,17216912850799,17216912234601,17216938681010,17216911028195,
0,721268,17216918837019,17216918837019,0,17216919172935,17216919173769,17216919357883,17216919445956,17216939337019,17216919168508,11143570,17216919983561,17216920025331,17216920143665,17216921440331,17216923185175,18750,311406,17216923185175,17216922396842,17216949832886,17216921440331,
0,721276,17216929979450,17216929979450,0,17216930723874,17216930725176,17216930924551,17216931021582,17216950479450,17216930720593,11143547,17216931584082,17216931666739,17216931792416,17216933110906,17216934843145,20312,333750,17216934843145,17216934041687,17216960983200,17216933110906,
0,721284,17216941120960,17216941120960,0,17216941526375,17216941527781,17216941759396,17216941850229,17216961620960,17216941523198,11143404,17216942270177,17216942322521,17216942467365,17216943763407,17216945559448,19115,312552,17216945559448,17216944688615,17216972114868,17216943763407,
0,721292,17216952262837,17216952262837,0,17216953491741,17216953492783,17216953670543,17216953734814,17216972762837,17216953488981,11143346,17216953750126,17216953808095,17216953929293,17216955566793,17216957400700,20677,408385,17216957400700,17216956731637,17216983257629,17216955566793,
0,721300,17216963406411,17216963406411,0,17216963740909,17216963742211,17216963936273,17216964026534,17216983906411,17216963737471,11143367,17216964792627,17216964872523,17216965094763,17216966625180,17216968435544,26406,374167,17216968435544,17216967702055,17216994394610,17216966625180,
0,721308,17216974550484,17216974550484,0,17216974875076,17216974876326,17216975153045,17216975247733,17216995050484,17216974871535,11143372,17216976347160,17216976409139,17216976549243,17216978079712,17216979846691,26979,410104,17216979846691,17216979229035,17217005538673,17216978079712,
0,721316,17216985692649,17216985692649,0,17216986096380,17216986097942,17216986282161,17216986376900,17217006192649,17216986091848,11143306,17216987577786,17216987618880,17216987746380,17216989387370,17216991119818,22761,334636,17216991119818,17216990393672,17217016681226,17216989387370,
0,721324,17216996834168,17216996834168,0,17216997159193,17216997160704,17216997352631,17216997437839,17217017334168,17216997155912,11143180,17216997910808,17216997950756,17216998058725,17216999468412,17217001222110,21198,431562,17217001222110,17217000553985,17215690665313,17216999468412,
0,721332,17217007974422,17217007974422,0,17217008430809,17217008431798,17217008607111,17217008687476,17217028474422,17217008427059,11142989,17217009167840,17217009226642,17217009351278,17217010925132,17217012780184,22917,509479,17217012780184,17217012114091,17215701812241,17217010925132,
0,721340,17217019115472,17217019115472,0,17217019459820,17217019461227,17217019731175,17217019832268,17217039615472,17217019454664,11142864,17217020439039,17217020847841,17217020900289,17217021677373,17215686345886,14010,214635,17215686345886,17217022305133,17215712961253,17217021677373,
0,721348,17217030256247,17217030256247,0,17217030733832,17217030737165,17217031108155,17217031205603,17217050756247,17217030725811,11142714,17217031864145,17217031905342,17217032019092,17217033345551,17215697514116,19062,284636,17215697514116,17217034343364,17215724095681,17217033345551,
---PROFILEDATA---


View hierarchy:

  dev.polski.grammarmatrix.benchmark/dev.polski.grammarmatrix.GlassBenchmarkActivity/android.view.ViewRootImpl@86d155f
  6 views, 10.66 kB of render nodes


Total ViewRootImpl   : 1
Total attached Views : 6
Total RenderNode     : 10.66 kB (used) / 34.73 kB (capacity)