Applications Graphics Acceleration Info:
Uptime: 17189031 Realtime: 155195596

** Graphics info for pid 27061 [dev.polski.grammarmatrix.benchmark] **

Stats since: 17186449100577ns
Total frames rendered: 232
Janky frames: 0 (0.00%)
Janky frames (legacy): 0 (0.00%)
50th percentile: 5ms
90th percentile: 5ms
95th percentile: 5ms
99th percentile: 5ms
Number Missed Vsync: 0
Number High input latency: 0
Number Slow UI thread: 0
Number Slow bitmap uploads: 0
Number Slow issue draw commands: 0
Number Frame deadline missed: 0
Number Frame deadline missed (legacy): 0
HISTOGRAM: 5ms=232 6ms=0 7ms=0 8ms=0 9ms=0 10ms=0 11ms=0 12ms=0 13ms=0 14ms=0 15ms=0 16ms=0 17ms=0 18ms=0 19ms=0 20ms=0 21ms=0 22ms=0 23ms=0 24ms=0 25ms=0 26ms=0 27ms=0 28ms=0 29ms=0 30ms=0 31ms=0 32ms=0 34ms=0 36ms=0 38ms=0 40ms=0 42ms=0 44ms=0 46ms=0 48ms=0 53ms=0 57ms=0 61ms=0 65ms=0 69ms=0 73ms=0 77ms=0 81ms=0 85ms=0 89ms=0 93ms=0 97ms=0 101ms=0 105ms=0 109ms=0 113ms=0 117ms=0 121ms=0 125ms=0 129ms=0 133ms=0 150ms=0 200ms=0 250ms=0 300ms=0 350ms=0 400ms=0 450ms=0 500ms=0 550ms=0 600ms=0 650ms=0 700ms=0 750ms=0 800ms=0 850ms=0 900ms=0 950ms=0 1000ms=0 1050ms=0 1100ms=0 1150ms=0 1200ms=0 1250ms=0 1300ms=0 1350ms=0 1400ms=0 1450ms=0 1500ms=0 1550ms=0 1600ms=0 1650ms=0 1700ms=0 1750ms=0 1800ms=0 1850ms=0 1900ms=0 1950ms=0 2000ms=0 2050ms=0 2100ms=0 2150ms=0 2200ms=0 2250ms=0 2300ms=0 2350ms=0 2400ms=0 2450ms=0 2500ms=0 2550ms=0 2600ms=0 2650ms=0 2700ms=0 2750ms=0 2800ms=0 2850ms=0 2900ms=0 2950ms=0 3000ms=0 3050ms=0 3100ms=0 3150ms=0 3200ms=0 3250ms=0 3300ms=0 3350ms=0 3400ms=0 3450ms=0 3500ms=0 3550ms=0 3600ms=0 3650ms=0 3700ms=0 3750ms=0 3800ms=0 3850ms=0 3900ms=0 3950ms=0 4000ms=0 4050ms=0 4100ms=0 4150ms=0 4200ms=0 4250ms=0 4300ms=0 4350ms=0 4400ms=0 4450ms=0 4500ms=0 4550ms=0 4600ms=0 4650ms=0 4700ms=0 4750ms=0 4800ms=0 4850ms=0 4900ms=0 4950ms=0
50th gpu percentile: 2ms
90th gpu percentile: 2ms
95th gpu percentile: 2ms
99th gpu percentile: 3ms
GPU HISTOGRAM: 1ms=0 2ms=223 3ms=9 4ms=0 5ms=0 6ms=0 7ms=0 8ms=0 9ms=0 10ms=0 11ms=0 12ms=0 13ms=0 14ms=0 15ms=0 16ms=0 17ms=0 18ms=0 19ms=0 20ms=0 21ms=0 22ms=0 23ms=0 24ms=0 25ms=0 4950ms=0

Pipeline=Skia (OpenGL)
CPU Caches:
  Glyph Cache: 43.11 KB (1 entry)
  Glyph Count: 8 
Total CPU memory usage:
  44146 bytes, 43.11 KB (0.00 bytes is purgeable)
GPU Caches:
  Other:
    Other: 14.68 KB (1 entry)
    Buffer Object: 36.00 KB (1 entry)
  Scratch:
    Texture: 2.00 MB (1 entry)
    Buffer Object: 48.00 KB (1 entry)
Total GPU memory usage:
  2198200 bytes, 2.10 MB (36.00 KB is purgeable)

Profile data in ms:

	dev.polski.grammarmatrix.benchmark/dev.polski.grammarmatrix.GlassBenchmarkActivity/android.view.ViewRootImpl@86d155f (visibility=0)
Window: dev.polski.grammarmatrix.benchmark/dev.polski.grammarmatrix.GlassBenchmarkActivity
Stats since: 17186449100160ns
Total frames rendered: 232
Janky frames: 0 (0.00%)
Janky frames (legacy): 0 (0.00%)
50th percentile: 5ms
90th percentile: 5ms
95th percentile: 5ms
99th percentile: 5ms
Number Missed Vsync: 0
Number High input latency: 0
Number Slow UI thread: 0
Number Slow bitmap uploads: 0
Number Slow issue draw commands: 0
Number Frame deadline missed: 0
Number Frame deadline missed (legacy): 0
HISTOGRAM: 5ms=232 6ms=0 7ms=0 8ms=0 9ms=0 10ms=0 11ms=0 12ms=0 13ms=0 14ms=0 15ms=0 16ms=0 17ms=0 18ms=0 19ms=0 20ms=0 21ms=0 22ms=0 23ms=0 24ms=0 25ms=0 26ms=0 27ms=0 28ms=0 29ms=0 30ms=0 31ms=0 32ms=0 34ms=0 36ms=0 38ms=0 40ms=0 42ms=0 44ms=0 46ms=0 48ms=0 53ms=0 57ms=0 61ms=0 65ms=0 69ms=0 73ms=0 77ms=0 81ms=0 85ms=0 89ms=0 93ms=0 97ms=0 101ms=0 105ms=0 109ms=0 113ms=0 117ms=0 121ms=0 125ms=0 129ms=0 133ms=0 150ms=0 200ms=0 250ms=0 300ms=0 350ms=0 400ms=0 450ms=0 500ms=0 550ms=0 600ms=0 650ms=0 700ms=0 750ms=0 800ms=0 850ms=0 900ms=0 950ms=0 1000ms=0 1050ms=0 1100ms=0 1150ms=0 1200ms=0 1250ms=0 1300ms=0 1350ms=0 1400ms=0 1450ms=0 1500ms=0 1550ms=0 1600ms=0 1650ms=0 1700ms=0 1750ms=0 1800ms=0 1850ms=0 1900ms=0 1950ms=0 2000ms=0 2050ms=0 2100ms=0 2150ms=0 2200ms=0 2250ms=0 2300ms=0 2350ms=0 2400ms=0 2450ms=0 2500ms=0 2550ms=0 2600ms=0 2650ms=0 2700ms=0 2750ms=0 2800ms=0 2850ms=0 2900ms=0 2950ms=0 3000ms=0 3050ms=0 3100ms=0 3150ms=0 3200ms=0 3250ms=0 3300ms=0 3350ms=0 3400ms=0 3450ms=0 3500ms=0 3550ms=0 3600ms=0 3650ms=0 3700ms=0 3750ms=0 3800ms=0 3850ms=0 3900ms=0 3950ms=0 4000ms=0 4050ms=0 4100ms=0 4150ms=0 4200ms=0 4250ms=0 4300ms=0 4350ms=0 4400ms=0 4450ms=0 4500ms=0 4550ms=0 4600ms=0 4650ms=0 4700ms=0 4750ms=0 4800ms=0 4850ms=0 4900ms=0 4950ms=0
50th gpu percentile: 2ms
90th gpu percentile: 2ms
95th gpu percentile: 2ms
99th gpu percentile: 3ms
GPU HISTOGRAM: 1ms=0 2ms=223 3ms=9 4ms=0 5ms=0 6ms=0 7ms=0 8ms=0 9ms=0 10ms=0 11ms=0 12ms=0 13ms=0 14ms=0 15ms=0 16ms=0 17ms=0 18ms=0 19ms=0 20ms=0 21ms=0 22ms=0 23ms=0 24ms=0 25ms=0 4950ms=0



---PROFILEDATA---
Flags,FrameTimelineVsyncId,IntendedVsync,Vsync,InputEventId,HandleInputStart,AnimationStart,PerformTraversalsStart,DrawStart,FrameDeadline,FrameInterval,FrameStartTime,SyncQueued,SyncStart,IssueDrawCommandsStart,SwapBuffers,FrameCompleted,DequeueBufferDuration,QueueBufferDuration,GpuCompleted,SwapBuffersCompleted,DisplayPresentTime,CommandSubmissionCompleted,
0,700243,17187703340856,17187703340856,0,17187703683098,17187703683879,17187703834556,17187703927056,17187723840856,17187703679244,11143222,17187705088306,17187705142213,17187705289609,17187706755859,17187708467630,23907,390677,17187708467630,17187707823880,17187734335393,17187706755859,
0,700251,17187714482081,17187714482081,0,17187714872318,17187714874349,17187715153307,17187715283828,17187734982081,17187714866641,11143114,17187716089766,17187716503516,17187716579349,17187717585860,17187719242006,17343,351510,17187719242006,17187718474974,17187745477008,17187717585860,
0,700259,17187725625195,17187725625195,0,17187726093308,17187726095392,17187726360704,17187726471798,17187746125195,17187726086433,11143109,17187727198986,17187727745809,17187727822007,17187728866746,17187730566851,18333,300833,17187730566851,17187729695340,17187756612062,17187728866746,
0,700267,17187736765062,17187736765062,0,17187737138205,17187737139820,17187737375966,17187737484508,17187757265062,17187737132580,11142899,17187738208570,17187738754924,17187738827164,17187739825081,17187741502581,16094,267761,17187741502581,17187740600550,17187767756021,17187739825081,
0,700275,17187747907267,17187747907267,0,17187748431332,17187748433050,17187749084821,17187749192113,17187768407267,17187748426175,11142841,17187749927061,17187750017478,17187750186748,17187752018051,17187753795759,25937,430625,17187753795759,17187753145082,17187778897376,17187752018051,
0,700283,17187759048590,17187759048590,0,17187759365135,17187759367114,17187759571333,17187759666749,17187779548590,17187759358833,11142710,17187760259666,17187760299666,17187760418416,17187761988677,17187763751385,20989,330208,17187763751385,17187762989510,17187790045034,17187761988677,
0,700291,17187770188102,17187770188102,0,17187770830865,17187770832115,17187771021698,17187771123313,17187790688102,17187770826178,11142478,17187771762323,17187771802011,17187771918053,17187773259199,17187775030188,17500,309688,17187775030188,17187774196647,17187801186597,17187773259199,
0,700299,17187781327770,17187781327770,0,17187781770762,17187781772064,17187781935189,17187782006387,17187801827770,17187781767793,11142249,17187782891700,17187782959252,17187783071595,17187784498783,17187786303523,18958,337187,17187786303523,17187785536492,17187812327484,17187784498783,
0,700307,17187792468465,17187792468465,0,17187792845346,17187792846544,17187793030555,17187793113732,17187812968465,17187792841076,11142132,17187793648680,17187793687794,17187793799201,17187795200659,17187796980555,18385,340469,17187796980555,17187796177743,17187823478631,17187795200659,
0,700315,17187803609671,17187803609671,0,17187803934618,17187803935816,17187804147379,17187804228160,17187824109671,17187803929983,11142015,17187804797535,17187804842535,17187805023160,17187806487952,17187808683265,20469,370938,17187808683265,17187807522223,17187834614465,17187806487952,
0,700323,17187814753312,17187814753312,0,17187815201130,17187815201911,17187815400817,17187815484880,17187835253312,17187815197588,11142145,17187816059672,17187816110401,17187816232640,17187817672641,17187819431391,24219,414271,17187819431391,17187818767068,17187845738841,17187817672641,
0,700331,17187825894935,17187825894935,0,17187826297954,17187826299360,17187826534621,17187826628006,17187846394935,17187826294673,11142089,17187827234777,17187827300141,17187827412694,17187829021027,17187831106965,24323,370365,17187831106965,17187830068996,17187856898530,17187829021027,
0,700339,17187837037571,17187837037571,0,17187837326549,17187837327747,17187837515247,17187837606080,17187857537571,17187837321757,11142050,17187838174674,17187838214049,17187838376705,17187839732486,17187841478424,20885,341771,17187841478424,17187840710299,17187868038010,17187839732486,
0,700347,17187848179618,17187848179618,0,17187848502227,17187848503164,17187848681914,17187848741133,17187868679618,17187848499258,11142125,17187849183842,17187849226498,17187849319102,17187850540665,17187852380248,14896,364375,17187852380248,17187851581081,17187879183636,17187850540665,
0,700355,17187859321305,17187859321305,0,17187859636603,17187859637697,17187859833374,17187859905926,17187879821305,17187859632749,11142125,17187860414416,17187860464207,17187860570561,17187862012437,17187863826656,21511,461562,17187863826656,17187863129572,17187890327283,17187862012437,
0,700363,17187870464899,17187870464899,0,17187871177958,17187871179260,17187871378479,17187871477073,17187890964899,17187871172802,11142234,17187872159781,17187872204104,17187872320667,17187873765927,17187875586084,21928,358281,17187875586084,17187874798011,17187901471034,17187873765927,
0,700371,17187881607736,17187881607736,0,17187882832439,17187882833689,17187883016032,17187883079782,17187902107736,17187882829574,11142294,17187883460408,17187883510772,17187883652230,17187885335147,17187887243533,27292,424427,17187887243533,17187886526918,17187912614160,17187885335147,
0,700379,17187892749787,17187892749787,0,17187893115200,17187893116190,17187893306190,17187893384367,17187913249787,17187893111190,11142245,17187894380200,17187894426867,17187894550617,17187896179732,17187898001190,25156,387031,17187898001190,17187897297701,17187923757391,17187896179732,
0,700387,17187903892652,17187903892652,0,17187904200618,17187904201347,17187904377962,17187904461295,17187924392652,17187904196972,11142266,17187905067493,17187905120358,17187905248014,17187906566191,17187908399993,24010,368177,17187908399993,17187907589681,17187934895100,17187906566191,
0,700395,17187915036506,17187915036506,0,17187915436452,17187915437494,17187915651504,17187915739213,17187935536506,17187915431557,11142372,17187916222182,17187916285463,17187916429213,17187917899317,17187919731453,21718,456042,17187919731453,17187919178432,17187946037653,17187917899317,
0,700403,17187926180131,17187926180131,0,17187926515516,17187926516818,17187926705099,17187926791141,17187946680131,17187926511401,11142449,17187926814266,17187926872808,17187926970308,17187928275047,17187930081923,22395,346563,17187930081923,17187929336870,17187957179321,17187928275047,
0,700411,17187937323389,17187937323389,0,17187937990361,17187937991298,17187938181142,17187938277496,17187957823389,17187937986455,11142485,17187939096507,17187939142236,17187939270830,17187940645205,17187942364268,22865,347812,17187942364268,17187941684111,17187968326822,17187940645205,
0,700419,17187948466817,17187948466817,0,17187949130206,17187949131247,17187949314216,17187949405622,17187968966817,17187949125987,11142584,17187950532550,17187950583018,17187950708383,17187952142133,17187953824946,23334,340521,17187953824946,17187953126196,17187979475625,17187952142133,
0,700427,17187959608605,17187959608605,0,17187959880676,17187959882342,17187960032290,17187960127290,17187980108605,17187959876717,11142520,17187960866509,17187960909999,17187961047238,17187962616665,17187964655676,20365,340521,17187964655676,17187963641353,17187990615262,17187962616665,
0,700435,17187970751490,17187970751490,0,17187971916562,17187971917604,17187972092656,17187972152031,17187991251490,17187971913593,11142571,17187972500208,17187972545625,17187972678750,17187974286042,17187976085000,20313,445729,17187976085000,17187975470833,17188001764586,17187974286042,
0,700443,17187981895560,17187981895560,0,17187983177240,17187983178230,17187983364949,17187983423126,17188002395560,17187983173855,11142688,17187983755470,17187983798803,17187983933490,17187985724324,17187987566407,20364,429740,17187987566407,17187986925782,17188012893337,17187985724324,
0,700451,17187993039940,17187993039940,0,17187994309169,17187994310471,17187994516929,17187994581825,17188013539940,17187994306564,11142777,17187995012346,17187995084064,17187995257085,17187996970575,17187998816877,26823,435469,17187998816877,17187998142502,17188024039432,17187996970575,
0,700459,17188004183604,17188004183604,0,17188004618336,17188004619534,17188004840368,17188004927295,17188024683604,17188004614065,11142829,17188005567086,17188005648961,17188005761722,17188007293701,17188009064274,25417,359843,17188009064274,17188008424899,17188035190839,17188007293701,
0,700467,17188015328544,17188015328544,0,17188016566150,17188016567452,17188016740473,17188016799640,17188035828544,17188016563806,11142946,17188017154535,17188017203546,17188017344535,17188018904015,17188020695109,24271,390000,17188020695109,17188019989067,17188046323080,17188018904015,
0,700475,17188026470635,17188026470635,0,17188026807453,17188026808234,17188026963703,17188027029693,17188046970635,17188026804224,11142922,17188027974016,17188028021932,17188028146203,17188029720891,17188031500006,22812,369584,17188031500006,17188030769172,17188057466831,17188029720891,
0,700483,17188037613480,17188037613480,0,17188037916517,17188037917558,17188038105631,17188038187298,17188058113480,17188037912975,11142937,17188038736204,17188038779746,17188038902090,17188040366725,17188042164486,22813,372448,17188042164486,17188041455632,17188068613707,17188040366725,
0,700491,17188048758172,17188048758172,0,17188049062403,17188049063237,17188049219122,17188049287872,17188069258172,17188049058809,11143050,17188050109591,17188050152664,17188050264903,17188051810685,17188053612768,20416,357917,17188053612768,17188052844435,17188079752979,17188051810685,
0,700499,17188059901502,17188059901502,0,17188060300217,17188060301050,17188060892300,17188060984279,17188080401502,17188060295894,11143132,17188061552977,17188061605373,17188061768498,17188063218342,17188065059436,23021,368698,17188065059436,17188064263498,17188090894178,17188063218342,
0,700507,17188071044174,17188071044174,0,17188071384332,17188071385114,17188071576780,17188071692145,17188091544174,17188071381051,11143136,17188072307405,17188072355322,17188072471937,17188073842979,17188075641729,21250,393802,17188075641729,17188074943083,17188102041002,17188073842979,
0,700515,17188082184893,17188082184893,0,17188082513917,17188082514750,17188082700063,17188082775011,17188102684893,17188082510427,11142912,17188083293292,17188083340219,17188083451313,17188084941938,17188086822459,23698,386302,17188086822459,17188086095480,17188113180482,17188084941938,
0,700523,17188093327130,17188093327130,0,17188093636418,17188093637199,17188094207356,17188094296001,17188113827130,17188093633033,11142876,17188094927095,17188094993501,17188095110585,17188096722877,17188098612408,26667,414062,17188098612408,17188097868398,17188124322879,17188096722877,
0,700531,17188104468480,17188104468480,0,17188104873138,17188104874232,17188105524961,17188105608034,17188124968480,17188104869075,11142768,17188106180690,17188106225794,17188106337669,17188107653659,17188109449128,21459,415469,17188109449128,17188108685013,17188135463506,17188107653659,
0,700539,17188115611255,17188115611255,0,17188116874181,17188116875170,17188117053191,17188117113191,17188136111255,17188116871472,11142761,17188117473920,17188117526629,17188117666160,17188119289077,17188121164910,23854,394010,17188121164910,17188120399442,17188146612777,17188119289077,
0,700547,17188126753334,17188126753334,0,17188127090484,17188127091317,17188127259963,17188127328401,17188147253334,17188127087359,11142718,17188127809651,17188127855796,17188127965328,17188129498557,17188131293349,20468,371302,17188131293349,17188130538245,17188157762049,17188129498557,
0,700555,17188137895521,17188137895521,0,17188139113037,17188139114287,17188139282204,17188139340693,17188158395521,17188139110381,11142688,17188139695537,17188139742308,17188139881266,17188141409496,17188143253194,21406,374114,17188143253194,17188142565173,17188168901998,17188141409496,
0,700563,17188149037327,17188149037327,0,17188150283299,17188150284236,17188150464236,17188150516684,17188169537327,17188150281007,11142639,17188150851267,17188150895695,17188151024497,17188152371163,17188154155018,20469,362136,17188154155018,17188153389445,17188180036687,17188152371163,
0,700571,17188160180906,17188160180906,0,17188160500331,17188160501633,17188160686737,17188160765956,17188180680906,17188160496529,11142699,17188161662102,17188161726529,17188161887154,17188163388769,17188165191842,25833,397761,17188165191842,17188164519133,17188191176532,17188163388769,
0,700579,17188171325239,17188171325239,0,17188171716426,17188171717624,17188172322572,17188172416843,17188191825239,17188171712520,11142772,17188172438353,17188172511686,17188172627051,17188174125697,17188175885176,26875,464739,17188175885176,17188175269395,17188202328304,17188174125697,
0,700587,17188182468618,17188182468618,0,17188182756948,17188182758250,17188182947469,17188183017989,17188202968618,17188182752521,11142784,17188183650437,17188183693562,17188183813458,17188185260021,17188187244552,23021,381250,17188187244552,17188186549917,17188213468774,17188185260021,
0,700595,17188193609677,17188193609677,0,17188193952574,17188193953616,17188194136584,17188194227782,17188214109677,17188193948876,11142650,17188195636116,17188195693928,17188195829293,17188197314762,17188199032158,21354,345365,17188199032158,17188198368668,17188224614087,17188197314762,
0,700603,17188204750759,17188204750759,0,17188205127002,17188205128721,17188205303773,17188205398304,17188225250759,17188205122419,11142546,17188206251169,17188206294815,17188206437783,17188208064763,17188209967315,23281,356458,17188209967315,17188209277002,17188235754453,17188208064763,
0,700611,17188215895121,17188215895121,0,17188216775180,17188216776743,17188216980128,17188217069399,17188236395121,17188216771170,11142674,17188217614764,17188217657889,17188217774816,17188219338045,17188221109816,22135,381146,17188221109816,17188220384191,17188246897475,17188219338045,
0,700619,17188227038471,17188227038471,0,17188227346171,17188227347629,17188227543098,17188227624244,17188247538471,17188227342525,11142724,17188228141015,17188228202317,17188228404713,17188229999348,17188231775963,22500,367083,17188231775963,17188231055598,17188258034091,17188229999348,
0,700627,17188238183539,17188238183539,0,17188239425287,17188239426537,17188239599766,17188239658151,17188258683539,17188239421797,11142916,17188240011693,17188240057370,17188240179610,17188241712787,17188243464870,23334,361875,17188243464870,17188242753933,17188269178206,17188241712787,
0,700635,17188249325865,17188249325865,0,17188249678100,17188249678934,17188249861486,17188249933309,17188269825865,17188249673361,11142862,17188250437944,17188250504871,17188250610392,17188252188778,17188253980288,25781,384532,17188253980288,17188253277215,17188280394978,17188252188778,
0,700643,17188260468673,17188260468673,0,17188261090028,17188261090706,17188261292424,17188261383778,17188280968673,17188261085289,11142855,17188261940237,17188261981539,17188262092060,17188263439456,17188265509560,18698,339062,17188265509560,17188264414352,17188291467688,17188263439456,
0,700651,17188271611349,17188271611349,0,17188272785238,17188272786280,17188272952061,17188273006644,17188292111349,17188272782738,11142893,17188273334144,17188273376123,17188273500811,17188275160967,17188276994509,20782,402708,17188276994509,17188276297842,17188302612949,17188275160967,
0,700659,17188282752876,17188282752876,0,17188283056801,17188283057791,17188283241541,17188283312531,17188303252876,17188283053051,11142802,17188283836437,17188283889354,17188284019510,17188285607427,17188287420396,24427,371146,17188287420396,17188286679094,17188313755919,17188285607427,
0,700667,17188293912541,17188293912541,0,17188294245813,17188294246594,17188294445865,17188294526073,17188314412541,17188294240709,11143784,17188295117063,17188295187428,17188295317844,17188296944980,17188298779772,24688,392240,17188298779772,17188298047168,17188324892014,17188296944980,
0,700675,17188305054376,17188305054376,0,17188305412064,17188305413627,17188306071387,17188306173002,17188325554376,17188305407325,11143720,17188306841179,17188306893210,17188307035033,17188308695242,17188310494669,26875,389375,17188310494669,17188309806283,17188336036859,17188308695242,
0,700683,17188316196281,17188316196281,0,17188316547326,17188316548367,17188317114565,17188317196440,17188336696281,17188316543055,11143639,17188317741857,17188317787326,17188317909097,17188319406649,17188321167587,21458,364635,17188321167587,17188320431909,17188347178631,17188319406649,
0,700691,17188327337896,17188327337896,0,17188328100243,17188328101337,17188328349879,17188328441702,17188347837896,17188328096546,11143530,17188329006025,17188329058994,17188329176910,17188330525817,17188332298056,19896,370260,17188332298056,17188331534775,17188358325715,17188330525817,
0,700699,17188338478409,17188338478409,0,17188339180661,17188339181547,17188339409724,17188339499203,17188358978409,17188339177067,11143379,17188340402120,17188340456963,17188340565505,17188342125557,17188343987224,20729,389583,17188343987224,17188343232068,17188369466393,17188342125557,
0,700707,17188349618987,17188349618987,0,17188349920298,17188349921183,17188350102016,17188350192746,17188370118987,17188349916027,11143213,17188350734985,17188350782537,17188350905871,17188352368267,17188354180559,21041,360000,17188354180559,17188353391392,17188380608113,17188352368267,
0,700715,17188360759236,17188360759236,0,17188361137643,17188361138632,17188361302122,17188361368268,17188381259236,17188361133528,11143025,17188361876757,17188361921705,17188362016236,17188363334570,17188365156133,17761,363594,17188365156133,17188364354101,17188391758635,17188363334570,
0,700723,17188371900173,17188371900173,0,17188373042852,17188373043946,17188373214519,17188373274935,17188392400173,17188373038738,11142864,17188373638113,17188373682488,17188373814988,17188375340509,17188377189050,17968,368698,17188377189050,17188376443425,17188402908011,17188375340509,
0,700731,17188383041531,17188383041531,0,17188383381968,17188383382645,17188383542957,17188383612280,17188403541531,17188383378374,11142766,17188384162749,17188384207957,17188384323947,17188385823270,17188387629312,20416,433854,17188387629312,17188387006916,17188414044940,17188385823270,
0,700739,17188394183726,17188394183726,0,17188394558636,17188394559886,17188394769833,17188394858375,17188414683726,17188394552906,11142758,17188395465198,17188395515875,17188395635094,17188397061292,17188398837438,26042,398855,17188398837438,17188398140875,17188425193639,17188397061292,
0,700747,17188405327530,17188405327530,0,17188405676918,17188405677699,17188405915460,17188406000199,17188425827530,17188405673272,11142830,17188406398689,17188406457335,17188406599158,17188407968689,17188409729054,20417,397865,17188409729054,17188409136918,17188436328952,17188407968689,
0,700755,17188416471609,17188416471609,0,17188417124471,17188417125565,17188417311346,17188417418638,17188436971609,17188417119836,11142868,17188417446086,17188417492804,17188417591867,17188418995565,17188420718690,21302,326980,17188420718690,17188419957701,17188447468745,17188418995565,
0,700763,17188427613450,17188427613450,0,17188427922753,17188427923691,17188428120410,17188428202753,17188448113450,17188427918222,11142751,17188429040879,17188429092389,17188429217233,17188430678222,17188432434473,22812,417708,17188432434473,17188431809681,17188458620465,17188430678222,
0,700771,17188438757945,17188438757945,0,17188439113275,17188439114109,17188439314682,17188439415098,17188459257945,17188439106036,11142842,17188440876817,17188440945671,17188441119057,17188442893432,17188444675620,28334,405469,17188444675620,17188444071557,17188469757862,17188442893432,
0,700779,17188449900063,17188449900063,0,17188450190881,17188450192235,17188450356662,17188450444214,17188470400063,17188450186506,11142776,17188451229214,17188451271974,17188451395464,17188452967027,17188454668537,21823,339583,17188454668537,17188453941246,17188480903436,17188452967027,
0,700787,17188461041757,17188461041757,0,17188461365309,17188461366350,17188461569788,17188461685465,17188481541757,17188461361194,11142699,17188462228955,17188462272757,17188462382757,17188463820622,17188465570570,20000,384635,17188465570570,17188464885726,17188492049531,17188463820622,
0,700795,17188472185259,17188472185259,0,17188473427029,17188473427966,17188473592445,17188473649008,17188492685259,17188473423487,11142714,17188473996925,17188474042289,17188474162341,17188475944269,17188477781873,20833,451354,17188477781873,17188477200415,17188503185313,17188475944269,
0,700803,17188483327280,17188483327280,0,17188484656405,17188484657499,17188484867967,17188484934895,17188503827280,17188484653436,11142640,17188485402603,17188485451822,17188485603957,17188487260468,17188489034999,26511,430677,17188489034999,17188488433124,17188514328075,17188487260468,
0,700811,17188494468871,17188494468871,0,17188494797552,17188494798645,17188495035312,17188495125208,17188514968871,17188494794010,11142501,17188495665468,17188495797812,17188495919375,17188497550729,17188499351667,44427,444948,17188499351667,17188498763333,17188525487815,17188497550729,
0,700819,17188505611208,17188505611208,0,17188505922657,17188505923699,17188506104688,17188506191459,17188526111208,17188505918595,11142410,17188506763699,17188506803803,17188506920261,17188508274845,17188510066147,21458,344480,17188510066147,17188509318699,17188536612973,17188508274845,
0,700827,17188516763604,17188516763604,0,17188517074325,17188517075575,17188517256512,17188517333231,17188537263604,17188517071356,11143364,17188517896773,17188517941877,17188518066200,17188519669481,17188521447398,21979,383594,17188521447398,17188520717346,17188547756724,17188519669481,
0,700835,17188527905881,17188527905881,0,17188528824795,17188528826149,17188529024951,17188529118493,17188548405881,17188528821566,11143309,17188529677764,17188529717868,17188529837607,17188531216462,17188532974743,20938,360156,17188532974743,17188532300680,17188558901360,17188531216462,
0,700843,17188539052595,17188539052595,0,17188539375004,17188539375837,17188539601306,17188539681567,17188559552595,17188539371358,11143529,17188540271463,17188540319692,17188540439848,17188542087452,17188543876671,23229,371094,17188543876671,17188543134327,17188570046465,17188542087452,
0,700851,17188550194664,17188550194664,0,17188550882714,17188550883703,17188551105318,17188551196464,17188570694664,17188550877974,11143471,17188551850370,17188551899224,17188552032297,17188553470214,17188555230683,22083,352240,17188555230683,17188554483599,17188581186571,17188553470214,
0,700859,17188561335848,17188561335848,0,17188562063183,17188562064433,17188562260423,17188562339433,17188581835848,17188562058965,11143319,17188562880006,17188562921777,17188563038809,17188564384955,17188566131465,20573,426875,17188566131465,17188565445475,17188592331780,17188564384955,
0,700867,17188572477628,17188572477628,0,17188573047768,17188573050060,17188573823549,17188573914278,17188592977628,17188573042039,11143212,17188574605216,17188574655424,17188574794018,17188576391206,17188578206466,25782,416198,17188578206466,17188577526466,17188603471729,17188576391206,
0,700875,17188583619643,17188583619643,0,17188584305686,17188584306519,17188584505529,17188584604279,17188604119643,17188584302717,11143110,17188585298238,17188585355894,17188585491675,17188586989384,17188588919332,22656,406511,17188588919332,17188588083967,17188614616262,17188586989384,
0,700883,17188594761443,17188594761443,0,17188595540791,17188595541885,17188595734906,17188595832666,17188615261443,17188595536468,11143018,17188596442822,17188596484072,17188596606781,17188598055270,17188599942718,22083,363177,17188599942718,17188599136781,17188625762565,17188598055270,
0,700891,17188605903404,17188605903404,0,17188607143344,17188607144542,17188607324542,17188607383969,17188626403404,17188607140271,11142921,17188607756365,17188607807928,17188607939282,17188609590219,17188611458136,24791,399063,17188611458136,17188610715272,17188636911837,17188609590219,
0,700899,17188617044290,17188617044290,0,17188617414335,17188617415116,17188617609126,17188618116679,17188637544290,17188617410741,11142751,17188618671679,17188618720220,17188618838397,17188620247408,17188622029856,19688,344427,17188622029856,17188621255012,17188648051265,17188620247408,
0,700907,17188628186712,17188628186712,0,17188629439961,17188629441211,17188629618294,17188629680013,17188648686712,17188629436680,11142717,17188630041680,17188630089909,17188630227982,17188631834492,17188633631836,23385,371771,17188633631836,17188632941420,17188659198401,17188631834492,
0,700915,17188639331019,17188639331019,0,17188640022045,17188640022879,17188640178816,17188640254493,17188659831019,17188640018556,11142834,17188640767254,17188640811889,17188640923816,17188642251421,17188644006681,19740,359843,17188644006681,17188643227462,17188670330017,17188642251421,
0,700923,17188650475970,17188650475970,0,17188650776942,17188650778505,17188650936421,17188651010744,17188670975970,17188650773192,11142953,17188651408713,17188651463036,17188651588922,17188652892776,17188654643609,42656,337136,17188654643609,17188653862151,17188681473143,17188652892776,
0,700931,17188661620836,17188661620836,0,17188661991318,17188661992673,17188662179704,17188662264443,17188682120836,17188661986891,11143100,17188662284131,17188662345433,17188662452204,17188663842464,17188665570694,24219,375208,17188665570694,17188664919183,17188692624863,17188663842464,
0,700939,17188672765510,17188672765510,0,17188673064705,17188673065486,17188673237049,17188673307465,17188693265510,17188673060799,11143189,17188673987830,17188674023715,17188674139184,17188675546997,17188677267362,20208,355156,17188677267362,17188676560278,17188703759239,17188675546997,
0,700947,17188683906697,17188683906697,0,17188684372623,17188684373560,17188684526894,17188684607727,17188704406697,17188684368925,11143050,17188686244498,17188686315071,17188686447727,17188687929550,17188689685279,23802,426875,17188689685279,17188689135957,17188714904970,17188687929550,
0,700955,17188695049318,17188695049318,0,17188695379134,17188695380853,17188695865749,17188695961686,17188715549318,17188695374238,11143049,17188696725228,17188696770905,17188696916009,17188698609343,17188700390020,20938,399271,17188700390020,17188699727989,17188726062939,17188698609343,
0,700963,17188706193289,17188706193289,0,17188706492469,17188706494031,17188707093250,17188707189708,17188726693289,17188706486740,11143095,17188707809135,17188707851896,17188708009188,17188709701011,17188711481063,22917,373593,17188711481063,17188710782469,17188737190545,17188709701011,
0,700971,17188717335444,17188717335444,0,17188717686689,17188717688668,17188717889814,17188717975907,17188737835444,17188717681949,11143048,17188718603355,17188718652991,17188718759137,17188720229710,17188722245126,22031,360364,17188722245126,17188721253772,17188748364504,17188720229710,
0,700979,17188728478851,17188728478851,0,17188728854867,17188728856742,17188729059033,17188729130336,17188748978851,17188728851013,11143095,17188729582783,17188729639867,17188729754606,17188731150388,17188732864971,21146,349584,17188732864971,17188732161273,17188759475703,17188731150388,
0,700987,17188739624811,17188739624811,0,17188740785441,17188740787107,17188740955545,17188741013878,17188760124811,17188740782420,11143249,17188741362993,17188741409712,17188741535701,17188743010597,17188744751847,22604,358698,17188744751847,17188744034399,17188770621381,17188743010597,
0,700995,17188750766639,17188750766639,0,17188751068463,17188751070286,17188751258359,17188751339036,17188771266639,17188751063931,11143153,17188751910702,17188751971952,17188752085859,17188753677942,17188755451640,26823,401875,17188755451640,17188754824244,17188781767632,17188753677942,
0,701003,17188761918667,17188761918667,0,17188762541901,17188762543568,17188762718516,17188762820599,17188782418667,17188762537995,11143760,17188763368256,17188763406381,17188763518360,17188765044297,17188766847527,18281,390625,17188766847527,17188766135391,17188792919404,17188765044297,
0,701011,17188773059712,17188773059712,0,17188773388882,17188773389819,17188773583621,17188773658673,17188793559712,17188773385913,11143605,17188774210652,17188774259142,17188774374142,17188775913361,17188777689299,23177,355937,17188777689299,17188776906434,17188804053937,17188775913361,
0,701019,17188784201486,17188784201486,0,17188784512997,17188784514351,17188784685185,17188784742424,17188804701486,17188784508935,11143497,17188785252789,17188785304247,17188785410185,17188786612685,17188788193779,20469,332500,17188788193779,17188787477216,17188815196334,17188786612685,
0,701027,17188795344206,17188795344206,0,17188795820238,17188795821436,17188796320655,17188796410238,17188815844206,17188795817269,11143453,17188796992321,17188797052686,17188797188519,17188798917738,17188800727478,25625,437864,17188800727478,17188800085395,17188826337793,17188798917738,
0,701035,17188806489284,17188806489284,0,17188806778989,17188806780343,17188806989197,17188807064093,17188826989284,17188806774666,11143559,17188807607687,17188807656437,17188807778208,17188809399146,17188811179094,19010,343542,17188811179094,17188810427792,17188837477065,17188809399146,
0,701043,17188817631572,17188817631572,0,17188817902428,17188817904511,17188818067688,17188818149928,17188838131572,17188817899094,11143479,17188818813730,17188818859147,17188818963417,17188820209980,17188821976386,18125,365937,17188821976386,17188821208782,17188848628472,17188820209980,
0,701051,17188828773922,17188828773922,0,17188829085918,17188829086648,17188829286231,17188829365814,17188849273922,17188829082741,11143414,17188829947533,17188830000814,17188830112846,17188831610554,17188833529096,22031,432396,17188833529096,17188832825815,17188859783994,17188831610554,
0,701059,17188839915308,17188839915308,0,17188840225972,17188840227326,17188840409565,17188840497378,17188860415308,17188840221909,11143272,17188841073732,17188841114722,17188841240034,17188842748888,17188844548160,19792,358021,17188844548160,17188843751441,17188870907173,17188842748888,
0,701067,17188851055918,17188851055918,0,17188851795087,17188851796077,17188851999254,17188852087744,17188871555918,17188851791285,11143092,17188852699514,17188852741389,17188852865608,17188854278004,17188856097796,19843,459115,17188856097796,17188855404411,17188882062903,17188854278004,
0,701075,17188862199079,17188862199079,0,17188862500870,17188862501859,17188862678109,17188862754776,17188882699079,17188862498265,11143082,17188863230661,17188863276234,17188863378474,17188864679359,17188866529308,19948,370417,17188866529308,17188865774099,17188893196185,17188864679359,
0,701083,17188873346197,17188873346197,0,17188874595350,17188874596287,17188874775715,17188874836340,17188893846197,17188874593006,11143342,17188875294308,17188875347850,17188875495663,17188877105194,17188878909257,25365,418490,17188878909257,17188878249100,17188904335822,17188877105194,
0,701091,17188884487669,17188884487669,0,17188885036028,17188885036966,17188885264466,17188885336028,17188904987669,17188885032643,11143244,17188886324726,17188886387799,17188886508112,17188887862330,17188889613789,23750,374792,17188889613789,17188888944258,17188915484937,17188887862330,
0,701099,17188895633000,17188895633000,0,17188895949831,17188895950613,17188896133269,17188896221185,17188916133000,17188895944779,11143400,17188896602436,17188896664258,17188896800352,17188898198477,17188900375925,24167,408229,17188900375925,17188899726655,17188926619053,17188898198477,
0,701107,17188906774013,17188906774013,0,17188907096187,17188907097593,17188907296239,17188907391395,17188927274013,17188907090978,11143230,17188907415301,17188907468843,17188907577176,17188909136239,17188910886343,22917,365886,17188910886343,17188910169312,17188937761710,17188909136239,
0,701115,17188917914096,17188917914096,0,17188918271188,17188918272750,17188918488375,17188918572802,17188938414096,17188918267490,11143004,17188919296396,17188919343323,17188919471448,17188920858688,17188922589834,23594,410886,17188922589834,17188921936292,17188948908847,17188920858688,
0,701123,17188929057046,17188929057046,0,17188929366814,17188929368064,17188929536762,17188929621449,17188949557046,17188929363585,11143000,17188930659053,17188930715356,17188930841137,17188932295199,17188933993429,22187,373229,17188933993429,17188933341137,17188960049473,17188932295199,
0,701131,17188940196419,17188940196419,0,17188940508690,17188940510409,17188940678794,17188940769627,17188960696419,17188940504419,11142732,17188941610565,17188941708273,17188941843065,17188943430669,17188945195409,20833,347604,17188945195409,17188944465774,17188971193328,17188943430669,
0,701139,17188951336165,17188951336165,0,17188951672754,17188951673587,17188951866504,17188951948951,17188971836165,17188951668118,11142503,17188952483014,17188952525514,17188952639629,17188954188535,17188955975619,20730,488281,17188955975619,17188955395202,17188982341715,17188954188535,
0,701147,17188962479432,17188962479432,0,17188962827911,17188962829525,17188963052182,17188963143848,17188982979432,17188962822911,11142575,17188963672807,17188963714942,17188963841192,17188965486765,17188967265047,20156,378229,17188967265047,17188966571245,17188993481924,17188965486765,
0,701155,17188973619881,17188973619881,0,17188974867287,17188974868225,17188975083277,17188975168798,17188994119881,17188974864735,11142390,17188975543381,17188975597600,17188975742912,17188977513121,17188979364892,27084,497917,17188979364892,17188978803121,17189004624373,17188977513121,
0,701163,17188984765615,17188984765615,0,17188985997444,17188985998330,17188986190413,17188986251090,17189005265615,17188985994840,11142708,17188986592809,17188986675569,17188986824945,17188988465934,17188990281716,24948,395937,17188990281716,17188989616403,17189015766927,17188988465934,
0,701171,17188995908105,17188995908105,0,17188997121612,17188997122758,17188997319268,17188997378331,17189016408105,17188997118956,11142648,17188997728591,17188997775935,17188997910779,17188999418331,17189001190883,21510,389480,17189001190883,17189000529581,17187689762472,17188999418331,
0,701179,17189007050229,17189007050229,0,17189007407707,17189007409113,17189007605572,17189007816717,17189027550229,17189007403697,11142581,17189008509843,17189008563176,17189008708488,17189010307864,17189012158749,22604,423906,17189012158749,17189011486301,17187700901952,17189010307864,
0,701187,17189018192742,17189018192742,0,17189018609375,17189018611354,17189018841979,17189018944219,17189038692742,17189018603958,11142557,17189019568333,17189019626875,17189019698125,17189020833594,17187685547732,18906,411250,17187685547732,17189021852136,17187712053255,17189020833594,
0,701195,17189029336643,17189029336643,0,17189029754688,17189029758543,17189030542709,17189030637241,17189049836643,17189029748126,11142670,17189031258386,17189031288751,17189031332918,17189031966876,17187697052212,10364,159792,17187697052212,17189032439689,17187723184610,17189031966876,
---PROFILEDATA---


View hierarchy:

  dev.polski.grammarmatrix.benchmark/dev.polski.grammarmatrix.GlassBenchmarkActivity/android.view.ViewRootImpl@86d155f
  6 views, 10.66 kB of render nodes


Total ViewRootImpl   : 1
Total attached Views : 6
Total RenderNode     : 10.66 kB (used) / 34.73 kB (capacity)