Applications Graphics Acceleration Info:
Uptime: 17174016 Realtime: 155180581

** Graphics info for pid 27061 [dev.polski.grammarmatrix.benchmark] **

Stats since: 17171358337355ns
Total frames rendered: 238
Janky frames: 0 (0.00%)
Janky frames (legacy): 0 (0.00%)
50th percentile: 5ms
90th percentile: 5ms
95th percentile: 5ms
99th percentile: 6ms
Number Missed Vsync: 0
Number High input latency: 237
Number Slow UI thread: 0
Number Slow bitmap uploads: 0
Number Slow issue draw commands: 0
Number Frame deadline missed: 0
Number Frame deadline missed (legacy): 0
HISTOGRAM: 5ms=230 6ms=8 7ms=0 8ms=0 9ms=0 10ms=0 11ms=0 12ms=0 13ms=0 14ms=0 15ms=0 16ms=0 17ms=0 18ms=0 19ms=0 20ms=0 21ms=0 22ms=0 23ms=0 24ms=0 25ms=0 26ms=0 27ms=0 28ms=0 29ms=0 30ms=0 31ms=0 32ms=0 34ms=0 36ms=0 38ms=0 40ms=0 42ms=0 44ms=0 46ms=0 48ms=0 53ms=0 57ms=0 61ms=0 65ms=0 69ms=0 73ms=0 77ms=0 81ms=0 85ms=0 89ms=0 93ms=0 97ms=0 101ms=0 105ms=0 109ms=0 113ms=0 117ms=0 121ms=0 125ms=0 129ms=0 133ms=0 150ms=0 200ms=0 250ms=0 300ms=0 350ms=0 400ms=0 450ms=0 500ms=0 550ms=0 600ms=0 650ms=0 700ms=0 750ms=0 800ms=0 850ms=0 900ms=0 950ms=0 1000ms=0 1050ms=0 1100ms=0 1150ms=0 1200ms=0 1250ms=0 1300ms=0 1350ms=0 1400ms=0 1450ms=0 1500ms=0 1550ms=0 1600ms=0 1650ms=0 1700ms=0 1750ms=0 1800ms=0 1850ms=0 1900ms=0 1950ms=0 2000ms=0 2050ms=0 2100ms=0 2150ms=0 2200ms=0 2250ms=0 2300ms=0 2350ms=0 2400ms=0 2450ms=0 2500ms=0 2550ms=0 2600ms=0 2650ms=0 2700ms=0 2750ms=0 2800ms=0 2850ms=0 2900ms=0 2950ms=0 3000ms=0 3050ms=0 3100ms=0 3150ms=0 3200ms=0 3250ms=0 3300ms=0 3350ms=0 3400ms=0 3450ms=0 3500ms=0 3550ms=0 3600ms=0 3650ms=0 3700ms=0 3750ms=0 3800ms=0 3850ms=0 3900ms=0 3950ms=0 4000ms=0 4050ms=0 4100ms=0 4150ms=0 4200ms=0 4250ms=0 4300ms=0 4350ms=0 4400ms=0 4450ms=0 4500ms=0 4550ms=0 4600ms=0 4650ms=0 4700ms=0 4750ms=0 4800ms=0 4850ms=0 4900ms=0 4950ms=0
50th gpu percentile: 2ms
90th gpu percentile: 2ms
95th gpu percentile: 3ms
99th gpu percentile: 3ms
GPU HISTOGRAM: 1ms=1 2ms=216 3ms=21 4ms=0 5ms=0 6ms=0 7ms=0 8ms=0 9ms=0 10ms=0 11ms=0 12ms=0 13ms=0 14ms=0 15ms=0 16ms=0 17ms=0 18ms=0 19ms=0 20ms=0 21ms=0 22ms=0 23ms=0 24ms=0 25ms=0 4950ms=0

Pipeline=Skia (OpenGL)
CPU Caches:
  Glyph Cache: 43.11 KB (1 entry)
  Glyph Count: 8 
Total CPU memory usage:
  44146 bytes, 43.11 KB (0.00 bytes is purgeable)
GPU Caches:
  Other:
    Other: 14.68 KB (1 entry)
    Buffer Object: 36.00 KB (1 entry)
  Scratch:
    Texture: 2.00 MB (1 entry)
    Buffer Object: 48.00 KB (1 entry)
Total GPU memory usage:
  2198200 bytes, 2.10 MB (36.00 KB is purgeable)

Profile data in ms:

	dev.polski.grammarmatrix.benchmark/dev.polski.grammarmatrix.GlassBenchmarkActivity/android.view.ViewRootImpl@86d155f (visibility=0)
Window: dev.polski.grammarmatrix.benchmark/dev.polski.grammarmatrix.GlassBenchmarkActivity
Stats since: 17171358336938ns
Total frames rendered: 238
Janky frames: 0 (0.00%)
Janky frames (legacy): 0 (0.00%)
50th percentile: 5ms
90th percentile: 5ms
95th percentile: 5ms
99th percentile: 6ms
Number Missed Vsync: 0
Number High input latency: 237
Number Slow UI thread: 0
Number Slow bitmap uploads: 0
Number Slow issue draw commands: 0
Number Frame deadline missed: 0
Number Frame deadline missed (legacy): 0
HISTOGRAM: 5ms=230 6ms=8 7ms=0 8ms=0 9ms=0 10ms=0 11ms=0 12ms=0 13ms=0 14ms=0 15ms=0 16ms=0 17ms=0 18ms=0 19ms=0 20ms=0 21ms=0 22ms=0 23ms=0 24ms=0 25ms=0 26ms=0 27ms=0 28ms=0 29ms=0 30ms=0 31ms=0 32ms=0 34ms=0 36ms=0 38ms=0 40ms=0 42ms=0 44ms=0 46ms=0 48ms=0 53ms=0 57ms=0 61ms=0 65ms=0 69ms=0 73ms=0 77ms=0 81ms=0 85ms=0 89ms=0 93ms=0 97ms=0 101ms=0 105ms=0 109ms=0 113ms=0 117ms=0 121ms=0 125ms=0 129ms=0 133ms=0 150ms=0 200ms=0 250ms=0 300ms=0 350ms=0 400ms=0 450ms=0 500ms=0 550ms=0 600ms=0 650ms=0 700ms=0 750ms=0 800ms=0 850ms=0 900ms=0 950ms=0 1000ms=0 1050ms=0 1100ms=0 1150ms=0 1200ms=0 1250ms=0 1300ms=0 1350ms=0 1400ms=0 1450ms=0 1500ms=0 1550ms=0 1600ms=0 1650ms=0 1700ms=0 1750ms=0 1800ms=0 1850ms=0 1900ms=0 1950ms=0 2000ms=0 2050ms=0 2100ms=0 2150ms=0 2200ms=0 2250ms=0 2300ms=0 2350ms=0 2400ms=0 2450ms=0 2500ms=0 2550ms=0 2600ms=0 2650ms=0 2700ms=0 2750ms=0 2800ms=0 2850ms=0 2900ms=0 2950ms=0 3000ms=0 3050ms=0 3100ms=0 3150ms=0 3200ms=0 3250ms=0 3300ms=0 3350ms=0 3400ms=0 3450ms=0 3500ms=0 3550ms=0 3600ms=0 3650ms=0 3700ms=0 3750ms=0 3800ms=0 3850ms=0 3900ms=0 3950ms=0 4000ms=0 4050ms=0 4100ms=0 4150ms=0 4200ms=0 4250ms=0 4300ms=0 4350ms=0 4400ms=0 4450ms=0 4500ms=0 4550ms=0 4600ms=0 4650ms=0 4700ms=0 4750ms=0 4800ms=0 4850ms=0 4900ms=0 4950ms=0
50th gpu percentile: 2ms
90th gpu percentile: 2ms
95th gpu percentile: 3ms
99th gpu percentile: 3ms
GPU HISTOGRAM: 1ms=1 2ms=216 3ms=21 4ms=0 5ms=0 6ms=0 7ms=0 8ms=0 9ms=0 10ms=0 11ms=0 12ms=0 13ms=0 14ms=0 15ms=0 16ms=0 17ms=0 18ms=0 19ms=0 20ms=0 21ms=0 22ms=0 23ms=0 24ms=0 25ms=0 4950ms=0



---PROFILEDATA---
Flags,FrameTimelineVsyncId,IntendedVsync,Vsync,InputEventId,HandleInputStart,AnimationStart,PerformTraversalsStart,DrawStart,FrameDeadline,FrameInterval,FrameStartTime,SyncQueued,SyncStart,IssueDrawCommandsStart,SwapBuffers,FrameCompleted,DequeueBufferDuration,QueueBufferDuration,GpuCompleted,SwapBuffersCompleted,DisplayPresentTime,CommandSubmissionCompleted,
0,689464,17172683132872,17172683132872,0,17172683463216,17172683464258,17172683655039,17172683737331,17172703632872,17172683459362,11142252,17172684412904,17172684464258,17172684588633,17172686126706,17172687911967,21458,341979,17172687911967,17172687128998,17172714130980,17172686126706,
0,689472,17172694276119,17172694276119,0,17172694573999,17172694575040,17172694757488,17172694839155,17172714776119,17172694569415,11142335,17172695514051,17172695557124,17172695680874,17172697084988,17172698836864,22917,337083,17172698836864,17172698074155,17172725277700,17172697084988,
0,689480,17172705419982,17172705419982,0,17172706087125,17172706088166,17172706295666,17172706386135,17172725919982,17172706082958,11142449,17172706996135,17172707040406,17172707158167,17172708659521,17172710419521,20834,352447,17172710419521,17172709651136,17172736419784,17172708659521,
0,689488,17172716563009,17172716563009,0,17172717215095,17172717215772,17172717416709,17172717496501,17172737063009,17172717210355,11142510,17172718074470,17172718119991,17172718232907,17172719554470,17172721288064,20937,327864,17172721288064,17172720483064,17172747561035,17172719554470,
0,689496,17172727704386,17172727704386,0,17172727991450,17172727992283,17172728152283,17172728233064,17172748204386,17172727988221,11142442,17172728824262,17172728865617,17172728963898,17172730230617,17172731998065,18229,329010,17172731998065,17172731177388,17172758706870,17172730230617,
0,689504,17172738846860,17172738846860,0,17172739515045,17172739515878,17172739714420,17172739818170,17172759346860,17172739510461,11142439,17172740440045,17172740481191,17172740604316,17172742109785,17172743908222,21146,330208,17172743908222,17172743091087,17172769848589,17172742109785,
0,689512,17172749989412,17172749989412,0,17172750290358,17172750291400,17172750522337,17172750608952,17172770489412,17172750285150,11142448,17172751238171,17172751286088,17172751395358,17172753062754,17172754909109,22761,396459,17172754909109,17172754176817,17172780973382,17172753062754,
0,689520,17172761130968,17172761130968,0,17172761802287,17172761803432,17172762046141,17172762165307,17172781630968,17172761797287,11142371,17172762902287,17172762960412,17172763097860,17172764652287,17172766920620,26563,426042,17172766920620,17172765856714,17172792139269,17172764652287,
0,689528,17172772273462,17172772273462,0,17172772569631,17172772570361,17172772754163,17172772837652,17172792773462,17172772566454,11142355,17172773394579,17172773440777,17172773549944,17172774908121,17172777017548,21146,356980,17172777017548,17172776001663,17172803280416,17172774908121,
0,689536,17172783417502,17172783417502,0,17172783730049,17172783730674,17172783888955,17172783944945,17172803917502,17172783727601,11142265,17172784410622,17172784448903,17172784547810,17172785607081,17172787374737,14271,337605,17172787374737,17172786594789,17172814419479,17172785607081,
0,689544,17172794556009,17172794556009,0,17172794881613,17172794882394,17172795111040,17172795201717,17172815056009,17172794877759,11142265,17172795694425,17172795750675,17172795896821,17172797235675,17172798971665,19948,367969,17172798971665,17172798255780,17172825557449,17172797235675,
0,689552,17172805700233,17172805700233,0,17172806065156,17172806066458,17172806268749,17172806371562,17172826200233,17172806060624,11142362,17172806397916,17172806454635,17172806560051,17172808058333,17172809833020,21146,341719,17172809833020,17172809093229,17172836705054,17172808058333,
0,689560,17172816843732,17172816843732,0,17172817148594,17172817149532,17172817321146,17172817394323,17172837343732,17172817145157,11142405,17172818183594,17172818231928,17172818394896,17172819749063,17172821456772,22813,349844,17172821456772,17172820740834,17172847840003,17172819749063,
0,689568,17172827986079,17172827986079,0,17172828379689,17172828380522,17172828541824,17172828624116,17172848486079,17172828375470,11142372,17172829754793,17172829814168,17172829931460,17172831503752,17172833320679,20469,400990,17172833320679,17172832743387,17172858992244,17172831503752,
0,689576,17172839129124,17172839129124,0,17172839468648,17172839471148,17172839664638,17172839774794,17172859629124,17172839462815,11142451,17172840762503,17172840820628,17172840977815,17172842931982,17172844711201,25000,344271,17172844711201,17172843987920,17172870134954,17172842931982,
0,689584,17172850274416,17172850274416,0,17172850558962,17172850560264,17172850724535,17172850803129,17172870774416,17172850555160,11142696,17172851312295,17172851347556,17172851454431,17172853064327,17172854815004,17031,387708,17172854815004,17172854119327,17172881274173,17172853064327,
0,689592,17172861414436,17172861414436,0,17172862068182,17172862069380,17172862274380,17172862365838,17172881914436,17172862063755,11142495,17172863014015,17172863061724,17172863188911,17172864741359,17172866641047,21354,389635,17172866641047,17172865967141,17172892423133,17172864741359,
0,689600,17172872557680,17172872557680,0,17172872870527,17172872871621,17172873059329,17172873137871,17172893057680,17172872865787,11142519,17172873761829,17172873807454,17172873910162,17172875387767,17172877395475,19635,351615,17172877395475,17172876358027,17172903567196,17172875387767,
0,689608,17172883701313,17172883701313,0,17172884046778,17172884048132,17172884248028,17172884331830,17172904201313,17172884041622,11142582,17172885055268,17172885097090,17172885216882,17172886758809,17172888515528,23125,372240,17172888515528,17172887824018,17172914704906,17172886758809,
0,689616,17172894844839,17172894844839,0,17172896075477,17172896076727,17172896250008,17172896312092,17172915344839,17172896072248,11142668,17172896719540,17172896765685,17172896898915,17172898446936,17172900212873,24740,380261,17172900212873,17172899541050,17172925853917,17172898446936,
0,689624,17172905988904,17172905988904,0,17172906329697,17172906330634,17172906498343,17172906572301,17172926488904,17172906326207,11142745,17172907112666,17172907168551,17172907293968,17172908855530,17172910632510,24010,366927,17172910632510,17172909905843,17172936998346,17172908855530,
0,689632,17172917133520,17172917133520,0,17172917784854,17172917786000,17172917975583,17172918070479,17172937633520,17172917781156,11142866,17172918729646,17172918774646,17172918879073,17172920252042,17172921998605,21042,340573,17172921998605,17172921230375,17172948138503,17172920252042,
0,689640,17172928277232,17172928277232,0,17172928997407,17172928998293,17172929206105,17172929301522,17172948777232,17172928993501,11142948,17172929912407,17172929962043,17172930080793,17172931575168,17172933514439,22813,400156,17172933514439,17172932812616,17172959283400,17172931575168,
0,689648,17172939421958,17172939421958,0,17172939797044,17172939798294,17172940040794,17172940131002,17172959921958,17172939791836,11143069,17172940781523,17172940837461,17172940970377,17172942535117,17172944315117,25312,359584,17172944315117,17172943532982,17172970429078,17172942535117,
0,689656,17172950566311,17172950566311,0,17172950868712,17172950869545,17172951045535,17172951119180,17172971066311,17172950864389,11143142,17172951749233,17172951792618,17172951892462,17172953298972,17172955070900,18386,377500,17172955070900,17172954375899,17172981572673,17172953298972,
0,689664,17172961710446,17172961710446,0,17172962451421,17172962453192,17172962710640,17172962816265,17172982210446,17172962444963,11143223,17172963532307,17172963587202,17172963738036,17172965563973,17172967411317,27812,433489,17172967411317,17172966760901,17172992722726,17172965563973,
0,689672,17172972854868,17172972854868,0,17172973168558,17172973170224,17172973732672,17172973828037,17172993354868,17172973164860,11143315,17172974462256,17172974507151,17172974632672,17172976089183,17172977883871,21354,349948,17172977883871,17172977090329,17173003851790,17172976089183,
0,689680,17172983999594,17172983999594,0,17172985195903,17172985197153,17172985370017,17172985423819,17173004499594,17172985193142,11143413,17172985803403,17172985852205,17172985979965,17172987444965,17172989279445,25208,442292,17172989279445,17172988571267,17173014988718,17172987444965,
0,689688,17172995144747,17172995144747,0,17172995514810,17172995516112,17172995698976,17172995769810,17173015644747,17172995511581,11143551,17172996283247,17172996340331,17172996451633,17172998800383,17173000623039,19584,385782,17173000623039,17172999877154,17173026140438,17172998800383,
0,689696,17173006291302,17173006291302,0,17173006607207,17173006608873,17173006782571,17173006864551,17173026791302,17173006603561,11143762,17173007437311,17173007477155,17173007587155,17173009030905,17173010776478,23333,329636,17173010776478,17173009991947,17173037283356,17173009030905,
0,689704,17173017431199,17173017431199,0,17173017962781,17173017963614,17173018164291,17173018235437,17173037931199,17173017959552,11143464,17173018753302,17173018812885,17173018920385,17173020274135,17173022111531,20521,381302,17173022111531,17173021340281,17173048438513,17173020274135,
0,689712,17173028572996,17173028572996,0,17173028885803,17173028887313,17173029102730,17173029198459,17173049072996,17173028882365,11143414,17173029767730,17173029807782,17173029915959,17173031139136,17173032872991,19948,390208,17173032872991,17173032215438,17173059571743,17173031139136,
0,689720,17173039716822,17173039716822,0,17173040070856,17173040073252,17173040322731,17173040422471,17173060216822,17173040065179,11143475,17173040939137,17173041017835,17173041194606,17173042893200,17173044699658,25260,405417,17173044699658,17173044028200,17173070717369,17173042893200,
0,689728,17173050859974,17173050859974,0,17173051175180,17173051176586,17173051384867,17173051473774,17173071359974,17173051170649,11143472,17173051496117,17173051561847,17173051721899,17173053268201,17173055067055,30782,391510,17173055067055,17173054375545,17173081852943,17173053268201,
0,689736,17173062005189,17173062005189,0,17173062411066,17173062412004,17173062633671,17173062715598,17173082505189,17173062406483,11143558,17173063516848,17173063569608,17173063701067,17173065188723,17173066928411,24219,405209,17173066928411,17173066286431,17173092993726,17173065188723,
0,689744,17173073148348,17173073148348,0,17173073982213,17173073983151,17173074173620,17173074279713,17173093648348,17173073977213,11143545,17173075614089,17173075666224,17173075809037,17173077234714,17173079836537,21042,350937,17173079836537,17173078261693,17173104132373,17173077234714,
0,689752,17173084290704,17173084290704,0,17173085420496,17173085422475,17173085584298,17173085642683,17173104790704,17173085416746,11143433,17173086205756,17173086252527,17173086380913,17173088044559,17173089783100,20937,355261,17173089783100,17173089126173,17173115279353,17173088044559,
0,689760,17173095432402,17173095432402,0,17173096682632,17173096683830,17173096877268,17173096951643,17173115932402,17173096678778,11143334,17173097362841,17173097411747,17173097578205,17173099679820,17173101517997,24948,432135,17173101517997,17173100906852,17173126428208,17173099679820,
0,689768,17173106573505,17173106573505,0,17173107777113,17173107778258,17173107971071,17173108034456,17173127073505,17173107774508,11143198,17173108479040,17173108526540,17173108666384,17173110272321,17173112044561,22136,367031,17173112044561,17173111342894,17173137567897,17173110272321,
0,689776,17173117712959,17173117712959,0,17173118927635,17173118928989,17173119122374,17173119185708,17173138212959,17173118924926,11142942,17173119559978,17173119607374,17173119760447,17173121278520,17173123028833,21927,385468,17173123028833,17173122434197,17173148705033,17173121278520,
0,689784,17173128854380,17173128854380,0,17173129237584,17173129238938,17173129424979,17173129497948,17173149354380,17173129234146,11142839,17173130015396,17173130071073,17173130182636,17173131718053,17173133527324,24947,423490,17173133527324,17173132894980,17173159850660,17173131718053,
0,689792,17173139997484,17173139997484,0,17173140356126,17173140357376,17173140592324,17173141175970,17173160497484,17173140352220,11142843,17173141955137,17173142009876,17173142174408,17173143692689,17173145445502,27188,380209,17173145445502,17173144783471,17173170987952,17173143692689,
0,689800,17173151138892,17173151138892,0,17173151465867,17173151467221,17173151682794,17173151762846,17173171638892,17173151461752,11142714,17173152324096,17173152369878,17173152489878,17173153944826,17173155726805,21198,360104,17173155726805,17173155013003,17173182142276,17173153944826,
0,689808,17173162279801,17173162279801,0,17173162628264,17173162629462,17173162821701,17173162898004,17173182779801,17173162624670,11142592,17173163500243,17173163544827,17173163665087,17173165183212,17173166960087,21355,368125,17173166960087,17173166237691,17173193284934,17173165183212,
0,689816,17173173421769,17173173421769,0,17173174630973,17173174631963,17173174806286,17173174862276,17173193921769,17173174628630,11142544,17173175272796,17173175318942,17173175445765,17173176940505,17173178756338,21770,390677,17173178756338,17173178043005,17173204420195,17173176940505,
0,689824,17173184562027,17173184562027,0,17173184900610,17173184901495,17173185126912,17173185192954,17173205062027,17173184897850,11142380,17173185697850,17173186342277,17173186410975,17173187329464,17173188976965,16093,291719,17173188976965,17173188137225,17173215568373,17173187329464,
0,689832,17173195705579,17173195705579,0,17173196122382,17173196124049,17173196359049,17173196462017,17173216205579,17173196117538,11142425,17173197176705,17173197258684,17173197415924,17173199143893,17173200943528,25000,389063,17173200943528,17173200247070,17173226709416,17173199143893,
0,689840,17173206849492,17173206849492,0,17173207262175,17173207263685,17173207491758,17173207588529,17173227349492,17173207257643,11142508,17173208247956,17173208337644,17173208456550,17173209816342,17173211584519,21250,328854,17173211584519,17173210749935,17173237842959,17173209816342,
0,689848,17173217991706,17173217991706,0,17173219255561,17173219256811,17173219451968,17173219510770,17173238491706,17173219252749,11142496,17173219905718,17173219957957,17173220107541,17173221770614,17173223690770,25261,452135,17173223690770,17173223017437,17173248988064,17173221770614,
0,689856,17173229136594,17173229136594,0,17173229477177,17173229478739,17173229675302,17173229754781,17173249636594,17173229473114,11142689,17173230292802,17173230368583,17173230488844,17173232159781,17173233976084,24271,350052,17173233976084,17173233170927,17173260138222,17173232159781,
0,689864,17173240279016,17173240279016,0,17173240935407,17173240936241,17173241123063,17173241211501,17173260779016,17173240930355,11142655,17173241852595,17173241915616,17173242054209,17173243577282,17173245398116,21980,381771,17173245398116,17173244643428,17173271275358,17173243577282,
0,689872,17173251418191,17173251418191,0,17173251789731,17173251791137,17173251980096,17173252050512,17173271918191,17173251785096,11142393,17173252548325,17173252592752,17173252695825,17173253976658,17173255719784,18802,345885,17173255719784,17173254923898,17173282425776,17173253976658,
0,689880,17173262559425,17173262559425,0,17173262892441,17173262893482,17173263502962,17173263590566,17173283059425,17173262888274,11142308,17173264197389,17173264251191,17173264368847,17173265883014,17173267662858,24427,413177,17173267662858,17173266989004,17173293555777,17173265883014,
0,689888,17173273702641,17173273702641,0,17173274014785,17173274015723,17173274261556,17173274331244,17173294202641,17173274010410,11142343,17173274832546,17173274879213,17173275013119,17173276381296,17173278182286,21823,384843,17173278182286,17173277459786,17173304695570,17173276381296,
0,689896,17173284846508,17173284846508,0,17173285245516,17173285246870,17173285457443,17173285554735,17173305346508,17173285240047,11142493,17173286568328,17173286621349,17173286784995,17173288276037,17173290077027,25208,369219,17173290077027,17173289362443,17173315839998,17173288276037,
0,689904,17173295991059,17173295991059,0,17173296273069,17173296274319,17173296469215,17173296596090,17173316491059,17173296268642,11142630,17173296616871,17173296670829,17173296766194,17173298124788,17173300001976,21979,329688,17173300001976,17173299162965,17173326986822,17173298124788,
0,689912,17173307133006,17173307133006,0,17173307418018,17173307419424,17173307619424,17173307694008,17173327633006,17173307414528,11142632,17173308358591,17173309336612,17173309405101,17173310318591,17173311945935,16927,291302,17173311945935,17173311117237,17173338120261,17173310318591,
0,689920,17173318273397,17173318273397,0,17173318614529,17173318616613,17173318797707,17173318902134,17173338773397,17173318609634,11142503,17173320003332,17173320072498,17173320216248,17173321774113,17173323454842,21875,336458,17173323454842,17173322767655,17173349271928,17173321774113,
0,689928,17173329414130,17173329414130,0,17173329771822,17173329774114,17173329972187,17173330070051,17173349914130,17173329766822,11142386,17173331000156,17173331054687,17173331200520,17173332979166,17173334724114,20156,337969,17173334724114,17173333986562,17173360414013,17173332979166,
0,689936,17173340555355,17173340555355,0,17173340985573,17173340986563,17173341147240,17173341218907,17173361055355,17173340981719,11142275,17173341671407,17173341716615,17173341807188,17173343661719,17173345476199,24479,375729,17173345476199,17173344756355,17173371550368,17173343661719,
0,689944,17173351695024,17173351695024,0,17173352048335,17173352049845,17173352258752,17173352342658,17173372195024,17173352043699,11142099,17173352919585,17173352977814,17173353110731,17173354609116,17173356383075,22708,389739,17173356383075,17173355751356,17173382695161,17173354609116,
0,689952,17173362838141,17173362838141,0,17173363133388,17173363134742,17173363345471,17173363435784,17173383338141,17173363128649,11142168,17173364057919,17173364105211,17173364229742,17173365827972,17173367594482,24583,377396,17173367594482,17173366909847,17173393845787,17173365827972,
0,689960,17173373980825,17173373980825,0,17173374326358,17173374327191,17173374499900,17173374573077,17173394480825,17173374322868,11142196,17173375140421,17173375188337,17173375289900,17173376619900,17173378346567,21562,335989,17173378346567,17173377577556,17173405006830,17173376619900,
0,689968,17173385121216,17173385121216,0,17173385753859,17173385754849,17173385945474,17173386049484,17173405621216,17173385748182,11142057,17173386694172,17173386738026,17173386839640,17173388220786,17173389997245,21719,356719,17173389997245,17173389289120,17173416122195,17173388220786,
0,689976,17173396262766,17173396262766,0,17173396927871,17173396929433,17173397134850,17173397242871,17173416762766,17173396922089,11142007,17173397888600,17173397935423,17173398045892,17173399611933,17173401387611,20781,361718,17173401387611,17173400633809,17173427264384,17173399611933,
0,689984,17173407405562,17173407405562,0,17173407818861,17173407819903,17173408391726,17173408475945,17173427905562,17173407815059,11142000,17173409079799,17173409122872,17173409227664,17173410598132,17173412344278,18386,359375,17173412344278,17173411604278,17173438407614,17173410598132,
0,689992,17173418554622,17173418554622,0,17173418855060,17173418857144,17173419061987,17173419138342,17173439054622,17173418851779,11142432,17173419691415,17173419737769,17173419845112,17173421283915,17173423300165,20208,346354,17173423300165,17173422431988,17173449548345,17173421283915,
0,690000,17173429696836,17173429696836,0,17173430903030,17173430904072,17173431070218,17173431132562,17173450196836,17173430899593,11142458,17173431543291,17173431588082,17173431794853,17173433476833,17173435302302,31979,435364,17173435302302,17173434669437,17173460692304,17173433476833,
0,690008,17173440838034,17173440838034,0,17173441299646,17173441300948,17173441486052,17173441557250,17173461338034,17173441294438,11142383,17173442133969,17173442175636,17173442274021,17173443563240,17173445329907,19219,368698,17173445329907,17173444592771,17173471831941,17173443563240,
0,690016,17173451980468,17173451980468,0,17173452339022,17173452340272,17173452587980,17173452677043,17173472480468,17173452335949,11142418,17173453283970,17173453335741,17173453447980,17173455008762,17173456811627,25989,390989,17173456811627,17173456079022,17173482978765,17173455008762,
0,690024,17173463122441,17173463122441,0,17173463774388,17173463775742,17173463961471,17173464042356,17173483622441,17173463770117,11142420,17173464614804,17173464657773,17173464774284,17173466157253,17173467960690,19584,341927,17173467960690,17173467141003,17173494122255,17173466157253,
0,690032,17173474263545,17173474263545,0,17173474563972,17173474564858,17173474743972,17173474831889,17173494763545,17173474560587,11142319,17173475425222,17173475470326,17173475570691,17173476853035,17173478684806,20573,331823,17173478684806,17173477813608,17173505263090,17173476853035,
0,690040,17173485404389,17173485404389,0,17173486401577,17173486402723,17173486585900,17173486646525,17173505904389,17173486397932,11142219,17173487046369,17173487092463,17173487227046,17173488913505,17173490784547,24167,409740,17173490784547,17173490083557,17173516404185,17173488913505,
0,690048,17173496547644,17173496547644,0,17173496847099,17173496848037,17173497045224,17173497535954,17173517047644,17173496843662,11142310,17173498609495,17173498656422,17173498789652,17173500415225,17173502226631,24375,397031,17173502226631,17173501552569,17173527550436,17173500415225,
0,690056,17173507690475,17173507690475,0,17173508053923,17173508055173,17173508225538,17173508344392,17173528190475,17173508050642,11142346,17173509315486,17173509359184,17173509473507,17173510879236,17173512608768,23698,541250,17173512608768,17173512088403,17173538690333,17173510879236,
0,690064,17173518834245,17173518834245,0,17173519428977,17173519430175,17173519590591,17173519675591,17173539334245,17173519425904,11142487,17173520170227,17173520207362,17173520312518,17173521495071,17173523266269,18385,378489,17173523266269,17173522511737,17173549839969,17173521495071,
0,690072,17173529975895,17173529975895,0,17173530407415,17173530411217,17173530733457,17173530845228,17173550475895,17173530400228,11142430,17173531431686,17173531521790,17173531758457,17173533384707,17173535085957,36563,365625,17173535085957,17173534425645,17173560982470,17173533384707,
0,690080,17173541118045,17173541118045,0,17173541486479,17173541488406,17173541706479,17173541801531,17173561618045,17173541480750,11142386,17173541825750,17173541909864,17173542039552,17173543749760,17173545508250,29427,372292,17173545508250,17173544842833,17173572116951,17173543749760,
0,690088,17173552259778,17173552259778,0,17173552547626,17173552548719,17173552696011,17173552762574,17173572759778,17173552545074,11142328,17173553559397,17173553613095,17173553763824,17173555340022,17173557096116,21771,381198,17173557096116,17173556437209,17173583260545,17173555340022,
0,690096,17173563403948,17173563403948,0,17173563739919,17173563741012,17173564245179,17173564324866,17173583903948,17173563737106,11142440,17173565526742,17173565580960,17173565704710,17173567214711,17173568969294,20729,355000,17173568969294,17173568253617,17173594415807,17173567214711,
0,690104,17173574546572,17173574546572,0,17173574871065,17173574873305,17173575108149,17173575205440,17173595046572,17173574865649,11142404,17173576075441,17173576120857,17173576278097,17173578070285,17173579896222,24948,411041,17173579896222,17173579282055,17173605557319,17173578070285,
0,690112,17173585688486,17173585688486,0,17173586059921,17173586061379,17173586264712,17173586361483,17173606188486,17173586051483,11142379,17173586959921,17173587050285,17173587111587,17173588023463,17173589656484,16719,280833,17173589656484,17173588832369,17173616691643,17173588023463,
0,690120,17173596830718,17173596830718,0,17173597221120,17173597223203,17173597444974,17173597550026,17173617330718,17173597215286,11142372,17173598269141,17173598434714,17173598603099,17173600335391,17173602087058,22500,343438,17173602087058,17173601351797,17173627836071,17173600335391,
0,690128,17173607975111,17173607975111,0,17173608370183,17173608371017,17173608572631,17173608653777,17173628475111,17173608366642,11142455,17173609270340,17173609317683,17173609448048,17173610913621,17173612622215,20938,665989,17173612622215,17173612226017,17173638985134,17173610913621,
0,690136,17173619119312,17173619119312,0,17173619424820,17173619425914,17173619613049,17173619691070,17173639619312,17173619421122,11142536,17173620223101,17173620269976,17173620375653,17173621834403,17173623559039,19062,353385,17173623559039,17173622846695,17173650119510,17173621834403,
0,690144,17173630262618,17173630262618,0,17173630576904,17173630578154,17173630793154,17173630882113,17173650762618,17173630571488,11142611,17173631573936,17173631683571,17173631839561,17173633571592,17173635373363,25625,445364,17173635373363,17173634786540,17173661268157,17173633571592,
0,690152,17173641409507,17173641409507,0,17173641814666,17173641816593,17173642112114,17173642222687,17173661909507,17173641810030,11143013,17173642963208,17173643004249,17173643125603,17173644675499,17173646494614,21615,347813,17173646494614,17173645739979,17173672408888,17173644675499,
0,690160,17173652553977,17173652553977,0,17173653196282,17173653198625,17173653496490,17173653624146,17173673053977,17173653172063,11143111,17173654211959,17173654257375,17173654369407,17173655908261,17173657700032,22864,380104,17173657700032,17173656966855,17173683558941,17173655908261,
0,690168,17173663696166,17173663696166,0,17173664012116,17173664013314,17173664200554,17173664279720,17173684196166,17173664008314,11143069,17173664827533,17173664870137,17173665017324,17173666528314,17173668397741,20885,369636,17173668397741,17173667572846,17173694705661,17173666528314,
0,690176,17173674839854,17173674839854,0,17173675317534,17173675318628,17173675510815,17173675593211,17173695339854,17173675313055,11143118,17173676178576,17173676226128,17173676346805,17173677835659,17173679580659,23385,360572,17173679580659,17173678921701,17173705838162,17173677835659,
0,690184,17173685982611,17173685982611,0,17173686670035,17173686671441,17173686920243,17173687010868,17173706482611,17173686665972,11143098,17173687651233,17173687698368,17173687825556,17173689472639,17173691246910,22708,399219,17173691246910,17173690566650,17173716981340,17173689472639,
0,690192,17173697127226,17173697127226,0,17173697471546,17173697473369,17173697715140,17173697815505,17173717627226,17173697467015,11143193,17173698509567,17173698559672,17173698708369,17173700237588,17173702054984,23281,372135,17173702054984,17173701310088,17173728138685,17173700237588,
0,690200,17173708272073,17173708272073,0,17173708592225,17173708593579,17173708813787,17173708912120,17173728772073,17173708588110,11143279,17173709575089,17173709619308,17173709736131,17173711188527,17173713012485,22865,393750,17173713012485,17173712291704,17173739282905,17173711188527,
0,690208,17173719414705,17173719414705,0,17173719714309,17173719715247,17173719874309,17173719935611,17173739914705,17173719711184,11143254,17173720343059,17173720401392,17173720493215,17173721564518,17173723258424,19375,345208,17173723258424,17173722503997,17173750426395,17173721564518,
0,690216,17173730557470,17173730557470,0,17173730924883,17173730926498,17173731140300,17173731231237,17173751057470,17173730921393,11143240,17173731905039,17173731963842,17173732084414,17173733546446,17173735355509,22083,364062,17173735355509,17173734550821,17173761565928,17173733546446,
0,690224,17173741703383,17173741703383,0,17173742448530,17173742449520,17173742654103,17173742746759,17173762203383,17173742445770,11143398,17173743384051,17173743438478,17173743565978,17173745130301,17173746939520,25156,394323,17173746939520,17173746216291,17173772704731,17173745130301,
0,690232,17173752848980,17173752848980,0,17173753194000,17173753194833,17173753367854,17173753444156,17173773348980,17173753190614,11143521,17173753967958,17173754030146,17173754157906,17173755723011,17173757552854,24427,382083,17173757552854,17173756800927,17173783847284,17173755723011,
0,690240,17173763994830,17173763994830,0,17173764312803,17173764314261,17173764538168,17173764620772,17173784494830,17173764309678,11143673,17173765319366,17173765368532,17173765495772,17173766845980,17173768581501,24062,330052,17173768581501,17173767789001,17173794995827,17173766845980,
0,690248,17173775139015,17173775139015,0,17173775482075,17173775483325,17173775667596,17173775761763,17173795639015,17173775478690,11143703,17173776221763,17173776281398,17173776429315,17173777629731,17173779306502,20573,371823,17173779306502,17173778560565,17173806132026,17173777629731,
0,690256,17173786282955,17173786282955,0,17173786612493,17173786613274,17173786803430,17173786898691,17173806782955,17173786608534,11143755,17173786922232,17173786998378,17173787094368,17173788402649,17173790108431,18333,343854,17173790108431,17173789344628,17173817278329,17173788402649,
0,690264,17173797426586,17173797426586,0,17173798148640,17173798149838,17173798404734,17173798506504,17173817926586,17173798144161,11143784,17173799586504,17173799639994,17173799777702,17173801234942,17173802967442,25052,430052,17173802967442,17173802413119,17173828428747,17173801234942,
0,690272,17173808570098,17173808570098,0,17173808898068,17173808899683,17173809088433,17173809186766,17173829070098,17173808892964,11143752,17173810347131,17173810407703,17173810555881,17173812272027,17173813975881,24271,390312,17173813975881,17173813370360,17173839561613,17173812272027,
0,690280,17173819711661,17173819711661,0,17173820055829,17173820057392,17173820235673,17173820340517,17173840211661,17173820051038,11143603,17173821302080,17173821362340,17173821500778,17173823149996,17173824898122,26875,378490,17173824898122,17173824196299,17173850707447,17173823149996,
0,690288,17173830855799,17173830855799,0,17173831194216,17173831195570,17173831393070,17173831488591,17173851355799,17173831189008,11143678,17173832246456,17173832292081,17173832448331,17173834115935,17173836212602,25573,447396,17173836212602,17173835263800,17173861866094,17173834115935,
0,690296,17173842001437,17173842001437,0,17173842334894,17173842336248,17173842995311,17173843094269,17173862501437,17173842330571,11143831,17173843760936,17173843810676,17173843939634,17173845563488,17173847330520,26302,400156,17173847330520,17173846661093,17173872990262,17173845563488,
0,690304,17173853142977,17173853142977,0,17173853444895,17173853446302,17173854002083,17173854090885,17173873642977,17173853440729,11143686,17173854679791,17173854722760,17173854838750,17173856342083,17173858069114,21875,361770,17173858069114,17173857355312,17173884136357,17173856342083,
0,690312,17173864285223,17173864285223,0,17173864662605,17173864663646,17173864868386,17173864947969,17173884785223,17173864658282,11143588,17173865522032,17173865574219,17173865688803,17173867145626,17173868923907,20365,385834,17173868923907,17173868212240,17173895284795,17173867145626,
0,690320,17173875432039,17173875432039,0,17173875779429,17173875780627,17173875987658,17173876069950,17173895932039,17173875775627,11143793,17173876639168,17173876683596,17173876797085,17173878130679,17173879910210,17916,341875,17173879910210,17173879166617,17173906426463,17173878130679,
0,690328,17173886572445,17173886572445,0,17173887192294,17173887193232,17173887361201,17173887450784,17173907072445,17173887188649,11143561,17173888027190,17173888063232,17173888160992,17173889862920,17173891614378,17812,359062,17173891614378,17173890848441,17173917572454,17173889862920,
0,690336,17173897714302,17173897714302,0,17173898378389,17173898379691,17173898580421,17173898687244,17173918214302,17173898373910,11143446,17173899316046,17173899357452,17173899481775,17173900913754,17173902655317,22865,418073,17173902655317,17173901993390,17173928728184,17173900913754,
0,690344,17173908856936,17173908856936,0,17173909153911,17173909155630,17173909366411,17173909451932,17173929356936,17173909148859,11143360,17173910060005,17173910105526,17173910218130,17173911953703,17173913784589,23125,400365,17173913784589,17173913082297,17173939853081,17173911953703,
0,690352,17173920000083,17173920000083,0,17173920320267,17173920321100,17173920519329,17173920601777,17173940500083,17173920316517,11143343,17173921215371,17173921263079,17173921388600,17173922903131,17173924660319,23490,355625,17173924660319,17173923925684,17173950993967,17173922903131,
0,690360,17173931144422,17173931144422,0,17173931908549,17173931909434,17173932167924,17173932275372,17173951644422,17173931905111,11143417,17173932887664,17173932941414,17173933061257,17173934570841,17173936355424,23385,415052,17173936355424,17173935728445,17173962138344,17173934570841,
0,690368,17173942289989,17173942289989,0,17173942915477,17173942916415,17173943106310,17173943188342,17173962789989,17173942911779,11143496,17173943790633,17173943833238,17173943955686,17173945384957,17173947173655,21927,351563,17173947173655,17173946384905,17173973285168,17173945384957,
0,690376,17173953430579,17173953430579,0,17173953750947,17173953752614,17173953998707,17173954091364,17173973930579,17173953746259,11143274,17173954761103,17173954812197,17173954947770,17173957017041,17173958888916,24375,409948,17173958888916,17173958188916,17173984431367,17173957017041,
0,690384,17173964572763,17173964572763,0,17173964852563,17173964853656,17173965061052,17173965150688,17173985072763,17173964849073,11143231,17173965751990,17173965790792,17173965896938,17173967180636,17173968953709,17656,305521,17173968953709,17173968084855,17173995569857,17173967180636,
0,690392,17173975715575,17173975715575,0,17173976904908,17173976905793,17173977077720,17173977135376,17173996215575,17173976902303,11143234,17173977536522,17173977584074,17173977722772,17173979335272,17173981138502,21562,381407,17173981138502,17173980403345,17172669562642,17173979335272,
0,690400,17173986859486,17173986859486,0,17173987175638,17173987176419,17173987350013,17173987420482,17174007359486,17173987171732,11143306,17173987955586,17173988003346,17173988118190,17173989603451,17173991384701,21510,386355,17173991384701,17173990664336,17172680707539,17173989603451,
0,690408,17173998003636,17173998003636,0,17173999207670,17173999208920,17173999373920,17173999432045,17174018503636,17173999204754,11143371,17173999829649,17173999876368,17173999993972,17174001500795,17174003370848,22969,398698,17174003370848,17174002653243,17172691852800,17174001500795,
0,690416,17174009145893,17174009145893,0,17174010110796,17174010112255,17174010383140,17174010448348,17174029645893,17174010105484,11143297,17174010846526,17174010904859,17174011093192,17174012915172,17172676615507,35625,364167,17172676615507,17174013884286,17172702992072,17174012915172,
---PROFILEDATA---


View hierarchy:

  dev.polski.grammarmatrix.benchmark/dev.polski.grammarmatrix.GlassBenchmarkActivity/android.view.ViewRootImpl@86d155f
  6 views, 10.66 kB of render nodes


Total ViewRootImpl   : 1
Total attached Views : 6
Total RenderNode     : 10.66 kB (used) / 34.73 kB (capacity)