Applications Graphics Acceleration Info:
Uptime: 17154136 Realtime: 155160701

** Graphics info for pid 27061 [dev.polski.grammarmatrix.benchmark] **

Stats since: 17151518463608ns
Total frames rendered: 235
Janky frames: 0 (0.00%)
Janky frames (legacy): 0 (0.00%)
50th percentile: 5ms
90th percentile: 5ms
95th percentile: 5ms
99th percentile: 6ms
Number Missed Vsync: 0
Number High input latency: 0
Number Slow UI thread: 0
Number Slow bitmap uploads: 0
Number Slow issue draw commands: 0
Number Frame deadline missed: 0
Number Frame deadline missed (legacy): 0
HISTOGRAM: 5ms=228 6ms=7 7ms=0 8ms=0 9ms=0 10ms=0 11ms=0 12ms=0 13ms=0 14ms=0 15ms=0 16ms=0 17ms=0 18ms=0 19ms=0 20ms=0 21ms=0 22ms=0 23ms=0 24ms=0 25ms=0 26ms=0 27ms=0 28ms=0 29ms=0 30ms=0 31ms=0 32ms=0 34ms=0 36ms=0 38ms=0 40ms=0 42ms=0 44ms=0 46ms=0 48ms=0 53ms=0 57ms=0 61ms=0 65ms=0 69ms=0 73ms=0 77ms=0 81ms=0 85ms=0 89ms=0 93ms=0 97ms=0 101ms=0 105ms=0 109ms=0 113ms=0 117ms=0 121ms=0 125ms=0 129ms=0 133ms=0 150ms=0 200ms=0 250ms=0 300ms=0 350ms=0 400ms=0 450ms=0 500ms=0 550ms=0 600ms=0 650ms=0 700ms=0 750ms=0 800ms=0 850ms=0 900ms=0 950ms=0 1000ms=0 1050ms=0 1100ms=0 1150ms=0 1200ms=0 1250ms=0 1300ms=0 1350ms=0 1400ms=0 1450ms=0 1500ms=0 1550ms=0 1600ms=0 1650ms=0 1700ms=0 1750ms=0 1800ms=0 1850ms=0 1900ms=0 1950ms=0 2000ms=0 2050ms=0 2100ms=0 2150ms=0 2200ms=0 2250ms=0 2300ms=0 2350ms=0 2400ms=0 2450ms=0 2500ms=0 2550ms=0 2600ms=0 2650ms=0 2700ms=0 2750ms=0 2800ms=0 2850ms=0 2900ms=0 2950ms=0 3000ms=0 3050ms=0 3100ms=0 3150ms=0 3200ms=0 3250ms=0 3300ms=0 3350ms=0 3400ms=0 3450ms=0 3500ms=0 3550ms=0 3600ms=0 3650ms=0 3700ms=0 3750ms=0 3800ms=0 3850ms=0 3900ms=0 3950ms=0 4000ms=0 4050ms=0 4100ms=0 4150ms=0 4200ms=0 4250ms=0 4300ms=0 4350ms=0 4400ms=0 4450ms=0 4500ms=0 4550ms=0 4600ms=0 4650ms=0 4700ms=0 4750ms=0 4800ms=0 4850ms=0 4900ms=0 4950ms=0
50th gpu percentile: 2ms
90th gpu percentile: 2ms
95th gpu percentile: 2ms
99th gpu percentile: 3ms
GPU HISTOGRAM: 1ms=0 2ms=226 3ms=9 4ms=0 5ms=0 6ms=0 7ms=0 8ms=0 9ms=0 10ms=0 11ms=0 12ms=0 13ms=0 14ms=0 15ms=0 16ms=0 17ms=0 18ms=0 19ms=0 20ms=0 21ms=0 22ms=0 23ms=0 24ms=0 25ms=0 4950ms=0

Pipeline=Skia (OpenGL)
CPU Caches:
  Glyph Cache: 43.11 KB (1 entry)
  Glyph Count: 8 
Total CPU memory usage:
  44146 bytes, 43.11 KB (0.00 bytes is purgeable)
GPU Caches:
  Other:
    Other: 14.68 KB (1 entry)
    Buffer Object: 36.00 KB (1 entry)
  Scratch:
    Texture: 2.00 MB (1 entry)
    Buffer Object: 48.00 KB (1 entry)
Total GPU memory usage:
  2198200 bytes, 2.10 MB (36.00 KB is purgeable)

Profile data in ms:

	dev.polski.grammarmatrix.benchmark/dev.polski.grammarmatrix.GlassBenchmarkActivity/android.view.ViewRootImpl@86d155f (visibility=0)
Window: dev.polski.grammarmatrix.benchmark/dev.polski.grammarmatrix.GlassBenchmarkActivity
Stats since: 17151518462879ns
Total frames rendered: 235
Janky frames: 0 (0.00%)
Janky frames (legacy): 0 (0.00%)
50th percentile: 5ms
90th percentile: 5ms
95th percentile: 5ms
99th percentile: 6ms
Number Missed Vsync: 0
Number High input latency: 0
Number Slow UI thread: 0
Number Slow bitmap uploads: 0
Number Slow issue draw commands: 0
Number Frame deadline missed: 0
Number Frame deadline missed (legacy): 0
HISTOGRAM: 5ms=228 6ms=7 7ms=0 8ms=0 9ms=0 10ms=0 11ms=0 12ms=0 13ms=0 14ms=0 15ms=0 16ms=0 17ms=0 18ms=0 19ms=0 20ms=0 21ms=0 22ms=0 23ms=0 24ms=0 25ms=0 26ms=0 27ms=0 28ms=0 29ms=0 30ms=0 31ms=0 32ms=0 34ms=0 36ms=0 38ms=0 40ms=0 42ms=0 44ms=0 46ms=0 48ms=0 53ms=0 57ms=0 61ms=0 65ms=0 69ms=0 73ms=0 77ms=0 81ms=0 85ms=0 89ms=0 93ms=0 97ms=0 101ms=0 105ms=0 109ms=0 113ms=0 117ms=0 121ms=0 125ms=0 129ms=0 133ms=0 150ms=0 200ms=0 250ms=0 300ms=0 350ms=0 400ms=0 450ms=0 500ms=0 550ms=0 600ms=0 650ms=0 700ms=0 750ms=0 800ms=0 850ms=0 900ms=0 950ms=0 1000ms=0 1050ms=0 1100ms=0 1150ms=0 1200ms=0 1250ms=0 1300ms=0 1350ms=0 1400ms=0 1450ms=0 1500ms=0 1550ms=0 1600ms=0 1650ms=0 1700ms=0 1750ms=0 1800ms=0 1850ms=0 1900ms=0 1950ms=0 2000ms=0 2050ms=0 2100ms=0 2150ms=0 2200ms=0 2250ms=0 2300ms=0 2350ms=0 2400ms=0 2450ms=0 2500ms=0 2550ms=0 2600ms=0 2650ms=0 2700ms=0 2750ms=0 2800ms=0 2850ms=0 2900ms=0 2950ms=0 3000ms=0 3050ms=0 3100ms=0 3150ms=0 3200ms=0 3250ms=0 3300ms=0 3350ms=0 3400ms=0 3450ms=0 3500ms=0 3550ms=0 3600ms=0 3650ms=0 3700ms=0 3750ms=0 3800ms=0 3850ms=0 3900ms=0 3950ms=0 4000ms=0 4050ms=0 4100ms=0 4150ms=0 4200ms=0 4250ms=0 4300ms=0 4350ms=0 4400ms=0 4450ms=0 4500ms=0 4550ms=0 4600ms=0 4650ms=0 4700ms=0 4750ms=0 4800ms=0 4850ms=0 4900ms=0 4950ms=0
50th gpu percentile: 2ms
90th gpu percentile: 2ms
95th gpu percentile: 2ms
99th gpu percentile: 3ms
GPU HISTOGRAM: 1ms=0 2ms=226 3ms=9 4ms=0 5ms=0 6ms=0 7ms=0 8ms=0 9ms=0 10ms=0 11ms=0 12ms=0 13ms=0 14ms=0 15ms=0 16ms=0 17ms=0 18ms=0 19ms=0 20ms=0 21ms=0 22ms=0 23ms=0 24ms=0 25ms=0 4950ms=0



---PROFILEDATA---
Flags,FrameTimelineVsyncId,IntendedVsync,Vsync,InputEventId,HandleInputStart,AnimationStart,PerformTraversalsStart,DrawStart,FrameDeadline,FrameInterval,FrameStartTime,SyncQueued,SyncStart,IssueDrawCommandsStart,SwapBuffers,FrameCompleted,DequeueBufferDuration,QueueBufferDuration,GpuCompleted,SwapBuffersCompleted,DisplayPresentTime,CommandSubmissionCompleted,
0,675110,17152804848013,17152804848013,0,17152805302226,17152805303996,17152805558319,17152805668163,17152825348013,17152805296080,11142936,17152806829517,17152806896184,17152807049570,17152808972382,17152810910351,28750,470104,17152810910351,17152810271549,17152835839416,17152808972382,
0,675118,17152815990465,17152815990465,0,17152816305248,17152816307435,17152816591341,17152816678216,17152836490465,17152816298685,11142888,17152817470768,17152817512696,17152817637800,17152819081758,17152820771290,19375,323333,17152820771290,17152820042279,17152846981813,17152819081758,
0,675126,17152827130828,17152827130828,0,17152827453582,17152827455040,17152827685561,17152827772540,17152847630828,17152827448790,11142713,17152828526447,17152828566759,17152828690613,17152830093218,17152831820509,23073,306354,17152831820509,17152831020978,17152858123950,17152830093218,
0,675134,17152838270748,17152838270748,0,17152838706812,17152838708166,17152838992021,17152839080719,17152858770748,17152838701135,11142505,17152839898219,17152839936448,17152840050094,17152841491656,17152843231396,18541,382136,17152843231396,17152842542281,17152869266138,17152841491656,
0,675142,17152849410987,17152849410987,0,17152850592595,17152850594105,17152850839418,17152850904886,17152869910987,17152850588168,11142321,17152851492282,17152851537126,17152851801032,17152853382126,17152855103064,21927,391562,17152855103064,17152854465980,17152880412546,17152853382126,
0,675150,17152860552528,17152860552528,0,17152861780773,17152861781919,17152862020669,17152862080565,17152881052528,17152861776762,11142266,17152862660773,17152862704523,17152862826294,17152864311190,17152865987075,20885,383386,17152865987075,17152865349679,17152891553224,17152864311190,
0,675158,17152871695547,17152871695547,0,17152872867180,17152872868274,17152873095514,17152873157389,17152892195547,17152872863899,11142355,17152873774368,17152873814889,17152873939368,17152875473535,17152877363639,19531,389687,17152877363639,17152876616139,17152902695517,17152875473535,
0,675166,17152882836552,17152882836552,0,17152884057494,17152884059161,17152884317494,17152884388640,17152903336552,17152884053015,11142246,17152885128067,17152885192806,17152885374994,17152887039682,17152888815046,33854,373698,17152888815046,17152888113484,17152913853643,17152887039682,
0,675174,17152893978407,17152893978407,0,17152894571662,17152894572651,17152894760620,17152894845724,17152914478407,17152894567234,11142183,17152895602287,17152895641245,17152895780099,17152897381714,17152899156975,24688,363125,17152899156975,17152898442912,17152925001717,17152897381714,
0,675182,17152905120513,17152905120513,0,17152905423017,17152905424163,17152905621090,17152905701246,17152925620513,17152905418277,11142163,17152906419527,17152906460829,17152906622548,17152908134892,17152909992965,24532,393229,17152909992965,17152909314684,17152936133437,17152908134892,
0,675190,17152916263212,17152916263212,0,17152916663487,17152916665622,17152917437653,17152917552914,17152936763212,17152916657810,11142201,17152918733591,17152918782966,17152918913591,17152920460362,17152922247029,24427,378282,17152922247029,17152921521716,17152947276823,17152920460362,
0,675198,17152927410143,17152927410143,0,17152928646196,17152928648071,17152928894790,17152928960155,17152947910143,17152928643280,11142502,17152929595988,17152929644165,17152929784373,17152931321821,17152933198801,25365,390677,17152933198801,17152932472499,17152958423855,17152931321821,
0,675206,17152938557532,17152938557532,0,17152938998541,17152938999843,17152939230520,17152939315208,17152959057532,17152938994583,11142799,17152940594010,17152940647708,17152940758593,17152942223385,17152944011406,21510,345156,17152944011406,17152943203385,17152969568127,17152942223385,
0,675214,17152949701516,17152949701516,0,17152950044167,17152950045730,17152950737605,17152950850417,17152970201516,17152950039688,11142874,17152951790001,17152951839584,17152951953751,17152953727605,17152955534532,19532,773489,17152955534532,17152955167449,17152980696931,17152953727605,
0,675222,17152960845281,17152960845281,0,17152961185783,17152961187293,17152961455314,17152961575991,17152981345281,17152961181252,11142924,17152962556356,17152962604168,17152962713335,17152964092762,17152965856564,23490,307500,17152965856564,17152965051981,17152991843442,17152964092762,
0,675230,17152971990723,17152971990723,0,17152972708701,17152972709899,17152972986253,17152973107867,17152992490723,17152972703232,11143100,17152974070003,17152974119847,17152974244586,17152975861357,17152977683389,21145,393750,17152977683389,17152976945784,17153002977766,17152975861357,
0,675238,17152983136198,17152983136198,0,17152983740420,17152983741723,17152984137816,17152984248650,17153003636198,17152983735733,11143268,17152985118181,17152985166827,17152985298285,17152986837296,17152988605942,23750,373594,17152988605942,17152987889588,17153014104434,17152986837296,
0,675246,17152994277977,17152994277977,0,17152994925369,17152994926307,17152995240578,17152995347817,17153014777977,17152994921307,11143211,17152996221724,17152996267401,17152996387036,17152997737349,17152999520266,23594,366458,17152999520266,17152998837401,17153025269435,17152997737349,
0,675254,17153005420791,17153005420791,0,17153006132193,17153006133496,17153006389121,17153006494121,17153025920791,17153006126204,11143218,17153007044798,17153007102558,17153007236256,17153008574850,17153010145996,22292,308802,17153010145996,17153009435840,17153036403811,17153008574850,
0,675262,17153016561695,17153016561695,0,17153016901309,17153016903028,17153017141361,17153017240840,17153037061695,17153016896205,11143117,17153017265997,17153018136205,17153018204538,17153019232664,17153020953497,18854,314219,17153020953497,17153020092872,17153047541989,17153019232664,
0,675270,17153027698741,17153027698741,0,17153028183081,17153028184800,17153028528758,17153028638185,17153048198741,17153028178654,11142787,17153029795165,17153029864175,17153030009696,17153031791571,17153033546988,23646,402812,17153033546988,17153032947248,17153058691938,17153031791571,
0,675278,17153038842067,17153038842067,0,17153039197561,17153039199124,17153039412978,17153039587457,17153059342067,17153039192822,11142848,17153040844697,17153040901780,17153041049489,17153042686103,17153044383395,20469,329844,17153044383395,17153043670166,17153069829075,17153042686103,
0,675286,17153049982183,17153049982183,0,17153050318500,17153050320115,17153050551729,17153050645583,17153070482183,17153050311833,11142673,17153051704125,17153051745323,17153051882302,17153053575323,17153055432459,24739,522291,17153055432459,17153055201053,17153080969649,17153053575323,
0,675294,17153061121124,17153061121124,0,17153061495168,17153061496678,17153061821626,17153061930845,17153081621124,17153061489387,11142424,17153062840949,17153062884230,17153063033241,17153064738606,17153066616627,23750,385469,17153066616627,17153065919439,17153092116942,17153064738606,
0,675302,17153072262117,17153072262117,0,17153072844752,17153072846002,17153073099700,17153073202929,17153092762117,17153072839023,11142303,17153074158711,17153074206367,17153074347721,17153075994648,17153077751367,23542,373542,17153077751367,17153077083867,17153103254912,17153075994648,
0,675310,17153083401726,17153083401726,0,17153083790951,17153083791785,17153084003451,17153084087358,17153103901726,17153083786368,11142099,17153084812826,17153084857826,17153085043660,17153086480899,17153088222254,24063,344167,17153088222254,17153087472670,17153114395433,17153086480899,
0,675318,17153094540879,17153094540879,0,17153094921369,17153094922046,17153095626421,17153095717984,17153115040879,17153094918244,11141867,17153096519286,17153096569130,17153096720328,17153098376526,17153100211890,21875,380521,17153100211890,17153099544494,17153125538820,17153098376526,
0,675326,17153105681219,17153105681219,0,17153106083453,17153106085381,17153106320849,17153106418870,17153126181219,17153106079287,11141704,17153107255120,17153107303922,17153107431422,17153108941266,17153110659808,22344,369896,17153110659808,17153109973506,17153136677050,17153108941266,
0,675334,17153116821083,17153116821083,0,17153117157413,17153117158819,17153117796528,17153117898975,17153137321083,17153117153611,11141537,17153118973403,17153119024444,17153119153559,17153120701892,17153122492049,23333,432396,17153122492049,17153121839184,17153147830281,17153120701892,
0,675342,17153127960331,17153127960331,0,17153128257831,17153128258872,17153128522622,17153128615435,17153148460331,17153128252726,11141325,17153129478300,17153129544550,17153129651945,17153131139914,17153132937571,23177,369583,17153132937571,17153132263925,17153158964969,17153131139914,
0,675350,17153139099917,17153139099917,0,17153139451634,17153139452780,17153139683769,17153139776790,17153159599917,17153139447051,11141134,17153140613874,17153140655957,17153140761999,17153142213665,17153143967520,20000,328698,17153143967520,17153143141218,17153170104293,17153142213665,
0,675358,17153150241142,17153150241142,0,17153150580177,17153150581114,17153150782260,17153150861843,17153170741142,17153150576114,11141138,17153151751166,17153151793823,17153151904552,17153153311062,17153155067000,22917,357292,17153155067000,17153154310542,17153181254503,17153153311062,
0,675366,17153161386431,17153161386431,0,17153161717834,17153161718928,17153161924292,17153162024865,17153181886431,17153161713459,11141424,17153162790803,17153162833824,17153162926011,17153164356897,17153166076376,21042,475417,17153166076376,17153165461793,17153192388254,17153164356897,
0,675374,17153172528494,17153172528494,0,17153172821585,17153172822575,17153173030908,17153173123721,17153193028494,17153172817783,11141460,17153173898825,17153173942835,17153174050491,17153175582419,17153177426429,23490,362031,17153177426429,17153176650023,17153203531796,17153175582419,
0,675382,17153183670313,17153183670313,0,17153183973722,17153183974607,17153184226742,17153184321326,17153204170313,17153183969607,11141493,17153185253253,17153185305545,17153185435961,17153186840701,17153188659399,25729,354636,17153188659399,17153187817472,17153214682579,17153186840701,
0,675390,17153194815194,17153194815194,0,17153195135389,17153195136379,17153195340754,17153195425129,17153215315194,17153195130754,11141741,17153196280129,17153196322317,17153196441067,17153197791588,17153199616275,19480,385521,17153199616275,17153198906119,17153225826538,17153197791588,
0,675398,17153205958643,17153205958643,0,17153206256484,17153206257786,17153206491588,17153206583776,17153226458643,17153206252526,11141922,17153207394870,17153207443568,17153207587161,17153209241537,17153211097422,26042,410886,17153211097422,17153210355912,17153236967164,17153209241537,
0,675406,17153217100710,17153217100710,0,17153217432787,17153217434037,17153217663985,17153217757475,17153237600710,17153217429506,11141946,17153218675808,17153218733725,17153218873152,17153220378621,17153222284038,25469,383334,17153222284038,17153221446069,17153248105499,17153220378621,
0,675414,17153228245745,17153228245745,0,17153229521382,17153229522320,17153229719403,17153229778101,17153248745745,17153229518726,11142174,17153230340185,17153230388830,17153230505133,17153232008883,17153233755497,21823,364687,17153233755497,17153233034664,17153259252531,17153232008883,
0,675422,17153239390020,17153239390020,0,17153239706279,17153239707633,17153239912373,17153239991071,17153259890020,17153239701696,11142310,17153240766227,17153240825446,17153240962477,17153242467686,17153244257946,22969,380312,17153244257946,17153243546957,17153270400136,17153242467686,
0,675430,17153250531293,17153250531293,0,17153250911853,17153250913676,17153251198676,17153251296905,17153271031293,17153250906749,11142172,17153251880447,17153251937062,17153252076072,17153253407895,17153255184041,19115,331770,17153255184041,17153254374666,17153281532794,17153253407895,
0,675438,17153261674959,17153261674959,0,17153261991125,17153261992167,17153262198469,17153262278677,17153282174959,17153261987479,11142310,17153262301907,17153262397167,17153262487375,17153263878417,17153265624459,21302,358438,17153265624459,17153264906855,17153292671545,17153263878417,
0,675446,17153272818691,17153272818691,0,17153273547897,17153273549512,17153273812220,17153273896908,17153293318691,17153273543574,11142406,17153274923002,17153275003783,17153275129616,17153276544981,17153278369096,26406,376302,17153278369096,17153277578366,17153303814254,17153276544981,
0,675454,17153283962976,17153283962976,0,17153284279617,17153284280711,17153284500555,17153284591752,17153304462976,17153284274825,11142508,17153285926909,17153286000294,17153286125815,17153287705399,17153289443628,27604,401823,17153289443628,17153288862795,17153314967276,17153287705399,
0,675462,17153295105923,17153295105923,0,17153295427014,17153295428681,17153295624566,17153295748368,17153315605923,17153295421962,11142575,17153296786806,17153296833056,17153296949514,17153298391337,17153300047327,22500,312396,17153300047327,17153299308108,17153326103007,17153298391337,
0,675470,17153306247264,17153306247264,0,17153306584671,17153306585869,17153306924880,17153307014411,17153326747264,17153306579567,11142517,17153307819776,17153307859619,17153307981286,17153309905974,17153311768370,22500,398386,17153311768370,17153311052120,17153337257122,17153309905974,
0,675478,17153317388508,17153317388508,0,17153317699412,17153317700662,17153317937172,17153318026860,17153337888508,17153317694620,11142444,17153318787120,17153318844412,17153318967485,17153320399777,17153322448319,23750,360000,17153322448319,17153321424517,17153348429415,17153320399777,
0,675486,17153328533185,17153328533185,0,17153328892486,17153328893944,17153329130819,17153329221965,17153349033185,17153328887799,11142604,17153329998267,17153330046965,17153330164205,17153331749622,17153333506549,25417,374114,17153333506549,17153332863893,17153359522645,17153331749622,
0,675494,17153339675482,17153339675482,0,17153340007018,17153340008581,17153340593425,17153340692383,17153360175482,17153340003581,11142596,17153341617487,17153341711967,17153341853633,17153343521133,17153345278581,25885,386406,17153345278581,17153344645717,17153370674001,17153343521133,
0,675509,17153350820308,17153350820308,0,17153351179572,17153351180457,17153351434363,17153351506290,17153371320308,17153351176030,11142725,17153352194520,17153352259676,17153352337436,17153353442801,17153355176499,19843,343073,17153355176499,17153354358114,17153381806554,17153353442801,
0,675524,17153361972290,17153361972290,0,17153363159937,17153363160927,17153363415406,17153363480250,17153382472290,17153363156187,11143277,17153364112854,17153364159156,17153364231031,17153365256292,17153366871917,15468,278751,17153366871917,17153366037334,17153392963534,17153365256292,
0,675539,17153373110776,17153373110776,0,17153374379314,17153374380407,17153374650928,17153374719261,17153393610776,17153374375928,11142996,17153375434834,17153375541032,17153375708480,17153377440043,17153379157856,31927,430625,17153379157856,17153378681085,17153404106400,17153377440043,
0,675554,17153384253246,17153384253246,0,17153384574262,17153384575096,17153384822075,17153384937492,17153404753246,17153384571919,11143017,17153386342283,17153386377492,17153386506346,17153387885565,17153389568169,16562,301875,17153389568169,17153388821398,17153415251349,17153387885565,
0,675569,17153395392166,17153395392166,0,17153396606659,17153396607962,17153396827076,17153396896920,17153415892166,17153396603274,11142783,17153397533899,17153397585722,17153397724003,17153399446868,17153401287077,23646,357709,17153401287077,17153400520827,17153426388590,17153399446868,
0,675584,17153406534250,17153406534250,0,17153406890254,17153406891140,17153407119421,17153407220879,17153427034250,17153406886192,11142718,17153408054056,17153408099629,17153408267181,17153409996244,17153411803171,24375,377709,17153411803171,17153411113848,17153437528799,17153409996244,
0,675599,17153417677493,17153417677493,0,17153418897078,17153418897912,17153419114422,17153419184526,17153438177493,17153418894058,11142766,17153419801349,17153419848849,17153420006193,17153421825204,17153423693537,28542,393177,17153423693537,17153423006975,17153448683279,17153421825204,
0,675614,17153428819864,17153428819864,0,17153430025465,17153430026298,17153430240829,17153430307600,17153449319864,17153430022548,11142708,17153430910465,17153430959944,17153431109475,17153433024528,17153434934007,28854,406614,17153434934007,17153434236194,17153459815468,17153433024528,
0,675629,17153439960855,17153439960855,0,17153440327445,17153440328903,17153440546872,17153440653539,17153460460855,17153440323851,11142571,17153441445049,17153441498539,17153441711768,17153443378227,17153445345466,25000,384323,17153445345466,17153444521196,17153470979063,17153443378227,
0,675644,17153451102518,17153451102518,0,17153451767238,17153451768123,17153451993123,17153452065415,17153471602518,17153451764582,11142523,17153452710311,17153452767446,17153452923071,17153454780155,17153457243593,27812,393229,17153457243593,17153456141770,17153482103960,17153454780155,
0,675659,17153462247393,17153462247393,0,17153462589531,17153462590208,17153462829374,17153462921093,17153482747393,17153462587708,11142674,17153463735833,17153463778802,17153463934791,17153465606250,17153467461146,25365,360209,17153467461146,17153466732187,17153493248596,17153465606250,
0,675674,17153473389336,17153473389336,0,17153474742396,17153474743438,17153475059740,17153475146459,17153493889336,17153474739532,11142639,17153475833386,17153475903334,17153476074740,17153478041616,17153480295730,34635,378073,17153480295730,17153479278647,17153504391566,17153478041616,
0,675682,17153484535742,17153484535742,0,17153484838595,17153484839533,17153485464064,17153485569064,17153505035742,17153484834116,11142841,17153486518023,17153486560158,17153486711721,17153488522033,17153490364273,27135,395885,17153490364273,17153489675263,17153515545786,17153488522033,
0,675690,17153495678137,17153495678137,0,17153495977971,17153495979169,17153496180576,17153496272919,17153516178137,17153495972711,11142828,17153496842763,17153496901513,17153497045211,17153498389326,17153500133389,19792,327605,17153500133389,17153499359951,17153526690995,17153498389326,
0,675698,17153506821856,17153506821856,0,17153507122035,17153507122764,17153507292504,17153507369848,17153527321856,17153507118181,11142924,17153507388598,17153507551410,17153507658962,17153509280421,17153511069848,22292,388437,17153511069848,17153510414015,17153537829069,17153509280421,
0,675706,17153517964120,17153517964120,0,17153518848182,17153518849380,17153519111047,17153519194172,17153538464120,17153518265422,11142874,17153520220995,17153520279328,17153520430578,17153522055266,17153523845266,29687,429739,17153523845266,17153523238547,17153548987925,17153522055266,
0,675714,17153529108440,17153529108440,0,17153529459016,17153529460162,17153530093652,17153530179017,17153549608440,17153529453860,11142919,17153531385215,17153531439225,17153531580892,17153533019381,17153534727663,46250,337656,17153534727663,17153534010632,17153560104540,17153533019381,
0,675722,17153540252952,17153540252952,0,17153541431466,17153541433445,17153541596049,17153541698132,17153560752952,17153541427976,11142969,17153542410007,17153542449851,17153542516049,17153543380528,17153545106831,15000,267500,17153545106831,17153544116362,17153571249489,17153543380528,
0,675730,17153551397566,17153551397566,0,17153552868394,17153552870269,17153553171415,17153553256415,17153571897566,17153552862248,11143082,17153553959331,17153554007665,17153554104904,17153555472196,17153557281415,28125,318646,17153557281415,17153556350269,17153582389178,17153555472196,
0,675738,17153562544809,17153562544809,0,17153563701051,17153563702353,17153563926884,17153563993655,17153583044809,17153563697562,11143304,17153564581103,17153564663291,17153564805062,17153566393187,17153568040479,18333,306302,17153568040479,17153567306364,17153593541262,17153566393187,
0,675746,17153573686951,17153573686951,0,17153574841365,17153574842511,17153575114906,17153575174177,17153594186951,17153574839021,11143287,17153575700063,17153575753709,17153575868552,17153577377875,17153579102251,24375,453438,17153579102251,17153578526938,17153604671107,17153577377875,
0,675754,17153584834610,17153584834610,0,17153586036158,17153586037355,17153586264074,17153586326470,17153605334610,17153586033085,11143780,17153586873866,17153586923814,17153587045481,17153588579647,17153590284543,23385,397604,17153590284543,17153589677356,17153615820171,17153588579647,
0,675762,17153595974144,17153595974144,0,17153596462721,17153596464336,17153596814961,17153596903502,17153616474144,17153596457773,11143499,17153597706732,17153597761211,17153597898242,17153599435221,17153601092097,25990,339010,17153601092097,17153600403503,17153626976162,17153599435221,
0,675770,17153607117115,17153607117115,0,17153607404180,17153607405535,17153607596264,17153607651264,17153627617115,17153607401576,11143470,17153608182878,17153608227045,17153608397045,17153609961577,17153611732150,26250,386250,17153611732150,17153611031681,17153638115850,17153609961577,
0,675778,17153618255050,17153618255050,0,17153618616630,17153618617463,17153618786734,17153618847359,17153638755050,17153618614286,11143078,17153620136109,17153620182880,17153620284859,17153621541317,17153623276005,18854,331771,17153623276005,17153622525901,17153649257414,17153621541317,
0,675786,17153629396640,17153629396640,0,17153630122933,17153630124651,17153630375537,17153630472308,17153649896640,17153630118506,11142986,17153631331735,17153631378610,17153631506943,17153633221787,17153635100485,22604,395937,17153635100485,17153634347933,17153660407467,17153633221787,
0,675794,17153640541424,17153640541424,0,17153640830850,17153640832100,17153641028142,17153641117257,17153661041424,17153640827673,11143082,17153641955903,17153641996580,17153642095955,17153643452205,17153645203507,18542,338750,17153645203507,17153644415018,17153671541687,17153643452205,
0,675802,17153651685527,17153651685527,0,17153651970747,17153651971685,17153652161008,17153652231581,17153672185527,17153651968404,11143147,17153652891268,17153652945748,17153653049185,17153654446841,17153656194081,21823,376458,17153656194081,17153655560904,17153682696844,17153654446841,
0,675810,17153662828252,17153662828252,0,17153663151842,17153663153301,17153663428353,17153663523926,17153683328252,17153663147728,11143094,17153664394082,17153664441269,17153664570488,17153666156790,17153667936530,20833,329740,17153667936530,17153667128874,17153693832210,17153666156790,
0,675818,17153673972065,17153673972065,0,17153675237781,17153675238823,17153675417156,17153675476166,17153694472065,17153675235229,11143085,17153675996844,17153676043562,17153676159864,17153677480646,17153679281740,21146,365729,17153679281740,17153678494813,17153704987003,17153677480646,
0,675826,17153685115228,17153685115228,0,17153685427990,17153685429397,17153685629292,17153685704292,17153705615228,17153685424657,11143103,17153686452209,17153686503511,17153686719657,17153688205126,17153690250907,23645,366667,17153690250907,17153689489449,17153716121431,17153688205126,
0,675834,17153696259621,17153696259621,0,17153696582419,17153696584137,17153696792262,17153696883200,17153716759621,17153696578356,11143127,17153697674137,17153697719033,17153697823929,17153699385440,17153701197784,18334,365729,17153701197784,17153700383096,17153727261432,17153699385440,
0,675842,17153707405072,17153707405072,0,17153707837211,17153707838982,17153708068253,17153708159347,17153727905072,17153707833305,11143334,17153709134295,17153709194451,17153709310284,17153710735910,17153712550389,19532,563698,17153712550389,17153711968305,17153738409402,17153710735910,
0,675850,17153718550589,17153718550589,0,17153718868619,17153718869712,17153719482890,17153719575962,17153739050589,17153718865494,11143435,17153720442785,17153720496119,17153720617369,17153722057004,17153723794192,19167,353907,17153723794192,17153723063202,17153749562736,17153722057004,
0,675858,17153729693811,17153729693811,0,17153730075182,17153730077474,17153730439141,17153730524818,17153750193811,17153730071693,11143404,17153731352526,17153731413880,17153731551953,17153733179974,17153735041589,24166,391771,17153735041589,17153734282526,17153760693727,17153733179974,
0,675866,17153740836036,17153740836036,0,17153741115652,17153741117058,17153741757423,17153741840652,17153761336036,17153741112788,11143310,17153742392215,17153742443986,17153742592631,17153744022580,17153746070288,21459,342865,17153746070288,17153745029350,17153771833103,17153744022580,
0,675874,17153751981106,17153751981106,0,17153752343414,17153752344039,17153752519768,17153752589664,17153772481106,17153752339820,11143450,17153752609403,17153752665185,17153752758778,17153754625810,17153756370758,20729,392969,17153756370758,17153755730966,17153782982583,17153754625810,
0,675882,17153763128973,17153763128973,0,17153763459300,17153763460290,17153763644300,17153763717113,17153783628973,17153763455967,11143767,17153764607009,17153764653415,17153764765082,17153766088207,17153767759769,21927,316041,17153767759769,17153767003519,17153794116803,17153766088207,
0,675890,17153774272881,17153774272881,0,17153774591801,17153774592999,17153774804666,17153774895916,17153794772881,17153774587843,11143817,17153776218260,17153776276281,17153776410864,17153777957427,17153779732948,23333,363281,17153779732948,17153779087062,17153805271961,17153777957427,
0,675898,17153785418407,17153785418407,0,17153785720240,17153785721438,17153785913469,17153785989511,17153805918407,17153785715448,11144059,17153786968261,17153787020969,17153787131334,17153788686803,17153790349563,24480,509583,17153790349563,17153789850657,17153816413264,17153788686803,
0,675906,17153796561499,17153796561499,0,17153796890814,17153796891699,17153797126595,17153797227220,17153817061499,17153796885449,11143999,17153798025033,17153798066856,17153798195554,17153800090606,17153801937064,23334,788489,17153801937064,17153801746179,17153827556494,17153800090606,
0,675914,17153807702408,17153807702408,0,17153808070607,17153808071805,17153808376857,17153808497013,17153828202408,17153808065450,11143817,17153809309357,17153809364982,17153809482013,17153810894513,17153812603211,18698,526510,17153812603211,17153812019878,17153838698214,17153810894513,
0,675922,17153818845575,17153818845575,0,17153819154879,17153819156024,17153819347952,17153819421129,17153839345575,17153819151545,11143745,17153820148993,17153820197170,17153820319462,17153821878160,17153823630087,22605,355885,17153823630087,17153822901233,17153849835455,17153821878160,
0,675930,17153829989364,17153829989364,0,17153830303369,17153830304776,17153830502224,17153830578578,17153850489364,17153830299463,11143759,17153831272276,17153831319515,17153831423161,17153832864984,17153834589724,20521,342448,17153834589724,17153833858266,17153860987799,17153832864984,
0,675938,17153841130812,17153841130812,0,17153842367954,17153842369256,17153842572850,17153842635193,17153861630812,17153842364621,11143550,17153843220662,17153843269569,17153843411027,17153845150246,17153846965975,22500,404792,17153846965975,17153846328579,17153872119467,17153845150246,
0,675946,17153852272419,17153852272419,0,17153853570090,17153853571184,17153853799726,17153853855663,17153872772419,17153853565872,11143380,17153854406445,17153854454309,17153854587799,17153856163372,17153857958893,22448,370104,17153857958893,17153857221445,17153883265614,17153856163372,
0,675954,17153863414385,17153863414385,0,17153863777487,17153863779206,17153864010873,17153864100456,17153883914385,17153863773529,11143306,17153864899831,17153864951550,17153865135352,17153866780769,17153868615717,26094,417396,17153868615717,17153867929363,17153894409938,17153866780769,
0,675962,17153874558090,17153874558090,0,17153875555666,17153875557280,17153875832488,17153875943061,17153895058090,17153875550093,11143314,17153876869311,17153876910041,17153877040457,17153878708478,17153880532854,23802,403437,17153880532854,17153879831968,17153905557179,17153878708478,
0,675970,17153885698574,17153885698574,0,17153886401396,17153886403062,17153886640771,17153886743948,17153906198574,17153886397125,11143120,17153887623323,17153887668323,17153887795979,17153889341031,17153891115042,24375,346250,17153891115042,17153890364000,17153916693586,17153889341031,
0,675978,17153896840914,17153896840914,0,17153897237334,17153897238689,17153897526189,17153897624418,17153917340914,17153897232803,11143078,17153898497699,17153898552282,17153898687178,17153900229262,17153902028481,25052,385209,17153902028481,17153901317387,17153927840254,17153900229262,
0,675986,17153907982194,17153907982194,0,17153909226606,17153909227544,17153909418638,17153909475825,17153928482194,17153909224211,11142920,17153910004836,17153910053586,17153910182752,17153911863950,17153913667857,24062,393802,17153913667857,17153912953169,17153938985047,17153911863950,
0,675994,17153919126317,17153919126317,0,17153919452753,17153919454055,17153919668587,17153919753535,17153939626317,17153919448587,11143002,17153921046243,17153921096347,17153921238899,17153922866972,17153924685618,23750,354739,17153924685618,17153923925410,17153950109735,17153922866972,
0,676002,17153930267591,17153930267591,0,17153930962286,17153930963796,17153931192859,17153931303327,17153950767591,17153930957025,11142869,17153932173640,17153932216192,17153932331505,17153933621505,17153935407963,19479,310261,17153935407963,17153934539161,17153961268382,17153933621505,
0,676010,17153941411658,17153941411658,0,17153941821089,17153941822443,17153942065255,17153942165724,17153961911658,17153941816818,11142973,17153943374266,17153943428641,17153943542547,17153944932131,17153946778589,26250,381563,17153946778589,17153945991818,17153972415884,17153944932131,
0,676018,17153952554878,17153952554878,0,17153952814996,17153952816246,17153953000829,17153953060204,17153973054878,17153952812027,11142666,17153953684371,17153953723330,17153953802600,17153954740986,17153956354996,13489,251145,17153956354996,17153955457548,17153983560572,17153954740986,
0,676026,17153963693109,17153963693109,0,17153964085883,17153964087081,17153964354060,17153964444529,17153984193109,17153964081976,11142666,17153965381872,17153965443695,17153965575987,17153967041977,17153968760987,24219,367708,17153968760987,17153968057341,17153994695052,17153967041977,
0,676034,17153974836180,17153974836180,0,17153976103280,17153976104321,17153976317238,17153976383228,17153995336180,17153976099894,11142675,17153976955676,17153977001717,17153977126665,17153978589217,17153980397551,20208,383489,17153980397551,17153979644061,17154005835054,17153978589217,
0,676042,17153985982050,17153985982050,0,17153986400416,17153986401770,17153986647708,17153986750364,17154006482050,17153986395468,11142913,17153987303697,17153987399218,17153987549791,17153989059687,17153990771771,20364,309323,17153990771771,17153989982552,17154016982763,17153989059687,
0,676050,17153997126512,17153997126512,0,17153997436459,17153997437969,17153997693646,17153997796146,17154017626512,17153997430574,11142996,17153997821459,17153997883490,17153997996199,17153999579115,17154001352345,22813,380052,17154001352345,17154000653699,17154028118649,17153999579115,
0,676058,17154008268166,17154008268166,0,17154008666095,17154008667502,17154009359585,17154009464221,17154028768166,17154008661200,11142889,17154010672866,17154010729012,17154010870054,17154012493075,17154015288648,28698,393125,17154015288648,17154013927763,17154039265057,17154012493075,
0,676066,17154019410127,17154019410127,0,17154019720472,17154019721565,17154019931357,17154020033492,17154039910127,17154019716044,11142840,17154021152295,17154021213024,17154021363076,17154023251826,17154025145524,25886,429792,17154025145524,17154024490680,17154050412975,17154023251826,
0,676074,17154030551940,17154030551940,0,17154030926046,17154030928546,17154031134639,17154031231462,17154051051940,17154030920056,11142730,17154032424067,17154032473181,17154032625629,17154034454327,17154036275682,27188,409270,17154036275682,17154035681202,17154061544538,17154034454327,
0,676082,17154041693884,17154041693884,0,17154042082193,17154042084640,17154042700891,17154042800109,17154062193884,17154042076203,11142701,17154043704536,17154043746203,17154043892349,17154045473755,17154047385578,22031,413542,17154047385578,17154046698651,17154072686779,17154045473755,
0,676090,17154052836662,17154052836662,0,17154053210892,17154053211829,17154053430371,17154053510371,17154073336662,17154053205996,11142715,17154054202715,17154054283860,17154054414538,17154056215215,17154058035996,29271,453594,17154058035996,17154057450475,17154083824749,17154056215215,
0,676098,17154063980822,17154063980822,0,17154064322924,17154064323653,17154064502820,17154064574799,17154084480822,17154064319122,11142814,17154065293445,17154065336987,17154065468757,17154066997403,17154068770372,23177,334375,17154068770372,17154068008601,17154094968656,17154066997403,
0,676106,17154075122073,17154075122073,0,17154075440998,17154075441935,17154075630217,17154075704488,17154095622073,17154075437300,11142735,17154076385529,17154076429904,17154076546883,17154077910165,17154079609853,20729,331719,17154079609853,17154078909800,17154106115636,17154077910165,
0,676114,17154086262492,17154086262492,0,17154086864437,17154086865634,17154087085114,17154087190322,17154106762492,17154086860426,11142576,17154088011103,17154088053603,17154088182249,17154089735531,17154091506104,22552,364427,17154091506104,17154090799958,17154117257304,17154089735531,
0,676122,17154097403367,17154097403367,0,17154098628865,17154098629959,17154098842511,17154098906573,17154117903367,17154098625740,11142504,17154099499282,17154099555011,17154099720115,17154101616261,17154103534803,32239,472761,17154103534803,17154102961053,17152791274412,17154101616261,
0,676130,17154108543100,17154108543100,0,17154108839230,17154108840220,17154109027251,17154109101730,17154129043100,17154108835585,11142302,17154109776678,17154109818658,17154109936053,17154111461939,17154113478137,22812,374635,17154113478137,17154112765220,17152802419361,17154111461939,
0,676138,17154119684521,17154119684521,0,17154120906992,17154120908294,17154121111002,17154121176211,17154140184521,17154120904023,11142222,17154121796628,17154121849128,17154121986055,17154123792982,17152788240088,26510,682969,17152788240088,17154125383347,17152813554258,17154123792982,
0,676146,17154130826052,17154130826052,0,17154131298816,17154131302306,17154131901316,17154132033556,17154151326052,17154131289545,11142160,17154132824285,17154132869597,17154132984597,17154134426212,17152798905871,20677,407812,17152798905871,17154135532358,17152824695925,17154134426212,
---PROFILEDATA---


View hierarchy:

  dev.polski.grammarmatrix.benchmark/dev.polski.grammarmatrix.GlassBenchmarkActivity/android.view.ViewRootImpl@86d155f
  6 views, 10.66 kB of render nodes


Total ViewRootImpl   : 1
Total attached Views : 6
Total RenderNode     : 10.66 kB (used) / 34.73 kB (capacity)