Applications Graphics Acceleration Info:
Uptime: 17246397 Realtime: 155252962

** Graphics info for pid 27061 [dev.polski.grammarmatrix.benchmark] **

Stats since: 17243813473427ns
Total frames rendered: 232
Janky frames: 0 (0.00%)
Janky frames (legacy): 0 (0.00%)
50th percentile: 5ms
90th percentile: 5ms
95th percentile: 5ms
99th percentile: 5ms
Number Missed Vsync: 0
Number High input latency: 0
Number Slow UI thread: 0
Number Slow bitmap uploads: 0
Number Slow issue draw commands: 0
Number Frame deadline missed: 0
Number Frame deadline missed (legacy): 0
HISTOGRAM: 5ms=230 6ms=2 7ms=0 8ms=0 9ms=0 10ms=0 11ms=0 12ms=0 13ms=0 14ms=0 15ms=0 16ms=0 17ms=0 18ms=0 19ms=0 20ms=0 21ms=0 22ms=0 23ms=0 24ms=0 25ms=0 26ms=0 27ms=0 28ms=0 29ms=0 30ms=0 31ms=0 32ms=0 34ms=0 36ms=0 38ms=0 40ms=0 42ms=0 44ms=0 46ms=0 48ms=0 53ms=0 57ms=0 61ms=0 65ms=0 69ms=0 73ms=0 77ms=0 81ms=0 85ms=0 89ms=0 93ms=0 97ms=0 101ms=0 105ms=0 109ms=0 113ms=0 117ms=0 121ms=0 125ms=0 129ms=0 133ms=0 150ms=0 200ms=0 250ms=0 300ms=0 350ms=0 400ms=0 450ms=0 500ms=0 550ms=0 600ms=0 650ms=0 700ms=0 750ms=0 800ms=0 850ms=0 900ms=0 950ms=0 1000ms=0 1050ms=0 1100ms=0 1150ms=0 1200ms=0 1250ms=0 1300ms=0 1350ms=0 1400ms=0 1450ms=0 1500ms=0 1550ms=0 1600ms=0 1650ms=0 1700ms=0 1750ms=0 1800ms=0 1850ms=0 1900ms=0 1950ms=0 2000ms=0 2050ms=0 2100ms=0 2150ms=0 2200ms=0 2250ms=0 2300ms=0 2350ms=0 2400ms=0 2450ms=0 2500ms=0 2550ms=0 2600ms=0 2650ms=0 2700ms=0 2750ms=0 2800ms=0 2850ms=0 2900ms=0 2950ms=0 3000ms=0 3050ms=0 3100ms=0 3150ms=0 3200ms=0 3250ms=0 3300ms=0 3350ms=0 3400ms=0 3450ms=0 3500ms=0 3550ms=0 3600ms=0 3650ms=0 3700ms=0 3750ms=0 3800ms=0 3850ms=0 3900ms=0 3950ms=0 4000ms=0 4050ms=0 4100ms=0 4150ms=0 4200ms=0 4250ms=0 4300ms=0 4350ms=0 4400ms=0 4450ms=0 4500ms=0 4550ms=0 4600ms=0 4650ms=0 4700ms=0 4750ms=0 4800ms=0 4850ms=0 4900ms=0 4950ms=0
50th gpu percentile: 2ms
90th gpu percentile: 2ms
95th gpu percentile: 2ms
99th gpu percentile: 3ms
GPU HISTOGRAM: 1ms=0 2ms=221 3ms=11 4ms=0 5ms=0 6ms=0 7ms=0 8ms=0 9ms=0 10ms=0 11ms=0 12ms=0 13ms=0 14ms=0 15ms=0 16ms=0 17ms=0 18ms=0 19ms=0 20ms=0 21ms=0 22ms=0 23ms=0 24ms=0 25ms=0 4950ms=0

Pipeline=Skia (OpenGL)
CPU Caches:
  Glyph Cache: 43.11 KB (1 entry)
  Glyph Count: 8 
Total CPU memory usage:
  44146 bytes, 43.11 KB (0.00 bytes is purgeable)
GPU Caches:
  Other:
    Other: 13.66 KB (1 entry)
    Buffer Object: 36.00 KB (1 entry)
  Scratch:
    Texture: 2.00 MB (1 entry)
    Buffer Object: 48.00 KB (1 entry)
Total GPU memory usage:
  2197152 bytes, 2.10 MB (36.00 KB is purgeable)

Profile data in ms:

	dev.polski.grammarmatrix.benchmark/dev.polski.grammarmatrix.GlassBenchmarkActivity/android.view.ViewRootImpl@86d155f (visibility=0)
Window: dev.polski.grammarmatrix.benchmark/dev.polski.grammarmatrix.GlassBenchmarkActivity
Stats since: 17243813473010ns
Total frames rendered: 232
Janky frames: 0 (0.00%)
Janky frames (legacy): 0 (0.00%)
50th percentile: 5ms
90th percentile: 5ms
95th percentile: 5ms
99th percentile: 5ms
Number Missed Vsync: 0
Number High input latency: 0
Number Slow UI thread: 0
Number Slow bitmap uploads: 0
Number Slow issue draw commands: 0
Number Frame deadline missed: 0
Number Frame deadline missed (legacy): 0
HISTOGRAM: 5ms=230 6ms=2 7ms=0 8ms=0 9ms=0 10ms=0 11ms=0 12ms=0 13ms=0 14ms=0 15ms=0 16ms=0 17ms=0 18ms=0 19ms=0 20ms=0 21ms=0 22ms=0 23ms=0 24ms=0 25ms=0 26ms=0 27ms=0 28ms=0 29ms=0 30ms=0 31ms=0 32ms=0 34ms=0 36ms=0 38ms=0 40ms=0 42ms=0 44ms=0 46ms=0 48ms=0 53ms=0 57ms=0 61ms=0 65ms=0 69ms=0 73ms=0 77ms=0 81ms=0 85ms=0 89ms=0 93ms=0 97ms=0 101ms=0 105ms=0 109ms=0 113ms=0 117ms=0 121ms=0 125ms=0 129ms=0 133ms=0 150ms=0 200ms=0 250ms=0 300ms=0 350ms=0 400ms=0 450ms=0 500ms=0 550ms=0 600ms=0 650ms=0 700ms=0 750ms=0 800ms=0 850ms=0 900ms=0 950ms=0 1000ms=0 1050ms=0 1100ms=0 1150ms=0 1200ms=0 1250ms=0 1300ms=0 1350ms=0 1400ms=0 1450ms=0 1500ms=0 1550ms=0 1600ms=0 1650ms=0 1700ms=0 1750ms=0 1800ms=0 1850ms=0 1900ms=0 1950ms=0 2000ms=0 2050ms=0 2100ms=0 2150ms=0 2200ms=0 2250ms=0 2300ms=0 2350ms=0 2400ms=0 2450ms=0 2500ms=0 2550ms=0 2600ms=0 2650ms=0 2700ms=0 2750ms=0 2800ms=0 2850ms=0 2900ms=0 2950ms=0 3000ms=0 3050ms=0 3100ms=0 3150ms=0 3200ms=0 3250ms=0 3300ms=0 3350ms=0 3400ms=0 3450ms=0 3500ms=0 3550ms=0 3600ms=0 3650ms=0 3700ms=0 3750ms=0 3800ms=0 3850ms=0 3900ms=0 3950ms=0 4000ms=0 4050ms=0 4100ms=0 4150ms=0 4200ms=0 4250ms=0 4300ms=0 4350ms=0 4400ms=0 4450ms=0 4500ms=0 4550ms=0 4600ms=0 4650ms=0 4700ms=0 4750ms=0 4800ms=0 4850ms=0 4900ms=0 4950ms=0
50th gpu percentile: 2ms
90th gpu percentile: 2ms
95th gpu percentile: 2ms
99th gpu percentile: 3ms
GPU HISTOGRAM: 1ms=0 2ms=221 3ms=11 4ms=0 5ms=0 6ms=0 7ms=0 8ms=0 9ms=0 10ms=0 11ms=0 12ms=0 13ms=0 14ms=0 15ms=0 16ms=0 17ms=0 18ms=0 19ms=0 20ms=0 21ms=0 22ms=0 23ms=0 24ms=0 25ms=0 4950ms=0



---PROFILEDATA---
Flags,FrameTimelineVsyncId,IntendedVsync,Vsync,InputEventId,HandleInputStart,AnimationStart,PerformTraversalsStart,DrawStart,FrameDeadline,FrameInterval,FrameStartTime,SyncQueued,SyncStart,IssueDrawCommandsStart,SwapBuffers,FrameCompleted,DequeueBufferDuration,QueueBufferDuration,GpuCompleted,SwapBuffersCompleted,DisplayPresentTime,CommandSubmissionCompleted,
0,741541,17245065710304,17245065710304,0,17245066018291,17245066019229,17245066200219,17245066272458,17245086210304,17245066014489,11142937,17245066634333,17245066695635,17245066831677,17245068259333,17245070055636,21459,378594,17245070055636,17245069346365,17245096708347,17245068259333,
0,741549,17245076853246,17245076853246,0,17245077155949,17245077157043,17245077339230,17245077431209,17245097353246,17245077150688,11142956,17245077452928,17245077501522,17245077607511,17245078967772,17245080720949,20833,352343,17245080720949,17245079971835,17245107855379,17245078967772,
0,741557,17245087996524,17245087996524,0,17245088891002,17245088892565,17245089131523,17245089233398,17245108496524,17245088884492,11142996,17245089869335,17245089924231,17245090056471,17245091710950,17245093529232,26823,394427,17245093529232,17245092871784,17245118999338,17245091710950,
0,741565,17245099140256,17245099140256,0,17245099426941,17245099428034,17245099642305,17245099747461,17245119640256,17245099421576,11143010,17245100749857,17245100807149,17245100963712,17245102741628,17245104506368,22865,397656,17245104506368,17245103882358,17245130148767,17245102741628,
0,741573,17245110283085,17245110283085,0,17245110627827,17245110629233,17245110817983,17245110924650,17245130783085,17245110622619,11143019,17245111982359,17245112044338,17245112240431,17245113915380,17245115693661,23958,368698,17245115693661,17245115025484,17245141292049,17245113915380,
0,741581,17245121426193,17245121426193,0,17245121775641,17245121776578,17245121952412,17245122046787,17245141926193,17245121770953,11143015,17245122501266,17245122540849,17245122657255,17245124154703,17245125952933,22500,534739,17245125952933,17245125388402,17245152428300,17245124154703,
0,741589,17245132568941,17245132568941,0,17245132866840,17245132867934,17245133061892,17245133163246,17245153068941,17245132861840,11142969,17245133667309,17245133714340,17245133842777,17245135489757,17245137290642,24792,373229,17245137290642,17245136576788,17245163567520,17245135489757,
0,741597,17245143713330,17245143713330,0,17245144045018,17245144046216,17245144250799,17245144340851,17245164213330,17245144040383,11143026,17245144903091,17245145035331,17245145167831,17245146675018,17245148421216,24427,345313,17245148421216,17245147700227,17245174719031,17245146675018,
0,741605,17245154857895,17245154857895,0,17245155260644,17245155261634,17245155482050,17245155571061,17245175357895,17245155255800,11143103,17245156099863,17245156147728,17245156291894,17245157934759,17245159771009,23542,402865,17245159771009,17245159126374,17245185851480,17245157934759,
0,741613,17245166000928,17245166000928,0,17245167138197,17245167139447,17245167311427,17245167372833,17245186500928,17245167135333,11143099,17245167689552,17245167736010,17245167875750,17245169446479,17245171197312,22032,349323,17245171197312,17245170463041,17245196998252,17245169446479,
0,741621,17245177144328,17245177144328,0,17245177593667,17245177594917,17245177769396,17245177841480,17245197644328,17245177589813,11143166,17245178403459,17245178490751,17245178614605,17245180156115,17245181959501,22969,382188,17245181959501,17245181226584,17245208146066,17245180156115,
0,741629,17245188288834,17245188288834,0,17245188589658,17245188590335,17245188766272,17245188841689,17245208788834,17245188585804,11143257,17245189354866,17245189390856,17245189501012,17245190863304,17245192623252,20052,401094,17245192623252,17245191927262,17245219286588,17245190863304,
0,741637,17245199432155,17245199432155,0,17245199754555,17245199755388,17245199947836,17245200025544,17245219932155,17245199750440,11143333,17245200536690,17245200588201,17245200716794,17245203061586,17245204906899,22448,413229,17245204906899,17245204225024,17245230434870,17245203061586,
0,741645,17245210574505,17245210574505,0,17245210945962,17245210946900,17245211185962,17245211284035,17245231074505,17245210942212,11143274,17245212087577,17245212135962,17245212245650,17245213609973,17245215327265,20520,337291,17245215327265,17245214558254,17245241571226,17245213609973,
0,741653,17245221718047,17245221718047,0,17245222941849,17245222943307,17245223142474,17245223209193,17245242218047,17245222938880,11143287,17245223552734,17245223597786,17245223759661,17245225625339,17245227485391,23697,433854,17245227485391,17245226853360,17245252720341,17245225625339,
0,741661,17245232860457,17245232860457,0,17245233139454,17245233140496,17245233346329,17245233451173,17245253360457,17245233134975,11143217,17245233945808,17245234006017,17245234133621,17245235817579,17245237650652,25364,394218,17245237650652,17245236951173,17245263860394,17245235817579,
0,741669,17245244004123,17245244004123,0,17245245192684,17245245194143,17245245363413,17245245422580,17245264504123,17245245190288,11143223,17245245744507,17245245791174,17245245927997,17245247455289,17245249303883,22864,397084,17245249303883,17245248557268,17245275003885,17245247455289,
0,741677,17245255147111,17245255147111,0,17245255474092,17245255475081,17245255671800,17245255747842,17245275647111,17245255470550,11143230,17245256228727,17245256273935,17245256399613,17245257852581,17245259676227,23229,369063,17245259676227,17245259021019,17245286148782,17245257852581,
0,741685,17245266291177,17245266291177,0,17245267539666,17245267540655,17245267712530,17245267772895,17245286791177,17245267537478,11143284,17245268083832,17245268130760,17245268264666,17245269820551,17245271757687,25000,358646,17245271757687,17245270892895,17245297311804,17245269820551,
0,741693,17245277434434,17245277434434,0,17245278584875,17245278586073,17245278741906,17245278790031,17245297934434,17245278582948,11143290,17245279045500,17245279089771,17245279200396,17245280327532,17245281901542,19791,293125,17245281901542,17245281123834,17245308431961,17245280327532,
0,741701,17245288577083,17245288577083,0,17245289190814,17245289191647,17245289382949,17245289468782,17245309077083,17245289186960,11143234,17245290003522,17245290051960,17245290180762,17245291964616,17245293866856,24635,468698,17245293866856,17245293296543,17245319581494,17245291964616,
0,741709,17245299720129,17245299720129,0,17245300088523,17245300089877,17245300332013,17245300429096,17245320220129,17245300083888,11143203,17245301003575,17245301059148,17245301205711,17245302706961,17245304483524,28854,370834,17245304483524,17245303762117,17245330724672,17245302706961,
0,741717,17245310868006,17245310868006,0,17245311538003,17245311539097,17245311763003,17245311858941,17245331368006,17245311534201,11143459,17245312327691,17245312395920,17245312567066,17245314099097,17245315894983,25625,458906,17245315894983,17245315301702,17245341894777,17245314099097,
0,741725,17245322010956,17245322010956,0,17245322381754,17245322383629,17245322595869,17245322691234,17245342510956,17245322376807,11143462,17245322719307,17245322786755,17245322897327,17245324423630,17245326199099,26302,381771,17245326199099,17245325554515,17245353013112,17245324423630,
0,741733,17245333154154,17245333154154,0,17245334374047,17245334375349,17245334562016,17245334619620,17245353654154,17245334371599,11143428,17245335016652,17245335069360,17245335207485,17245336804308,17245338581339,25052,435104,17245338581339,17245338007902,17245364152644,17245336804308,
0,741741,17245344297781,17245344297781,0,17245344651184,17245344652278,17245344813788,17245344895559,17245364797781,17245344646496,11143440,17245345818996,17245345873476,17245346017851,17245347514934,17245349227538,21510,388802,17245349227538,17245348590195,17245375300145,17245347514934,
0,741749,17245355447966,17245355447966,0,17245355774935,17245355776289,17245355923893,17245356009518,17245375947966,17245355771133,11143841,17245356631758,17245356679154,17245356815300,17245358584466,17245360362592,25469,361875,17245360362592,17245359661550,17245386440719,17245358584466,
0,741757,17245366592493,17245366592493,0,17245366865092,17245366866655,17245367016811,17245367094415,17245387092493,17245366859884,11143938,17245367895457,17245367936967,17245368063582,17245369656968,17245371409155,25885,348125,17245371409155,17245370696603,17245397582595,17245369656968,
0,741765,17245377736130,17245377736130,0,17245378078791,17245378079989,17245378236135,17245378339156,17245398236130,17245378075302,11143983,17245378733271,17245378779312,17245378914104,17245380365875,17245382119000,23541,367813,17245382119000,17245381406656,17245408726711,17245380365875,
0,741773,17245388879750,17245388879750,0,17245389193792,17245389195303,17245389378063,17245389487334,17245409379750,17245389188167,11143985,17245389983584,17245390029365,17245390151553,17245391528272,17245393305928,19896,380573,17245393305928,17245392608168,17245419871087,17245391528272,
0,741781,17245400021925,17245400021925,0,17245400424210,17245400426085,17245400636137,17245400724939,17245420521925,17245400419679,11143875,17245401242960,17245401349471,17245401476762,17245402922388,17245404632284,24635,350105,17245404632284,17245403881294,17245431012234,17245402922388,
0,741789,17245411164941,17245411164941,0,17245412067649,17245412069107,17245412332753,17245412434107,17245431664941,17245412063118,11143863,17245413028639,17245413082545,17245413218118,17245414780878,17245416597285,25625,412500,17245416597285,17245415960618,17245442160881,17245414780878,
0,741797,17245422306447,17245422306447,0,17245422631921,17245422633327,17245422870619,17245422952494,17245442806447,17245422627233,11143696,17245423538640,17245423584733,17245423723692,17245425379994,17245427189057,24010,379792,17245427189057,17245426481557,17245453299215,17245425379994,
0,741805,17245433448577,17245433448577,0,17245433731974,17245433732964,17245433907651,17245433991193,17245453948577,17245433727703,11143584,17245434489943,17245434528901,17245434634214,17245435978276,17245437702808,18802,357500,17245437702808,17245436944526,17245464447862,17245435978276,
0,741813,17245444590793,17245444590793,0,17245445122027,17245445122965,17245445331663,17245445428173,17245465090793,17245445117079,11143503,17245445972131,17245446041142,17245446174631,17245447856194,17245449694007,22656,411823,17245449694007,17245449056090,17245475585520,17245447856194,
0,741821,17245455733845,17245455733845,0,17245456073955,17245456075570,17245456295414,17245456410987,17245476233845,17245456069684,11143454,17245457001143,17245457040778,17245457173278,17245458667758,17245460394268,18386,343854,17245460394268,17245459663904,17245486737708,17245458667758,
0,741829,17245466876347,17245466876347,0,17245467277498,17245467279321,17245467590467,17245467675415,17245487376347,17245467271665,11143401,17245468193175,17245468235988,17245468384738,17245469782186,17245471566144,18333,343385,17245471566144,17245470791457,17245497908178,17245469782186,
0,741837,17245478019031,17245478019031,0,17245478388853,17245478390416,17245478581249,17245478673385,17245498519031,17245478384322,11143227,17245479129426,17245479168437,17245479272551,17245480518072,17245482293437,20156,319791,17245482293437,17245481429166,17245509025158,17245480518072,
0,741845,17245489161089,17245489161089,0,17245489502188,17245489503021,17245489721511,17245489818073,17245509661089,17245489498021,11143227,17245490435052,17245490483021,17245490606042,17245492247709,17245494100157,22813,388490,17245494100157,17245493364167,17245520167451,17245492247709,
0,741853,17245500304793,17245500304793,0,17245500918231,17245500919324,17245501130731,17245501213335,17245520804793,17245500914376,11143215,17245501709585,17245501757762,17245501883960,17245503399325,17245505238700,21511,380989,17245505238700,17245504487658,17245531299327,17245503399325,
0,741861,17245511454895,17245511454895,0,17245512780315,17245512781565,17245512965888,17245513036826,17245531954895,17245512776253,11143577,17245513383857,17245513433909,17245513598336,17245515319013,17245517204066,22812,409896,17245517204066,17245516456930,17245542447245,17245515319013,
0,741869,17245522598078,17245522598078,0,17245522935212,17245522936097,17245523100524,17245523171774,17245543098078,17245522931722,11143530,17245523619066,17245523663129,17245523779014,17245525199535,17245526992817,21563,333750,17245526992817,17245526185473,17245553585944,17245525199535,
0,741877,17245533744034,17245533744034,0,17245534077817,17245534078807,17245534250942,17245534331099,17245554244034,17245534073390,11143765,17245534796255,17245534835994,17245534996359,17245536286047,17245538028234,18958,353229,17245538028234,17245537298026,17245564728602,17245536286047,
0,741885,17245544883649,17245544883649,0,17245545633964,17245545635214,17245545859902,17245545973652,17245565383649,17245545628339,11143487,17245546613079,17245546656985,17245546798600,17245548421829,17245550241100,23386,407813,17245550241100,17245549592610,17245575872665,17245548421829,
0,741893,17245556025371,17245556025371,0,17245556330163,17245556331465,17245556491101,17245556566778,17245576525371,17245556326205,11143371,17245556913132,17245556971153,17245557125007,17245558550424,17245560298705,20937,361562,17245560298705,17245559582455,17245587016364,17245558550424,
0,741901,17245567165963,17245567165963,0,17245567739175,17245567740529,17245567924383,17245568024175,17245587665963,17245567734435,11143188,17245568055841,17245568104539,17245568220789,17245569785633,17245571558967,19583,349740,17245571558967,17245570803446,17245598159803,17245569785633,
0,741909,17245578310867,17245578310867,0,17245578601832,17245578603499,17245578787874,17245578865738,17245598810867,17245578596572,11143426,17245579524072,17245579569384,17245579704020,17245581054749,17245582762353,20885,413073,17245582762353,17245582210478,17245609303814,17245581054749,
0,741917,17245589452549,17245589452549,0,17245589797354,17245589798500,17245589960010,17245590047927,17245609952549,17245589793292,11143330,17245591066990,17245591123031,17245591249438,17245592902198,17245594614490,22656,376927,17245594614490,17245593970011,17245620443868,17245592902198,
0,741925,17245600593832,17245600593832,0,17245600960376,17245600962095,17245601128918,17245601221782,17245621093832,17245600956105,11143189,17245601984595,17245602037251,17245602207147,17245603949908,17245605725012,24687,405834,17245605725012,17245605094126,17245631587619,17245603949908,
0,741933,17245611735883,17245611735883,0,17245612074596,17245612075638,17245612243554,17245612313710,17245632235883,17245612071419,11143120,17245612658606,17245612721992,17245612835794,17245614319231,17245616074909,24166,390261,17245616074909,17245615376888,17245642751318,17245614319231,
0,741941,17245622877783,17245622877783,0,17245623546889,17245623548451,17245623711107,17245623782930,17245643377783,17245623543712,11143027,17245624162357,17245624204910,17245624313555,17245625913243,17245627713087,20990,395365,17245627713087,17245627054285,17245653871735,17245625913243,
0,741949,17245634018726,17245634018726,0,17245634332202,17245634333348,17245634925171,17245635080848,17245654518726,17245634328608,11142870,17245635645067,17245635689911,17245635821317,17245637354078,17245639089546,20625,389740,17245639089546,17245638702099,17245665031476,17245637354078,
0,741957,17245645160017,17245645160017,0,17245645461787,17245645463714,17245645986526,17245646088349,17245665660017,17245645456526,11142740,17245646685485,17245646733818,17245646878349,17245648557672,17245650370745,23229,396875,17245650370745,17245649721683,17245676164446,17245648557672,
0,741965,17245656306526,17245656306526,0,17245656594392,17245656595798,17245656777829,17245656871527,17245676806526,17245656590225,11142925,17245657372152,17245657414080,17245657529340,17245658884548,17245660604861,19427,327865,17245660604861,17245659838455,17245687318145,17245658884548,
0,741973,17245667446855,17245667446855,0,17245667791424,17245667792518,17245667990695,17245668073247,17245687946855,17245667787883,11142729,17245668670904,17245668718456,17245668859341,17245670433872,17245672259654,24479,397291,17245672259654,17245671547518,17245698451479,17245670433872,
0,741981,17245678592167,17245678592167,0,17245678886321,17245678887155,17245679027988,17245679094811,17245699092167,17245678883717,11142861,17245679531582,17245679570644,17245679685748,17245681006634,17245682746790,21458,475677,17245682746790,17245682144759,17245709599345,17245681006634,
0,741989,17245689734065,17245689734065,0,17245690271583,17245690273093,17245690533822,17245690628927,17245710234065,17245690267052,11142760,17245691211843,17245691452208,17245691528718,17245692634135,17245694346531,19010,306979,17245694346531,17245693479239,17245720738773,17245692634135,
0,741997,17245700879388,17245700879388,0,17245701225907,17245701227730,17245701413719,17245701554865,17245721379388,17245701222209,11142894,17245702375959,17245702878355,17245702953772,17245703973043,17245705654345,18229,277864,17245705654345,17245704763251,17245731887577,17245703973043,
0,742005,17245712021282,17245712021282,0,17245712455075,17245712457158,17245712677835,17245712779918,17245732521282,17245712451116,11142790,17245713393304,17245713454866,17245713598512,17245715399450,17245717211585,21406,396198,17245717211585,17245716498669,17245743032057,17245715399450,
0,742013,17245723165728,17245723165728,0,17245723489607,17245723491117,17245723665857,17245723741274,17245743665728,17245723486117,11142891,17245724182055,17245724225024,17245724334242,17245725790024,17245727556899,19844,352865,17245727556899,17245726787159,17245754174141,17245725790024,
0,742021,17245734313750,17245734313750,0,17245734747160,17245734748098,17245734923410,17245735074348,17245754813750,17245734743723,11143372,17245735611327,17245735655598,17245735769452,17245737200858,17245739003983,21197,346459,17245739003983,17245738199921,17245765315236,17245737200858,
0,742029,17245745459544,17245745459544,0,17245745764661,17245745766067,17245745969765,17245746072422,17245765959544,17245745760182,11143570,17245746621328,17245746665234,17245746788516,17245748255911,17245750197422,21511,347500,17245750197422,17245749306120,17245776452633,17245748255911,
0,742037,17245756605529,17245756605529,0,17245757340235,17245757341642,17245757554194,17245757656485,17245777105529,17245757334871,11143774,17245758246173,17245758320652,17245758453569,17245760007892,17245761841902,22813,385677,17245761841902,17245761092163,17245787601645,17245760007892,
0,742045,17245767749391,17245767749391,0,17245768052736,17245768053830,17245768315861,17245768404820,17245788249391,17245768049507,11143783,17245768950601,17245768997007,17245769135914,17245770728153,17245772537060,25208,446823,17245772537060,17245771896799,17245798747010,17245770728153,
0,742053,17245778893290,17245778893290,0,17245779249821,17245779251175,17245779522894,17245779609665,17245799393290,17245779245446,11143820,17245780117061,17245780159092,17245780283519,17245781771852,17245783632113,20625,353489,17245783632113,17245782887842,17245809887741,17245781771852,
0,742061,17245790034950,17245790034950,0,17245790379093,17245790380291,17245790558468,17245790645864,17245810534950,17245790375291,11143644,17245791114301,17245791151853,17245791254457,17245793225708,17245795073989,18854,436979,17245795073989,17245794424614,17245821030346,17245793225708,
0,742069,17245801177900,17245801177900,0,17245801568417,17245801569771,17245801828365,17245801928417,17245821677900,17245801563625,11143644,17245802357531,17245802430136,17245802574823,17245804027219,17245806131230,24792,460938,17245806131230,17245805178105,17245832172743,17245804027219,
0,742077,17245812321321,17245812321321,0,17245812627897,17245812629407,17245812800033,17245812875658,17245832821321,17245812624147,11143622,17245812896387,17245812953418,17245813061543,17245814520918,17245816290502,21563,379010,17245816290502,17245815752793,17245843310192,17245814520918,
0,742085,17245823464013,17245823464013,0,17245823803627,17245823804669,17245823968732,17245824035502,17245843964013,17245823799513,11143557,17245824660763,17245824703419,17245824831700,17245826216492,17245827904669,19687,361614,17245827904669,17245827209669,17245854452068,17245826216492,
0,742093,17245834606446,17245834606446,0,17245834889722,17245834890972,17245835092326,17245835178420,17245855106446,17245834885243,11143476,17245836196702,17245836249722,17245836387847,17245837837743,17245839607431,21615,350833,17245839607431,17245838885400,17245865600038,17245837837743,
0,742101,17245845748691,17245845748691,0,17245846143161,17245846145400,17245846390140,17245846506025,17245866248691,17245846136963,11143387,17245847473317,17245847526651,17245847689880,17245849710349,17245851536547,30781,437187,17245851536547,17245850952172,17245876757539,17245849710349,
0,742109,17245856888929,17245856888929,0,17245857200245,17245857201756,17245857867850,17245857985766,17245877388929,17245857193683,11143159,17245858656860,17245858699673,17245858835975,17245860477121,17245862256965,24688,383281,17245862256965,17245861577069,17245887891602,17245860477121,
0,742117,17245868028871,17245868028871,0,17245868759465,17245868760611,17245868961444,17245869072017,17245888528871,17245868754309,11142916,17245869666288,17245869710611,17245869843788,17245871465143,17245873328111,24479,364271,17245873328111,17245872683476,17245899026656,17245871465143,
0,742125,17245879173319,17245879173319,0,17245879891133,17245879892123,17245880076445,17245880175195,17245899673319,17245879887018,11143065,17245880629831,17245880669675,17245880775352,17245882414050,17245884182488,18125,401250,17245884182488,17245883523581,17245910176188,17245882414050,
0,742133,17245890317838,17245890317838,0,17245890676342,17245890677749,17245890977280,17245891082592,17245910817838,17245890671134,11143082,17245891828582,17245891885509,17245892038582,17245893942749,17245895750145,25625,476563,17245895750145,17245895199676,17245921311293,17245893942749,
0,742141,17245901462383,17245901462383,0,17245902719156,17245902720302,17245902888166,17245902944208,17245921962383,17245902716916,11143196,17245903251552,17245903300250,17245903465667,17245905222906,17245907047177,27604,390521,17245907047177,17245906349208,17245932459419,17245905222906,
0,742149,17245912603375,17245912603375,0,17245912909209,17245912910251,17245913087595,17245913160772,17245933103375,17245912905667,11143039,17245913669990,17245913713480,17245913836188,17245915401084,17245917217022,23854,358593,17245917217022,17245916467543,17245943601400,17245915401084,
0,742157,17245923747640,17245923747640,0,17245925069887,17245925071085,17245925239471,17245925301085,17245944247640,17245925067440,11143140,17245925618117,17245925664471,17245925786815,17245927129940,17245928877336,20104,329271,17245928877336,17245928081971,17245954742703,17245927129940,
0,742165,17245934888458,17245934888458,0,17245935274472,17245935275566,17245935471763,17245935552961,17245955388458,17245935270357,11142979,17245936105201,17245936156086,17245936276607,17245937784420,17245939599628,19635,367864,17245939599628,17245938867180,17245965892600,17245937784420,
0,742173,17245946031312,17245946031312,0,17245946395879,17245946397754,17245946599838,17245946696765,17245966531312,17245946389525,11142968,17245947282963,17245947326713,17245947449004,17245948931765,17245950686140,22553,336511,17245950686140,17245949909786,17245977041195,17245948931765,
0,742181,17245957173337,17245957173337,0,17245957867912,17245957869266,17245958075307,17245958164682,17245977673337,17245957863172,11142886,17245958774005,17245958819266,17245958961401,17245960589787,17245962381610,24062,371980,17245962381610,17245961731714,17245988176977,17245960589787,
0,742189,17245968315850,17245968315850,0,17245968639736,17245968640829,17245968814111,17245968883173,17245988815850,17245968636194,11142868,17245969619788,17245969660517,17245969772861,17245971166819,17245972925934,19740,445520,17245972925934,17245972309580,17245999323437,17245971166819,
0,742197,17245979460362,17245979460362,0,17245980197341,17245980198226,17245980415674,17245980517393,17245999960362,17245980192966,11142978,17245981023174,17245981075726,17245981218174,17245982727237,17245984509164,24010,341719,17245984509164,17245983694633,17246010463281,17245982727237,
0,742205,17245990606091,17245990606091,0,17245990906665,17245990908019,17245991085936,17245991176248,17246011106091,17245990902029,11143154,17245991726144,17245991768696,17245991937707,17245993395103,17245995230311,24271,375260,17245995230311,17245994455207,17246021608543,17245993395103,
0,742213,17246001749597,17246001749597,0,17246002079687,17246002081197,17246002284947,17246002378593,17246022249597,17246002074843,11143185,17246002910572,17246002954895,17246003076562,17246004630989,17246006522916,24323,380938,17246006522916,17246005771510,17246032751721,17246004630989,
0,742221,17246012893002,17246012893002,0,17246013269011,17246013270521,17246013485886,17246013579948,17246033393002,17246013264063,11143175,17246014128438,17246014175105,17246014295001,17246015652501,17246017411199,22708,318697,17246017411199,17246016558542,17246043898128,17246015652501,
0,742229,17246024036408,17246024036408,0,17246024400262,17246024401512,17246024595210,17246024681304,17246044536408,17246024396668,11143199,17246025265887,17246025306877,17246025423075,17246026729220,17246028441616,19844,318489,17246028441616,17246027638960,17246055044380,17246026729220,
0,742237,17246035180713,17246035180713,0,17246035517451,17246035518596,17246036054690,17246036137763,17246055680713,17246035513909,11143290,17246036668909,17246036710836,17246036843596,17246038233701,17246040038545,20468,370573,17246040038545,17246039313024,17246066187297,17246038233701,
0,742245,17246046324655,17246046324655,0,17246046966150,17246046967608,17246047147295,17246047242295,17246066824655,17246046961514,11143345,17246047684535,17246047734900,17246047885473,17246049316098,17246051055785,18854,329219,17246051055785,17246050295056,17246077336465,17246049316098,
0,742253,17246057469272,17246057469272,0,17246057791672,17246057793078,17246057982140,17246058069692,17246077969272,17246057787609,11143436,17246058096880,17246058157244,17246058265734,17246059655734,17246061398339,20885,336146,17246061398339,17246060633130,17246088490112,17246059655734,
0,742261,17246068614434,17246068614434,0,17246068946725,17246068948391,17246069521725,17246069610319,17246089114434,17246068942558,11143553,17246070311516,17246070370892,17246070506985,17246072038548,17246073773913,21407,384271,17246073773913,17246073121100,17246099615217,17246072038548,
0,742269,17246079758437,17246079758437,0,17246080472507,17246080473549,17246080670580,17246080763184,17246100258437,17246080468913,11143564,17246081844278,17246081903288,17246082032611,17246083566362,17246085288705,25833,375833,17246085288705,17246084639903,17246110765375,17246083566362,
0,742277,17246090903400,17246090903400,0,17246091305321,17246091306987,17246091556571,17246091679227,17246111403400,17246091301102,11143619,17246092410946,17246092462144,17246092609540,17246094235269,17246096018029,28021,461198,17246096018029,17246095446467,17246121912147,17246094235269,
0,742285,17246102051264,17246102051264,0,17246102341468,17246102343030,17246102506311,17246102588863,17246122551264,17246102337613,11143868,17246102998811,17246103060009,17246103186311,17246104806155,17246106631885,23125,373698,17246106631885,17246105922614,17246133052148,17246104806155,
0,742293,17246113196538,17246113196538,0,17246113846104,17246113847302,17246114010635,17246114086417,17246133696538,17246113842406,11144045,17246114528865,17246114573552,17246114703656,17246116243240,17246117999230,21146,343646,17246117999230,17246117247146,17246144192357,17246116243240,
0,742301,17246124342144,17246124342144,0,17246125527095,17246125528553,17246125710220,17246125766835,17246144842144,17246125524543,11144187,17246126060949,17246126107876,17246126235845,17246127923918,17246129692356,23177,400833,17246129692356,17246129090793,17246155339546,17246127923918,
0,742309,17246135487079,17246135487079,0,17246136699752,17246136701263,17246136896784,17246136959596,17246155987079,17246136696836,11144236,17246137275534,17246137324909,17246137487929,17246139170065,17246140948451,24427,357656,17246140948451,17246140242721,17246166480328,17246139170065,
0,742317,17246146631849,17246146631849,0,17246146974649,17246146976316,17246147167826,17246147235170,17246167131849,17246146971107,11144308,17246147728295,17246147771889,17246147880118,17246149878399,17246151702618,20521,375416,17246151702618,17246150939962,17246177625798,17246149878399,
0,742325,17246157774310,17246157774310,0,17246158102202,17246158103036,17246158416890,17246158511629,17246178274310,17246158097671,11144190,17246159102046,17246159150900,17246159291213,17246160900223,17246162683036,23386,445677,17246162683036,17246162046213,17246188768455,17246160900223,
0,742333,17246168918208,17246168918208,0,17246169210068,17246169211214,17246169418610,17246169500016,17246189418208,17246169205224,11144182,17246170130068,17246170176683,17246170309079,17246171959808,17246173789391,24583,387187,17246173789391,17246173066995,17246199920644,17246171959808,
0,742341,17246180060993,17246180060993,0,17246180801580,17246180802778,17246181030278,17246181128455,17246200560993,17246180797205,11144096,17246181790486,17246181848455,17246181990173,17246183523976,17246185314236,24791,372343,17246185314236,17246184551059,17246211056374,17246183523976,
0,742349,17246191203717,17246191203717,0,17246192424654,17246192426164,17246192604914,17246192661685,17246211703717,17246192422102,11143990,17246192976997,17246193022258,17246193149810,17246194529393,17246196276529,22344,358177,17246196276529,17246195567675,17246222184396,17246194529393,
0,742357,17246202347024,17246202347024,0,17246202683092,17246202684134,17246202868353,17246202948196,17246222847024,17246202679759,11143954,17246203903769,17246203949238,17246204078092,17246205502624,17246207280488,20157,338542,17246207280488,17246206462520,17246233347574,17246205502624,
0,742365,17246213493143,17246213493143,0,17246213859083,17246213860177,17246214076687,17246214172677,17246233993143,17246213854656,11144113,17246214732364,17246214785958,17246214907573,17246216394187,17246218142156,59271,373489,17246218142156,17246217379708,17246244487211,17246216394187,
0,742373,17246224635925,17246224635925,0,17246225023563,17246225024501,17246225178511,17246225232105,17246245135925,17246225021011,11144025,17246225590803,17246225630542,17246225746272,17246227024553,17246228778668,16927,296667,17246228778668,17246227896376,17246255634608,17246227024553,
0,742381,17246235775233,17246235775233,0,17246236177887,17246236179033,17246236391898,17246236480648,17246256275233,17246236173200,11143748,17246237014398,17246237066012,17246237177054,17246238528565,17246240342575,18594,340677,17246240342575,17246239455127,17246266770755,17246238528565,
0,742389,17246246918922,17246246918922,0,17246247315961,17246247317055,17246247539815,17246247628930,17246267418922,17246247311847,11143709,17246248169815,17246248211847,17246248373461,17246249638201,17246251420389,15729,308959,17246251420389,17246250519659,17246277914350,17246249638201,
0,742397,17246258061653,17246258061653,0,17246258815962,17246258817629,17246259021431,17246259116848,17246278561653,17246258811014,11143620,17246259675546,17246259720337,17246259822473,17246261117838,17246262896327,15677,384063,17246262896327,17246262241848,17246289057215,17246261117838,
0,742405,17246269205110,17246269205110,0,17246269602161,17246269603099,17246269799401,17246269876901,17246289705110,17246269597578,11143569,17246270827943,17246270880859,17246270991901,17246272474610,17246274227058,21302,348750,17246274227058,17246273464714,17246300203571,17246272474610,
0,742413,17246280346999,17246280346999,0,17246280659975,17246280661173,17246280849402,17246280936590,17246300846999,17246280655756,11143440,17246281440913,17246281482735,17246281592110,17246282992996,17246284747423,20729,329427,17246284747423,17246283932632,17246311345082,17246282992996,
0,742421,17246291489296,17246291489296,0,17246292756955,17246292758257,17246292936955,17246292998935,17246311989296,17246292753205,11143351,17246293263205,17246293325237,17246293498310,17246294983310,17246296784664,20729,388541,17246296784664,17246296067685,17246322493417,17246294983310,
0,742429,17246302631361,17246302631361,0,17246302921019,17246302922165,17246303114352,17246303192790,17246323131361,17246302917529,11143245,17246303214300,17246303276331,17246303384508,17246305430863,17246307643467,20052,393542,17246307643467,17246306559040,17246333636178,17246305430863,
0,742437,17246313775027,17246313775027,0,17246314101385,17246314102791,17246314292999,17246314376957,17246334275027,17246314098155,11143268,17246315098728,17246315149301,17246315278364,17246316645447,17246318461385,21302,355625,17246318461385,17246317661124,17246344773627,17246316645447,
0,742445,17246324919935,17246324919935,0,17246325253052,17246325254094,17246325430396,17246325546438,17246345419935,17246325248365,11143428,17246326602063,17246326662219,17246326787271,17246328168157,17246329948782,19791,334479,17246329948782,17246329247063,17246355920451,17246328168157,
0,742453,17246336063319,17246336063319,0,17246336397376,17246336398939,17246336552637,17246336645710,17246356563319,17246336393418,11143389,17246337358106,17246337400918,17246337535345,17246339156647,17246340946596,22187,360052,17246340946596,17246340236700,17246367067171,17246339156647,
0,742461,17246347207439,17246347207439,0,17246347560398,17246347561336,17246347746388,17246347830867,17246367707439,17246347556492,11143432,17246348415346,17246348449200,17246348553732,17246349934513,17246351815295,18490,337709,17246351815295,17246350903732,17246378209308,17246349934513,
0,742469,17246358350621,17246358350621,0,17246358653524,17246358655191,17246358916337,17246359012274,17246378850621,17246358648056,11143440,17246359560504,17246359608524,17246359749722,17246361443264,17246363315504,24636,409219,17246363315504,17246362681598,17245052135790,17246361443264,
0,742477,17246369494198,17246369494198,0,17246370118161,17246370118890,17246370310817,17246370408421,17246389994198,17246370113942,11143452,17246370912692,17246370955401,17246371072953,17246372690505,17246374465713,21250,398854,17246374465713,17246373780349,17245063279489,17246372690505,
0,742485,17246380638061,17246380638061,0,17246380995350,17246380996443,17246381239568,17246381338162,17246401138061,17246380989672,11143461,17246381984829,17246382545350,17246382631131,17246383611860,17246385290454,16614,351770,17246385290454,17246384496287,17245074423396,17246383611860,
0,742493,17246391782089,17246391782089,0,17246392331288,17246392334778,17246392696757,17246392786913,17246412282089,17246392323267,11143501,17246393357174,17246393476705,17246393519674,17246394096965,17245059833603,11198,158750,17245059833603,17246394562070,17245085573762,17246394096965,
---PROFILEDATA---


View hierarchy:

  dev.polski.grammarmatrix.benchmark/dev.polski.grammarmatrix.GlassBenchmarkActivity/android.view.ViewRootImpl@86d155f
  6 views, 10.66 kB of render nodes


Total ViewRootImpl   : 1
Total attached Views : 6
Total RenderNode     : 10.66 kB (used) / 34.73 kB (capacity)