Applications Graphics Acceleration Info:
Uptime: 17265086 Realtime: 155271650

** Graphics info for pid 27061 [dev.polski.grammarmatrix.benchmark] **

Stats since: 17262501184507ns
Total frames rendered: 232
Janky frames: 0 (0.00%)
Janky frames (legacy): 0 (0.00%)
50th percentile: 5ms
90th percentile: 5ms
95th percentile: 5ms
99th percentile: 5ms
Number Missed Vsync: 0
Number High input latency: 0
Number Slow UI thread: 0
Number Slow bitmap uploads: 0
Number Slow issue draw commands: 0
Number Frame deadline missed: 0
Number Frame deadline missed (legacy): 0
HISTOGRAM: 5ms=230 6ms=2 7ms=0 8ms=0 9ms=0 10ms=0 11ms=0 12ms=0 13ms=0 14ms=0 15ms=0 16ms=0 17ms=0 18ms=0 19ms=0 20ms=0 21ms=0 22ms=0 23ms=0 24ms=0 25ms=0 26ms=0 27ms=0 28ms=0 29ms=0 30ms=0 31ms=0 32ms=0 34ms=0 36ms=0 38ms=0 40ms=0 42ms=0 44ms=0 46ms=0 48ms=0 53ms=0 57ms=0 61ms=0 65ms=0 69ms=0 73ms=0 77ms=0 81ms=0 85ms=0 89ms=0 93ms=0 97ms=0 101ms=0 105ms=0 109ms=0 113ms=0 117ms=0 121ms=0 125ms=0 129ms=0 133ms=0 150ms=0 200ms=0 250ms=0 300ms=0 350ms=0 400ms=0 450ms=0 500ms=0 550ms=0 600ms=0 650ms=0 700ms=0 750ms=0 800ms=0 850ms=0 900ms=0 950ms=0 1000ms=0 1050ms=0 1100ms=0 1150ms=0 1200ms=0 1250ms=0 1300ms=0 1350ms=0 1400ms=0 1450ms=0 1500ms=0 1550ms=0 1600ms=0 1650ms=0 1700ms=0 1750ms=0 1800ms=0 1850ms=0 1900ms=0 1950ms=0 2000ms=0 2050ms=0 2100ms=0 2150ms=0 2200ms=0 2250ms=0 2300ms=0 2350ms=0 2400ms=0 2450ms=0 2500ms=0 2550ms=0 2600ms=0 2650ms=0 2700ms=0 2750ms=0 2800ms=0 2850ms=0 2900ms=0 2950ms=0 3000ms=0 3050ms=0 3100ms=0 3150ms=0 3200ms=0 3250ms=0 3300ms=0 3350ms=0 3400ms=0 3450ms=0 3500ms=0 3550ms=0 3600ms=0 3650ms=0 3700ms=0 3750ms=0 3800ms=0 3850ms=0 3900ms=0 3950ms=0 4000ms=0 4050ms=0 4100ms=0 4150ms=0 4200ms=0 4250ms=0 4300ms=0 4350ms=0 4400ms=0 4450ms=0 4500ms=0 4550ms=0 4600ms=0 4650ms=0 4700ms=0 4750ms=0 4800ms=0 4850ms=0 4900ms=0 4950ms=0
50th gpu percentile: 2ms
90th gpu percentile: 2ms
95th gpu percentile: 2ms
99th gpu percentile: 3ms
GPU HISTOGRAM: 1ms=0 2ms=221 3ms=11 4ms=0 5ms=0 6ms=0 7ms=0 8ms=0 9ms=0 10ms=0 11ms=0 12ms=0 13ms=0 14ms=0 15ms=0 16ms=0 17ms=0 18ms=0 19ms=0 20ms=0 21ms=0 22ms=0 23ms=0 24ms=0 25ms=0 4950ms=0

Pipeline=Skia (OpenGL)
CPU Caches:
  Glyph Cache: 43.11 KB (1 entry)
  Glyph Count: 8 
Total CPU memory usage:
  44146 bytes, 43.11 KB (0.00 bytes is purgeable)
GPU Caches:
  Other:
    Other: 13.66 KB (1 entry)
    Buffer Object: 36.00 KB (1 entry)
  Scratch:
    Texture: 2.00 MB (1 entry)
    Buffer Object: 48.00 KB (1 entry)
Total GPU memory usage:
  2197152 bytes, 2.10 MB (36.00 KB is purgeable)

Profile data in ms:

	dev.polski.grammarmatrix.benchmark/dev.polski.grammarmatrix.GlassBenchmarkActivity/android.view.ViewRootImpl@86d155f (visibility=0)
Window: dev.polski.grammarmatrix.benchmark/dev.polski.grammarmatrix.GlassBenchmarkActivity
Stats since: 17262501183830ns
Total frames rendered: 232
Janky frames: 0 (0.00%)
Janky frames (legacy): 0 (0.00%)
50th percentile: 5ms
90th percentile: 5ms
95th percentile: 5ms
99th percentile: 5ms
Number Missed Vsync: 0
Number High input latency: 0
Number Slow UI thread: 0
Number Slow bitmap uploads: 0
Number Slow issue draw commands: 0
Number Frame deadline missed: 0
Number Frame deadline missed (legacy): 0
HISTOGRAM: 5ms=230 6ms=2 7ms=0 8ms=0 9ms=0 10ms=0 11ms=0 12ms=0 13ms=0 14ms=0 15ms=0 16ms=0 17ms=0 18ms=0 19ms=0 20ms=0 21ms=0 22ms=0 23ms=0 24ms=0 25ms=0 26ms=0 27ms=0 28ms=0 29ms=0 30ms=0 31ms=0 32ms=0 34ms=0 36ms=0 38ms=0 40ms=0 42ms=0 44ms=0 46ms=0 48ms=0 53ms=0 57ms=0 61ms=0 65ms=0 69ms=0 73ms=0 77ms=0 81ms=0 85ms=0 89ms=0 93ms=0 97ms=0 101ms=0 105ms=0 109ms=0 113ms=0 117ms=0 121ms=0 125ms=0 129ms=0 133ms=0 150ms=0 200ms=0 250ms=0 300ms=0 350ms=0 400ms=0 450ms=0 500ms=0 550ms=0 600ms=0 650ms=0 700ms=0 750ms=0 800ms=0 850ms=0 900ms=0 950ms=0 1000ms=0 1050ms=0 1100ms=0 1150ms=0 1200ms=0 1250ms=0 1300ms=0 1350ms=0 1400ms=0 1450ms=0 1500ms=0 1550ms=0 1600ms=0 1650ms=0 1700ms=0 1750ms=0 1800ms=0 1850ms=0 1900ms=0 1950ms=0 2000ms=0 2050ms=0 2100ms=0 2150ms=0 2200ms=0 2250ms=0 2300ms=0 2350ms=0 2400ms=0 2450ms=0 2500ms=0 2550ms=0 2600ms=0 2650ms=0 2700ms=0 2750ms=0 2800ms=0 2850ms=0 2900ms=0 2950ms=0 3000ms=0 3050ms=0 3100ms=0 3150ms=0 3200ms=0 3250ms=0 3300ms=0 3350ms=0 3400ms=0 3450ms=0 3500ms=0 3550ms=0 3600ms=0 3650ms=0 3700ms=0 3750ms=0 3800ms=0 3850ms=0 3900ms=0 3950ms=0 4000ms=0 4050ms=0 4100ms=0 4150ms=0 4200ms=0 4250ms=0 4300ms=0 4350ms=0 4400ms=0 4450ms=0 4500ms=0 4550ms=0 4600ms=0 4650ms=0 4700ms=0 4750ms=0 4800ms=0 4850ms=0 4900ms=0 4950ms=0
50th gpu percentile: 2ms
90th gpu percentile: 2ms
95th gpu percentile: 2ms
99th gpu percentile: 3ms
GPU HISTOGRAM: 1ms=0 2ms=221 3ms=11 4ms=0 5ms=0 6ms=0 7ms=0 8ms=0 9ms=0 10ms=0 11ms=0 12ms=0 13ms=0 14ms=0 15ms=0 16ms=0 17ms=0 18ms=0 19ms=0 20ms=0 21ms=0 22ms=0 23ms=0 24ms=0 25ms=0 4950ms=0



---PROFILEDATA---
Flags,FrameTimelineVsyncId,IntendedVsync,Vsync,InputEventId,HandleInputStart,AnimationStart,PerformTraversalsStart,DrawStart,FrameDeadline,FrameInterval,FrameStartTime,SyncQueued,SyncStart,IssueDrawCommandsStart,SwapBuffers,FrameCompleted,DequeueBufferDuration,QueueBufferDuration,GpuCompleted,SwapBuffersCompleted,DisplayPresentTime,CommandSubmissionCompleted,
0,755016,17263753374598,17263753374598,0,17263753737497,17263753740361,17263753958747,17263754062757,17263773874598,17263753732393,11144263,17263754450361,17263754526039,17263754670362,17263756283070,17263758050258,22708,390573,17263758050258,17263757338903,17263784376250,17263756283070,
0,755024,17263764517929,17263764517929,0,17263764914217,17263764916508,17263765248748,17263765345050,17263785017929,17263764909373,11144208,17263765371665,17263765449269,17263765570519,17263766916821,17263768661248,20677,362344,17263768661248,17263767925675,17263795513699,17263766916821,
0,755032,17263775663169,17263775663169,0,17263776051041,17263776052707,17263776275572,17263776371562,17263796163169,17263776046874,11144227,17263777552551,17263777616405,17263777752864,17263779272499,17263780995729,22083,395834,17263780995729,17263780341458,17263806657138,17263779272499,
0,755040,17263786807378,17263786807378,0,17263787463177,17263787465104,17263787647188,17263787747136,17263807307378,17263787459115,11144206,17263788826042,17263788881042,17263789013125,17263790368490,17263792030417,20677,320990,17263792030417,17263791318386,17263817805941,17263790368490,
0,755048,17263797952111,17263797952111,0,17263798625626,17263798627553,17263798804481,17263798913335,17263818452111,17263798619376,11144243,17263799719689,17263799758595,17263799897345,17263801442866,17263803256512,20937,355937,17263803256512,17263802544637,17263828943963,17263801442866,
0,755056,17263809094955,17263809094955,0,17263809483284,17263809485732,17263809723336,17263809819898,17263829594955,17263809478857,11144160,17263810283961,17263810328023,17263810451669,17263811858648,17263813601253,20104,345000,17263813601253,17263812842919,17263840085891,17263811858648,
0,755064,17263820238678,17263820238678,0,17263820575733,17263820577139,17263820793806,17263820879379,17263840738678,17263820572347,11144167,17263821395733,17263821445472,17263821578493,17263823142764,17263824896775,59480,384375,17263824896775,17263824206462,17263851234277,17263823142764,
0,755072,17263831382645,17263831382645,0,17263831805630,17263831807140,17263832028807,17263832119275,17263851882645,17263831799119,11144150,17263832639380,17263832699744,17263832845473,17263834495734,17263836292922,22292,390990,17263836292922,17263835681307,17263862400581,17263834495734,
0,755080,17263842525202,17263842525202,0,17263842844797,17263842846256,17263843035943,17263843118704,17263863025202,17263842841099,11144053,17263843622089,17263843671777,17263843776152,17263845257350,17263847020475,20782,339323,17263847020475,17263846280475,17263873526311,17263845257350,
0,755088,17263853666494,17263853666494,0,17263853992403,17263853993809,17263854194538,17263854273340,17263874166494,17263853988184,11143852,17263854775684,17263854817299,17263854935372,17263856491205,17263858270111,20886,385729,17263858270111,17263857587611,17263884667093,17263856491205,
0,755096,17263864809695,17263864809695,0,17263865337612,17263865338914,17263865543341,17263865626883,17263885309695,17263865334435,11143795,17263866114279,17263866778081,17263866847352,17263867810685,17263869520477,18386,347656,17263869520477,17263868687977,17263895812251,17263867810685,
0,755104,17263875958734,17263875958734,0,17263876367457,17263876370478,17263876592405,17263876702509,17263896458734,17263876362613,11144097,17263877338603,17263877422665,17263877559436,17263879197561,17263881016937,25625,376875,17263881016937,17263880274176,17263906954595,17263879197561,
0,755112,17263887102435,17263887102435,0,17263887916260,17263887917979,17263888113396,17263888198187,17263907602435,17263887911989,11144060,17263888704177,17263888802042,17263888907562,17263890236781,17263892013969,19322,326042,17263892013969,17263891190479,17263918109701,17263890236781,
0,755120,17263898245542,17263898245542,0,17263898619178,17263898620845,17263898875584,17263898975168,17263918745542,17263898614178,11143997,17263899532563,17263899581313,17263899730688,17263901241991,17263903017772,22396,381614,17263903017772,17263902380949,17263929244441,17263901241991,
0,755128,17263909389178,17263909389178,0,17263909720898,17263909722825,17263909914283,17263910003085,17263929889178,17263909716158,11143974,17263910563398,17263911235377,17263911302877,17263912411888,17263914069544,16615,283854,17263914069544,17263913213398,17263940392203,17263912411888,
0,755136,17263920533032,17263920533032,0,17263920957618,17263920960847,17263921216211,17263921332045,17263941033032,17263920953243,11143987,17263922058712,17263922596368,17263922676837,17263923653191,17263925546733,17031,276771,17263925546733,17263924445639,17263951535381,17263923653191,
0,755144,17263931679462,17263931679462,0,17263932168088,17263932170535,17263932409077,17263932521629,17263952179462,17263932163400,11144144,17263933154077,17263933732254,17263933807827,17263934765640,17263936578036,18177,270573,17263936578036,17263935621161,17263962673559,17263934765640,
0,755152,17263942824435,17263942824435,0,17263943263037,17263943265641,17263943497047,17263943601318,17263963324435,17263943257203,11144248,17263944218453,17263944826526,17263944899547,17263945913870,17263947634443,50677,280990,17263947634443,17263946705537,17263973817883,17263945913870,
0,755160,17263953968402,17263953968402,0,17263954352361,17263954355381,17263954620434,17263954743819,17263974468402,17263954344913,11144216,17263955518923,17263956071944,17263956149496,17263957152673,17263958874653,16823,275729,17263958874653,17263957936371,17263984959447,17263957152673,
0,755168,17263965111953,17263965111953,0,17263965629028,17263965631008,17263965881789,17263965996008,17263985611953,17263965622935,11144155,17263966706164,17263966768143,17263966932101,17263968683768,17263970511216,26406,376302,17263970511216,17263969752258,17263996104240,17263968683768,
0,755176,17263976254086,17263976254086,0,17263976583352,17263976584759,17263976790488,17263976875488,17263996754086,17263976578873,11144014,17263977395696,17263977435644,17263977541373,17263978905644,17263980610436,20573,304532,17263980610436,17263979810957,17264007243928,17263978905644,
0,755184,17263987396474,17263987396474,0,17263988646322,17263988647364,17263988813666,17263988868249,17264007896474,17263988643406,11143895,17263989189708,17263989238093,17263989371583,17263990767104,17263992555906,23073,486354,17263992555906,17263991928718,17264018393877,17263990767104,
0,755192,17263998540242,17263998540242,0,17263998947886,17263998949084,17263999136792,17263999224396,17264019040242,17263998943146,11143932,17263999597834,17263999687261,17263999837730,17264001386428,17264003231428,23281,410833,17264003231428,17264002605126,17264029528462,17264001386428,
0,755200,17264009683608,17264009683608,0,17264009983408,17264009985022,17264010177262,17264010259710,17264030183608,17264009977679,11143916,17264010283877,17264011275700,17264011333825,17264012398773,17264014060023,15625,286979,17264014060023,17264013204502,17264040680442,17264012398773,
0,755208,17264020826034,17264020826034,0,17264021247367,17264021249815,17264021480909,17264021577576,17264041326034,17264021242836,11143845,17264022357576,17264022431586,17264022573982,17264023929243,17264025632264,20261,331146,17264025632264,17264024875701,17264051818672,17264023929243,
0,755216,17264031969098,17264031969098,0,17264033093827,17264033095285,17264033282004,17264033349868,17264052469098,17264033089660,11143775,17264034006275,17264034068462,17264034239764,17264035979244,17264037771848,20208,444480,17264037771848,17264037204765,17264062960705,17264035979244,
0,755224,17264043109775,17264043109775,0,17264043510651,17264043512057,17264043713672,17264043808411,17264063609775,17264043505547,11143561,17264045239505,17264045289245,17264045437526,17264047049297,17264048802110,23594,364531,17264048802110,17264048112474,17264074106123,17264047049297,
0,755232,17264054253351,17264054253351,0,17264054574141,17264054575704,17264054750079,17264054835756,17264074753351,17264054569506,11143550,17264055390496,17264055433360,17264055565235,17264057021017,17264058786590,22187,355625,17264058786590,17264058061642,17264085252322,17264057021017,
0,755240,17264065394656,17264065394656,0,17264065779090,17264065780288,17264066013361,17264066102215,17264085894656,17264065775028,11143370,17264066604559,17264066650705,17264066768257,17264068242945,17264070036174,24010,370156,17264070036174,17264069312164,17264096396750,17264068242945,
0,755248,17264076535252,17264076535252,0,17264076886227,17264076887112,17264077066175,17264077140758,17264097035252,17264076881800,11143137,17264077582269,17264077627321,17264077735758,17264079227686,17264080944873,23385,371042,17264080944873,17264080259092,17264107536386,17264079227686,
0,755256,17264087677021,17264087677021,0,17264088399457,17264088400707,17264088617791,17264088721801,17264108177021,17264088396072,11143002,17264089270030,17264089311905,17264089433051,17264090831176,17264092811385,23229,407240,17264092811385,17264091891906,17264118682533,17264090831176,
0,755264,17264098823132,17264098823132,0,17264099834146,17264099835969,17264100077167,17264100195500,17264119323132,17264099830083,11143263,17264100860500,17264100908573,17264101060709,17264102747740,17264104528209,22291,385209,17264104528209,17264103867219,17264129825503,17264102747740,
0,755272,17264109966924,17264109966924,0,17264110189512,17264110190345,17264110338939,17264110390866,17264130466924,17264110187272,11143205,17264110710814,17264110747064,17264110825032,17264111918418,17264113422637,12708,259115,17264113422637,17264112634251,17264140973525,17264111918418,
0,755280,17264121109336,17264121109336,0,17264121483211,17264121486388,17264121763471,17264121864461,17264141609336,17264121478836,11143205,17264122453471,17264122508731,17264122652690,17264124253471,17264126061076,24114,540364,17264126061076,17264125515242,17264152108057,17264124253471,
0,755288,17264132252674,17264132252674,0,17264133447847,17264133448993,17264133617535,17264133674931,17264152752674,17264133445503,11143192,17264133984045,17264134030503,17264134164566,17264135837379,17264137668733,20937,392916,17264137668733,17264136971858,17264163258840,17264135837379,
0,755296,17264143395693,17264143395693,0,17264143776494,17264143777484,17264144003577,17264144079775,17264163895693,17264143773161,11143153,17264144562848,17264145196494,17264145264932,17264146184880,17264147856494,15105,289115,17264147856494,17264146987536,17264174391445,17264146184880,
0,755304,17264154541679,17264154541679,0,17264154895922,17264154898058,17264155188891,17264155309360,17264175041679,17264154891183,11143360,17264156022954,17264156081443,17264156250974,17264157962016,17264159827954,27136,383386,17264159827954,17264159107173,17264185538894,17264157962016,
0,755312,17264165684184,17264165684184,0,17264165987642,17264165989100,17264166170403,17264166253996,17264186184184,17264165984517,11143310,17264167120142,17264167163007,17264167285611,17264168700924,17264170529934,20625,322969,17264170529934,17264169634465,17264196674051,17264168700924,
0,755320,17264176829285,17264176829285,0,17264177138789,17264177140716,17264177331602,17264177420612,17264197329285,17264177134831,11143441,17264177954622,17264177997227,17264178112070,17264179662175,17264181459050,21562,354427,17264181459050,17264180648998,17264207818063,17264179662175,
0,755328,17264187971750,17264187971750,0,17264188323998,17264188325040,17264188518426,17264188610821,17264208471750,17264188320457,11143416,17264189122488,17264189164415,17264189281082,17264190654311,17264192475666,16198,343958,17264192475666,17264191742697,17264218959366,17264190654311,
0,755336,17264199114599,17264199114599,0,17264200422281,17264200423479,17264200591239,17264200650250,17264219614599,17264200419312,11143385,17264200959625,17264201005250,17264201139677,17264202974000,17264204816136,20573,377813,17264204816136,17264204031396,17264230103273,17264202974000,
0,755344,17264210255653,17264210255653,0,17264210558219,17264210559105,17264210735563,17264210806397,17264230755653,17264210555407,11143255,17264211247751,17264211319157,17264211429990,17264212993636,17264214774105,19479,347292,17264214774105,17264213984574,17264241253170,17264212993636,
0,755352,17264221396787,17264221396787,0,17264221754418,17264221755668,17264221950252,17264222039366,17264241896787,17264221750096,11143122,17264222630877,17264222673637,17264222806294,17264224344106,17264226114992,23594,378802,17264226114992,17264225485252,17264252407078,17264224344106,
0,755360,17264232537830,17264232537830,0,17264233723482,17264233724628,17264233896295,17264233955566,17264253037830,17264233720305,11142995,17264234260982,17264234307128,17264234447284,17264235979889,17264237799837,21510,384583,17264237799837,17264237098170,17264263539475,17264235979889,
0,755368,17264243678650,17264243678650,0,17264244341296,17264244342389,17264244516192,17264244602962,17264264178650,17264244336921,11142836,17264245066140,17264245144994,17264245326035,17264246709838,17264248461296,23437,389427,17264248461296,17264247777702,17264274677913,17264246709838,
0,755376,17264254822304,17264254822304,0,17264256133172,17264256134318,17264256317911,17264256377807,17264275322304,17264256129266,11142887,17264256390932,17264256451557,17264256591870,17264258152964,17264259988016,23281,383334,17264259988016,17264259297703,17264285821352,17264258152964,
0,755384,17264265967233,17264265967233,0,17264266289475,17264266290569,17264266470360,17264266555829,17264286467233,17264266285829,11142961,17264267162235,17264267209163,17264267325569,17264268786402,17264270494736,24635,397500,17264270494736,17264269849007,17264296963801,17264268786402,
0,755392,17264277110684,17264277110684,0,17264277786976,17264277788434,17264277973487,17264278065205,17264297610684,17264277783278,11142998,17264279208330,17264279263591,17264279409268,17264280849789,17264282575206,21406,416406,17264282575206,17264281972029,17264308114896,17264280849789,
0,755400,17264288252256,17264288252256,0,17264288615675,17264288616769,17264288742029,17264288831456,17264308752256,17264288611821,11142895,17264289529321,17264289569581,17264289707915,17264291371977,17264293292811,22761,335105,17264293292811,17264292573592,17264319260834,17264291371977,
0,755408,17264299393803,17264299393803,0,17264299681197,17264299682343,17264299846249,17264299921041,17264319893803,17264299677082,11142785,17264300339843,17264300402135,17264300524530,17264302581718,17264304427552,27708,392031,17264304427552,17264303780468,17264330393023,17264302581718,
0,755416,17264310535607,17264310535607,0,17264310854479,17264310855573,17264310990782,17264311054011,17264331035607,17264310850677,11142705,17264311982240,17264312036667,17264312188959,17264313746407,17264315508855,22865,335573,17264315508855,17264314738751,17264341543649,17264313746407,
0,755424,17264321679924,17264321679924,0,17264321991876,17264321993022,17264322197814,17264322289637,17264342179924,17264321986720,11142793,17264322779272,17264322835522,17264322980001,17264324710314,17264326596773,26302,357240,17264326596773,17264325907502,17264352688911,17264324710314,
0,755432,17264332825153,17264332825153,0,17264333415211,17264333415940,17264333590888,17264333678388,17264353325153,17264333410419,11142943,17264334162138,17264334199586,17264334311044,17264335800628,17264337529170,18750,375990,17264337529170,17264336852295,17264363830266,17264335800628,
0,755440,17264343967121,17264343967121,0,17264344317608,17264344319118,17264344533597,17264344616045,17264364467121,17264344313649,11142879,17264345349952,17264345399587,17264345512035,17264347014743,17264348789431,25000,383594,17264348789431,17264348091723,17264374973132,17264347014743,
0,755448,17264355111513,17264355111513,0,17264355465838,17264355467296,17264355690942,17264355779119,17264375611513,17264355461515,11142978,17264356291932,17264356336046,17264356449588,17264357936151,17264359736724,22135,371094,17264359736724,17264359033443,17264386117039,17264357936151,
0,755456,17264366256438,17264366256438,0,17264366581360,17264366582350,17264366792923,17264366883443,17264386756438,17264366576412,11143108,17264367492610,17264367537089,17264367664329,17264369063183,17264370839590,19635,331302,17264370839590,17264370026517,17264397258238,17264369063183,
0,755464,17264377401705,17264377401705,0,17264377786882,17264377788028,17264377990528,17264378073080,17264397901705,17264377783601,11143288,17264378612924,17264378662715,17264378770892,17264380129070,17264382256622,22239,327031,17264382256622,17264381054747,17264408400479,17264380129070,
0,755472,17264388545634,17264388545634,0,17264388927716,17264388928550,17264389109123,17264389185477,17264409045634,17264388925112,11143338,17264389644383,17264389692091,17264389816623,17264391242612,17264392997404,55000,337396,17264392997404,17264392245060,17264419549438,17264391242612,
0,755480,17264399690947,17264399690947,0,17264400045009,17264400046051,17264400247561,17264400331311,17264420190947,17264400041624,11143516,17264400874176,17264400922301,17264401044749,17264402472093,17264404195218,22605,319010,17264404195218,17264403490114,17264430694179,17264402472093,
0,755488,17264410834152,17264410834152,0,17264411173083,17264411174750,17264411372562,17264411454958,17264431334152,17264411168552,11143506,17264412027927,17264412679594,17264412745323,17264413628865,17264415337667,15417,280469,17264415337667,17264414418500,17264441844545,17264413628865,
0,755496,17264421977771,17264421977771,0,17264422316834,17264422319230,17264422546001,17264422656157,17264442477771,17264422311418,11143546,17264423300689,17264423900689,17264423974907,17264424929178,17264426741731,16563,282344,17264426741731,17264425792772,17264452983192,17264424929178,
0,755504,17264433121527,17264433121527,0,17264433517356,17264433519283,17264433763138,17264433875429,17264453621527,17264433510950,11143545,17264434542200,17264435150273,17264435224648,17264436232513,17264437980742,17135,274375,17264437980742,17264437026107,17264464128453,17264436232513,
0,755512,17264444265562,17264444265562,0,17264444677878,17264444679597,17264444998868,17264445116472,17264464765562,17264444672618,11143562,17264445775378,17264446391264,17264446468920,17264447454649,17264449196056,18125,270677,17264449196056,17264448233399,17264475269756,17264447454649,
0,755520,17264455410766,17264455410766,0,17264455837046,17264455838921,17264456104181,17264456213036,17264475910766,17264455831369,11143632,17264456892671,17264456991890,17264457149702,17264458835432,17264460660640,23073,371250,17264460660640,17264459878140,17264486407414,17264458835432,
0,755528,17264466554560,17264466554560,0,17264466911578,17264466912828,17264467124026,17264467211318,17264487054560,17264466906995,11143617,17264467731839,17264467773141,17264467886214,17264469203349,17264470894131,18959,304479,17264470894131,17264470101579,17264497557623,17264469203349,
0,755536,17264477699620,17264477699620,0,17264478055069,17264478056319,17264478252465,17264478435746,17264498199620,17264478050538,11143713,17264478970017,17264479019080,17264479160173,17264480524288,17264482300330,23021,407395,17264482300330,17264481587465,17264508701739,17264480524288,
0,755544,17264488845751,17264488845751,0,17264489537935,17264489538768,17264489723508,17264489829706,17264509345751,17264489533612,11143935,17264490254549,17264490306581,17264490448924,17264491774185,17264493769758,19167,376823,17264493769758,17264492795070,17264519838198,17264491774185,
0,755552,17264499988783,17264499988783,0,17264500357311,17264500358613,17264501012103,17264501103300,17264520488783,17264500351634,11143908,17264501128561,17264501191530,17264501299134,17264502800905,17264504569134,24792,371198,17264504569134,17264503875072,17264530977991,17264502800905,
0,755560,17264511132675,17264511132675,0,17264511476062,17264511477885,17264511724968,17264511819968,17264531632675,17264511470645,11143901,17264512614031,17264512662781,17264512789291,17264514238979,17264515979760,23125,516615,17264515979760,17264515455958,17264542122211,17264514238979,
0,755568,17264522276491,17264522276491,0,17264522639448,17264522641167,17264522830594,17264522931011,17264542776491,17264522633719,11143886,17264523940230,17264523996271,17264524128355,17264525720959,17264527428147,22864,360834,17264527428147,17264526762209,17264553262681,17264525720959,
0,755576,17264533418227,17264533418227,0,17264533748356,17264533750439,17264533914085,17264534010543,17264553918227,17264533743252,11143739,17264535385908,17264535437366,17264535608564,17264537447940,17264539610700,28906,426042,17264539610700,17264538659815,17264564405755,17264537447940,
0,755584,17264544560206,17264544560206,0,17264544884294,17264544885128,17264545070544,17264545155284,17264565060206,17264544880544,11143652,17264545507263,17264545570440,17264545692732,17264547236847,17264549008670,22552,368698,17264549008670,17264548312263,17264575549350,17264547236847,
0,755592,17264555702911,17264555702911,0,17264556896066,17264556897004,17264557077316,17264557133150,17264576202911,17264556893462,11143625,17264557408723,17264557454608,17264557582681,17264559197629,17264560963306,24219,349375,17264560963306,17264560245911,17264586691226,17264559197629,
0,755600,17264566843194,17264566843194,0,17264567126692,17264567127682,17264567297474,17264567370495,17264587343194,17264567122526,11143388,17264567853620,17264567946797,17264568081224,17264569770651,17264571554089,23021,372343,17264571554089,17264570879609,17264597840758,17264569770651,
0,755608,17264577984559,17264577984559,0,17264578707006,17264578708204,17264578918360,17264579012996,17264598484559,17264578702527,11143259,17264579711329,17264579756954,17264579875496,17264581363777,17264583151017,23333,380573,17264583151017,17264582484350,17264608980811,17264581363777,
0,755616,17264589126378,17264589126378,0,17264590372736,17264590373986,17264590545497,17264590605861,17264609626378,17264590369559,11143170,17264590911278,17264590960809,17264591104455,17264592729299,17264594495862,25469,371354,17264594495862,17264593802528,17264620121958,17264592729299,
0,755624,17264600267658,17264600267658,0,17264601493102,17264601494300,17264601689196,17264601742946,17264620767658,17264601490342,11143039,17264602047790,17264602090550,17264602231748,17264603726540,17264605535967,22344,357343,17264605535967,17264604764873,17264631266491,17264603726540,
0,755632,17264611410486,17264611410486,0,17264611903520,17264611904978,17264612113624,17264612226124,17264631910486,17264611899093,11142998,17264612748780,17264612798624,17264612933832,17264614637687,17264616587895,26614,416250,17264616587895,17264615921541,17264642418262,17264614637687,
0,755640,17264622552581,17264622552581,0,17264622903313,17264622904615,17264623106073,17264623192479,17264643052581,17264622899042,11142917,17264623775188,17264623821959,17264623936386,17264625656698,17264627480813,20677,405990,17264627480813,17264626790969,17264653553784,17264625656698,
0,755648,17264633693863,17264633693863,0,17264634019980,17264634020918,17264634614772,17264634694616,17264654193863,17264634015970,11142776,17264635300814,17264635359824,17264635498991,17264637238731,17264639395658,25573,481354,17264639395658,17264638499356,17264664712431,17264637238731,
0,755656,17264644835315,17264644835315,0,17264645208523,17264645209356,17264645360763,17264645432482,17264665335315,17264645204929,11142639,17264645822482,17264645906440,17264646019200,17264647402117,17264649183211,21093,396042,17264649183211,17264648465346,17264675846130,17264647402117,
0,755664,17264655979741,17264655979741,0,17264656622378,17264656623785,17264656856910,17264656941597,17264676479741,17264656617378,11142712,17264657467274,17264657514462,17264657638993,17264659139931,17264660970608,24844,387500,17264660970608,17264660248993,17264686983163,17264659139931,
0,755672,17264667122465,17264667122465,0,17264667515452,17264667516390,17264667690088,17264667761234,17264687622465,17264667511963,11142693,17264668690088,17264668742380,17264668887901,17264670355713,17264672158838,22865,385885,17264672158838,17264671423109,17264698129466,17264670355713,
0,755680,17264678270193,17264678270193,0,17264678625610,17264678627485,17264679229308,17264679334047,17264698770193,17264678621079,11143014,17264679904933,17264679951235,17264680090975,17264681588683,17264683466287,21614,396406,17264683466287,17264682731964,17264709271082,17264681588683,
0,755688,17264689414798,17264689414798,0,17264689718215,17264689719517,17264689918007,17264690006288,17264709914798,17264689713267,11143122,17264690542955,17264690583215,17264690709413,17264692347382,17264694156549,22448,381927,17264694156549,17264693391445,17264720411499,17264692347382,
0,755696,17264700558262,17264700558262,0,17264701244050,17264701244987,17264701425195,17264701515352,17264721058262,17264701240925,11143176,17264702101393,17264702151810,17264702285143,17264703732904,17264705541029,20313,353854,17264705541029,17264704765404,17264731574521,17264703732904,
0,755704,17264711702355,17264711702355,0,17264712003946,17264712004936,17264712220196,17264712302488,17264732202355,17264711999936,11143258,17264712758165,17264712801030,17264712908634,17264714307176,17264716038061,23385,434063,17264716038061,17264715413791,17264742710200,17264714307176,
0,755712,17264722845255,17264722845255,0,17264723139729,17264723140927,17264723336291,17264723424156,17264743345255,17264723136239,11143237,17264723919104,17264723962385,17264724078219,17264725550094,17264727353167,23385,435573,17264727353167,17264726722958,17264753847544,17264725550094,
0,755720,17264733988610,17264733988610,0,17264734477334,17264734478428,17264734685667,17264734780772,17264754488610,17264734473063,11143286,17264735220824,17264735292959,17264735448376,17264736846709,17264738934730,22448,414062,17264738934730,17264737941397,17264764977702,17264736846709,
0,755728,17264745137150,17264745137150,0,17264745458585,17264745459783,17264745681085,17264745775044,17264765637150,17264745453116,11143649,17264745800669,17264745868846,17264745986606,17264747499783,17264749325044,25000,465312,17264749325044,17264748745461,17264776125411,17264747499783,
0,755736,17264756282586,17264756282586,0,17264756631451,17264756632753,17264756831816,17264756918743,17264776782586,17264756627961,11143785,17264757641139,17264757685722,17264757813743,17264759615410,17264761344108,19896,380572,17264761344108,17264760712024,17264787274423,17264759615410,
0,755744,17264767425875,17264767425875,0,17264768075723,17264768076712,17264768267077,17264768385358,17264787925875,17264768070046,11143771,17264769414681,17264769474161,17264769636817,17264771192598,17264772929994,22761,372760,17264772929994,17264772320411,17264798424997,17264771192598,
0,755752,17264778566057,17264778566057,0,17264778927964,17264778929318,17264779074370,17264779168901,17264799066057,17264778922547,11143579,17264779949891,17264779988693,17264780123641,17264781714578,17264783460047,19844,330313,17264783460047,17264782733745,17264809574842,17264781714578,
0,755760,17264789707047,17264789707047,0,17264790051142,17264790052027,17264790244475,17264790330829,17264810207047,17264790046038,11143420,17264790866506,17264790914475,17264791041090,17264792654215,17264794424007,20937,361927,17264794424007,17264793709371,17264820698384,17264792654215,
0,755768,17264800849468,17264800849468,0,17264801492601,17264801493330,17264801672497,17264801750101,17264821349468,17264801489737,11143345,17264802185935,17264802228643,17264802352653,17264803840101,17264805575675,20573,339843,17264805575675,17264804837029,17264831849688,17264803840101,
0,755776,17264811993641,17264811993641,0,17264812281196,17264812282186,17264812467967,17264812552394,17264832493641,17264812276248,11143374,17264813019529,17264813061040,17264813181613,17264814773488,17264816643592,23802,360730,17264816643592,17264815948905,17264842985418,17264814773488,
0,755784,17264823138983,17264823138983,0,17264823444166,17264823445260,17264823617031,17264823712916,17264843638983,17264823441041,11143335,17264824190156,17264824229999,17264824349739,17264825794374,17264827498073,17969,362812,17264827498073,17264826812083,17264854126461,17264825794374,
0,755792,17264834280178,17264834280178,0,17264835011875,17264835013073,17264835271355,17264835388803,17264854780178,17264835007657,11143335,17264836265469,17264836311251,17264836445417,17264838089688,17264839962813,24792,407605,17264839962813,17264839325886,17264865280576,17264838089688,
0,755800,17264845422959,17264845422959,0,17264845712449,17264845713699,17264846416929,17264846523335,17264865922959,17264845708543,11143286,17264847107762,17264847150470,17264847282866,17264848965991,17264850759012,24688,396354,17264850759012,17264850093283,17264876410942,17264848965991,
0,755808,17264856563500,17264856563500,0,17264857193701,17264857194586,17264857404117,17264857491409,17264877063500,17264857189378,11143091,17264858044013,17264858087815,17264858214638,17264859749534,17264861546149,20365,697917,17264861546149,17264861135836,17264887580370,17264859749534,
0,755816,17264867703745,17264867703745,0,17264868105368,17264868106097,17264868555525,17264868658285,17264888203745,17264868101150,11142887,17264869212400,17264869254587,17264869372139,17264870854066,17264872646098,19896,384323,17264872646098,17264871907087,17264898708080,17264870854066,
0,755824,17264878848116,17264878848116,0,17264879261619,17264879262817,17264879824797,17264879910265,17264899348116,17264879257244,11142980,17264880398234,17264880441567,17264880564484,17264882102661,17264883861099,21355,365417,17264883861099,17264883156203,17264909847716,17264882102661,
0,755832,17264889988139,17264889988139,0,17264891187923,17264891189329,17264891368756,17264891431256,17264910488139,17264891184485,11142770,17264891794537,17264891850162,17264892002037,17264893724746,17264895553340,26875,418698,17264895553340,17264894900631,17264920997769,17264893724746,
0,755840,17264901137205,17264901137205,0,17264901461986,17264901462976,17264901651517,17264901731049,17264921637205,17264901457507,11143190,17264902181830,17264902228340,17264902332559,17264903776622,17264905577195,19062,345834,17264905577195,17264904790164,17264932138135,17264903776622,
0,755848,17264912280884,17264912280884,0,17264912620425,17264912621310,17264912817612,17264912898862,17264932780884,17264912616883,11143233,17264913420529,17264913463810,17264913589904,17264915076154,17264916925842,19531,391354,17264916925842,17264916199644,17264943280532,17264915076154,
0,755856,17264923422721,17264923422721,0,17264923908030,17264923909176,17264924269488,17264924367770,17264943922721,17264923902613,11143130,17264924912457,17264924972457,17264925123030,17264926662978,17264928504385,24792,398750,17264928504385,17264927771364,17264954417252,17264926662978,
0,755864,17264934566730,17264934566730,0,17264935813344,17264935814385,17264935987875,17264936044958,17264955066730,17264935810740,11143174,17264936338240,17264936382667,17264936561261,17264938229073,17264940130428,23385,422448,17264940130428,17264939438969,17264965561211,17264938229073,
0,755872,17264945709691,17264945709691,0,17264946074334,17264946075272,17264946251157,17264946330376,17264966209691,17264946070480,11143145,17264946831262,17264946890480,17264947008501,17264948587824,17264950385012,23021,379739,17264950385012,17264949669283,17264976726994,17264948587824,
0,755880,17264956851941,17264956851941,0,17264957155221,17264957156367,17264957347773,17264957442877,17264977351941,17264957150325,11143056,17264957996679,17264958036575,17264958163606,17264959669596,17264961415742,22396,352448,17264961415742,17264960710377,17264987846161,17264959669596,
0,755888,17264967995766,17264967995766,0,17264968326107,17264968327618,17264968523191,17264968616680,17264988495766,17264968321107,11143181,17264969169441,17264969213243,17264969352201,17264970790431,17264972582045,22969,448698,17264972582045,17264971943712,17264998999913,17264970790431,
0,755896,17264979138964,17264979138964,0,17264979420067,17264979421942,17264979598088,17264979688192,17264999638964,17264979415796,11143229,17264980410327,17264980472775,17264980609025,17264982094703,17264983819807,23177,384115,17264983819807,17264983166161,17265010142362,17264982094703,
0,755904,17264990286960,17264990286960,0,17264991459756,17264991460797,17264991679026,17264991753401,17265010786960,17264991456370,11143527,17264991767151,17264991826839,17264991950589,17264993492620,17264995274964,24687,346928,17264995274964,17264994526423,17265021285904,17264993492620,
0,755912,17265001426684,17265001426684,0,17265002642257,17265002643298,17265002810955,17265002877465,17265021926684,17265002639861,11143253,17265003241944,17265003305434,17265003455590,17265005083872,17265006844861,26511,400001,17265006844861,17265006214757,17265032426947,17265005083872,
0,755920,17265012569612,17265012569612,0,17265012961320,17265012962362,17265013155695,17265013246060,17265033069612,17265012956060,11143194,17265014248768,17265014319393,17265014476633,17265016567362,17265018403664,26718,377552,17265018403664,17265017687883,17265043563980,17265016567362,
0,755928,17265023713090,17265023713090,0,17265024036113,17265024037623,17265024219342,17265024320019,17265044213090,17265024030957,11143200,17265025148665,17265025196530,17265025340749,17265026941270,17265028692416,24114,355313,17265028692416,17265028010228,17265054690804,17265026941270,
0,755936,17265034857769,17265034857769,0,17265035184812,17265035186479,17265035393041,17265035484239,17265055357769,17265035178874,11143321,17265036037781,17265036084343,17265036224187,17265037832104,17265039642677,23437,377136,17265039642677,17265038989760,17265065858617,17265037832104,
0,755944,17265046003074,17265046003074,0,17265046312782,17265046313407,17265046488563,17265046553824,17265066503074,17265046308146,11143521,17265046924865,17265046964553,17265047076480,17265048532782,17265050186741,21458,331146,17265050186741,17265049473668,17263739792808,17265048532782,
0,755952,17265057143924,17265057143924,0,17265057513408,17265057514814,17265057747470,17265057848929,17265077643924,17265057508564,11143052,17265058475023,17265058520283,17265058664866,17265060281377,17265062035179,23593,401094,17265062035179,17265061398669,17263750938017,17265060281377,
0,755960,17265068282078,17265068282078,0,17265068622524,17265068623982,17265068826117,17265068921274,17265088782078,17265068617940,11143052,17265069484243,17265069530961,17265069664086,17265071281847,17263735455047,26511,452031,17263735455047,17265072571118,17263762094060,17265071281847,
0,755968,17265079425455,17265079425455,0,17265080006431,17265080010129,17265080470285,17265080607785,17265099925455,17265079998202,11143031,17265081401900,17265081452942,17265081694087,17265083323931,17263746858538,29739,351875,17263746858538,17265084258359,17263773232603,17265083323931,
---PROFILEDATA---


View hierarchy:

  dev.polski.grammarmatrix.benchmark/dev.polski.grammarmatrix.GlassBenchmarkActivity/android.view.ViewRootImpl@86d155f
  6 views, 10.66 kB of render nodes


Total ViewRootImpl   : 1
Total attached Views : 6
Total RenderNode     : 10.66 kB (used) / 34.73 kB (capacity)