Applications Graphics Acceleration Info:
Uptime: 17198386 Realtime: 155204951

** Graphics info for pid 27061 [dev.polski.grammarmatrix.benchmark] **

Stats since: 17195787015257ns
Total frames rendered: 233
Janky frames: 0 (0.00%)
Janky frames (legacy): 0 (0.00%)
50th percentile: 5ms
90th percentile: 5ms
95th percentile: 5ms
99th percentile: 5ms
Number Missed Vsync: 0
Number High input latency: 0
Number Slow UI thread: 0
Number Slow bitmap uploads: 0
Number Slow issue draw commands: 0
Number Frame deadline missed: 0
Number Frame deadline missed (legacy): 0
HISTOGRAM: 5ms=232 6ms=1 7ms=0 8ms=0 9ms=0 10ms=0 11ms=0 12ms=0 13ms=0 14ms=0 15ms=0 16ms=0 17ms=0 18ms=0 19ms=0 20ms=0 21ms=0 22ms=0 23ms=0 24ms=0 25ms=0 26ms=0 27ms=0 28ms=0 29ms=0 30ms=0 31ms=0 32ms=0 34ms=0 36ms=0 38ms=0 40ms=0 42ms=0 44ms=0 46ms=0 48ms=0 53ms=0 57ms=0 61ms=0 65ms=0 69ms=0 73ms=0 77ms=0 81ms=0 85ms=0 89ms=0 93ms=0 97ms=0 101ms=0 105ms=0 109ms=0 113ms=0 117ms=0 121ms=0 125ms=0 129ms=0 133ms=0 150ms=0 200ms=0 250ms=0 300ms=0 350ms=0 400ms=0 450ms=0 500ms=0 550ms=0 600ms=0 650ms=0 700ms=0 750ms=0 800ms=0 850ms=0 900ms=0 950ms=0 1000ms=0 1050ms=0 1100ms=0 1150ms=0 1200ms=0 1250ms=0 1300ms=0 1350ms=0 1400ms=0 1450ms=0 1500ms=0 1550ms=0 1600ms=0 1650ms=0 1700ms=0 1750ms=0 1800ms=0 1850ms=0 1900ms=0 1950ms=0 2000ms=0 2050ms=0 2100ms=0 2150ms=0 2200ms=0 2250ms=0 2300ms=0 2350ms=0 2400ms=0 2450ms=0 2500ms=0 2550ms=0 2600ms=0 2650ms=0 2700ms=0 2750ms=0 2800ms=0 2850ms=0 2900ms=0 2950ms=0 3000ms=0 3050ms=0 3100ms=0 3150ms=0 3200ms=0 3250ms=0 3300ms=0 3350ms=0 3400ms=0 3450ms=0 3500ms=0 3550ms=0 3600ms=0 3650ms=0 3700ms=0 3750ms=0 3800ms=0 3850ms=0 3900ms=0 3950ms=0 4000ms=0 4050ms=0 4100ms=0 4150ms=0 4200ms=0 4250ms=0 4300ms=0 4350ms=0 4400ms=0 4450ms=0 4500ms=0 4550ms=0 4600ms=0 4650ms=0 4700ms=0 4750ms=0 4800ms=0 4850ms=0 4900ms=0 4950ms=0
50th gpu percentile: 2ms
90th gpu percentile: 2ms
95th gpu percentile: 2ms
99th gpu percentile: 2ms
GPU HISTOGRAM: 1ms=0 2ms=233 3ms=0 4ms=0 5ms=0 6ms=0 7ms=0 8ms=0 9ms=0 10ms=0 11ms=0 12ms=0 13ms=0 14ms=0 15ms=0 16ms=0 17ms=0 18ms=0 19ms=0 20ms=0 21ms=0 22ms=0 23ms=0 24ms=0 25ms=0 4950ms=0

Pipeline=Skia (OpenGL)
CPU Caches:
  Glyph Cache: 43.11 KB (1 entry)
  Glyph Count: 8 
Total CPU memory usage:
  44146 bytes, 43.11 KB (0.00 bytes is purgeable)
GPU Caches:
  Other:
    Other: 13.66 KB (1 entry)
    Buffer Object: 36.00 KB (1 entry)
  Scratch:
    Texture: 2.00 MB (1 entry)
    Buffer Object: 48.00 KB (1 entry)
Total GPU memory usage:
  2197152 bytes, 2.10 MB (36.00 KB is purgeable)

Profile data in ms:

	dev.polski.grammarmatrix.benchmark/dev.polski.grammarmatrix.GlassBenchmarkActivity/android.view.ViewRootImpl@86d155f (visibility=0)
Window: dev.polski.grammarmatrix.benchmark/dev.polski.grammarmatrix.GlassBenchmarkActivity
Stats since: 17195787014632ns
Total frames rendered: 233
Janky frames: 0 (0.00%)
Janky frames (legacy): 0 (0.00%)
50th percentile: 5ms
90th percentile: 5ms
95th percentile: 5ms
99th percentile: 5ms
Number Missed Vsync: 0
Number High input latency: 0
Number Slow UI thread: 0
Number Slow bitmap uploads: 0
Number Slow issue draw commands: 0
Number Frame deadline missed: 0
Number Frame deadline missed (legacy): 0
HISTOGRAM: 5ms=232 6ms=1 7ms=0 8ms=0 9ms=0 10ms=0 11ms=0 12ms=0 13ms=0 14ms=0 15ms=0 16ms=0 17ms=0 18ms=0 19ms=0 20ms=0 21ms=0 22ms=0 23ms=0 24ms=0 25ms=0 26ms=0 27ms=0 28ms=0 29ms=0 30ms=0 31ms=0 32ms=0 34ms=0 36ms=0 38ms=0 40ms=0 42ms=0 44ms=0 46ms=0 48ms=0 53ms=0 57ms=0 61ms=0 65ms=0 69ms=0 73ms=0 77ms=0 81ms=0 85ms=0 89ms=0 93ms=0 97ms=0 101ms=0 105ms=0 109ms=0 113ms=0 117ms=0 121ms=0 125ms=0 129ms=0 133ms=0 150ms=0 200ms=0 250ms=0 300ms=0 350ms=0 400ms=0 450ms=0 500ms=0 550ms=0 600ms=0 650ms=0 700ms=0 750ms=0 800ms=0 850ms=0 900ms=0 950ms=0 1000ms=0 1050ms=0 1100ms=0 1150ms=0 1200ms=0 1250ms=0 1300ms=0 1350ms=0 1400ms=0 1450ms=0 1500ms=0 1550ms=0 1600ms=0 1650ms=0 1700ms=0 1750ms=0 1800ms=0 1850ms=0 1900ms=0 1950ms=0 2000ms=0 2050ms=0 2100ms=0 2150ms=0 2200ms=0 2250ms=0 2300ms=0 2350ms=0 2400ms=0 2450ms=0 2500ms=0 2550ms=0 2600ms=0 2650ms=0 2700ms=0 2750ms=0 2800ms=0 2850ms=0 2900ms=0 2950ms=0 3000ms=0 3050ms=0 3100ms=0 3150ms=0 3200ms=0 3250ms=0 3300ms=0 3350ms=0 3400ms=0 3450ms=0 3500ms=0 3550ms=0 3600ms=0 3650ms=0 3700ms=0 3750ms=0 3800ms=0 3850ms=0 3900ms=0 3950ms=0 4000ms=0 4050ms=0 4100ms=0 4150ms=0 4200ms=0 4250ms=0 4300ms=0 4350ms=0 4400ms=0 4450ms=0 4500ms=0 4550ms=0 4600ms=0 4650ms=0 4700ms=0 4750ms=0 4800ms=0 4850ms=0 4900ms=0 4950ms=0
50th gpu percentile: 2ms
90th gpu percentile: 2ms
95th gpu percentile: 2ms
99th gpu percentile: 2ms
GPU HISTOGRAM: 1ms=0 2ms=233 3ms=0 4ms=0 5ms=0 6ms=0 7ms=0 8ms=0 9ms=0 10ms=0 11ms=0 12ms=0 13ms=0 14ms=0 15ms=0 16ms=0 17ms=0 18ms=0 19ms=0 20ms=0 21ms=0 22ms=0 23ms=0 24ms=0 25ms=0 4950ms=0



---PROFILEDATA---
Flags,FrameTimelineVsyncId,IntendedVsync,Vsync,InputEventId,HandleInputStart,AnimationStart,PerformTraversalsStart,DrawStart,FrameDeadline,FrameInterval,FrameStartTime,SyncQueued,SyncStart,IssueDrawCommandsStart,SwapBuffers,FrameCompleted,DequeueBufferDuration,QueueBufferDuration,GpuCompleted,SwapBuffersCompleted,DisplayPresentTime,CommandSubmissionCompleted,
0,706959,17197051886077,17197051886077,0,17197052171894,17197052173508,17197052357935,17197052437727,17197072386077,17197052168092,11142810,17197052828925,17197052888456,17197053018352,17197054417623,17197056135436,19479,369323,17197056135436,17197055501634,17197082876897,17197054417623,
0,706967,17197063028925,17197063028925,0,17197063412468,17197063413510,17197063599291,17197063688353,17197083528925,17197063408405,11142811,17197063711114,17197063763926,17197063863926,17197065364864,17197067131010,19167,350104,17197067131010,17197066399031,17197094028200,17197065364864,
0,706975,17197074169367,17197074169367,0,17197074467313,17197074468354,17197074643563,17197074716375,17197094669367,17197074463979,11142656,17197075465073,17197075507209,17197075625177,17197076865386,17197078642417,20000,324011,17197078642417,17197077784396,17197105168826,17197076865386,
0,706983,17197085311173,17197085311173,0,17197085611272,17197085612210,17197085805387,17197085894658,17197105811173,17197085607418,11142611,17197086993460,17197087059866,17197087208876,17197088841793,17197090586741,20990,380782,17197090586741,17197089922731,17197116339452,17197088841793,
0,706991,17197096453097,17197096453097,0,17197096763877,17197096765388,17197096963773,17197097065440,17197116953097,17197096758461,11142604,17197098015336,17197098069555,17197098229555,17197099998513,17197101774138,72656,377969,17197101774138,17197101119763,17197127453099,17197099998513,
0,706999,17197107595689,17197107595689,0,17197107880181,17197107882004,17197108037629,17197108117316,17197128095689,17197107875806,11142576,17197108672264,17197108719764,17197108848566,17197110348827,17197112143723,22604,412448,17197112143723,17197111515129,17197138605757,17197110348827,
0,707007,17197118738360,17197118738360,0,17197119059140,17197119060234,17197119255390,17197119345755,17197139238360,17197119054505,11142577,17197119854921,17197119946953,17197120068463,17197121604869,17197123416120,20521,371719,17197123416120,17197122697370,17197149736331,17197121604869,
0,707015,17197129887037,17197129887037,0,17197130203412,17197130204506,17197130394975,17197130474870,17197150387037,17197130199610,11142902,17197131015183,17197131059037,17197131171537,17197132646016,17197134348412,21719,358854,17197134348412,17197133664871,17197160877321,17197132646016,
0,707023,17197141028328,17197141028328,0,17197141348517,17197141349299,17197141534871,17197141638674,17197161528328,17197141344351,11142794,17197142169924,17197142217528,17197142339455,17197143820393,17197145526955,19323,353334,17197145526955,17197144838830,17197172021437,17197143820393,
0,707031,17197152172719,17197152172719,0,17197152488154,17197152489248,17197152678623,17197152766852,17197172672719,17197152483154,11142895,17197153349977,17197153389664,17197153512633,17197154917894,17197156727842,19271,338907,17197156727842,17197155968675,17197183177376,17197154917894,
0,707039,17197163313650,17197163313650,0,17197163604978,17197163605915,17197163813832,17197163900342,17197183813650,17197163600499,11142776,17197164466020,17197164511072,17197164645551,17197166285655,17197168066645,24688,349843,17197168066645,17197167296072,17197194314460,17197166285655,
0,707047,17197174454247,17197174454247,0,17197174741333,17197174742271,17197175337427,17197175426177,17197194954247,17197174737948,11142639,17197175973625,17197176016489,17197176129406,17197177475917,17197179246698,22135,489739,17197179246698,17197178651698,17197205452690,17197177475917,
0,707055,17197185595893,17197185595893,0,17197185969876,17197185970761,17197186163938,17197186304095,17197206095893,17197185965240,11142588,17197186840553,17197186891230,17197187020345,17197188635084,17197190400658,25781,362031,17197190400658,17197189658314,17197216597014,17197188635084,
0,707063,17197196741315,17197196741315,0,17197197384773,17197197386335,17197197608575,17197197712169,17197217241315,17197197379148,11142777,17197198478263,17197198520606,17197198646492,17197200193054,17197201971232,28229,368698,17197201971232,17197201266075,17197227757797,17197200193054,
0,707071,17197207885413,17197207885413,0,17197208237586,17197208238576,17197208960712,17197209067587,17197228385413,17197208233993,11142891,17197209644878,17197209712534,17197209825191,17197211388680,17197213235556,49635,429532,17197213235556,17197212564462,17197238887589,17197211388680,
0,707079,17197219027482,17197219027482,0,17197219615504,17197219616390,17197219820661,17197219917900,17197239527482,17197219610504,11142849,17197220576129,17197220625400,17197220780140,17197222369411,17197224171286,23073,417708,17197224171286,17197223499255,17197250023216,17197222369411,
0,707087,17197230169601,17197230169601,0,17197230570453,17197230571547,17197230774568,17197230862328,17197250669601,17197230566755,11142796,17197231444255,17197231499047,17197231675922,17197233156235,17197234970818,21979,393855,17197234970818,17197234239516,17197261152644,17197233156235,
0,707095,17197241316321,17197241316321,0,17197241939256,17197241940038,17197242140090,17197242238267,17197261816321,17197241935090,11143023,17197242786340,17197242829204,17197242945454,17197244404517,17197246227746,20573,373959,17197246227746,17197245514153,17197272311707,17197244404517,
0,707103,17197252460894,17197252460894,0,17197252787695,17197252788633,17197252971758,17197253052122,17197272960894,17197252784726,11143170,17197253588997,17197253636445,17197253740976,17197255109102,17197256888112,18386,342812,17197256888112,17197256072904,17197283449104,17197255109102,
0,707111,17197263601541,17197263601541,0,17197263832123,17197263833217,17197263991707,17197264043321,17197284101541,17197263829675,11142762,17197264462227,17197264501186,17197264582957,17197265866915,17197267695613,14584,371876,17197267695613,17197266942332,17197294596033,17197265866915,
0,707119,17197274740178,17197274740178,0,17197275142645,17197275144156,17197275362801,17197275451551,17197295240178,17197275139364,11142762,17197276036343,17197276092177,17197276237281,17197277756552,17197279479989,25886,486771,17197279479989,17197279089416,17197305745461,17197277756552,
0,707127,17197285883109,17197285883109,0,17197286173896,17197286175198,17197286339209,17197286414730,17197306383109,17197286171292,11142780,17197286970876,17197287006605,17197287103115,17197288441188,17197290250928,16667,377812,17197290250928,17197289763845,17197316905983,17197288441188,
0,707135,17197297023406,17197297023406,0,17197297700616,17197297701710,17197297882231,17197297985772,17197317523406,17197297697335,11142592,17197298451918,17197298547283,17197298706606,17197300130929,17197301896606,21823,416250,17197301896606,17197301248533,17197328027234,17197300130929,
0,707143,17197308165043,17197308165043,0,17197308631815,17197308633534,17197308855565,17197308959055,17197328665043,17197308627180,11142496,17197308987544,17197309053586,17197309172753,17197310757024,17197312562909,22344,610105,17197312562909,17197312122336,17197339174162,17197310757024,
0,707151,17197319307715,17197319307715,0,17197319681452,17197319682962,17197320336764,17197320433379,17197339807715,17197319678431,11142440,17197321252441,17197321297337,17197321425879,17197322947806,17197324664525,21302,371719,17197324664525,17197323986608,17197350318799,17197322947806,
0,707159,17197330455816,17197330455816,0,17197330765203,17197330766557,17197330934109,17197331021036,17197350955816,17197330761401,11142752,17197332142182,17197332195672,17197332336609,17197333778484,17197335472755,21094,347083,17197335472755,17197334790880,17197361467341,17197333778484,
0,707167,17197341597887,17197341597887,0,17197341906246,17197341908433,17197342103641,17197342237079,17197362097887,17197341901193,11142689,17197343070517,17197343110881,17197343256194,17197345059683,17197346833017,24948,367187,17197346833017,17197346158434,17197372607811,17197345059683,
0,707175,17197352745440,17197352745440,0,17197353489840,17197353491038,17197353719632,17197353828538,17197373245440,17197353485622,11143120,17197354396716,17197354437601,17197354555674,17197356042862,17197357784372,21406,332500,17197357784372,17197357038695,17197383745000,17197356042862,
0,707183,17197363889130,17197363889130,0,17197364276404,17197364277914,17197364482862,17197364567602,17197384389130,17197364271977,11143150,17197365141040,17197365201821,17197365330362,17197366978019,17197368747602,25625,392188,17197368747602,17197368093540,17197394891043,17197366978019,
0,707191,17197375035625,17197375035625,0,17197375357134,17197375358280,17197375553749,17197375644374,17197395535625,17197375352655,11143403,17197376198697,17197376243332,17197376373332,17197377872916,17197379647499,24010,379792,17197379647499,17197379119739,17197406032658,17197377872916,
0,707199,17197386179442,17197386179442,0,17197387336354,17197387337448,17197387500677,17197387555573,17197406679442,17197387333698,11143421,17197387871354,17197387918073,17197388027865,17197389762709,17197391539271,20625,425521,17197391539271,17197390914948,17197417179691,17197389762709,
0,707207,17197397321287,17197397321287,0,17197398561355,17197398562657,17197398761199,17197398823647,17197417821287,17197398558647,11143307,17197399170522,17197399220783,17197399368751,17197401216824,17197403009741,25417,403854,17197403009741,17197402410731,17197428322192,17197401216824,
0,707215,17197408463890,17197408463890,0,17197409662606,17197409663961,17197409856982,17197409917971,17197428963890,17197409660054,11143242,17197410250471,17197410294013,17197410451304,17197412215836,17197413995315,23438,351667,17197413995315,17197413254117,17197439463547,17197412215836,
0,707223,17197419608085,17197419608085,0,17197419960472,17197419961514,17197420129743,17197420196722,17197440108085,17197419957139,11143348,17197420708910,17197420755003,17197420876878,17197422237868,17197424038858,20886,400573,17197424038858,17197423358910,17197450606777,17197422237868,
0,707231,17197430752386,17197430752386,0,17197431179379,17197431180890,17197431414119,17197431501046,17197451252386,17197431174588,11143425,17197432089171,17197432126723,17197432245994,17197433616619,17197435375057,18178,315625,17197435375057,17197434551151,17197461745528,17197433616619,
0,707239,17197441895685,17197441895685,0,17197442208443,17197442209381,17197442821360,17197442910266,17197462395685,17197442203912,11143412,17197443515162,17197443563704,17197443698235,17197445235735,17197447029121,21563,387604,17197447029121,17197446334381,17197472896623,17197445235735,
0,707247,17197453038594,17197453038594,0,17197453351517,17197453352611,17197453524069,17197453603392,17197473538594,17197453348913,11143381,17197454128965,17197454177351,17197454286257,17197455853757,17197457625320,19948,382396,17197457625320,17197456928601,17197484046156,17197455853757,
0,707255,17197464184337,17197464184337,0,17197464870529,17197464872195,17197465104487,17197465202195,17197484684337,17197464866206,11143625,17197465817612,17197465864070,17197466005998,17197467464591,17197469281779,20156,387188,17197469281779,17197468556675,17197495177615,17197467464591,
0,707263,17197475327126,17197475327126,0,17197475947769,17197475948603,17197476131467,17197476211936,17197495827126,17197475943186,11143617,17197476722092,17197476763342,17197476873915,17197478189436,17197480081572,19688,393021,17197480081572,17197479327405,17197506325220,17197478189436,
0,707271,17197486470701,17197486470701,0,17197486904125,17197486905427,17197487122041,17197487205791,17197506970701,17197486900531,11143610,17197487760166,17197487835583,17197487958083,17197489535687,17197491383188,25157,355313,17197491383188,17197490559021,17197517477773,17197489535687,
0,707279,17197497613393,17197497613393,0,17197497928917,17197497930272,17197498139542,17197498246053,17197518113393,17197497924022,11143463,17197498891886,17197499452720,17197499527511,17197500488866,17197502209178,17500,290625,17197502209178,17197501305636,17197528612723,17197500488866,
0,707287,17197508755216,17197508755216,0,17197509318502,17197509320429,17197509639231,17197509755429,17197529255216,17197509312564,11143354,17197510523085,17197511025325,17197511103919,17197512331315,17197514096471,19323,298542,17197514096471,17197513184961,17197539757567,17197512331315,
0,707295,17197519897119,17197519897119,0,17197520322201,17197520324597,17197520561055,17197520661263,17197540397119,17197520316107,11143213,17197521362305,17197521927930,17197522004753,17197522970899,17197524652253,17396,273020,17197524652253,17197523746264,17197550898402,17197522970899,
0,707303,17197531041651,17197531041651,0,17197531505119,17197531506629,17197531785900,17197531897358,17197551541651,17197531499233,11143246,17197532627931,17197533129025,17197533203556,17197534154858,17197535828348,16615,266979,17197535828348,17197534921577,17197562047413,17197534154858,
0,707311,17197542184852,17197542184852,0,17197542511370,17197542513088,17197542710901,17197542815068,17197562684852,17197542505953,11143234,17197543234964,17197544220328,17197544310797,17197545293662,17197546930693,15208,261823,17197546930693,17197546056318,17197573180696,17197545293662,
0,707319,17197553331199,17197553331199,0,17197553717985,17197553720017,17197553931944,17197554042465,17197573831199,17197553712777,11143513,17197554071006,17197555057881,17197555126267,17197556072986,17197557743298,15885,257604,17197557743298,17197556822309,17197584328926,17197556072986,
0,707327,17197564473650,17197564473650,0,17197565110903,17197565113091,17197565428247,17197565536632,17197584973650,17197564942414,11143431,17197566366945,17197566431164,17197566576528,17197568217258,17197570017727,28698,413281,17197570017727,17197569396737,17197595470698,17197568217258,
0,707335,17197575617973,17197575617973,0,17197575921946,17197575923040,17197576097363,17197576193977,17197596117973,17197575916946,11143480,17197577741165,17197577796113,17197577935748,17197579562623,17197581303978,16094,368646,17197581303978,17197580653144,17197606621168,17197579562623,
0,707343,17197586759934,17197586759934,0,17197587140853,17197587142728,17197587343093,17197587446426,17197607259934,17197587135958,11143396,17197588353406,17197588399187,17197588551531,17197590112520,17197591801739,20886,331667,17197591801739,17197591104343,17197617762940,17197590112520,
0,707351,17197597904027,17197597904027,0,17197598548823,17197598550438,17197598730854,17197598815646,17197618404027,17197598543407,11143471,17197599411896,17197599461219,17197599596896,17197601107990,17197602893459,24219,376666,17197602893459,17197602232574,17197628903983,17197601107990,
0,707359,17197609047387,17197609047387,0,17197609812470,17197609813616,17197610001949,17197610104658,17197629547387,17197609807991,11143487,17197610622522,17197610662679,17197610776689,17197612387991,17197614094971,19271,318750,17197614094971,17197613337575,17197640042109,17197612387991,
0,707367,17197620191546,17197620191546,0,17197621418409,17197621419346,17197621599294,17197621719919,17197640691546,17197621415284,11143513,17197622053721,17197622098826,17197622249242,17197623841847,17197625716795,22656,380313,17197625716795,17197624933097,17197651187943,17197623841847,
0,707375,17197631335573,17197631335573,0,17197631762264,17197631763254,17197631929087,17197632001379,17197651835573,17197631758827,11143545,17197632495077,17197632541743,17197632654347,17197634158931,17197635906014,35156,410520,17197635906014,17197635278775,17197662330184,17197634158931,
0,707383,17197642478666,17197642478666,0,17197642774401,17197642775390,17197642938515,17197643019557,17197662978666,17197642770859,11143510,17197643521328,17197643561953,17197643677421,17197645207422,17197646938932,21979,339688,17197646938932,17197646190443,17197673474299,17197645207422,
0,707391,17197653620991,17197653620991,0,17197653908412,17197653909089,17197654077839,17197654165495,17197674120991,17197653905287,11143451,17197654629454,17197654677162,17197654786641,17197656219662,17197657942527,20261,342604,17197657942527,17197657175079,17197684618519,17197656219662,
0,707399,17197664763887,17197664763887,0,17197665102163,17197665103049,17197665276955,17197665350913,17197685263887,17197665097684,11143422,17197665854872,17197665897007,17197666012267,17197667339663,17197669078257,20573,352813,17197669078257,17197668352059,17197695757531,17197667339663,
0,707407,17197675906207,17197675906207,0,17197676229925,17197676231227,17197676434143,17197676515758,17197696406207,17197676225862,11143347,17197677045654,17197677157164,17197677288466,17197678987373,17197680790394,23750,400834,17197680790394,17197680092425,17197706903834,17197678987373,
0,707415,17197687048692,17197687048692,0,17197687771540,17197687772322,17197687998207,17197688095238,17197707548692,17197687766280,11143281,17197688890030,17197688938988,17197689080916,17197690570395,17197692338937,20677,356719,17197692338937,17197691647530,17197718054148,17197690570395,
0,707423,17197698190640,17197698190640,0,17197699468677,17197699469615,17197699641281,17197699695344,17197718690640,17197699465708,11143155,17197700035656,17197700081490,17197700216750,17197701760969,17197703543052,23646,364323,17197703543052,17197702805761,17197729197170,17197701760969,
0,707431,17197709332673,17197709332673,0,17197709711491,17197709713105,17197709949199,17197710029980,17197729832673,17197709708001,11143080,17197710509876,17197710571855,17197710697480,17197712409824,17197714215293,22916,374167,17197714215293,17197713462116,17197740341025,17197712409824,
0,707439,17197720476556,17197720476556,0,17197721186856,17197721188471,17197721385450,17197721477221,17197740976556,17197721183419,11143154,17197722085398,17197722130606,17197722256023,17197723663784,17197725439617,22917,359375,17197725439617,17197724675659,17197751482588,17197723663784,
0,707447,17197731620382,17197731620382,0,17197732093420,17197732094305,17197732338837,17197732816597,17197752120382,17197732089774,11143154,17197733357118,17197733404201,17197733531389,17197735040972,17197736869150,23125,382135,17197736869150,17197736112847,17197762627433,17197735040972,
0,707455,17197742764628,17197742764628,0,17197743967900,17197743969046,17197744139463,17197744196077,17197763264628,17197743965765,11143202,17197744507640,17197744556234,17197744676650,17197746318265,17197748146286,24948,386771,17197748146286,17197747413109,17197773766914,17197746318265,
0,707463,17197753910396,17197753910396,0,17197754328110,17197754328943,17197754853891,17197754944308,17197774410396,17197754324255,11143395,17197755554724,17197755609099,17197755744776,17197757293266,17197759129204,25000,467813,17197759129204,17197758527381,17197784911238,17197757293266,
0,707471,17197765054430,17197765054430,0,17197765363527,17197765364361,17197765538059,17197765622486,17197785554430,17197765359517,11143435,17197766136132,17197766180142,17197766292486,17197767645142,17197769348840,23750,442865,17197769348840,17197768732590,17197796053374,17197767645142,
0,707479,17197776199016,17197776199016,0,17197777433424,17197777434414,17197777611601,17197777668737,17197796699016,17197777430820,11143516,17197778011133,17197778059154,17197778196914,17197780271914,17197782229414,22657,459896,17197782229414,17197781520560,17197807194990,17197780271914,
0,707487,17197787342199,17197787342199,0,17197787716759,17197787718217,17197787911811,17197788499623,17197807842199,17197787713842,11143498,17197788918634,17197788974155,17197789128478,17197790445457,17197792166707,19583,347188,17197792166707,17197791427801,17197818353428,17197790445457,
0,707495,17197798486511,17197798486511,0,17197798796760,17197798797802,17197798999885,17197799083479,17197818986511,17197798792854,11143581,17197799108114,17197799167541,17197799278062,17197800645927,17197802420823,22865,450105,17197802420823,17197801812333,17197829482805,17197800645927,
0,707503,17197809628943,17197809628943,0,17197809950251,17197809951292,17197810132490,17197810266501,17197830128943,17197809947907,11143492,17197810890876,17197810935251,17197811068949,17197812611292,17197814305147,23646,356822,17197814305147,17197813615043,17197840623639,17197812611292,
0,707511,17197820771639,17197820771639,0,17197821127804,17197821128845,17197821298273,17197821384523,17197841271639,17197821125252,11143447,17197822585408,17197822643533,17197822776554,17197824183429,17197825878481,21667,415625,17197825878481,17197825259835,17197851768432,17197824183429,
0,707519,17197831917759,17197831917759,0,17197833077128,17197833078430,17197833240409,17197833302336,17197852417759,17197833073326,11143594,17197833824420,17197833871503,17197834008274,17197835683378,17197837454055,22292,364479,17197837454055,17197836769159,17197862916766,17197835683378,
0,707527,17197843061327,17197843061327,0,17197844337025,17197844338587,17197844550410,17197844613483,17197863561327,17197844333796,11143630,17197844998379,17197845084629,17197845223900,17197846885619,17197848697963,24740,408125,17197848697963,17197848064109,17197874056767,17197846885619,
0,707535,17197854204146,17197854204146,0,17197855361401,17197855362859,17197855555516,17197855619891,17197874704146,17197855357130,11143614,17197855974474,17197856024630,17197856175411,17197857880880,17197859688068,25209,462656,17197859688068,17197859201297,17197885229321,17197857880880,
0,707543,17197865347059,17197865347059,0,17197866641506,17197866642860,17197866894319,17197866958902,17197885847059,17197866637860,11143591,17197867314423,17197867365465,17197867561610,17197869252600,17197871024267,28646,383542,17197871024267,17197870330569,17197896339790,17197869252600,
0,707551,17197876490387,17197876490387,0,17197877089945,17197877091195,17197877273330,17197877351039,17197896990387,17197877086507,11143561,17197877858695,17197877905830,17197878023643,17197879703487,17197881435883,24740,340312,17197881435883,17197880698383,17197907486354,17197879703487,
0,707559,17197887633139,17197887633139,0,17197887976196,17197887977446,17197888656092,17197888755831,17197908133139,17197887972498,11143510,17197889353331,17197889399425,17197889549686,17197891062029,17197892837134,24688,423073,17197892837134,17197892342134,17197918647553,17197891062029,
0,707567,17197898782781,17197898782781,0,17197899090780,17197899092447,17197899296093,17197899378749,17197919282781,17197899086145,11143857,17197899925728,17197900555312,17197900624791,17197901595051,17197903336354,17084,303177,17197903336354,17197902479270,17197929768908,17197901595051,
0,707575,17197909923895,17197909923895,0,17197910340729,17197910342708,17197910578021,17197910683802,17197930423895,17197910335938,11143697,17197911352500,17197911899740,17197911974115,17197912971042,17197914674688,16875,275052,17197914674688,17197913759792,17197940909899,17197912971042,
0,707583,17197921065977,17197921065977,0,17197921523230,17197921524949,17197921898074,17197922018647,17197941565977,17197921517762,11143600,17197922727762,17197922833178,17197923016772,17197924814116,17197926716148,25989,417136,17197926716148,17197926019377,17197952051671,17197924814116,
0,707591,17197932211653,17197932211653,0,17197932895367,17197932896982,17197933105627,17197933206357,17197952711653,17197932890940,11143687,17197933822502,17197933861357,17197933992711,17197935445107,17197937175888,18438,306875,17197937175888,17197936365211,17197963198182,17197935445107,
0,707599,17197943352018,17197943352018,0,17197943699691,17197943700837,17197943888285,17197943969483,17197963852018,17197943696983,11143473,17197944536410,17197944585420,17197944706722,17197946154431,17197947874275,18698,358490,17197947874275,17197947149275,17197974340944,17197946154431,
0,707607,17197954492969,17197954492969,0,17197954783911,17197954785213,17197955461567,17197955571619,17197974992969,17197954779796,11143337,17197956227713,17197956268651,17197956420630,17197957922244,17197959737088,18386,394740,17197959737088,17197959062974,17197985488914,17197957922244,
0,707615,17197965633723,17197965633723,0,17197966920527,17197966921933,17197967104902,17197967162870,17197986133723,17197966917922,11143191,17197967520683,17197967571308,17197967719798,17197969298548,17197971112662,22500,376979,17197971112662,17197970357975,17197996622509,17197969298548,
0,707623,17197976775582,17197976775582,0,17197977080319,17197977081205,17197977270632,17197977334434,17197997275582,17197977077767,11143117,17197977819538,17197977888601,17197978009278,17197979524590,17197981354226,22188,379167,17197981354226,17197980570528,17198007767979,17197979524590,
0,707631,17197987917204,17197987917204,0,17197988343914,17197988345320,17197988519331,17197988595633,17198008417204,17197988340164,11143021,17197989124227,17197989243862,17197989374435,17197990827664,17197992629227,19948,417864,17197992629227,17197991923133,17198018910480,17197990827664,
0,707639,17197999060359,17197999060359,0,17197999360946,17197999362092,17197999551988,17197999638655,17198019560359,17197999356832,11143027,17198000169176,17198000214749,17198000377509,17198001992093,17198003802197,22031,388802,17198003802197,17198003071468,17198030052981,17198001992093,
0,707647,17198010200628,17198010200628,0,17198010548812,17198010549906,17198010744281,17198010834385,17198030700628,17198010544906,11142841,17198011364333,17198011406989,17198011520531,17198012978812,17198014727563,20886,362865,17198014727563,17198013998865,17198041193503,17198012978812,
0,707655,17198021341818,17198021341818,0,17198022503761,17198022504751,17198022639126,17198022693032,17198041841818,17198022501626,11142719,17198022988970,17198023032824,17198023179855,17198024609907,17198026392303,21198,385677,17198026392303,17198025763293,17198052340066,17198024609907,
0,707663,17198032482796,17198032482796,0,17198033138502,17198033139596,17198033334804,17198033410169,17198052982796,17198033135377,11142580,17198033771315,17198033833346,17198033967773,17198035422825,17198037189544,21511,389271,17198037189544,17198036509388,17198063483765,17198035422825,
0,707671,17198043623496,17198043623496,0,17198043938816,17198043940118,17198044114128,17198044196628,17198064123496,17198043934909,11142417,17198044216888,17198044298816,17198044405951,17198045865170,17198047600535,19219,357448,17198047600535,17198046884649,17198074630121,17198045865170,
0,707679,17198054766147,17198054766147,0,17198055148192,17198055149129,17198055316525,17198055401733,17198075266147,17198055143608,11142378,17198056035015,17198056081265,17198056207775,17198057526681,17198059234130,20625,466302,17198059234130,17198058636473,17198085761736,17198057526681,
0,707687,17198065907835,17198065907835,0,17198066216422,17198066217151,17198066379234,17198066455901,17198086407835,17198066212984,11142378,17198067543245,17198067594443,17198067721318,17198069191162,17198070897360,19427,362396,17198070897360,17198070231839,17198096916060,17198069191162,
0,707695,17198077049411,17198077049411,0,17198077438715,17198077440590,17198077627673,17198077721736,17198097549411,17198077434548,11142272,17198078543090,17198078613663,17198078764861,17198080379080,17198082116267,24531,356511,17198082116267,17198081433663,17198108063093,17198080379080,
0,707703,17198088192090,17198088192090,0,17198088575955,17198088576841,17198088902935,17198088999549,17198108692090,17198088571685,11142242,17198089516424,17198089566320,17198089683143,17198091143924,17198092910539,21771,408489,17198092910539,17198092269497,17198119195490,17198091143924,
0,707711,17198099332841,17198099332841,0,17198099625852,17198099627102,17198099801061,17198099879394,17198119832841,17198099621686,11142131,17198100514134,17198100564602,17198100703040,17198102324186,17198104101061,24323,354531,17198104101061,17198103395384,17198130338095,17198102324186,
0,707719,17198110476156,17198110476156,0,17198110805645,17198110806322,17198110980593,17198111060020,17198130976156,17198110801791,11142157,17198111539083,17198111584135,17198111922729,17198113392937,17198115207573,22968,359271,17198115207573,17198114400229,17198141483409,17198113392937,
0,707727,17198121625283,17198121625283,0,17198122874292,17198122875282,17198123047469,17198123105750,17198142125283,17198122871063,11142708,17198123439396,17198123483563,17198123612626,17198125210855,17198126950126,22344,361771,17198126950126,17198126258407,17198152637056,17198125210855,
0,707735,17198132767056,17198132767056,0,17198133066533,17198133067314,17198133226897,17198133292054,17198153267056,17198133063512,11142633,17198133753356,17198133804449,17198133921741,17198135510856,17198137253825,21302,368750,17198137253825,17198136546898,17198163779973,17198135510856,
0,707743,17198143909413,17198143909413,0,17198144218982,17198144219867,17198144386951,17198144463305,17198164409413,17198144215076,11142616,17198145012628,17198145052680,17198145163253,17198146486378,17198148220701,22656,339375,17198148220701,17198147444295,17198174915235,17198146486378,
0,707751,17198155055459,17198155055459,0,17198155344764,17198155345702,17198155790962,17198155874608,17198175555459,17198155340962,11142931,17198156452837,17198156500389,17198156619035,17198158191066,17198160114869,23386,435156,17198160114869,17198159481744,17198186059194,17198158191066,
0,707759,17198166201053,17198166201053,0,17198166878724,17198166880026,17198167100390,17198167190651,17198186701053,17198166873880,11143093,17198167809922,17198167859557,17198168002005,17198169694088,17198171476953,24323,367657,17198171476953,17198170750807,17198197198570,17198169694088,
0,707767,17198177346136,17198177346136,0,17198178032006,17198178033152,17198178258516,17198178408308,17198197846136,17198178027110,11143210,17198178974506,17198179020808,17198179161746,17198180651329,17198182421486,25104,408230,17198182421486,17198181751121,17198208396019,17198180651329,
0,707775,17198188488936,17198188488936,0,17198188858830,17198188859715,17198189026434,17198189099090,17198208988936,17198188850757,11143182,17198189591382,17198189634143,17198189739820,17198191028153,17198192759143,20521,385000,17198192759143,17198192012997,17198219492896,17198191028153,
0,707783,17198199632473,17198199632473,0,17198200853519,17198200854664,17198201021123,17198201072008,17198220132473,17198200851071,11143218,17198201373987,17198201422685,17198201538362,17198202849404,17198204439092,19218,326562,17198204439092,17198203713623,17198230638470,17198202849404,
0,707791,17198210775057,17198210775057,0,17198211099353,17198211100447,17198211272895,17198211345707,17198231275057,17198211095863,11143196,17198211853155,17198211915551,17198212033311,17198213495343,17198215308156,22969,362188,17198215308156,17198214540239,17198241785502,17198213495343,
0,707799,17198221931725,17198221931725,0,17198222513990,17198222515292,17198222700187,17198222777375,17198242431725,17198222509875,11144034,17198223337948,17198223380865,17198223513208,17198225028052,17198226849823,24271,365521,17198226849823,17198226084719,17198252922274,17198225028052,
0,707807,17198233074719,17198233074719,0,17198233391282,17198233393053,17198233570032,17198233650553,17198253574719,17198233388001,11143995,17198234143209,17198234187741,17198234306699,17198235673939,17198237438939,21146,336250,17198237438939,17198236610501,17198264072379,17198235673939,
0,707815,17198244218513,17198244218513,0,17198244573263,17198244574252,17198244768888,17198244846596,17198264718513,17198244569929,11144015,17198245409304,17198245457534,17198245576388,17198246998888,17198248785711,25521,380000,17198248785711,17198248040242,17198275213057,17198246998888,
0,707823,17198255362993,17198255362993,0,17198255671597,17198255672430,17198255881493,17198255958785,17198275862993,17198255668160,11144069,17198256435035,17198256475920,17198256579201,17198257924983,17198259693212,21355,403489,17198259693212,17198259097795,17198286351340,17198257924983,
0,707831,17198266505580,17198266505580,0,17198266864463,17198266865609,17198267056650,17198267141286,17198287005580,17198266861234,11144004,17198267669775,17198267720400,17198267845817,17198269284619,17198271062953,21927,406562,17198271062953,17198270381911,17198297492070,17198269284619,
0,707839,17198277649295,17198277649295,0,17198278384933,17198278385922,17198278605089,17198278709985,17198298149295,17198278380714,11143987,17198279150401,17198279215037,17198279361131,17198280769152,17198282520246,23229,422031,17198282520246,17198281853631,17198308635561,17198280769152,
0,707847,17198288792647,17198288792647,0,17198289168163,17198289169309,17198289384777,17198289472850,17198309292647,17198289164465,11143965,17198289493632,17198289563267,17198289678163,17198291033267,17198292788215,21198,363229,17198292788215,17198292120455,17198319777697,17198291033267,
0,707855,17198299934703,17198299934703,0,17198300361185,17198300362331,17198300575404,17198300663633,17198320434703,17198300356654,11143867,17198301319674,17198301378008,17198301516758,17198303100039,17198304859519,25520,437657,17198304859519,17198304354623,17198330926448,17198303100039,
0,707863,17198311076612,17198311076612,0,17198311397748,17198311399415,17198311604728,17198311838217,17198331576612,17198311393269,11143779,17198312939624,17198312997592,17198313135249,17198314672436,17198316451863,25417,358282,17198316451863,17198315791499,17198342063533,17198314672436,
0,707871,17198322216726,17198322216726,0,17198322508322,17198322509729,17198322667229,17198322755041,17198342716726,17198322504156,11143514,17198323535875,17198323575666,17198323701187,17198325228114,17198326933896,21875,308802,17198326933896,17198326170927,17198353205513,17198325228114,
0,707879,17198333358202,17198333358202,0,17198333754105,17198333755563,17198333930511,17198334007230,17198353858202,17198333750719,11143395,17198334483428,17198334544261,17198334676605,17198336204365,17198337981189,22760,362916,17198337981189,17198337240616,17198364366087,17198336204365,
0,707887,17198344501706,17198344501706,0,17198345312179,17198345313273,17198345495252,17198345595877,17198365001706,17198345308273,11143420,17198346063637,17198346105669,17198346224627,17198347631033,17198349366346,20157,362344,17198349366346,17198348629002,17197038315382,17198347631033,
0,707895,17198355641976,17198355641976,0,17198355951399,17198355952024,17198356141763,17198356221242,17198376141976,17198355947649,11143188,17198356780618,17198356834107,17198356967232,17198358642597,17198360414420,19843,353281,17198360414420,17198359705618,17197049457935,17198358642597,
0,707903,17198366781756,17198366781756,0,17198368017025,17198368018014,17198368207650,17198368270202,17198387281756,17198368014473,11142922,17198368700983,17198368752129,17198368910515,17198370570515,17197033820069,24166,518281,17197033820069,17198371860463,17197060592415,17198370570515,
0,707911,17198377926039,17198377926039,0,17198378910984,17198378912391,17198379151505,17198379224057,17198398426039,17198378905828,11142933,17198379616453,17198379694109,17198379870464,17198381849630,17197045611997,38958,369167,17197045611997,17198382916401,17197071737364,17198381849630,
---PROFILEDATA---


View hierarchy:

  dev.polski.grammarmatrix.benchmark/dev.polski.grammarmatrix.GlassBenchmarkActivity/android.view.ViewRootImpl@86d155f
  6 views, 10.66 kB of render nodes


Total ViewRootImpl   : 1
Total attached Views : 6
Total RenderNode     : 10.66 kB (used) / 34.73 kB (capacity)