Applications Graphics Acceleration Info:
Uptime: 17251070 Realtime: 155257635

** Graphics info for pid 27061 [dev.polski.grammarmatrix.benchmark] **

Stats since: 17248483064830ns
Total frames rendered: 232
Janky frames: 0 (0.00%)
Janky frames (legacy): 0 (0.00%)
50th percentile: 5ms
90th percentile: 5ms
95th percentile: 5ms
99th percentile: 5ms
Number Missed Vsync: 0
Number High input latency: 0
Number Slow UI thread: 0
Number Slow bitmap uploads: 0
Number Slow issue draw commands: 0
Number Frame deadline missed: 0
Number Frame deadline missed (legacy): 0
HISTOGRAM: 5ms=231 6ms=1 7ms=0 8ms=0 9ms=0 10ms=0 11ms=0 12ms=0 13ms=0 14ms=0 15ms=0 16ms=0 17ms=0 18ms=0 19ms=0 20ms=0 21ms=0 22ms=0 23ms=0 24ms=0 25ms=0 26ms=0 27ms=0 28ms=0 29ms=0 30ms=0 31ms=0 32ms=0 34ms=0 36ms=0 38ms=0 40ms=0 42ms=0 44ms=0 46ms=0 48ms=0 53ms=0 57ms=0 61ms=0 65ms=0 69ms=0 73ms=0 77ms=0 81ms=0 85ms=0 89ms=0 93ms=0 97ms=0 101ms=0 105ms=0 109ms=0 113ms=0 117ms=0 121ms=0 125ms=0 129ms=0 133ms=0 150ms=0 200ms=0 250ms=0 300ms=0 350ms=0 400ms=0 450ms=0 500ms=0 550ms=0 600ms=0 650ms=0 700ms=0 750ms=0 800ms=0 850ms=0 900ms=0 950ms=0 1000ms=0 1050ms=0 1100ms=0 1150ms=0 1200ms=0 1250ms=0 1300ms=0 1350ms=0 1400ms=0 1450ms=0 1500ms=0 1550ms=0 1600ms=0 1650ms=0 1700ms=0 1750ms=0 1800ms=0 1850ms=0 1900ms=0 1950ms=0 2000ms=0 2050ms=0 2100ms=0 2150ms=0 2200ms=0 2250ms=0 2300ms=0 2350ms=0 2400ms=0 2450ms=0 2500ms=0 2550ms=0 2600ms=0 2650ms=0 2700ms=0 2750ms=0 2800ms=0 2850ms=0 2900ms=0 2950ms=0 3000ms=0 3050ms=0 3100ms=0 3150ms=0 3200ms=0 3250ms=0 3300ms=0 3350ms=0 3400ms=0 3450ms=0 3500ms=0 3550ms=0 3600ms=0 3650ms=0 3700ms=0 3750ms=0 3800ms=0 3850ms=0 3900ms=0 3950ms=0 4000ms=0 4050ms=0 4100ms=0 4150ms=0 4200ms=0 4250ms=0 4300ms=0 4350ms=0 4400ms=0 4450ms=0 4500ms=0 4550ms=0 4600ms=0 4650ms=0 4700ms=0 4750ms=0 4800ms=0 4850ms=0 4900ms=0 4950ms=0
50th gpu percentile: 2ms
90th gpu percentile: 2ms
95th gpu percentile: 3ms
99th gpu percentile: 3ms
GPU HISTOGRAM: 1ms=0 2ms=220 3ms=12 4ms=0 5ms=0 6ms=0 7ms=0 8ms=0 9ms=0 10ms=0 11ms=0 12ms=0 13ms=0 14ms=0 15ms=0 16ms=0 17ms=0 18ms=0 19ms=0 20ms=0 21ms=0 22ms=0 23ms=0 24ms=0 25ms=0 4950ms=0

Pipeline=Skia (OpenGL)
CPU Caches:
  Glyph Cache: 43.11 KB (1 entry)
  Glyph Count: 8 
Total CPU memory usage:
  44146 bytes, 43.11 KB (0.00 bytes is purgeable)
GPU Caches:
  Other:
    Other: 13.66 KB (1 entry)
    Buffer Object: 36.00 KB (1 entry)
  Scratch:
    Texture: 2.00 MB (1 entry)
    Buffer Object: 48.00 KB (1 entry)
Total GPU memory usage:
  2197152 bytes, 2.10 MB (36.00 KB is purgeable)

Profile data in ms:

	dev.polski.grammarmatrix.benchmark/dev.polski.grammarmatrix.GlassBenchmarkActivity/android.view.ViewRootImpl@86d155f (visibility=0)
Window: dev.polski.grammarmatrix.benchmark/dev.polski.grammarmatrix.GlassBenchmarkActivity
Stats since: 17248483063840ns
Total frames rendered: 232
Janky frames: 0 (0.00%)
Janky frames (legacy): 0 (0.00%)
50th percentile: 5ms
90th percentile: 5ms
95th percentile: 5ms
99th percentile: 5ms
Number Missed Vsync: 0
Number High input latency: 0
Number Slow UI thread: 0
Number Slow bitmap uploads: 0
Number Slow issue draw commands: 0
Number Frame deadline missed: 0
Number Frame deadline missed (legacy): 0
HISTOGRAM: 5ms=231 6ms=1 7ms=0 8ms=0 9ms=0 10ms=0 11ms=0 12ms=0 13ms=0 14ms=0 15ms=0 16ms=0 17ms=0 18ms=0 19ms=0 20ms=0 21ms=0 22ms=0 23ms=0 24ms=0 25ms=0 26ms=0 27ms=0 28ms=0 29ms=0 30ms=0 31ms=0 32ms=0 34ms=0 36ms=0 38ms=0 40ms=0 42ms=0 44ms=0 46ms=0 48ms=0 53ms=0 57ms=0 61ms=0 65ms=0 69ms=0 73ms=0 77ms=0 81ms=0 85ms=0 89ms=0 93ms=0 97ms=0 101ms=0 105ms=0 109ms=0 113ms=0 117ms=0 121ms=0 125ms=0 129ms=0 133ms=0 150ms=0 200ms=0 250ms=0 300ms=0 350ms=0 400ms=0 450ms=0 500ms=0 550ms=0 600ms=0 650ms=0 700ms=0 750ms=0 800ms=0 850ms=0 900ms=0 950ms=0 1000ms=0 1050ms=0 1100ms=0 1150ms=0 1200ms=0 1250ms=0 1300ms=0 1350ms=0 1400ms=0 1450ms=0 1500ms=0 1550ms=0 1600ms=0 1650ms=0 1700ms=0 1750ms=0 1800ms=0 1850ms=0 1900ms=0 1950ms=0 2000ms=0 2050ms=0 2100ms=0 2150ms=0 2200ms=0 2250ms=0 2300ms=0 2350ms=0 2400ms=0 2450ms=0 2500ms=0 2550ms=0 2600ms=0 2650ms=0 2700ms=0 2750ms=0 2800ms=0 2850ms=0 2900ms=0 2950ms=0 3000ms=0 3050ms=0 3100ms=0 3150ms=0 3200ms=0 3250ms=0 3300ms=0 3350ms=0 3400ms=0 3450ms=0 3500ms=0 3550ms=0 3600ms=0 3650ms=0 3700ms=0 3750ms=0 3800ms=0 3850ms=0 3900ms=0 3950ms=0 4000ms=0 4050ms=0 4100ms=0 4150ms=0 4200ms=0 4250ms=0 4300ms=0 4350ms=0 4400ms=0 4450ms=0 4500ms=0 4550ms=0 4600ms=0 4650ms=0 4700ms=0 4750ms=0 4800ms=0 4850ms=0 4900ms=0 4950ms=0
50th gpu percentile: 2ms
90th gpu percentile: 2ms
95th gpu percentile: 3ms
99th gpu percentile: 3ms
GPU HISTOGRAM: 1ms=0 2ms=220 3ms=12 4ms=0 5ms=0 6ms=0 7ms=0 8ms=0 9ms=0 10ms=0 11ms=0 12ms=0 13ms=0 14ms=0 15ms=0 16ms=0 17ms=0 18ms=0 19ms=0 20ms=0 21ms=0 22ms=0 23ms=0 24ms=0 25ms=0 4950ms=0



---PROFILEDATA---
Flags,FrameTimelineVsyncId,IntendedVsync,Vsync,InputEventId,HandleInputStart,AnimationStart,PerformTraversalsStart,DrawStart,FrameDeadline,FrameInterval,FrameStartTime,SyncQueued,SyncStart,IssueDrawCommandsStart,SwapBuffers,FrameCompleted,DequeueBufferDuration,QueueBufferDuration,GpuCompleted,SwapBuffersCompleted,DisplayPresentTime,CommandSubmissionCompleted,
0,744899,17249734751795,17249734751795,0,17249735129121,17249735130475,17249735307194,17249735383288,17249755251795,17249735124486,11142969,17249735743496,17249735805632,17249735936725,17249737227819,17249738957142,21302,339739,17249738957142,17249738186621,17249765751416,17249737227819,
0,744907,17249745896268,17249745896268,0,17249746634122,17249746635685,17249746848497,17249746937768,17249766396268,17249746629018,11143035,17249746964070,17249747015060,17249747120529,17249748558966,17249750330321,20833,366042,17249750330321,17249749588393,17249776891886,17249748558966,
0,744915,17249757038210,17249757038210,0,17249757708134,17249757710009,17249757888915,17249757971103,17249777538210,17249757703498,11142962,17249758699228,17249758740634,17249758857405,17249760249332,17249761982145,22395,392031,17249761982145,17249761340322,17249788046626,17249760249332,
0,744923,17249768181255,17249768181255,0,17249768511156,17249768513187,17249768711156,17249768813239,17249788681255,17249768506260,11142961,17249769821468,17249769886416,17249770042458,17249771647979,17249773401156,22291,374270,17249773401156,17249772736781,17249799185169,17249771647979,
0,744931,17249779324683,17249779324683,0,17249780546522,17249780547824,17249780708397,17249780773240,17249799824683,17249780543188,11143015,17249781250480,17249781293605,17249781434074,17249783078188,17249784836262,22709,338125,17249784836262,17249784120636,17249810328139,17249783078188,
0,744939,17249790465855,17249790465855,0,17249790866106,17249790866783,17249791031106,17249791098710,17249810965855,17249790862200,11142871,17249791489908,17249791535950,17249791678033,17249793141158,17249794925169,23177,378125,17249794925169,17249794222200,17249821470536,17249793141158,
0,744947,17249801610001,17249801610001,0,17249801939388,17249801940065,17249802107305,17249802184805,17249822110001,17249801935378,11142908,17249802621315,17249802663086,17249802768815,17249804261003,17249805993243,25052,431250,17249805993243,17249805368191,17249832614964,17249804261003,
0,744955,17249812753145,17249812753145,0,17249813048244,17249813049025,17249813218504,17249813293400,17249833253145,17249813044129,11142895,17249813726785,17249813769025,17249813897775,17249815493973,17249817285015,24375,388073,17249817285015,17249816610067,17249843765642,17249815493973,
0,744963,17249823896420,17249823896420,0,17249825136474,17249825137828,17249825314026,17249825373036,17249844396420,17249825133661,11142898,17249825711682,17249825759859,17249825905276,17249827522255,17249829314860,29531,455833,17249829314860,17249828701266,17249854904185,17249827522255,
0,744971,17249835040217,17249835040217,0,17249835411892,17249835412673,17249835574652,17249835645017,17249855540217,17249835408610,11142959,17249836068246,17249836128819,17249836247100,17249837774600,17249839564809,21041,374843,17249839564809,17249838918090,17249866048457,17249837774600,
0,744979,17249846184814,17249846184814,0,17249846484914,17249846485799,17249846679393,17249846757049,17249866684814,17249846480330,11143084,17249847224132,17249847267153,17249847382987,17249848859757,17249850639445,22604,365729,17249850639445,17249849894081,17249877192052,17249848859757,
0,744987,17249857330438,17249857330438,0,17249857617988,17249857619133,17249857828300,17249857903821,17249877830438,17249857613613,11143237,17249858473144,17249858514915,17249858621790,17249859908665,17249861790748,19896,365573,17249861790748,17249860955071,17249888330230,17249859908665,
0,744995,17249868474894,17249868474894,0,17249869158926,17249869159968,17249869357989,17249869456114,17249888974894,17249869153562,11143323,17249869999395,17249870044812,17249870161843,17249871938510,17249873747416,22500,373333,17249873747416,17249872985437,17249899476221,17249871938510,
0,745003,17249879620597,17249879620597,0,17249880845698,17249880846896,17249881028615,17249881085802,17249900120597,17249880843094,11143521,17249881380386,17249881426479,17249881569240,17249883111167,17249884884032,55313,361771,17249884884032,17249884162417,17249910619555,17249883111167,
0,745011,17249890765759,17249890765759,0,17249891992210,17249891993356,17249892158564,17249892214553,17249911265759,17249891989085,11143661,17249892528304,17249892574554,17249892726793,17249894311064,17249896121585,25781,394583,17249896121585,17249895502470,17249921764713,17249894311064,
0,745019,17249901909101,17249901909101,0,17249902236221,17249902237211,17249902387211,17249902447263,17249922409101,17249902233304,11143672,17249902878877,17249903073721,17249903177263,17249904622940,17249906471847,20261,360834,17249906471847,17249905738565,17249932916641,17249904622940,
0,745027,17249913052729,17249913052729,0,17249913416587,17249913417889,17249913618514,17249913695910,17249933552729,17249913413410,11143685,17249914174920,17249914215806,17249914333410,17249915780129,17249917585389,19063,346146,17249917585389,17249916747629,17249944062632,17249915780129,
0,745035,17249924196252,17249924196252,0,17249924508203,17249924509348,17249924702213,17249924782057,17249944696252,17249924504400,11143689,17249925327161,17249925384973,17249925524505,17249927106432,17249928988515,25364,416094,17249928988515,17249928251640,17249955203258,17249927106432,
0,745043,17249935339825,17249935339825,0,17249935635704,17249935636902,17249935803568,17249935873724,17249955839825,17249935632162,11143682,17249936300391,17249936359402,17249936463881,17249937922631,17249939742631,25000,359635,17249939742631,17249938981485,17249966351175,17249937922631,
0,745051,17249946484999,17249946484999,0,17249947188621,17249947189507,17249947397163,17249947475132,17249966984999,17249947184455,11143754,17249947980236,17249948021851,17249948149247,17249949645445,17249951426799,19792,340208,17249951426799,17249950629143,17249977484197,17249949645445,
0,745059,17249957630241,17249957630241,0,17249957923154,17249957923883,17249958113935,17249958201695,17249978130241,17249957918831,11143816,17249958733935,17249958775966,17249958891435,17249960284664,17249962042060,22657,345208,17249962042060,17249961278987,17249988620813,17249960284664,
0,745067,17249968776623,17249968776623,0,17249969091749,17249969093051,17249969295915,17249969378676,17249989276623,17249969087738,11144023,17249969882322,17249969934301,17249970059509,17249971513155,17249973521749,25938,421406,17249973521749,17249972862062,17249999775710,17249971513155,
0,745075,17249979922162,17249979922162,0,17249980611229,17249980612219,17249980795916,17249980890135,17250000422162,17249980607531,11144109,17249981283364,17249981336646,17249981474302,17249982865240,17249984573886,20000,362240,17249984573886,17249983864563,17250010915972,17249982865240,
0,745083,17249991065343,17249991065343,0,17249991388157,17249991389043,17249991543365,17249991595865,17250011565343,17249991385032,11144071,17249991688313,17249991729407,17249991813522,17249993240241,17249995049980,21042,346042,17249995049980,17249994270762,17250022074046,17249993240241,
0,745091,17250002206369,17250002206369,0,17250002539252,17250002540502,17250002726439,17250002806804,17250022706369,17250002535033,11143890,17250003427533,17250003474512,17250003599148,17250005020033,17250006749044,22969,344010,17250006749044,17250006010606,17250033209515,17250005020033,
0,745099,17250013349696,17250013349696,0,17250013648784,17250013649982,17250013831701,17250013929253,17250033849696,17250013644045,11143826,17250015039774,17250015088837,17250015229253,17250016731858,17250018528368,24531,383907,17250018528368,17250017826181,17250044359100,17250016731858,
0,745107,17250024493772,17250024493772,0,17250024921181,17250024922900,17250025133473,17250025223942,17250044993772,17250024916858,11143871,17250025898056,17250025963838,17250026106442,17250027633109,17250029370192,23750,410521,17250029370192,17250028713473,17250055491913,17250027633109,
0,745115,17250035640604,17250035640604,0,17250035948682,17250035950766,17250036179828,17250036266964,17250056140604,17250035944359,11144048,17250036769151,17250036834255,17250036978318,17250038628110,17250040424985,22708,375469,17250040424985,17250039712641,17250066642748,17250038628110,
0,745123,17250046785011,17250046785011,0,17250047090871,17250047091704,17250047279881,17250047360454,17250067285011,17250047087017,11144073,17250047825715,17250047871184,17250047988319,17250049421757,17250051144517,21146,344531,17250051144517,17250050386496,17250077785353,17250049421757,
0,745131,17250057930492,17250057930492,0,17250058236289,17250058237435,17250058473164,17250058554362,17250078430492,17250058231237,11144151,17250059030351,17250059075403,17250059189726,17250060607331,17250062315195,20833,340313,17250062315195,17250061570612,17250088931396,17250060607331,
0,745139,17250069073138,17250069073138,0,17250069403529,17250069404519,17250069587019,17250069671550,17250089573138,17250069399415,11144062,17250070157280,17250070203165,17250070319936,17250071894884,17250073686759,22916,378958,17250073686759,17250073000874,17250100073585,17250071894884,
0,745147,17250080218613,17250080218613,0,17250080531031,17250080532124,17250080720562,17250080800822,17250100718613,17250080526603,11144182,17250081271499,17250081314937,17250081423426,17250082767697,17250084500979,19271,337136,17250084500979,17250083716395,17250111223846,17250082767697,
0,745155,17250091362902,17250091362902,0,17250091775146,17250091776032,17250091999625,17250092090980,17250111862902,17250091770094,11144199,17250092616917,17250092660719,17250092788376,17250094620355,17250096499938,20208,425312,17250096499938,17250095869418,17250122372285,17250094620355,
0,745163,17250102507710,17250102507710,0,17250102805147,17250102806449,17250103009262,17250103096970,17250123007710,17250102800095,11144248,17250103658845,17250103700929,17250103846502,17250105494210,17250107342544,20885,443855,17250107342544,17250106697075,17250133511765,17250105494210,
0,745171,17250113651962,17250113651962,0,17250114089263,17250114090253,17250114313065,17250114406451,17250134151962,17250114084367,11144261,17250114932388,17250114990826,17250115112597,17250116707336,17250118502389,23593,408750,17250118502389,17250117802024,17250144649266,17250116707336,
0,745179,17250124796751,17250124796751,0,17250125205150,17250125206504,17250125448900,17250125527910,17250145296751,17250125201295,11144269,17250126028014,17250126077962,17250126210566,17250127614889,17250129379681,21510,410886,17250129379681,17250128687337,17250155793851,17250127614889,
0,745187,17250135942661,17250135942661,0,17250136228484,17250136229682,17250136412807,17250136514422,17250156442661,17250136223432,11144351,17250137006192,17250137051557,17250137169057,17250138589161,17250140382078,22500,352188,17250140382078,17250139620620,17250166937289,17250138589161,
0,745195,17250147087042,17250147087042,0,17250147383225,17250147384475,17250147555569,17250147640829,17250167587042,17250147379162,11144334,17250148142756,17250148181558,17250148317808,17250149589162,17250151371090,19323,332604,17250151371090,17250150527860,17250178095207,17250149589162,
0,745203,17250158229784,17250158229784,0,17250158578018,17250158579788,17250158796403,17250158880778,17250178729784,17250158573903,11144224,17250159436976,17250159490570,17250159616299,17250161113799,17250162928330,23646,385417,17250162928330,17250162258226,17250189234375,17250161113799,
0,745211,17250169373875,17250169373875,0,17250169662810,17250169664112,17250169852185,17250169934529,17250189873875,17250169658331,11144241,17250170459008,17250170498800,17250170628071,17250172216561,17250174048644,20989,344063,17250174048644,17250173242134,17250200372553,17250172216561,
0,745219,17250180518202,17250180518202,0,17250181165364,17250181166666,17250181342395,17250181437864,17250201018202,17250181161301,11144285,17250181969478,17250182009791,17250182123072,17250183367030,17250185160937,17761,315157,17250185160937,17250184271978,17250211514169,17250183367030,
0,745227,17250191665472,17250191665472,0,17250192940313,17250192941563,17250193123594,17250193181406,17250212165472,17250192937813,11144483,17250193488698,17250193538386,17250193670573,17250195290209,17250197158646,22657,424271,17250197158646,17250196473178,17250222661982,17250195290209,
0,745235,17250202811954,17250202811954,0,17250203188126,17250203189532,17250203383334,17250203454532,17250223311954,17250203184064,11144655,17250203933022,17250204009012,17250204128439,17250205644272,17250207422814,22604,383594,17250207422814,17250206725679,17250233811671,17250205644272,
0,745243,17250213955184,17250213955184,0,17250214669169,17250214670419,17250214872346,17250215010523,17250234455184,17250214664273,11144567,17250215602190,17250215653440,17250215795575,17250217373753,17250219220992,23645,477448,17250219220992,17250218606826,17250244956620,17250217373753,
0,745251,17250225096450,17250225096450,0,17250225546045,17250225548753,17250225809430,17250225896722,17250245596450,17250225541305,11144315,17250226249535,17250226695003,17250226835524,17250228195837,17250230058910,20677,366250,17250230058910,17250229324952,17250256087038,17250228195837,
0,745259,17250236240155,17250236240155,0,17250236839588,17250236840942,17250237043442,17250237135369,17250256740155,17250236834900,11144270,17250237161359,17250237214171,17250237318963,17250238848911,17250240633859,21667,369375,17250240633859,17250239897921,17250267234226,17250238848911,
0,745267,17250247384495,17250247384495,0,17250247702714,17250247704433,17250247928287,17250248007141,17250267884495,17250247698703,11144237,17250248715266,17250248764329,17250248899120,17250250233027,17250252006933,20208,356094,17250252006933,17250251237193,17250278377196,17250250233027,
0,745275,17250258531054,17250258531054,0,17250258851986,17250258853392,17250259013965,17250259095892,17250279031054,17250258847611,11144417,17250260121413,17250260176778,17250260302819,17250261744122,17250263488965,21146,341250,17250263488965,17250262800163,17250289533239,17250261744122,
0,745283,17250269672864,17250269672864,0,17250269970320,17250269972195,17250270147143,17250270248914,17250290172864,17250269965268,11144264,17250270941258,17250270982872,17250271111831,17250272786310,17250274561206,25417,362813,17250274561206,17250273871831,17250300664334,17250272786310,
0,745291,17250280816404,17250280816404,0,17250281119696,17250281120998,17250281301155,17250281383342,17250301316404,17250281115738,11144248,17250281908290,17250281950790,17250282069332,17250283469592,17250285221468,20417,344948,17250285221468,17250284454280,17250311809699,17250283469592,
0,745299,17250291957983,17250291957983,0,17250292390166,17250292390895,17250292599333,17250292677145,17250312457983,17250292387145,11144049,17250293114541,17250293609646,17250293736416,17250295395479,17250297115375,22448,381823,17250297115375,17250296447146,17250322951628,17250295395479,
0,745307,17250303103479,17250303103479,0,17250303452615,17250303453449,17250303663032,17250303750063,17250323603479,17250303447719,11144121,17250304267147,17250304315063,17250304458188,17250306244126,17250308033397,21563,389011,17250308033397,17250307378137,17250334097150,17250306244126,
0,745315,17250314245416,17250314245416,0,17250314580221,17250314582200,17250314824908,17250314907408,17250334745416,17250314575533,11143972,17250315472512,17250315517044,17250315640846,17250317015533,17250318733086,21666,372552,17250318733086,17250318027460,17250345246369,17250317015533,
0,745323,17250325388022,17250325388022,0,17250325742513,17250325743920,17250325946420,17250326033763,17250345888022,17250325737670,11143875,17250326575378,17250326630378,17250326770899,17250328376316,17250330184962,23438,409479,17250330184962,17250329520274,17250356383766,17250328376316,
0,745331,17250336529872,17250336529872,0,17250337211629,17250337212827,17250337407567,17250337500223,17250357029872,17250337208035,11143723,17250338002879,17250338044077,17250338160015,17250339585900,17250341355223,20573,371614,17250341355223,17250340625119,17250367526007,17250339585900,
0,745339,17250347673160,17250347673160,0,17250347983505,17250347984859,17250348179026,17250348266370,17250368173160,17250347978870,11143695,17250348840953,17250348886526,17250349022776,17250350481005,17250352277203,23177,370052,17250352277203,17250351538870,17250378674029,17250350481005,
0,745347,17250358818565,17250358818565,0,17250359171683,17250359173350,17250359353767,17250359436267,17250379318565,17250359166996,11143821,17250359894027,17250359939860,17250360047152,17250361472725,17250363356736,20417,365781,17250363356736,17250362575642,17250389824916,17250361472725,
0,745355,17250369961746,17250369961746,0,17250370252830,17250370253872,17250370848768,17250370947674,17250390461746,17250370248976,11143790,17250371514185,17250371556685,17250371739237,17250373219445,17250375061529,23073,388073,17250375061529,17250374295174,17250400960958,17250373219445,
0,745363,17250381103612,17250381103612,0,17250381874342,17250381875488,17250382075540,17250382172623,17250401603612,17250381869602,11143644,17250382686373,17250382731425,17250382849290,17250384232311,17250386004655,22240,418802,17250386004655,17250385322623,17250412112262,17250384232311,
0,745371,17250392246609,17250392246609,0,17250392570541,17250392571166,17250392775853,17250393219812,17250412746609,17250392567364,11143569,17250393716166,17250393759812,17250393880437,17250395333510,17250397139500,23281,362604,17250397139500,17250396356583,17250423254971,17250395333510,
0,745379,17250403391192,17250403391192,0,17250404610855,17250404611792,17250404785698,17250404841792,17250423891192,17250404608563,11143584,17250405242938,17250405295750,17250405432625,17250406953511,17250409166792,26145,422396,17250409166792,17250408109188,17250434389451,17250406953511,
0,745387,17250414535952,17250414535952,0,17250414924345,17250414925178,17250415187001,17250415258512,17250435035952,17250414920595,11143693,17250415704606,17250415763929,17250415868147,17250417280231,17250419109866,21771,372552,17250419109866,17250418364085,17250445534973,17250417280231,
0,745395,17250425681992,17250425681992,0,17250425992367,17250425993200,17250426596117,17250426688096,17250446181992,17250425988825,11143852,17250427238982,17250427286482,17250427421117,17250428975492,17250430819711,24063,380625,17250430819711,17250430081690,17250456686120,17250428975492,
0,745403,17250436826802,17250436826802,0,17250437127577,17250437128566,17250437691014,17250437769399,17250457326802,17250437124347,11143903,17250438269920,17250438415597,17250438531952,17250439921066,17250441746275,22083,356823,17250441746275,17250440928410,17250467821069,17250439921066,
0,745411,17250447968878,17250447968878,0,17250448688619,17250448689609,17250448885755,17250448981640,17250468468878,17250448684609,11143778,17250449567786,17250449614817,17250449736901,17250451164713,17250452901276,23646,372968,17250452901276,17250452277786,17250478970185,17250451164713,
0,745419,17250459112029,17250459112029,0,17250459462058,17250459463204,17250459644558,17250459723725,17250479612029,17250459458620,11143741,17250460189402,17250460238152,17250460356120,17250461772006,17250463558308,23854,397812,17250463558308,17250462836225,17250490107373,17250461772006,
0,745427,17250470257978,17250470257978,0,17250471449924,17250471450965,17250471674195,17250471739559,17250490757978,17250471446955,11143906,17250471999038,17250472055340,17250472214768,17250473654924,17250475484039,23959,362448,17250475484039,17250474720862,17250501255239,17250473654924,
0,745435,17250481402011,17250481402011,0,17250481755237,17250481756800,17250481916487,17250481984612,17250501902011,17250481751956,11143966,17250482002268,17250482049612,17250482165862,17250483732842,17250485503467,21042,375053,17250485503467,17250484804092,17250512400032,17250483732842,
0,745443,17250492545385,17250492545385,0,17250492887530,17250492888311,17250493057999,17250493131124,17250513045385,17250492884249,11143908,17250493706488,17250493751072,17250493864301,17250495183051,17250496919197,20260,383906,17250496919197,17250496230655,17250523533210,17250495183051,
0,745451,17250503687557,17250503687557,0,17250504221385,17250504222739,17250504450344,17250504553677,17250524187557,17250504216125,11143798,17250505708521,17250505768729,17250505918521,17250507501386,17250509592792,22708,407552,17250509592792,17250508631282,17250534681597,17250507501386,
0,745459,17250514830636,17250514830636,0,17250515194511,17250515196022,17250515350813,17250515440918,17250535330636,17250515189980,11143737,17250516196022,17250516243157,17250516381595,17250517904616,17250519660137,23958,376355,17250519660137,17250519043678,17250545828473,17250517904616,
0,745467,17250525975920,17250525975920,0,17250526325398,17250526326804,17250526515502,17250526601075,17250546475920,17250526321387,11143881,17250527095033,17250527141544,17250527273575,17250528860971,17250530626388,22657,357292,17250530626388,17250529899825,17250556970036,17250528860971,
0,745475,17250537116731,17250537116731,0,17250538316649,17250538317847,17250538485399,17250538541857,17250557616731,17250538313732,11143686,17250538824618,17250538870555,17250538979826,17250540458420,17250542177327,19739,358438,17250542177327,17250541477743,17250568112277,17250540458420,
0,745483,17250548259057,17250548259057,0,17250549451390,17250549452744,17250549645036,17250549708577,17250568759057,17250549448890,11143592,17250550029723,17250550077640,17250550228057,17250552151807,17250553974359,24635,429271,17250553974359,17250553348265,17250579258632,17250552151807,
0,745491,17250559401914,17250559401914,0,17250559718839,17250559719724,17250559880557,17250559950193,17250579901914,17250559715297,11143519,17250560378005,17250560431808,17250560533943,17250562043579,17250563763527,22552,344948,17250563763527,17250563040037,17250590402904,17250562043579,
0,745499,17250570544491,17250570544491,0,17250571170923,17250571171913,17250571372382,17250571455507,17250591044491,17250571166757,11143440,17250572021548,17250572063736,17250572174465,17250573733267,17250575532903,19531,387344,17250575532903,17250574836444,17250601540197,17250573733267,
0,745507,17250581687625,17250581687625,0,17250582934414,17250582935456,17250583112070,17250583167904,17250602187625,17250582932070,11143428,17250583450612,17250583501185,17250583654883,17250585360820,17250587192904,27188,419479,17250587192904,17250586505768,17250612692073,17250585360820,
0,745515,17250592830558,17250592830558,0,17250593165925,17250593166863,17250593353113,17250593422332,17250613330558,17250593162957,11143368,17250593924832,17250594000144,17250594122280,17250595699519,17250597496030,26042,358281,17250597496030,17250596730197,17250623832699,17250595699519,
0,745523,17250603973364,17250603973364,0,17250604639677,17250604640458,17250604821291,17250604907541,17250624473364,17250604636083,11143291,17250605496812,17250605546135,17250605672385,17250607249729,17250609052177,26094,408125,17250609052177,17250608403479,17250634974888,17250607249729,
0,745531,17250615115254,17250615115254,0,17250615435928,17250615436813,17250615619365,17250615688636,17250635615254,17250615432282,11143186,17250616136761,17250616181553,17250616293271,17250617758740,17250619547022,22084,381614,17250619547022,17250618872282,17250646116712,17250617758740,
0,745539,17250626260475,17250626260475,0,17250626932648,17250626934210,17250627138325,17250627233637,17250646760475,17250626928689,11143324,17250627815512,17250627859679,17250627995460,17250629533898,17250631359731,21771,356354,17250631359731,17250630587023,17250657258536,17250629533898,
0,745547,17250637403833,17250637403833,0,17250638094315,17250638095305,17250638326347,17250638419836,17250657903833,17250638089419,11143307,17250638932232,17250638977232,17250639099680,17250640489680,17250642281034,20937,352501,17250642281034,17250641474576,17250668400464,17250640489680,
0,745555,17250648548111,17250648548111,0,17250649277546,17250649278431,17250649487598,17250649579316,17250669048111,17250649273275,11143392,17250650074421,17250650121816,17250650239212,17250651750723,17250653982077,21927,360885,17250653982077,17250652790254,17250679548226,17250651750723,
0,745563,17250659691996,17250659691996,0,17250660318797,17250660319734,17250660553380,17250660644630,17250680191996,17250660315515,11143451,17250661195776,17250661246193,17250661383797,17250662977130,17250664821610,25416,386980,17250664821610,17250664064318,17250690693331,17250662977130,
0,745571,17250670834181,17250670834181,0,17250671480256,17250671481558,17250671749006,17250671838173,17250691334181,17250671476767,11143357,17250672383954,17250672431558,17250672543537,17250673961194,17250675792340,22969,385938,17250675792340,17250675084319,17250701840884,17250673961194,
0,745579,17250681976321,17250681976321,0,17250682295153,17250682296038,17250682497236,17250682661663,17250702476321,17250682291091,11143273,17250683198122,17250683244320,17250683366820,17250684795466,17250686787497,19688,354115,17250686787497,17250685999268,17250712981041,17250684795466,
0,745587,17250693120844,17250693120844,0,17250693425258,17250693426873,17250693621977,17250693710467,17250713620844,17250693422185,11143378,17250694228748,17250694274008,17250694394685,17250696014113,17250697766561,20729,385469,17250697766561,17250697094842,17250724116199,17250696014113,
0,745595,17250704264511,17250704264511,0,17250704697916,17250704698801,17250704894634,17250705053593,17250724764511,17250704694530,11143382,17250706096197,17250706151145,17250706280832,17250707736458,17250709538749,22760,415000,17250709538749,17250708901927,17250735264846,17250707736458,
0,745603,17250715410044,17250715410044,0,17250715735521,17250715736563,17250715911406,17250715997136,17250735910044,17250715731823,11143530,17250716381042,17250716442448,17250716570834,17250717854323,17250719569115,19167,336250,17250719569115,17250718854115,17250746404639,17250717854323,
0,745611,17250726553714,17250726553714,0,17250726921460,17250726923022,17250727138022,17250727237345,17250747053714,17250726916876,11143529,17250727265105,17250727331876,17250727443178,17250729045054,17250730839064,23645,386459,17250730839064,17250730152554,17250757546983,17250729045054,
0,745619,17250737696006,17250737696006,0,17250738001669,17250738002763,17250738184482,17250738266669,17250758196006,17250737997763,11143473,17250738953492,17250739002450,17250739126513,17250740452034,17250742171357,22813,361041,17250742171357,17250741464482,17250768693912,17250740452034,
0,745627,17250748839935,17250748839935,0,17250749416931,17250749419066,17250749762608,17250749843441,17250769339935,17250749410681,11143524,17250750877608,17250750937087,17250751071306,17250752522139,17250754234691,20989,354011,17250754234691,17250753548233,17250779848340,17250752522139,
0,745635,17250759981387,17250759981387,0,17250760257505,17250760258859,17250760410213,17250760497817,17250780481387,17250760252088,11143367,17250761222140,17250761259119,17250761388963,17250763000161,17250764767036,21198,345208,17250764767036,17250764046203,17250790986726,17250763000161,
0,745643,17250771123320,17250771123320,0,17250771412454,17250771413443,17250771583704,17250771717089,17250791623320,17250771407610,11143268,17250772194381,17250772232610,17250772371777,17250773786620,17250775538496,20417,345521,17250775538496,17250774790214,17250802133134,17250773786620,
0,745651,17250782266740,17250782266740,0,17250782640580,17250782641621,17250782833444,17250782913080,17250802766740,17250782635319,11143279,17250783471726,17250783514174,17250783626049,17250785069955,17250786762403,21042,355729,17250786762403,17250786060268,17250813271520,17250785069955,
0,745659,17250793412586,17250793412586,0,17250794103393,17250794104643,17250794300893,17250794403081,17250813912586,17250794099435,11143422,17250795018654,17250795065112,17250795201779,17250796775373,17250798542977,27865,407083,17250798542977,17250797877144,17250824415376,17250796775373,
0,745667,17250804556821,17250804556821,0,17250805060165,17250805061051,17250805236415,17250805303447,17250825056821,17250805056519,11143460,17250805712613,17250806398342,17250806464853,17250807347405,17250808990634,15677,290625,17250808990634,17250808131728,17250835556002,17250807347405,
0,745675,17250815702126,17250815702126,0,17250816132146,17250816134125,17250816364437,17250816466625,17250836202126,17250816125948,11143577,17250817119854,17250817708239,17250817780896,17250818806260,17250820495583,16562,281251,17250820495583,17250819608344,17250846698711,17250818806260,
0,745683,17250826846232,17250826846232,0,17250827296626,17250827298449,17250827532772,17250827638084,17250847346232,17250827290897,11143627,17250828784438,17250828885063,17250829072720,17250830916626,17250832732147,26459,494011,17250832732147,17250832151887,17250857850327,17250830916626,
0,745691,17250837989437,17250837989437,0,17250838333710,17250838334439,17250838532356,17250838621731,17250858489437,17250838328919,11143586,17250839145117,17250839186314,17250839316575,17250840683033,17250842438138,17657,308906,17250842438138,17250841635794,17250868984026,17250840683033,
0,745699,17250849133214,17250849133214,0,17250849486888,17250849488399,17250849679909,17250849771836,17250869633214,17250849482513,11143629,17250850294024,17250850353711,17250850465899,17250851813503,17250853584337,18177,318646,17250853584337,17250852747618,17250880135069,17250851813503,
0,745707,17250860276447,17250860276447,0,17250860629390,17250860630692,17250860888348,17250860986160,17250880776447,17250860624337,11143624,17250861581733,17250861642098,17250861785223,17250863394442,17250865210015,22396,422968,17250865210015,17250864566838,17250891284184,17250863394442,
0,745715,17250871421515,17250871421515,0,17250871865120,17250871865797,17250872040380,17250872127672,17250891921515,17250871857620,11143720,17250872587828,17250872630276,17250872733766,17250874080120,17250875823245,19844,379062,17250875823245,17250875111214,17250902428665,17250874080120,
0,745723,17250882563815,17250882563815,0,17250882907048,17250882908506,17250883126527,17250883227048,17250903063815,17250882901163,11143641,17250883786527,17250883837517,17250883963663,17250885568350,17250887388767,22292,371355,17250887388767,17250886611996,17250913568509,17250885568350,
0,745731,17250893707735,17250893707735,0,17250894000330,17250894001632,17250894189080,17250894281372,17250914207735,17250893995799,11143648,17250894820018,17250894862101,17250895110955,17250896665331,17250898513300,34375,384167,17250898513300,17250897736268,17250924705802,17250896665331,
0,745739,17250904852637,17250904852637,0,17250905213613,17250905215540,17250905437936,17250905528925,17250925352637,17250905210019,11143701,17250906036477,17250906091894,17250906205748,17250907682311,17250909524499,23854,420677,17250909524499,17250908931269,17250935855387,17250907682311,
0,745747,17250915998184,17250915998184,0,17250916378770,17250916380593,17250916617676,17250916704447,17250936498184,17250916374187,11143814,17250917208249,17250917249968,17250917358041,17250918805906,17250920578146,22552,348437,17250920578146,17250919775125,17250946995961,17250918805906,
0,745755,17250927142888,17250927142888,0,17250927481792,17250927482521,17250927654657,17250927717365,17250947642888,17250927478563,11143884,17250928106271,17250928145803,17250928243042,17250929362417,17250930933147,44791,276719,17250930933147,17250930121115,17250958138722,17250929362417,
0,745763,17250938286647,17250938286647,0,17250938681220,17250938682470,17250938967783,17250939068668,17250958786647,17250938677001,11143922,17250939622939,17250939674293,17250939800804,17250941354918,17250943292210,27396,408906,17250943292210,17250942626741,17250969281588,17250941354918,
0,745771,17250949431444,17250949431444,0,17250950641586,17250950642836,17250950808461,17250950867471,17250969931444,17250950638878,11144002,17250951167732,17250951215961,17250951336951,17250952856117,17250954660180,21406,409844,17250954660180,17250953965909,17250980424141,17250952856117,
0,745779,17250960574082,17250960574082,0,17250960926535,17250960927316,17250961112420,17250961192629,17250981074082,17250960922368,11143902,17250961785233,17250962738150,17250962830962,17250963746431,17250965409244,15938,314375,17250965409244,17250964590806,17250991565184,17250963746431,
0,745787,17250971717182,17250971717182,0,17250972071380,17250972073255,17250972269505,17250972375963,17250992217182,17250972066015,11143858,17250972403411,17250972477422,17250972588099,17250974031328,17250975778047,20156,336510,17250975778047,17250975071380,17251002738675,17250974031328,
0,745795,17250982859437,17250982859437,0,17250983203412,17250983204714,17250983385652,17250983476381,17251003359437,17250983198881,11143740,17250984079975,17250984125287,17250984246850,17250985568256,17250987253517,20364,330209,17250987253517,17250986498465,17251013852790,17250985568256,
0,745803,17250994001135,17250994001135,0,17250994327892,17250994329090,17250994513570,17250994607059,17251014501135,17250994322424,11143580,17250995756018,17250995828778,17250995978830,17250997486903,17250999237841,22291,439219,17250999237841,17250998631226,17251025000812,17250997486903,
0,745811,17251005142660,17251005142660,0,17251005443414,17251005444977,17251005590133,17251005675602,17251025642660,17251005439196,11143429,17251006352685,17251006407321,17251006533883,17251008052321,17251010187217,21510,369948,17251010187217,17251009165029,17251036143417,17251008052321,
0,745819,17251016293211,17251016293211,0,17251016646072,17251016647686,17251016853468,17251016945916,17251036793211,17251016641593,11143876,17251017508155,17251017551645,17251017684145,17251019307582,17251021380864,21094,351511,17251021380864,17251020345291,17251047285710,17251019307582,
0,745827,17251027435394,17251027435394,0,17251027738469,17251027739198,17251027919458,17251028006437,17251047935394,17251027734562,11143793,17251028481698,17251028522063,17251028635448,17251029917583,17251031648261,20157,390677,17251031648261,17251030888104,17249721174536,17251029917583,
0,745835,17251038579223,17251038579223,0,17251038946699,17251038947636,17251039145814,17251039231751,17251059079223,17251038941282,11143826,17251039742480,17251039799355,17251039931074,17251041549355,17251043385762,24948,380156,17251043385762,17251042710710,17249732331517,17251041549355,
0,745843,17251049722035,17251049722035,0,17251050383836,17251050385398,17251050616283,17251050706492,17251070222035,17251050379096,11143768,17251051248367,17251051290242,17251051406388,17251053464513,17251055185607,18282,376563,17251055185607,17251054504253,17249743463601,17251053464513,
0,745851,17251060864594,17251060864594,0,17251061396076,17251061399149,17251061943472,17251062070816,17251081364594,17251061387430,11143697,17251062903368,17251062977899,17251063144983,17251065152327,17249729099537,32136,450469,17249729099537,17251066374462,17249754610321,17251065152327,
---PROFILEDATA---


View hierarchy:

  dev.polski.grammarmatrix.benchmark/dev.polski.grammarmatrix.GlassBenchmarkActivity/android.view.ViewRootImpl@86d155f
  6 views, 10.66 kB of render nodes


Total ViewRootImpl   : 1
Total attached Views : 6
Total RenderNode     : 10.66 kB (used) / 34.73 kB (capacity)