Applications Graphics Acceleration Info:
Uptime: 17241737 Realtime: 155248301

** Graphics info for pid 27061 [dev.polski.grammarmatrix.benchmark] **

Stats since: 17239148408431ns
Total frames rendered: 233
Janky frames: 0 (0.00%)
Janky frames (legacy): 0 (0.00%)
50th percentile: 5ms
90th percentile: 5ms
95th percentile: 5ms
99th percentile: 6ms
Number Missed Vsync: 0
Number High input latency: 0
Number Slow UI thread: 0
Number Slow bitmap uploads: 0
Number Slow issue draw commands: 0
Number Frame deadline missed: 0
Number Frame deadline missed (legacy): 0
HISTOGRAM: 5ms=230 6ms=3 7ms=0 8ms=0 9ms=0 10ms=0 11ms=0 12ms=0 13ms=0 14ms=0 15ms=0 16ms=0 17ms=0 18ms=0 19ms=0 20ms=0 21ms=0 22ms=0 23ms=0 24ms=0 25ms=0 26ms=0 27ms=0 28ms=0 29ms=0 30ms=0 31ms=0 32ms=0 34ms=0 36ms=0 38ms=0 40ms=0 42ms=0 44ms=0 46ms=0 48ms=0 53ms=0 57ms=0 61ms=0 65ms=0 69ms=0 73ms=0 77ms=0 81ms=0 85ms=0 89ms=0 93ms=0 97ms=0 101ms=0 105ms=0 109ms=0 113ms=0 117ms=0 121ms=0 125ms=0 129ms=0 133ms=0 150ms=0 200ms=0 250ms=0 300ms=0 350ms=0 400ms=0 450ms=0 500ms=0 550ms=0 600ms=0 650ms=0 700ms=0 750ms=0 800ms=0 850ms=0 900ms=0 950ms=0 1000ms=0 1050ms=0 1100ms=0 1150ms=0 1200ms=0 1250ms=0 1300ms=0 1350ms=0 1400ms=0 1450ms=0 1500ms=0 1550ms=0 1600ms=0 1650ms=0 1700ms=0 1750ms=0 1800ms=0 1850ms=0 1900ms=0 1950ms=0 2000ms=0 2050ms=0 2100ms=0 2150ms=0 2200ms=0 2250ms=0 2300ms=0 2350ms=0 2400ms=0 2450ms=0 2500ms=0 2550ms=0 2600ms=0 2650ms=0 2700ms=0 2750ms=0 2800ms=0 2850ms=0 2900ms=0 2950ms=0 3000ms=0 3050ms=0 3100ms=0 3150ms=0 3200ms=0 3250ms=0 3300ms=0 3350ms=0 3400ms=0 3450ms=0 3500ms=0 3550ms=0 3600ms=0 3650ms=0 3700ms=0 3750ms=0 3800ms=0 3850ms=0 3900ms=0 3950ms=0 4000ms=0 4050ms=0 4100ms=0 4150ms=0 4200ms=0 4250ms=0 4300ms=0 4350ms=0 4400ms=0 4450ms=0 4500ms=0 4550ms=0 4600ms=0 4650ms=0 4700ms=0 4750ms=0 4800ms=0 4850ms=0 4900ms=0 4950ms=0
50th gpu percentile: 2ms
90th gpu percentile: 2ms
95th gpu percentile: 3ms
99th gpu percentile: 3ms
GPU HISTOGRAM: 1ms=0 2ms=216 3ms=15 4ms=2 5ms=0 6ms=0 7ms=0 8ms=0 9ms=0 10ms=0 11ms=0 12ms=0 13ms=0 14ms=0 15ms=0 16ms=0 17ms=0 18ms=0 19ms=0 20ms=0 21ms=0 22ms=0 23ms=0 24ms=0 25ms=0 4950ms=0

Pipeline=Skia (OpenGL)
CPU Caches:
  Glyph Cache: 43.11 KB (1 entry)
  Glyph Count: 8 
Total CPU memory usage:
  44146 bytes, 43.11 KB (0.00 bytes is purgeable)
GPU Caches:
  Other:
    Other: 14.68 KB (1 entry)
    Buffer Object: 36.00 KB (1 entry)
  Scratch:
    Texture: 2.00 MB (1 entry)
    Buffer Object: 48.00 KB (1 entry)
Total GPU memory usage:
  2198200 bytes, 2.10 MB (36.00 KB is purgeable)

Profile data in ms:

	dev.polski.grammarmatrix.benchmark/dev.polski.grammarmatrix.GlassBenchmarkActivity/android.view.ViewRootImpl@86d155f (visibility=0)
Window: dev.polski.grammarmatrix.benchmark/dev.polski.grammarmatrix.GlassBenchmarkActivity
Stats since: 17239148407754ns
Total frames rendered: 233
Janky frames: 0 (0.00%)
Janky frames (legacy): 0 (0.00%)
50th percentile: 5ms
90th percentile: 5ms
95th percentile: 5ms
99th percentile: 6ms
Number Missed Vsync: 0
Number High input latency: 0
Number Slow UI thread: 0
Number Slow bitmap uploads: 0
Number Slow issue draw commands: 0
Number Frame deadline missed: 0
Number Frame deadline missed (legacy): 0
HISTOGRAM: 5ms=230 6ms=3 7ms=0 8ms=0 9ms=0 10ms=0 11ms=0 12ms=0 13ms=0 14ms=0 15ms=0 16ms=0 17ms=0 18ms=0 19ms=0 20ms=0 21ms=0 22ms=0 23ms=0 24ms=0 25ms=0 26ms=0 27ms=0 28ms=0 29ms=0 30ms=0 31ms=0 32ms=0 34ms=0 36ms=0 38ms=0 40ms=0 42ms=0 44ms=0 46ms=0 48ms=0 53ms=0 57ms=0 61ms=0 65ms=0 69ms=0 73ms=0 77ms=0 81ms=0 85ms=0 89ms=0 93ms=0 97ms=0 101ms=0 105ms=0 109ms=0 113ms=0 117ms=0 121ms=0 125ms=0 129ms=0 133ms=0 150ms=0 200ms=0 250ms=0 300ms=0 350ms=0 400ms=0 450ms=0 500ms=0 550ms=0 600ms=0 650ms=0 700ms=0 750ms=0 800ms=0 850ms=0 900ms=0 950ms=0 1000ms=0 1050ms=0 1100ms=0 1150ms=0 1200ms=0 1250ms=0 1300ms=0 1350ms=0 1400ms=0 1450ms=0 1500ms=0 1550ms=0 1600ms=0 1650ms=0 1700ms=0 1750ms=0 1800ms=0 1850ms=0 1900ms=0 1950ms=0 2000ms=0 2050ms=0 2100ms=0 2150ms=0 2200ms=0 2250ms=0 2300ms=0 2350ms=0 2400ms=0 2450ms=0 2500ms=0 2550ms=0 2600ms=0 2650ms=0 2700ms=0 2750ms=0 2800ms=0 2850ms=0 2900ms=0 2950ms=0 3000ms=0 3050ms=0 3100ms=0 3150ms=0 3200ms=0 3250ms=0 3300ms=0 3350ms=0 3400ms=0 3450ms=0 3500ms=0 3550ms=0 3600ms=0 3650ms=0 3700ms=0 3750ms=0 3800ms=0 3850ms=0 3900ms=0 3950ms=0 4000ms=0 4050ms=0 4100ms=0 4150ms=0 4200ms=0 4250ms=0 4300ms=0 4350ms=0 4400ms=0 4450ms=0 4500ms=0 4550ms=0 4600ms=0 4650ms=0 4700ms=0 4750ms=0 4800ms=0 4850ms=0 4900ms=0 4950ms=0
50th gpu percentile: 2ms
90th gpu percentile: 2ms
95th gpu percentile: 3ms
99th gpu percentile: 3ms
GPU HISTOGRAM: 1ms=0 2ms=216 3ms=15 4ms=2 5ms=0 6ms=0 7ms=0 8ms=0 9ms=0 10ms=0 11ms=0 12ms=0 13ms=0 14ms=0 15ms=0 16ms=0 17ms=0 18ms=0 19ms=0 20ms=0 21ms=0 22ms=0 23ms=0 24ms=0 25ms=0 4950ms=0



---PROFILEDATA---
Flags,FrameTimelineVsyncId,IntendedVsync,Vsync,InputEventId,HandleInputStart,AnimationStart,PerformTraversalsStart,DrawStart,FrameDeadline,FrameInterval,FrameStartTime,SyncQueued,SyncStart,IssueDrawCommandsStart,SwapBuffers,FrameCompleted,DequeueBufferDuration,QueueBufferDuration,GpuCompleted,SwapBuffersCompleted,DisplayPresentTime,CommandSubmissionCompleted,
0,738191,17240407809017,17240407809017,0,17240408456890,17240408458192,17240408670119,17240408782567,17240428309017,17240408453140,11144519,17240409359025,17240409399859,17240409502359,17240411008140,17240412769234,20208,355416,17240412769234,17240411993401,17240438800330,17240411008140,
0,738199,17240418951898,17240418951898,0,17240420175016,17240420176162,17240420351474,17240420411162,17240439451898,17240420172152,11144454,17240420733558,17240420780902,17240420917620,17240422665850,17240424504808,25468,418541,17240424504808,17240423837464,17240449943821,17240422665850,
0,738207,17240430095232,17240430095232,0,17240430681892,17240430683403,17240431328611,17240431422205,17240450595232,17240430677569,11144413,17240432109444,17240432157986,17240432300955,17240433976840,17240435818559,22917,408021,17240435818559,17240435101372,17240461085541,17240433976840,
0,738215,17240441239035,17240441239035,0,17240441578716,17240441579862,17240441776685,17240441851268,17240461739035,17240441575227,11144375,17240442252050,17240442298508,17240442400539,17240443830123,17240445581060,26406,360573,17240445581060,17240444852727,17240472233146,17240443830123,
0,738223,17240452381411,17240452381411,0,17240452731009,17240452731999,17240452928405,17240453016478,17240472881411,17240452727103,11144233,17240453557572,17240453604967,17240453712832,17240455130124,17240456890593,21719,338177,17240456890593,17240456084811,17240483376168,17240455130124,
0,738231,17240463524000,17240463524000,0,17240463875229,17240463876010,17240464062208,17240464137885,17240484024000,17240463872208,11144119,17240464610021,17240464657625,17240464761531,17240466042469,17240467792000,20000,327135,17240467792000,17240466943510,17240494520232,17240466042469,
0,738239,17240474665874,17240474665874,0,17240475947053,17240475948147,17240476136168,17240476196428,17240495165874,17240475943980,11143958,17240476527938,17240476578407,17240476718303,17240478368043,17240480228928,25468,378229,17240480228928,17240479463980,17240505673358,17240478368043,
0,738247,17240485811829,17240485811829,0,17240486502731,17240486503981,17240486698773,17240486777835,17240506311829,17240486118929,11144159,17240487321742,17240487365544,17240487488773,17240489050804,17240490881950,25989,336823,17240490881950,17240490078721,17240516804297,17240489050804,
0,738255,17240496954630,17240496954630,0,17240497365024,17240497366534,17240497566743,17240497651170,17240517454630,17240497360701,11144057,17240498148097,17240498214243,17240498385909,17240499893826,17240501740024,22916,384688,17240501740024,17240500970285,17240527954350,17240499893826,
0,738263,17240508097588,17240508097588,0,17240508430598,17240508431327,17240508613983,17240508703098,17240528597588,17240508425910,11143971,17240509269452,17240509316067,17240509434817,17240510936223,17240512752942,22031,400573,17240512752942,17240512027577,17240539098934,17240510936223,
0,738271,17240519243365,17240519243365,0,17240519556901,17240519557786,17240519765755,17240519840859,17240539743365,17240519552474,11144075,17240520337787,17240520381693,17240520489349,17240521971745,17240523726693,19844,384844,17240523726693,17240523030912,17240550248571,17240521971745,
0,738279,17240530384885,17240530384885,0,17240530815496,17240530816485,17240531022163,17240531111381,17240550884885,17240530811017,11143891,17240531767006,17240531822267,17240531943881,17240533357736,17240535112007,23854,389688,17240535112007,17240534414142,17240561390134,17240533357736,
0,738287,17240541527955,17240541527955,0,17240542843362,17240542844455,17240543054247,17240543124560,17240562027955,17240542839716,11143801,17240543397112,17240543469612,17240543677893,17240545363935,17240547194716,24895,444947,17240547194716,17240546575654,17240572515344,17240545363935,
0,738295,17240552671869,17240552671869,0,17240553880707,17240553881748,17240554049769,17240554108779,17240573171869,17240553877686,11143790,17240554124248,17240554185550,17240554322686,17240555942425,17240557744040,23490,362813,17240557744040,17240557033676,17240583668418,17240555942425,
0,738303,17240563816314,17240563816314,0,17240564081228,17240564082218,17240564236280,17240564314770,17240584316314,17240564077895,11143779,17240564982791,17240565025135,17240565145708,17240566557531,17240568315135,25625,392969,17240568315135,17240567645708,17240594817013,17240566557531,
0,738311,17240574960771,17240574960771,0,17240575208261,17240575209355,17240575355657,17240575413313,17240595460771,17240575204615,11143591,17240576045396,17240576091646,17240576179823,17240577615709,17240579320969,15052,462604,17240579320969,17240578778938,17240605963889,17240577615709,
0,738319,17240586101101,17240586101101,0,17240586781804,17240586783106,17240586957949,17240587055345,17240606601101,17240586775606,11143591,17240587921022,17240587960606,17240588091647,17240589796908,17240591565867,23750,364166,17240591565867,17240590892846,17240617106859,17240589796908,
0,738327,17240597245739,17240597245739,0,17240597900190,17240597900971,17240598091076,17240598181388,17240617745739,17240597896023,11143710,17240598838680,17240598882638,17240599000607,17240600446805,17240602176857,21042,346562,17240602176857,17240601443211,17240628251287,17240600446805,
0,738335,17240608389897,17240608389897,0,17240608738993,17240608739827,17240608953837,17240609038264,17240628889897,17240608734150,11143731,17240609576598,17240609621025,17240609759879,17240611335139,17240613296754,21041,378750,17240613296754,17240612601858,17240639393736,17240611335139,
0,738343,17240619535661,17240619535661,0,17240620116234,17240620118369,17240620337067,17240620419880,17240640035661,17240620110088,11143880,17240620943630,17240620984203,17240621096911,17240622777901,17240624538786,19375,400625,17240624538786,17240623886182,17240650537122,17240622777901,
0,738351,17240630681764,17240630681764,0,17240631037850,17240631038787,17240631291756,17240631384621,17240651181764,17240631032850,11144069,17240632018371,17240632066079,17240632185714,17240633736287,17240635490038,23750,383855,17240635490038,17240634839725,17240661681394,17240633736287,
0,738359,17240641825792,17240641825792,0,17240642572955,17240642574101,17240642794413,17240642888580,17240662325792,17240642566965,11144049,17240643395299,17240643443997,17240643555924,17240645094101,17240646853007,25260,377812,17240646853007,17240646163789,17240672827958,17240645094101,
0,738367,17240652969621,17240652969621,0,17240653663112,17240653664258,17240653879050,17240653983321,17240673469621,17240653658894,11144027,17240654546810,17240654594102,17240654715873,17240656370873,17240658167019,21979,389167,17240658167019,17240657466186,17240683971032,17240656370873,
0,738375,17240664113991,17240664113991,0,17240664477228,17240664478061,17240664678166,17240664754832,17240684613991,17240664473009,11144064,17240665330301,17240665376603,17240665497957,17240666873582,17240668618322,20365,350052,17240668618322,17240667887280,17240695114002,17240666873582,
0,738383,17240675257923,17240675257923,0,17240675590719,17240675591708,17240675804937,17240675891708,17240695757923,17240675587125,11144055,17240676449156,17240676500302,17240676619156,17240678185615,17240680104625,22968,400313,17240680104625,17240679413636,17240706266399,17240678185615,
0,738391,17240686402373,17240686402373,0,17240686812803,17240686813689,17240687031189,17240687142907,17240706902373,17240686807803,11144073,17240687677699,17240687726918,17240687857230,17240689511814,17240691323376,25677,415937,17240691323376,17240690651970,17240717404108,17240689511814,
0,738399,17240697546148,17240697546148,0,17240697897856,17240697898898,17240698096450,17240698192700,17240718046148,17240697893533,11144036,17240698790096,17240698836606,17240698960773,17240700412804,17240702535409,22136,352240,17240702535409,17240701443794,17240728554214,17240700412804,
0,738407,17240708690150,17240708690150,0,17240708979889,17240708981243,17240709174316,17240709265149,17240729190150,17240708975930,11144033,17240709806816,17240709850462,17240709971608,17240711420670,17240713246139,21041,360052,17240713246139,17240712525045,17240739697235,17240711420670,
0,738415,17240719836012,17240719836012,0,17240720140931,17240720142442,17240720328536,17240720438015,17240740336012,17240720137650,11144133,17240720921036,17240720960671,17240721066504,17240722533223,17240724340724,20521,349427,17240724340724,17240723554473,17240750836820,17240722533223,
0,738423,17240730980138,17240730980138,0,17240731286037,17240731286766,17240731478745,17240731566505,17240751480138,17240731282755,11144128,17240732296506,17240732360672,17240732474631,17240733903902,17240735778850,22761,406718,17240735778850,17240735067131,17240761980311,17240733903902,
0,738431,17240742127178,17240742127178,0,17240742698902,17240742700830,17240743072600,17240743160309,17240762627178,17240742692913,11144350,17240743671298,17240743714528,17240743839736,17240745383538,17240747193955,24115,356719,17240747193955,17240746384007,17240773125885,17240745383538,
0,738439,17240753271811,17240753271811,0,17240753944893,17240753945883,17240754119737,17240754202029,17240773771811,17240753940987,11144349,17240754722654,17240754764164,17240754896352,17240756339373,17240758112758,19636,382760,17240758112758,17240757381508,17240784272552,17240756339373,
0,738447,17240764416110,17240764416110,0,17240764787238,17240764788123,17240765034113,17240765113384,17240784916110,17240764783123,11144362,17240765639946,17240765686613,17240765814842,17240767358540,17240769101093,23021,421250,17240769101093,17240768462655,17240795418856,17240767358540,
0,738455,17240775560328,17240775560328,0,17240775851510,17240775853020,17240776062187,17240776161145,17240796060328,17240775846041,11144373,17240776711041,17240776749270,17240776850468,17240778083750,17240779905260,16146,321094,17240779905260,17240779073333,17240806556669,17240778083750,
0,738463,17240786705814,17240786705814,0,17240787081771,17240787083021,17240787251094,17240787336980,17240807205814,17240787076719,11144493,17240787716824,17240787773647,17240787904584,17240789156720,17240790861355,15521,291042,17240790861355,17240790007657,17240817705733,17240789156720,
0,738471,17240797851608,17240797851608,0,17240798192762,17240798193595,17240798858127,17240798941043,17240818351608,17240798189064,11144617,17240798961877,17240799062971,17240799175418,17240800685887,17240802408335,23959,409792,17240802408335,17240801766096,17240828851046,17240800685887,
0,738479,17240808994853,17240808994853,0,17240810201930,17240810202920,17240810376930,17240810432503,17240829494853,17240810199326,11144474,17240810784170,17240810829690,17240810963805,17240812541305,17240814293649,19011,376875,17240814293649,17240813633753,17240839997089,17240812541305,
0,738487,17240820137592,17240820137592,0,17240820442296,17240820443494,17240820609587,17240820682973,17240840637592,17240820439587,11144350,17240821780160,17240821854692,17240822003598,17240823543390,17240825269796,23698,400365,17240825269796,17240824655161,17240851150111,17240823543390,
0,738495,17240831282150,17240831282150,0,17240831708911,17240831711151,17240831915630,17240832023859,17240851782150,17240831703130,11144359,17240832842713,17240833293911,17240833365786,17240834340787,17240835998547,17187,332500,17240835998547,17240835210422,17240862278133,17240834340787,
0,738503,17240842427317,17240842427317,0,17240842921829,17240842924277,17240843202194,17240843311829,17240862927317,17240842916829,11144419,17240843994642,17240844069694,17240844237506,17240846116256,17240847933080,28698,442448,17240847933080,17240847308444,17240873421936,17240846116256,
0,738511,17240853572652,17240853572652,0,17240853892143,17240853893497,17240854087247,17240854178601,17240874072652,17240853887091,11144480,17240854764643,17240854809330,17240854936570,17240856506726,17240858307664,20990,345208,17240858307664,17240857524331,17240884572562,17240856506726,
0,738519,17240864720064,17240864720064,0,17240865229592,17240865230321,17240865415113,17240865495008,17240885220064,17240865225790,11144663,17240866358863,17240866409123,17240866525790,17240867985530,17240869735790,20209,342552,17240869735790,17240869008030,17240895708553,17240867985530,
0,738527,17240875862947,17240875862947,0,17240877077457,17240877078499,17240877263447,17240877327197,17240896362947,17240877074124,11144564,17240877654176,17240877702770,17240877848760,17240879520843,17240881319437,22761,400000,17240881319437,17240880660635,17240906862200,17240879520843,
0,738535,17240887005595,17240887005595,0,17240887319750,17240887320792,17240887491104,17240887560219,17240907505595,17240887316417,11144446,17240888034386,17240888081313,17240888197146,17240889634855,17240891364542,20417,350052,17240891364542,17240890746209,17240918001003,17240889634855,
0,738543,17240898149789,17240898149789,0,17240898513137,17240898514595,17240898729803,17240898815376,17240918649789,17240898507772,11144419,17240899403293,17240899445324,17240899564908,17240901053293,17240902831523,18438,330156,17240902831523,17240902073762,17240929139963,17240901053293,
0,738551,17240909292239,17240909292239,0,17240909901784,17240909902669,17240910051002,17240910130430,17240929792239,17240909899023,11144302,17240910541263,17240910582982,17240910693190,17240912293503,17240914090065,16927,391458,17240914090065,17240913381003,17240940288297,17240912293503,
0,738559,17240920436878,17240920436878,0,17240921166889,17240921167931,17240921372931,17240921458712,17240940936878,17240921163243,11144308,17240922032774,17240922084233,17240922224858,17240923682514,17240925942775,22343,370209,17240925942775,17240924705275,17240951427725,17240923682514,
0,738567,17240931579838,17240931579838,0,17240932006317,17240932007307,17240932217880,17240932302984,17240952079838,17240932002255,11144205,17240932806109,17240932873765,17240933000432,17240934542203,17240936308401,21875,398750,17240936308401,17240935688713,17240962569497,17240934542203,
0,738575,17240942722814,17240942722814,0,17240943385641,17240943386735,17240943629287,17240943710225,17240963222814,17240943380693,11144153,17240944247620,17240944290902,17240944400589,17240945728402,17240947458923,17135,310729,17240947458923,17240946602516,17240973717103,17240945728402,
0,738583,17240953865957,17240953865957,0,17240954276892,17240954278090,17240954495486,17240954587621,17240974365957,17240954272413,11144074,17240955222986,17240955273247,17240955401840,17240956888351,17240958696059,23125,383438,17240958696059,17240957928872,17240984859708,17240956888351,
0,738591,17240965008890,17240965008890,0,17240965272987,17240965273716,17240965804029,17240965876581,17240985508890,17240965270643,11144019,17240966328196,17240966370018,17240966494914,17240967942571,17240969739654,19635,339218,17240969739654,17240968964550,17240996003251,17240967942571,
0,738599,17240976151248,17240976151248,0,17240976928561,17240976929915,17240977135124,17240977222363,17240996651248,17240976924447,11143926,17240977752259,17240977794655,17240977914238,17240979444291,17240981245957,22031,374167,17240981245957,17240980488562,17241007152106,17240979444291,
0,738607,17240987293926,17240987293926,0,17240987623875,17240987625177,17240987818562,17240987897156,17241007793926,17240987619864,11143827,17240988463719,17240988506271,17240988623458,17240990065229,17240991891375,21042,360052,17240991891375,17240991082833,17241018305388,17240990065229,
0,738615,17240998436181,17240998436181,0,17240998733720,17240998734449,17240998894293,17240998959449,17241018936181,17240998730959,11143700,17240999354501,17241000081480,17241000144918,17241001051637,17241002755699,17188,381511,17241002755699,17241001947210,17241029438410,17241001051637,
0,738623,17241009578591,17241009578591,0,17241010021742,17241010024658,17241010272419,17241010379033,17241030078591,17241010016950,11143592,17241011038565,17241011110492,17241011267575,17241013467679,17241015284190,25052,416250,17241015284190,17241014655180,17241040581068,17241013467679,
0,738631,17241020722664,17241020722664,0,17241021384243,17241021386378,17241021717941,17241021830336,17241041222664,17241021377993,11143599,17241022544503,17241022614399,17241022769920,17241024303410,17241026089087,22708,461510,17241026089087,17241025479504,17241051753933,17241024303410,
0,738639,17241031869379,17241031869379,0,17241032222681,17241032223827,17241032551275,17241032645129,17241052369379,17241032217421,11143776,17241033052421,17241033111119,17241033261171,17241034814869,17241036652786,22187,413385,17241036652786,17241036011067,17241062869716,17241034814869,
0,738647,17241043012278,17241043012278,0,17241043359505,17241043360964,17241043545599,17241043640599,17241063512278,17241043353932,11143688,17241043665807,17241043717214,17241043826797,17241045317735,17241047050860,22917,341510,17241047050860,17241046304922,17241074012946,17241045317735,
0,738655,17241054155654,17241054155654,0,17241054508777,17241054510340,17241054726329,17241054816850,17241074655654,17241054504715,11143659,17241055579819,17241055628309,17241055745861,17241057145809,17241058897424,24115,379167,17241058897424,17241058217215,17241085159822,17241057145809,
0,738663,17241065306346,17241065306346,0,17241065632789,17241065633570,17241065832476,17241065934664,17241085806346,17241065627580,11144070,17241067018414,17241067077424,17241067228518,17241068860758,17241070656852,24375,373802,17241070656852,17241069954404,17241096303521,17241068860758,
0,738671,17241076450059,17241076450059,0,17241077326123,17241077328050,17241077495915,17241077617790,17241096950059,17241077320394,11144076,17241078508780,17241078552998,17241078699613,17241080346071,17241082105863,22292,361354,17241082105863,17241081413207,17241107444355,17241080346071,
0,738679,17241087595198,17241087595198,0,17241087905864,17241087906958,17241088098833,17241088195499,17241108095198,17241087901541,11144224,17241088717895,17241088761385,17241088885083,17241090293729,17241092020291,22709,355677,17241092020291,17241091289770,17241118587846,17241090293729,
0,738687,17241098738770,17241098738770,0,17241099075084,17241099076178,17241099278886,17241099369042,17241119238770,17241099070084,11144186,17241099855761,17241099903990,17241100021751,17241101821751,17241103650188,24114,443958,17241103650188,17241103042584,17241129728993,17241101821751,
0,738695,17241109882215,17241109882215,0,17241110232481,17241110233835,17241110467741,17241110564252,17241130382215,17241110227949,11144139,17241111178054,17241111234877,17241111368627,17241113284304,17241115044877,27188,404323,17241115044877,17241114404148,17241140869880,17241113284304,
0,738703,17241121025940,17241121025940,0,17241121505659,17241121506596,17241121741440,17241121833159,17241141525940,17241121502117,11144149,17241122388784,17241122441649,17241122574565,17241124087118,17241125854982,23698,431354,17241125854982,17241125227118,17241152019777,17241124087118,
0,738711,17241132168392,17241132168392,0,17241132511285,17241132512223,17241132667848,17241132736754,17241152668392,17241132508160,11144037,17241133096441,17241133138160,17241133235296,17241134501181,17241136194983,19323,329323,17241136194983,17241135480400,17241163162121,17241134501181,
0,738719,17241143311745,17241143311745,0,17241143953994,17241143955140,17241144179411,17241144274255,17241163811745,17241143950088,11144038,17241144792849,17241144841911,17241144986911,17241146500661,17241148308214,20834,381510,17241148308214,17241147547693,17241174312018,17241146500661,
0,738727,17241154453772,17241154453772,0,17241154776131,17241154777121,17241155004100,17241155085194,17241174953772,17241154772485,11143933,17241155571860,17241155617694,17241155728214,17241157301235,17241159103475,21302,414636,17241159103475,17241158448527,17241185453686,17241157301235,
0,738735,17241165596615,17241165596615,0,17241165890195,17241165891132,17241166452382,17241166554622,17241186096615,17241165885351,11143848,17241167145403,17241167186393,17241167313580,17241169003528,17241170814258,23073,358229,17241170814258,17241170070560,17241196588010,17241169003528,
0,738743,17241176739780,17241176739780,0,17241177088633,17241177089258,17241177223217,17241177287852,17241197239780,17241177085821,11143809,17241177710925,17241177746498,17241177863477,17241179274154,17241180990300,19271,327813,17241180990300,17241180223946,17241207739938,17241179274154,
0,738751,17241187883751,17241187883751,0,17241188186811,17241188187645,17241188408999,17241188497332,17241208383751,17241188182801,11143791,17241189075874,17241189117332,17241189237332,17241190628739,17241192403583,20990,353177,17241192403583,17241191677228,17241218881919,17241190628739,
0,738759,17241199026705,17241199026705,0,17241199410823,17241199411604,17241199563375,17241199631604,17241219526705,17241199407906,11143698,17241200029104,17241200071031,17241200167594,17241201477594,17241203345823,18646,423906,17241203345823,17241202684105,17241230028222,17241201477594,
0,738767,17241210167820,17241210167820,0,17241210581918,17241210583116,17241210799626,17241210899626,17241230667820,17241210577074,11143518,17241211474366,17241211524991,17241211868897,17241213333272,17241215148325,24167,349166,17241215148325,17241214326554,17241241157077,17241213333272,
0,738775,17241221310820,17241221310820,0,17241221740461,17241221741450,17241221955721,17241222051867,17241241810820,17241221735929,11143443,17241222758794,17241222815773,17241222966711,17241224654836,17241226618117,26823,522917,17241226618117,17241226046294,17241252312391,17241224654836,
0,738783,17241232453241,17241232453241,0,17241232761608,17241232762910,17241233351972,17241233454108,17241252953241,17241232757962,11143331,17241234056816,17241234100618,17241234237024,17241235844837,17241237679473,21614,345573,17241237679473,17241236874368,17241263447392,17241235844837,
0,738791,17241243597033,17241243597033,0,17241244021765,17241244022494,17241244187859,17241244259786,17241264097033,17241244017911,11143330,17241244690098,17241244741661,17241244848275,17241246457234,17241248270151,22083,400000,17241248270151,17241247548588,17241274594789,17241246457234,
0,738799,17241254738753,17241254738753,0,17241255066610,17241255067599,17241255236401,17241255315047,17241275238753,17241255063172,11143266,17241255732651,17241255770412,17241255878954,17241257202964,17241258910412,17708,335105,17241258910412,17241258177495,17241285737915,17241257202964,
0,738807,17241265882007,17241265882007,0,17241266546507,17241266547444,17241266742653,17241267156923,17241286382007,17241266542080,11143233,17241267681090,17241267731507,17241267868434,17241269456507,17241271657549,24688,443021,17241271657549,17241270628382,17241296880833,17241269456507,
0,738815,17241277022961,17241277022961,0,17241277434737,17241277436299,17241277676977,17241277777081,17241297522961,17241277372602,11143058,17241278210414,17241278308956,17241278457966,17241279828696,17241281568956,18698,356510,17241281568956,17241280809998,17241308022813,17241279828696,
0,738823,17241288169742,17241288169742,0,17241288812290,17241288813592,17241289008592,17241289107655,17241308669742,17241288807499,11143409,17241289136040,17241289199894,17241289299894,17241290615051,17241292334061,21771,308438,17241292334061,17241291517863,17241319172189,17241290615051,
0,738831,17241299312504,17241299312504,0,17241299622656,17241299624010,17241299828333,17241299922343,17241319812504,17241299618437,11143361,17241300604323,17241300655052,17241300787448,17241302384167,17241304139740,22188,367239,17241304139740,17241303435417,17241330313128,17241302384167,
0,738839,17241310455102,17241310455102,0,17241311257449,17241311258907,17241311440886,17241311549480,17241330955102,17241311249688,11143302,17241312812032,17241312882032,17241313033282,17241314592553,17241316330730,25625,394739,17241316330730,17241315744324,17241341453181,17241314592553,
0,738847,17241321597941,17241321597941,0,17241322020523,17241322022033,17241322230002,17241322328908,17241342097941,17241322015679,11143279,17241323055210,17241323097814,17241323244898,17241324879325,17241326743075,26718,381666,17241326743075,17241326069273,17241352597713,17241324879325,
0,738855,17241332742374,17241332742374,0,17241333087451,17241333088805,17241333292920,17241333381201,17241353242374,17241333081982,11143353,17241333900159,17241333941149,17241334062555,17241335562034,17241337310889,21719,380156,17241337310889,17241336614066,17241363736568,17241335562034,
0,738863,17241343885771,17241343885771,0,17241344210421,17241344211358,17241344371046,17241344453337,17241364385771,17241344206514,11143350,17241344927192,17241344976306,17241345115525,17241346771463,17241348923702,21875,376927,17241348923702,17241347860890,17241374881205,17241346771463,
0,738871,17241355028363,17241355028363,0,17241355348963,17241355349953,17241355517193,17241355593547,17241375528363,17241355345057,11143300,17241356061776,17241356108599,17241356237089,17241357654485,17241359340578,21718,414375,17241359340578,17241358687037,17241386025217,17241357654485,
0,738879,17241366170922,17241366170922,0,17241366468392,17241366469746,17241366667454,17241366760579,17241386670922,17241366463704,11143235,17241367265006,17241367314694,17241367444850,17241369048184,17241370807403,26354,407343,17241370807403,17241370198236,17241397166884,17241369048184,
0,738887,17241377311948,17241377311948,0,17241378081309,17241378083549,17241378361310,17241378471726,17241397811948,17241378076674,11143064,17241379075372,17241379123133,17241379263341,17241380897924,17241382669070,26615,486250,17241382669070,17241382105216,17241408314854,17241380897924,
0,738895,17241388454358,17241388454358,0,17241388778238,17241388779436,17241388997404,17241389082769,17241408954358,17241388772977,11143015,17241389643238,17241389697404,17241389830581,17241391422925,17241393273134,23855,365677,17241393273134,17241392557978,17241419455949,17241391422925,
0,738903,17241399596865,17241399596865,0,17241399947457,17241399949124,17241400133916,17241400215270,17241420096865,17241399942978,11142967,17241400702666,17241400741885,17241400850791,17241402297979,17241404065583,19010,362396,17241404065583,17241403305843,17241430602044,17241402297979,
0,738911,17241410740134,17241410740134,0,17241411071000,17241411072198,17241411302615,17241411400479,17241431240134,17241411066938,11143006,17241412170011,17241412218136,17241412341677,17241413893084,17241415699751,22813,391042,17241415699751,17241414983657,17241441754285,17241413893084,
0,738919,17241421884488,17241421884488,0,17241422170481,17241422171783,17241422372147,17241422472199,17241442384488,17241422165897,11143102,17241423126210,17241423174699,17241423303449,17241424806470,17241426585950,21042,345885,17241426585950,17241425849908,17241452885484,17241424806470,
0,738927,17241433026927,17241433026927,0,17241433589909,17241433591367,17241433792878,17241433897148,17241453526927,17241433584180,11143031,17241434446211,17241434485898,17241434597878,17241436079961,17241437813190,19427,324063,17241437813190,17241437031315,17241464034547,17241436079961,
0,738935,17241444171437,17241444171437,0,17241444521681,17241444522722,17241444713868,17241444815639,17241464671437,17241444516368,11143350,17241445449597,17241445495222,17241445607983,17241446959910,17241448735535,18438,334115,17241448735535,17241447931629,17241475173507,17241446959910,
0,738943,17241455317957,17241455317957,0,17241455604026,17241455605223,17241455788088,17241455885536,17241475817957,17241455600223,11143350,17241456409963,17241456453453,17241456576421,17241457975745,17241459905484,21823,335469,17241459905484,17241459114859,17241486308247,17241457975745,
0,738951,17241466461914,17241466461914,0,17241466776683,17241466777777,17241466976579,17241467058714,17241486961914,17241466772933,11143431,17241467577152,17241467629495,17241467745381,17241469236058,17241471037829,24011,376511,17241471037829,17241470684548,17241497454603,17241469236058,
0,738959,17241477605099,17241477605099,0,17241478418976,17241478420017,17241478620069,17241478725017,17241498105099,17241478414601,11143380,17241479313351,17241479358820,17241479489653,17241481015695,17241482831685,20938,368229,17241482831685,17241482167934,17241508610333,17241481015695,
0,738967,17241488748937,17241488748937,0,17241489038716,17241489039914,17241489252154,17241489344029,17241509248937,17241489033404,11143438,17241489873873,17241489915539,17241490022571,17241491427623,17241493235227,20729,319844,17241493235227,17241492431738,17241519744657,17241491427623,
0,738975,17241499889456,17241499889456,0,17241500539186,17241500539968,17241500755332,17241500848926,17241520389456,17241500535228,11143251,17241501369759,17241501414134,17241501531947,17241503205228,17241505109239,19687,457917,17241505109239,17241504463822,17241530891689,17241503205228,
0,738983,17241511031488,17241511031488,0,17241511366323,17241511367729,17241511581739,17241511821375,17241531531488,17241511362052,11143180,17241512289500,17241512331010,17241512426896,17241513483146,17241515010750,18021,308125,17241515010750,17241514286271,17241542034659,17241513483146,
0,738991,17241522176635,17241522176635,0,17241522948563,17241522949605,17241523176741,17241523285439,17241542676635,17241522944501,11143293,17241523778720,17241523850647,17241524026168,17241525566168,17241527341481,23021,404219,17241527341481,17241526672887,17241553161900,17241525566168,
0,738999,17241533319407,17241533319407,0,17241534002106,17241534003044,17241534194867,17241534295335,17241553819407,17241533997575,11143262,17241534320648,17241534369033,17241534464138,17241535910388,17241537671950,19010,350521,17241537671950,17241536922054,17241564303151,17241535910388,
0,739007,17241544462919,17241544462919,0,17241544832107,17241544833409,17241545112732,17241545204607,17241564962919,17241544828305,11143267,17241545931274,17241545979712,17241546102941,17241547513670,17241549254347,21719,424428,17241549254347,17241548609191,17241575448933,17241547513670,
0,739015,17241555607270,17241555607270,0,17241555928202,17241555929088,17241556107733,17241556195181,17241576107270,17241555925025,11143358,17241557229296,17241557280182,17241557396067,17241558926900,17241560630651,21094,343854,17241560630651,17241559957734,17241586593205,17241558926900,
0,739023,17241566747428,17241566747428,0,17241567075182,17241567076953,17241567691537,17241567794714,17241587247428,17241567069974,11143189,17241568619349,17241568658620,17241568790651,17241570375964,17241572167631,22448,350937,17241572167631,17241571425912,17241597738883,17241570375964,
0,739031,17241577886888,17241577886888,0,17241578168621,17241578170184,17241578405600,17241578494767,17241598386888,17241578163673,11142964,17241579021694,17241579062996,17241579190861,17241580716955,17241582459403,25313,378959,17241582459403,17241581758882,17241608883885,17241580716955,
0,739039,17241589027492,17241589027492,0,17241589329456,17241589330497,17241589515028,17241589593726,17241609527492,17241589324508,11142819,17241590117529,17241590164039,17241590293935,17241591936383,17241593698414,23073,375312,17241593698414,17241593011591,17241620021490,17241591936383,
0,739047,17241600167894,17241600167894,0,17241601356332,17241601357373,17241601528519,17241601583155,17241620667894,17241601353623,11142639,17241601994821,17241602048207,17241602239613,17241604068103,17241606231384,27968,478021,17241606231384,17241605339770,17241631173262,17241604068103,
0,739055,17241611309293,17241611309293,0,17241612525656,17241612526802,17241612727270,17241612789562,17241631809293,17241612522427,11142529,17241613121802,17241613168208,17241613309406,17241615038989,17241617212844,25156,398333,17241617212844,17241616164875,17241642355555,17241615038989,
0,739063,17241622451389,17241622451389,0,17241623620449,17241623621751,17241623817011,17241623879667,17241642951389,17241623617271,11142467,17241624203105,17241624250188,17241624411178,17241626118886,17241627919407,25729,389584,17241627919407,17241627251491,17241653449410,17241626118886,
0,739071,17241633591987,17241633591987,0,17241633879772,17241633881022,17241634049408,17241634125450,17241654091987,17241633875085,11142309,17241635090137,17241635138835,17241635262533,17241636852377,17241638661960,23230,384167,17241638661960,17241637946752,17241664598213,17241636852377,
0,739079,17241644735622,17241644735622,0,17241645364930,17241645365972,17241645537951,17241645626232,17241665235622,17241645360503,11142362,17241646098576,17241646139774,17241646255347,17241647694305,17241649466024,21198,384219,17241649466024,17241648736180,17241675752693,17241647694305,
0,739087,17241655888540,17241655888540,0,17241656193785,17241656194514,17241656363160,17241656428577,17241676388540,17241656189827,11142950,17241656893629,17241656936233,17241657051077,17241658546546,17241660323525,22136,332292,17241660323525,17241659522952,17241686884205,17241658546546,
0,739095,17241667029208,17241667029208,0,17241667407536,17241667408422,17241667566130,17241667637640,17241687529208,17241667403422,11142824,17241668076807,17241668119099,17241668228265,17241669563682,17241671263995,22500,331927,17241671263995,17241670497797,17241698025925,17241669563682,
0,739103,17241678173051,17241678173051,0,17241678548423,17241678549308,17241678780506,17241678872433,17241698673051,17241678542954,11142946,17241679439152,17241679493319,17241679619621,17241681228683,17241683061027,24166,386667,17241683061027,17241682411600,17241709177801,17241681228683,
0,739111,17241689318100,17241689318100,0,17241689603997,17241689604986,17241689775716,17241689857174,17241709818100,17241689598268,11143071,17241690349153,17241690414257,17241690545507,17241692261653,17241694086914,24896,422292,17241694086914,17241693405299,17241720310458,17241692261653,
0,739119,17241700461177,17241700461177,0,17241700764206,17241700764935,17241700928112,17241700997852,17241720961177,17241700760144,11143115,17241701437331,17241701505300,17241701715560,17241703314259,17241705157852,31250,412657,17241705157852,17241704432748,17240394235847,17241703314259,
0,739127,17241711603513,17241711603513,0,17241712036134,17241712037176,17241712239937,17241712310041,17241732103513,17241712032228,11143094,17241712705562,17241712751343,17241712856187,17241714263426,17241716072124,62917,447708,17241716072124,17241715359416,17240405365327,17241714263426,
0,739135,17241722746802,17241722746802,0,17241723135719,17241723137802,17241723394938,17241723497386,17241743246802,17241723129417,11143080,17241724137073,17241724183531,17241724329938,17241726553375,17240390763190,26198,562291,17240390763190,17241727976969,17240416511214,17241726553375,
0,739143,17241733887935,17241733887935,0,17241734655772,17241734658324,17241735017230,17241735104678,17241754387935,17241734649783,11142957,17241735745668,17241735802595,17241735919106,17241737347908,17240401382671,24011,354948,17240401382671,17241738379939,17240427659704,17241737347908,
---PROFILEDATA---


View hierarchy:

  dev.polski.grammarmatrix.benchmark/dev.polski.grammarmatrix.GlassBenchmarkActivity/android.view.ViewRootImpl@86d155f
  6 views, 10.66 kB of render nodes


Total ViewRootImpl   : 1
Total attached Views : 6
Total RenderNode     : 10.66 kB (used) / 34.73 kB (capacity)