Applications Graphics Acceleration Info:
Uptime: 17193711 Realtime: 155200276

** Graphics info for pid 27061 [dev.polski.grammarmatrix.benchmark] **

Stats since: 17191108234479ns
Total frames rendered: 234
Janky frames: 0 (0.00%)
Janky frames (legacy): 0 (0.00%)
50th percentile: 5ms
90th percentile: 5ms
95th percentile: 5ms
99th percentile: 6ms
Number Missed Vsync: 0
Number High input latency: 0
Number Slow UI thread: 0
Number Slow bitmap uploads: 0
Number Slow issue draw commands: 0
Number Frame deadline missed: 0
Number Frame deadline missed (legacy): 0
HISTOGRAM: 5ms=230 6ms=3 7ms=1 8ms=0 9ms=0 10ms=0 11ms=0 12ms=0 13ms=0 14ms=0 15ms=0 16ms=0 17ms=0 18ms=0 19ms=0 20ms=0 21ms=0 22ms=0 23ms=0 24ms=0 25ms=0 26ms=0 27ms=0 28ms=0 29ms=0 30ms=0 31ms=0 32ms=0 34ms=0 36ms=0 38ms=0 40ms=0 42ms=0 44ms=0 46ms=0 48ms=0 53ms=0 57ms=0 61ms=0 65ms=0 69ms=0 73ms=0 77ms=0 81ms=0 85ms=0 89ms=0 93ms=0 97ms=0 101ms=0 105ms=0 109ms=0 113ms=0 117ms=0 121ms=0 125ms=0 129ms=0 133ms=0 150ms=0 200ms=0 250ms=0 300ms=0 350ms=0 400ms=0 450ms=0 500ms=0 550ms=0 600ms=0 650ms=0 700ms=0 750ms=0 800ms=0 850ms=0 900ms=0 950ms=0 1000ms=0 1050ms=0 1100ms=0 1150ms=0 1200ms=0 1250ms=0 1300ms=0 1350ms=0 1400ms=0 1450ms=0 1500ms=0 1550ms=0 1600ms=0 1650ms=0 1700ms=0 1750ms=0 1800ms=0 1850ms=0 1900ms=0 1950ms=0 2000ms=0 2050ms=0 2100ms=0 2150ms=0 2200ms=0 2250ms=0 2300ms=0 2350ms=0 2400ms=0 2450ms=0 2500ms=0 2550ms=0 2600ms=0 2650ms=0 2700ms=0 2750ms=0 2800ms=0 2850ms=0 2900ms=0 2950ms=0 3000ms=0 3050ms=0 3100ms=0 3150ms=0 3200ms=0 3250ms=0 3300ms=0 3350ms=0 3400ms=0 3450ms=0 3500ms=0 3550ms=0 3600ms=0 3650ms=0 3700ms=0 3750ms=0 3800ms=0 3850ms=0 3900ms=0 3950ms=0 4000ms=0 4050ms=0 4100ms=0 4150ms=0 4200ms=0 4250ms=0 4300ms=0 4350ms=0 4400ms=0 4450ms=0 4500ms=0 4550ms=0 4600ms=0 4650ms=0 4700ms=0 4750ms=0 4800ms=0 4850ms=0 4900ms=0 4950ms=0
50th gpu percentile: 2ms
90th gpu percentile: 2ms
95th gpu percentile: 2ms
99th gpu percentile: 3ms
GPU HISTOGRAM: 1ms=0 2ms=226 3ms=7 4ms=0 5ms=1 6ms=0 7ms=0 8ms=0 9ms=0 10ms=0 11ms=0 12ms=0 13ms=0 14ms=0 15ms=0 16ms=0 17ms=0 18ms=0 19ms=0 20ms=0 21ms=0 22ms=0 23ms=0 24ms=0 25ms=0 4950ms=0

Pipeline=Skia (OpenGL)
CPU Caches:
  Glyph Cache: 43.11 KB (1 entry)
  Glyph Count: 8 
Total CPU memory usage:
  44146 bytes, 43.11 KB (0.00 bytes is purgeable)
GPU Caches:
  Other:
    Other: 13.88 KB (1 entry)
    Buffer Object: 36.00 KB (1 entry)
  Scratch:
    Texture: 2.00 MB (1 entry)
    Buffer Object: 48.00 KB (1 entry)
Total GPU memory usage:
  2197376 bytes, 2.10 MB (36.00 KB is purgeable)

Profile data in ms:

	dev.polski.grammarmatrix.benchmark/dev.polski.grammarmatrix.GlassBenchmarkActivity/android.view.ViewRootImpl@86d155f (visibility=0)
Window: dev.polski.grammarmatrix.benchmark/dev.polski.grammarmatrix.GlassBenchmarkActivity
Stats since: 17191108234062ns
Total frames rendered: 234
Janky frames: 0 (0.00%)
Janky frames (legacy): 0 (0.00%)
50th percentile: 5ms
90th percentile: 5ms
95th percentile: 5ms
99th percentile: 6ms
Number Missed Vsync: 0
Number High input latency: 0
Number Slow UI thread: 0
Number Slow bitmap uploads: 0
Number Slow issue draw commands: 0
Number Frame deadline missed: 0
Number Frame deadline missed (legacy): 0
HISTOGRAM: 5ms=230 6ms=3 7ms=1 8ms=0 9ms=0 10ms=0 11ms=0 12ms=0 13ms=0 14ms=0 15ms=0 16ms=0 17ms=0 18ms=0 19ms=0 20ms=0 21ms=0 22ms=0 23ms=0 24ms=0 25ms=0 26ms=0 27ms=0 28ms=0 29ms=0 30ms=0 31ms=0 32ms=0 34ms=0 36ms=0 38ms=0 40ms=0 42ms=0 44ms=0 46ms=0 48ms=0 53ms=0 57ms=0 61ms=0 65ms=0 69ms=0 73ms=0 77ms=0 81ms=0 85ms=0 89ms=0 93ms=0 97ms=0 101ms=0 105ms=0 109ms=0 113ms=0 117ms=0 121ms=0 125ms=0 129ms=0 133ms=0 150ms=0 200ms=0 250ms=0 300ms=0 350ms=0 400ms=0 450ms=0 500ms=0 550ms=0 600ms=0 650ms=0 700ms=0 750ms=0 800ms=0 850ms=0 900ms=0 950ms=0 1000ms=0 1050ms=0 1100ms=0 1150ms=0 1200ms=0 1250ms=0 1300ms=0 1350ms=0 1400ms=0 1450ms=0 1500ms=0 1550ms=0 1600ms=0 1650ms=0 1700ms=0 1750ms=0 1800ms=0 1850ms=0 1900ms=0 1950ms=0 2000ms=0 2050ms=0 2100ms=0 2150ms=0 2200ms=0 2250ms=0 2300ms=0 2350ms=0 2400ms=0 2450ms=0 2500ms=0 2550ms=0 2600ms=0 2650ms=0 2700ms=0 2750ms=0 2800ms=0 2850ms=0 2900ms=0 2950ms=0 3000ms=0 3050ms=0 3100ms=0 3150ms=0 3200ms=0 3250ms=0 3300ms=0 3350ms=0 3400ms=0 3450ms=0 3500ms=0 3550ms=0 3600ms=0 3650ms=0 3700ms=0 3750ms=0 3800ms=0 3850ms=0 3900ms=0 3950ms=0 4000ms=0 4050ms=0 4100ms=0 4150ms=0 4200ms=0 4250ms=0 4300ms=0 4350ms=0 4400ms=0 4450ms=0 4500ms=0 4550ms=0 4600ms=0 4650ms=0 4700ms=0 4750ms=0 4800ms=0 4850ms=0 4900ms=0 4950ms=0
50th gpu percentile: 2ms
90th gpu percentile: 2ms
95th gpu percentile: 2ms
99th gpu percentile: 3ms
GPU HISTOGRAM: 1ms=0 2ms=226 3ms=7 4ms=0 5ms=1 6ms=0 7ms=0 8ms=0 9ms=0 10ms=0 11ms=0 12ms=0 13ms=0 14ms=0 15ms=0 16ms=0 17ms=0 18ms=0 19ms=0 20ms=0 21ms=0 22ms=0 23ms=0 24ms=0 25ms=0 4950ms=0



---PROFILEDATA---
Flags,FrameTimelineVsyncId,IntendedVsync,Vsync,InputEventId,HandleInputStart,AnimationStart,PerformTraversalsStart,DrawStart,FrameDeadline,FrameInterval,FrameStartTime,SyncQueued,SyncStart,IssueDrawCommandsStart,SwapBuffers,FrameCompleted,DequeueBufferDuration,QueueBufferDuration,GpuCompleted,SwapBuffersCompleted,DisplayPresentTime,CommandSubmissionCompleted,
0,703609,17192383289939,17192383289939,0,17192383985595,17192383987418,17192384200335,17192384284137,17192403789939,17192383593564,11143161,17192385193148,17192385240752,17192385378252,17192386841273,17192388649242,25885,396094,17192388649242,17192387917940,17192414276848,17192386841273,
0,703617,17192394428901,17192394428901,0,17192394826742,17192394828565,17192395101013,17192395619867,17192414928901,17192394823097,11142878,17192396758982,17192396821430,17192396967472,17192398468514,17192400202472,23020,362813,17192400202472,17192399518982,17192425424870,17192398468514,
0,703625,17192405571844,17192405571844,0,17192406190233,17192406192837,17192406399243,17192406505129,17192426071844,17192406184087,11142834,17192407494348,17192407537837,17192407696952,17192409517629,17192411286015,25782,378490,17192411286015,17192410628723,17192436554455,17192409517629,
0,703633,17192416714553,17192416714553,0,17192417062370,17192417063776,17192417246849,17192417328255,17192437214553,17192417058567,11142790,17192417912057,17192417957786,17192418093151,17192419648203,17192421403255,22292,375156,17192421403255,17192420693099,17192447697216,17192419648203,
0,703641,17192427854605,17192427854605,0,17192428149037,17192428150600,17192428373673,17192428465808,17192448354605,17192428143412,11142611,17192429016069,17192429061954,17192429200444,17192430784715,17192432558413,24166,390833,17192432558413,17192431887006,17192458844770,17192430784715,
0,703649,17192438996486,17192438996486,0,17192440204247,17192440205184,17192440372893,17192440430132,17192459496486,17192440201591,11142558,17192440766695,17192440811278,17192440932164,17192442562528,17192444319976,19896,370730,17192444319976,17192443625914,17192469984041,17192442562528,
0,703657,17192450134876,17192450134876,0,17192451348623,17192451349560,17192451530967,17192451586435,17192470634876,17192451346331,11142287,17192451934613,17192451980029,17192452105758,17192453452269,17192455200342,20312,370937,17192455200342,17192454483311,17192481124459,17192453452269,
0,703665,17192461273625,17192461273625,0,17192462474718,17192462475864,17192462666541,17192462729562,17192481773625,17192462472270,11142044,17192463080291,17192463126957,17192463285187,17192464841853,17192466742010,23177,407084,17192466742010,17192466081437,17192492271804,17192464841853,
0,703673,17192472412961,17192472412961,0,17192472772375,17192472773313,17192473370136,17192473454615,17192492912961,17192472768938,11141807,17192474003000,17192474046854,17192474163938,17192475699927,17192477462532,19375,346979,17192477462532,17192476696542,17192503409045,17192475699927,
0,703681,17192483551893,17192483551893,0,17192483844355,17192483845189,17192484045085,17192484119772,17192504051893,17192483840032,11141561,17192484570241,17192484612376,17192484729720,17192486407533,17192488367533,21615,389480,17192488367533,17192487519304,17192514553161,17192486407533,
0,703689,17192494695455,17192494695455,0,17192495102377,17192495103523,17192495282690,17192495366388,17192515195455,17192495098575,11141780,17192495954982,17192496007273,17192496128055,17192497557898,17192499361857,23229,408803,17192499361857,17192498640607,17192525695349,17192497557898,
0,703697,17192505837003,17192505837003,0,17192506234201,17192506234983,17192506418837,17192506519931,17192526337003,17192506229774,11141742,17192507049566,17192507097535,17192507209618,17192508761233,17192510533577,20782,397292,17192510533577,17192509862587,17192536863423,17192508761233,
0,703705,17192516977399,17192516977399,0,17192517291650,17192517292536,17192517460400,17192517542171,17192537477399,17192517288317,11141637,17192518099463,17192518149984,17192518270244,17192519713161,17192521454567,22813,339532,17192521454567,17192520708838,17192547982903,17192519713161,
0,703713,17192528118303,17192528118303,0,17192528790454,17192528791808,17192528980193,17192529063266,17192548618303,17192528787224,11141560,17192529607433,17192529650402,17192529773006,17192531091756,17192532857017,20469,349739,17192532857017,17192532112798,17192559137800,17192531091756,
0,703721,17192539260916,17192539260916,0,17192540477278,17192540478267,17192540648996,17192540701757,17192559760916,17192540475142,11141646,17192541050715,17192541102486,17192541235715,17192542688840,17192544519361,22291,370938,17192544519361,17192543723580,17192570263635,17192542688840,
0,703729,17192550409353,17192550409353,0,17192551063581,17192551064518,17192551214831,17192551282018,17192570909353,17192551060456,11142050,17192551740664,17192551780664,17192551873373,17192552932852,17192554516654,15469,272656,17192554516654,17192553679519,17192581409626,17192552932852,
0,703737,17192561550804,17192561550804,0,17192561940717,17192561941915,17192562188894,17192562280978,17192582050804,17192561935405,11141995,17192562836030,17192562891342,17192563016290,17192564567801,17192566401447,27604,373021,17192566401447,17192565713166,17192592558116,17192564567801,
0,703745,17192572694872,17192572694872,0,17192573341968,17192573342802,17192573538531,17192573639677,17192593194872,17192573338062,11142076,17192574259052,17192574298271,17192574423635,17192576047594,17192577908115,17917,414115,17192577908115,17192577195771,17192603689471,17192576047594,
0,703753,17192583835471,17192583835471,0,17192584378272,17192584379053,17192584588636,17192584664522,17192604335471,17192584374574,11141979,17192585710511,17192585770563,17192585894574,17192587384262,17192589162335,25312,502136,17192589162335,17192588602907,17192614830983,17192587384262,
0,703761,17192594979565,17192594979565,0,17192595334106,17192595334991,17192595509158,17192595592387,17192615479565,17192595329575,11142183,17192596090617,17192596151450,17192596279939,17192597613742,17192599383377,22239,420312,17192599383377,17192598688638,17192625976453,17192597613742,
0,703769,17192606122918,17192606122918,0,17192606931086,17192606932441,17192607122909,17192607216972,17192626622918,17192606926243,11142249,17192607675982,17192607732701,17192607883274,17192609298691,17192611050201,20521,370625,17192611050201,17192610349576,17192637119891,17192609298691,
0,703777,17192617262864,17192617262864,0,17192617573692,17192617574369,17192617784421,17192617879265,17192637762864,17192617569785,11142088,17192617903744,17192617964525,17192618076296,17192619525775,17192621290463,20572,347083,17192621290463,17192620549161,17192648260882,17192619525775,
0,703785,17192628405368,17192628405368,0,17192629055047,17192629056297,17192629244005,17192629327182,17192648905368,17192629050359,11142180,17192630030255,17192630088797,17192630214943,17192631490776,17192633309110,23072,347605,17192633309110,17192632582443,17192659400102,17192631490776,
0,703793,17192639548849,17192639548849,0,17192640756663,17192640757548,17192640920569,17192640981715,17192660048849,17192640753277,11142328,17192641698173,17192641758902,17192641903121,17192643385725,17192645206507,22813,355156,17192645206507,17192644428851,17192670546145,17192643385725,
0,703801,17192650690947,17192650690947,0,17192651088382,17192651090726,17192651269945,17192651373122,17192671190947,17192651083330,11142324,17192652261351,17192652310049,17192652456403,17192654250049,17192656047133,25521,464896,17192656047133,17192655504737,17192681698906,17192654250049,
0,703809,17192661833734,17192661833734,0,17192663145727,17192663146977,17192663323384,17192663392290,17192682333734,17192663142446,11142397,17192663757446,17192663804321,17192663950571,17192665758071,17192667624061,25782,443958,17192667624061,17192666992655,17192692835210,17192665758071,
0,703817,17192672973883,17192672973883,0,17192674204895,17192674206249,17192674420260,17192674481979,17192693473883,17192674201979,11142239,17192674823489,17192674871874,17192675078489,17192676792135,17192678607760,34270,426927,17192678607760,17192677986093,17192703968648,17192676792135,
0,703825,17192684115033,17192684115033,0,17192685379167,17192685380313,17192685582709,17192685643021,17192704615033,17192685376355,11142143,17192685984792,17192686032865,17192686171303,17192687680782,17192689485626,23490,415677,17192689485626,17192688927709,17192715108753,17192687680782,
0,703833,17192695259522,17192695259522,0,17192695610887,17192695611824,17192695783283,17192695854845,17192715759522,17192695605991,11142275,17192696348335,17192696466877,17192696582710,17192698079793,17192699879950,21718,373698,17192699879950,17192699199377,17192726251671,17192698079793,
0,703841,17192706401892,17192706401892,0,17192706719950,17192706720888,17192706896148,17192706977346,17192726901892,17192706716565,11142261,17192707491409,17192707535107,17192707651565,17192709087607,17192710821305,21719,353646,17192710821305,17192710090784,17192737393808,17192709087607,
0,703849,17192717541698,17192717541698,0,17192717875785,17192717876462,17192718049118,17192718127243,17192738041698,17192717871618,11142083,17192718691045,17192718732973,17192718854327,17192720235316,17192721983077,21302,333750,17192721983077,17192721183077,17192748533080,17192720235316,
0,703857,17192728681831,17192728681831,0,17192729342765,17192729343859,17192729519901,17192729610265,17192749181831,17192729339692,11141956,17192730129849,17192730170369,17192730284380,17192731764536,17192733542609,17812,353646,17192733542609,17192732767349,17192759676050,17192731764536,
0,703865,17192739821465,17192739821465,0,17192740568391,17192740569173,17192740756568,17192740848339,17192760321465,17192740565318,11141771,17192741379746,17192741419798,17192741526829,17192743021881,17192744798808,20886,354740,17192744798808,17192744027142,17192770826051,17192743021881,
0,703873,17192750961431,17192750961431,0,17192751269070,17192751269903,17192751489955,17192751576257,17192771461431,17192751265997,11141618,17192752157768,17192752204434,17192752317247,17192753840528,17192755644799,22084,378697,17192755644799,17192754941778,17192781970218,17192753840528,
0,703881,17192762100753,17192762100753,0,17192763314644,17192763315581,17192763504696,17192763560164,17192782600753,17192763312144,11141428,17192763900165,17192764005008,17192764124540,17192765805633,17192767657509,19063,412239,17192767657509,17192766976415,17192793111782,17192765805633,
0,703889,17192773244611,17192773244611,0,17192773583238,17192773584280,17192773777718,17192774271051,17192793744611,17192773580009,11141667,17192774910270,17192775011051,17192775157353,17192776749957,17192778629749,21667,387917,17192778629749,17192777860322,17192804250012,17192776749957,
0,703897,17192784387295,17192784387295,0,17192784693552,17192784694490,17192784879229,17192784997250,17192804887295,17192784690167,11141706,17192785502198,17192785548031,17192785656938,17192787073396,17192788880688,21250,380208,17192788880688,17192788118761,17192815389024,17192787073396,
0,703905,17192795532547,17192795532547,0,17192795870689,17192795871782,17192796432251,17192796520532,17192816032547,17192795867199,11141975,17192797050116,17192797094647,17192797219543,17192798660897,17192800771939,21250,367240,17192800771939,17192799696626,17192826522306,17192798660897,
0,703913,17192806675198,17192806675198,0,17192807868711,17192807869752,17192808043659,17192808099336,17192827175198,17192807866315,11141993,17192808527981,17192808581315,17192808716836,17192810219909,17192812468607,22917,388698,17192812468607,17192811300325,17192837673922,17192810219909,
0,703921,17192817817433,17192817817433,0,17192818149232,17192818150066,17192818364857,17192818447930,17192838317433,17192818145326,11142009,17192819032201,17192819085430,17192819217826,17192820769441,17192822606056,23541,445105,17192822606056,17192821933243,17192848811840,17192820769441,
0,703929,17192828959991,17192828959991,0,17192829283504,17192829284806,17192829445744,17192829522254,17192849459991,17192829279598,11142084,17192829997150,17192830039754,17192830138713,17192831520432,17192833343869,19062,361927,17192833343869,17192832653505,17192859949810,17192831520432,
0,703937,17192840098878,17192840098878,0,17192840737724,17192840739912,17192841019912,17192841119964,17192860598878,17192840732464,11141880,17192841823870,17192841877047,17192842020172,17192843886475,17192845738871,29010,765678,17192845738871,17192845511110,17192871085696,17192843886475,
0,703945,17192851240161,17192851240161,0,17192851613559,17192851636319,17192851943559,17192852055225,17192871740161,17192851605746,11141816,17192852530434,17192853444861,17192853547309,17192854537778,17192856178715,16250,307448,17192856178715,17192855391528,17192882234395,17192854537778,
0,703953,17192862380959,17192862380959,0,17192862778612,17192862781685,17192863004966,17192863125643,17192882880959,17192862770383,11141744,17192863158664,17192864107570,17192864174029,17192865182206,17192866838925,16666,273386,17192866838925,17192865971164,17192893382365,17192865182206,
0,703961,17192873521119,17192873521119,0,17192873896165,17192873899082,17192874221165,17192874746373,17192894021119,17192873888665,11141645,17192875730540,17192876162988,17192876242988,17192877276634,17192878906895,17396,291771,17192878906895,17192878105332,17192904511116,17192877276634,
0,703969,17192884659821,17192884659821,0,17192885165697,17192885168614,17192885437625,17192885552156,17192905159821,17192885157260,11141457,17192887180541,17192888160698,17192888242625,17192889318146,17192891423250,44740,297552,17192891423250,17192890163250,17192915654711,17192889318146,
0,703977,17192895800010,17192895800010,0,17192896967469,17192896969553,17192897155647,17192897225959,17192916300010,17192896962886,11141344,17192897811011,17192897876532,17192898062053,17192899927053,17192901727366,28177,366093,17192901727366,17192900998355,17192926796795,17192899927053,
0,703985,17192906942415,17192906942415,0,17192907580023,17192907581273,17192907774502,17192907827210,17192927442415,17192907576325,11141388,17192908134033,17192908176741,17192908430804,17192909987106,17192911836638,23907,865312,17192911836638,17192911586950,17192937936224,17192909987106,
0,703993,17192918083444,17192918083444,0,17192919289034,17192919295909,17192919519347,17192919580284,17192938583444,17192919284295,11141419,17192919944086,17192919998253,17192920143409,17192922129816,17192923948878,29271,720364,17192923948878,17192923640910,17192949077527,17192922129816,
0,704001,17192929224500,17192929224500,0,17192929931431,17192929932941,17192930208671,17192930266796,17192949724500,17192929927056,11141425,17192930616900,17192930826014,17192931270077,17192932162994,17192933716484,14010,255938,17192933716484,17192932855338,17192960219403,17192932162994,
0,704009,17192940364585,17192940364585,0,17192940728984,17192940730495,17192940946328,17192941007213,17192960864585,17192940724609,11141327,17192941367734,17192941788828,17192942395078,17192943328620,17192944892110,15573,410938,17192944892110,17192944206537,17192971362841,17192943328620,
0,704017,17192951503987,17192951503987,0,17192951844089,17192951845496,17192952053517,17192952112006,17192972003987,17192951839923,11141181,17192952457371,17192952726954,17192953210183,17192954131486,17192955685965,13386,449167,17192955685965,17192955202788,17192982518728,17192954131486,
0,704025,17192962643619,17192962643619,0,17192962911486,17192962913049,17192963113934,17192963174091,17192983143619,17192962907684,11141058,17192963527164,17192963859924,17192964483205,17192965444924,17192967045081,15781,225677,17192967045081,17192966120862,17192993641125,17192965444924,
0,704033,17192973783522,17192973783522,0,17192974095290,17192974096956,17192974285185,17192974339873,17192994283522,17192974091956,11140956,17192974642686,17192975043831,17192975666279,17192976508519,17192978076592,14062,214167,17192978076592,17192977150707,17193004791855,17192976508519,
0,704041,17192984923633,17192984923633,0,17192985227530,17192985228884,17192985403937,17192985458832,17193005423633,17192985224509,11140854,17192985799093,17192986175708,17192986764718,17192987849770,17192989415812,13698,232761,17192989415812,17192988499458,17193015928835,17192987849770,
0,704049,17192996067482,17192996067482,0,17192996370240,17192996371698,17192996524823,17192996574563,17193016567482,17192996367375,11140981,17192996878261,17192997224667,17192997812636,17192999031542,17193001025865,13750,207552,17193001025865,17192999653626,17193027076024,17192999031542,
0,704057,17193007207817,17193007207817,0,17193007605137,17193007607741,17193007937949,17193008028418,17193027707817,17193007598835,11140950,17193008719616,17193008775085,17193008931543,17193010655137,17193012360814,24844,625677,17193012360814,17193012017168,17193038217275,17193010655137,
0,704065,17193018351139,17193018351139,0,17193018729877,17193018732169,17193019016492,17193019118888,17193038851139,17193018723575,11141116,17193019850867,17193019897898,17193020057482,17193021828367,17193023628263,26771,383698,17193023628263,17193022947899,17193049361391,17193021828367,
0,704073,17193029493531,17193029493531,0,17193029800035,17193029801181,17193030016806,17193030103837,17193049993531,17193029795087,11141230,17193030681702,17193030722431,17193030829774,17193031998733,17193033713837,18177,295833,17193033713837,17193032814410,17193060506548,17193031998733,
0,704081,17193040637046,17193040637046,0,17193040957015,17193040958265,17193041124984,17193041182380,17193061137046,17193040953682,11141394,17193041518265,17193041562328,17193041765244,17193043308994,17193045118526,22656,333959,17193045118526,17193044328578,17193071641810,17193043308994,
0,704089,17193051780173,17193051780173,0,17193052107277,17193052108527,17193052286079,17193052367589,17193072280173,17193052102433,11141521,17193053402537,17193053447693,17193053566183,17193055064048,17193056831444,20834,337292,17193056831444,17193056020819,17193082786498,17193055064048,
0,704097,17193062922626,17193062922626,0,17193063301913,17193063303111,17193063469257,17193063559361,17193083422626,17193063298059,11141558,17193064057694,17193064120767,17193064217122,17193065603840,17193067340924,18646,298438,17193067340924,17193066459413,17193093928166,17193065603840,
0,704105,17193074067431,17193074067431,0,17193074459310,17193074460456,17193074664518,17193074763373,17193094567431,17193074454414,11141793,17193075401966,17193075441237,17193075560716,17193076893060,17193078628790,18541,310053,17193078628790,17193077813165,17193105093480,17193076893060,
0,704113,17193085210090,17193085210090,0,17193085498686,17193085499832,17193085655561,17193085728217,17193105710090,17193085494884,11141879,17193086198165,17193086246030,17193086370717,17193087758322,17193089514728,22708,425000,17193089514728,17193088894936,17193116222231,17193087758322,
0,704121,17193096352937,17193096352937,0,17193096676031,17193096677125,17193096874989,17193096972854,17193116852937,17193096670927,11141954,17193097447281,17193097516917,17193097689937,17193099157281,17193100906188,24375,360833,17193100906188,17193100163219,17193127364940,17193099157281,
0,704129,17193107494790,17193107494790,0,17193107870511,17193107872074,17193108064522,17193108163324,17193127994790,17193107864626,11141934,17193108189626,17193108257282,17193108431449,17193109827803,17193111600876,25052,375937,17193111600876,17193110850564,17193138500462,17193109827803,
0,704137,17193118643333,17193118643333,0,17193119029262,17193119030460,17193119243481,17193119337179,17193139143333,17193119023898,11142348,17193120107544,17193120158638,17193120282388,17193121703846,17193123452075,22240,356719,17193123452075,17193122710148,17193149637286,17193121703846,
0,704145,17193129789256,17193129789256,0,17193130088586,17193130089472,17193130256191,17193130342128,17193150289256,17193130084524,11142639,17193131910878,17193131966243,17193132109368,17193133525045,17193135220097,22813,338594,17193135220097,17193134512129,17193160778954,17193133525045,
0,704153,17193140933175,17193140933175,0,17193141329733,17193141330879,17193141505619,17193141601765,17193161433175,17193141324577,11142730,17193142466088,17193142507025,17193142628223,17193144301973,17193146054265,24896,406771,17193146054265,17193145413171,17193171929320,17193144301973,
0,704161,17193152075516,17193152075516,0,17193152442234,17193152443328,17193152651297,17193152739526,17193172575516,17193152438224,11142734,17193153354266,17193153404735,17193153536558,17193155116974,17193156922756,24219,360104,17193156922756,17193156188120,17193183064738,17193155116974,
0,704169,17193163216502,17193163216502,0,17193163516194,17193163517392,17193163718538,17193163807704,17193183716502,17193163511402,11142657,17193164390934,17193164433121,17193164561819,17193166155309,17193167889319,21667,330833,17193167889319,17193167156507,17193194208541,17193166155309,
0,704177,17193174356964,17193174356964,0,17193175544737,17193175545987,17193175733539,17193175800622,17193194856964,17193175541091,11142533,17193176159581,17193176205101,17193176354789,17193178101612,17193180015675,23229,401406,17193180015675,17193179380571,17193205380104,17193178101612,
0,704185,17193185499297,17193185499297,0,17193186714373,17193186715623,17193186914530,17193186980415,17193205999297,17193186711665,11142514,17193187339686,17193187389530,17193187549061,17193189364842,17193191159322,24636,420416,17193191159322,17193190536613,17193216492397,17193189364842,
0,704193,17193196639769,17193196639769,0,17193196980104,17193196981510,17193197178697,17193197262551,17193217139769,17193196976770,11142381,17193197815624,17193197865208,17193198015416,17193199710625,17193201464166,26145,359011,17193201464166,17193200770885,17193227653596,17193199710625,
0,704201,17193207780798,17193207780798,0,17193208096303,17193208097813,17193208279011,17193208423282,17193228280798,17193208092761,11142288,17193209105261,17193209193959,17193209297501,17193210774532,17193212538699,20521,551146,17193212538699,17193211991928,17193238779014,17193210774532,
0,704209,17193218931171,17193218931171,0,17193220225418,17193220226512,17193220416408,17193220481200,17193239431171,17193220222293,11142829,17193220866564,17193220920523,17193221088752,17193222970210,17193224855419,27917,441042,17193224855419,17193224206304,17193249923963,17193222970210,
0,704217,17193230070683,17193230070683,0,17193230399169,17193230400055,17193230576096,17193231042555,17193250570683,17193230395471,11142603,17193231724378,17193231766982,17193231907607,17193233521097,17193235317034,24427,364219,17193235317034,17193234573076,17193261090110,17193233521097,
0,704225,17193241216065,17193241216065,0,17193242463650,17193242464587,17193242643806,17193242707504,17193261716065,17193242460629,11142773,17193243111462,17193243157504,17193243298702,17193244893077,17193246788598,21302,407552,17193246788598,17193246133963,17193272209121,17193244893077,
0,704233,17193252356144,17193252356144,0,17193252720161,17193252721151,17193252926463,17193253026620,17193272856144,17193252714849,11142593,17193253647661,17193253688911,17193253830213,17193255537557,17193257322818,22916,351563,17193257322818,17193256602453,17193283347143,17193255537557,
0,704241,17193263497596,17193263497596,0,17193263988131,17193263989433,17193264156933,17193264232975,17193283997596,17193263983756,11142523,17193265157089,17193265197298,17193265319589,17193266679225,17193268427611,19740,318438,17193268427611,17193267619798,17193294496780,17193266679225,
0,704249,17193274644626,17193274644626,0,17193275005840,17193275007820,17193275230840,17193275326309,17193295144626,17193275000268,11142774,17193275964122,17193276010841,17193276142351,17193277675945,17193279516205,24739,377291,17193279516205,17193278909643,17193305638500,17193277675945,
0,704257,17193285785743,17193285785743,0,17193286406102,17193286407404,17193286628706,17193286716883,17193306285743,17193286401310,11142680,17193287298706,17193287345685,17193287485008,17193289102196,17193290958967,23334,374376,17193290958967,17193290190998,17193316778188,17193289102196,
0,704265,17193296926261,17193296926261,0,17193297305113,17193297306103,17193297491989,17193297578707,17193317426261,17193297301520,11142568,17193298112874,17193298154541,17193298259957,17193299699228,17193301537093,19375,376823,17193301537093,17193300762145,17193327913033,17193299699228,
0,704273,17193308067512,17193308067512,0,17193308437510,17193308439177,17193308738135,17193308837406,17193328567512,17193308432771,11142457,17193309565167,17193309622094,17193309782875,17193311466157,17193313516834,24896,428906,17193313516834,17193312861365,17193339064857,17193311466157,
0,704281,17193319208843,17193319208843,0,17193319492407,17193319493605,17193319655272,17193319731262,17193339708843,17193319489126,11142363,17193320180741,17193320224178,17193320351366,17193321779283,17193323502512,24010,341928,17193323502512,17193322775845,17193350197931,17193321779283,
0,704289,17193330349305,17193330349305,0,17193330691627,17193330692617,17193330872773,17193330961211,17193350849305,17193330688502,11142212,17193331497825,17193331543346,17193331732877,17193332962669,17193334698503,20677,312761,17193334698503,17193333852305,17193361346214,17193332962669,
0,704297,17193341491633,17193341491633,0,17193341891785,17193341892878,17193342073972,17193342159024,17193361991633,17193341888764,11142312,17193342562097,17193342632097,17193342765014,17193344128035,17193345888400,22031,457136,17193345888400,17193345240222,17193372479288,17193344128035,
0,704305,17193352634601,17193352634601,0,17193353452307,17193353453296,17193353645744,17193353745015,17193373134601,17193353448817,11142374,17193353771630,17193353818400,17193353927932,17193355454286,17193357191109,22708,326927,17193357191109,17193356435484,17193383623872,17193355454286,
0,704313,17193363775454,17193363775454,0,17193364135433,17193364136787,17193364390954,17193364489964,17193384275454,17193364129808,11142315,17193365426266,17193365489443,17193365641266,17193367299339,17193369114287,27500,487865,17193369114287,17193368554652,17193394765852,17193367299339,
0,704321,17193374916932,17193374916932,0,17193375591059,17193375592725,17193375799653,17193375904653,17193395416932,17193375585850,11142255,17193377064392,17193377119653,17193377266111,17193378894288,17193380626163,21927,356615,17193380626163,17193379966476,17193405912416,17193378894288,
0,704329,17193386055279,17193386055279,0,17193387284914,17193387286425,17193387453300,17193387516008,17193406555279,17193387281008,11141977,17193388054966,17193388101737,17193388251789,17193390015487,17193392108404,72552,387188,17193392108404,17193391129498,17193417049240,17193390015487,
0,704337,17193397194150,17193397194150,0,17193398371478,17193398372624,17193398563196,17193398623197,17193417694150,17193398367780,11141727,17193398997207,17193399045697,17193399191322,17193400936113,17193402765176,25417,467239,17193402765176,17193402163718,17193428190491,17193400936113,
0,704345,17193408334289,17193408334289,0,17193409607364,17193409608510,17193409808927,17193409872625,17193428834289,17193409604760,11141602,17193410218041,17193410266062,17193410419448,17193412272729,17193414054865,25261,384375,17193414054865,17193413356635,17193439330648,17193412272729,
0,704353,17193419474527,17193419474527,0,17193419798928,17193419799813,17193420001532,17193420079344,17193439974527,17193419795178,11141443,17193420621949,17193420670490,17193420795751,17193422325126,17193424091116,22917,394114,17193424091116,17193423404918,17193450475337,17193422325126,
0,704361,17193430613645,17193430613645,0,17193431304606,17193431305804,17193431507523,17193431675700,17193451113645,17193431299710,11141227,17193432303825,17193432347523,17193432469294,17193433869867,17193435613773,19740,348646,17193435613773,17193434877940,17193461611901,17193433869867,
0,704369,17193441757405,17193441757405,0,17193442105180,17193442106326,17193442309711,17193442405128,17193462257405,17193442101534,11141467,17193442935597,17193442978722,17193443084868,17193444520909,17193446286170,22552,371458,17193446286170,17193445629607,17193472757943,17193444520909,
0,704377,17193452896455,17193452896455,0,17193453252369,17193453253358,17193453451587,17193453539087,17193473396455,17193453248619,11141255,17193454147629,17193454197473,17193454338462,17193456019608,17193457790598,23698,381407,17193457790598,17193457099296,17193483908413,17193456019608,
0,704385,17193464039337,17193464039337,0,17193464373047,17193464374141,17193464559922,17193464636432,17193484539337,17193464368672,11141388,17193465260964,17193465304714,17193465425443,17193466741224,17193468530547,22500,353073,17193468530547,17193467743568,17193495037737,17193466741224,
0,704393,17193475178552,17193475178552,0,17193475465444,17193475466537,17193475642267,17193475723933,17193495678552,17193475462006,11141208,17193476296069,17193476335965,17193476462111,17193477900965,17193479676121,20104,382656,17193479676121,17193479053882,17193506209926,17193477900965,
0,704401,17193486319387,17193486319387,0,17193487557060,17193487558726,17193487743987,17193487803310,17193506819387,17193487554195,11141144,17193488164612,17193488215601,17193488398153,17193490182945,17193492042945,27240,434948,17193492042945,17193491388154,17193517325552,17193490182945,
0,704409,17193497466337,17193497466337,0,17193497807894,17193497808883,17193498015186,17193498085186,17193517966337,17193497804769,11141526,17193498545446,17193498601904,17193498724456,17193500197113,17193501998728,18489,375989,17193501998728,17193501297373,17193528479824,17193500197113,
0,704417,17193508606890,17193508606890,0,17193508874093,17193508875082,17193509053416,17193509129249,17193529106890,17193508870395,11141526,17193510099353,17193510176645,17193510303781,17193512163624,17193514007479,29427,420000,17193514007479,17193513331541,17193539609200,17193512163624,
0,704425,17193519754376,17193519754376,0,17193520048782,17193520049719,17193520229094,17193520318000,17193540254376,17193520044979,11141848,17193520836646,17193520877480,17193520985969,17193522393417,17193524151282,21250,326198,17193524151282,17193523331178,17193550756128,17193522393417,
0,704433,17193530896219,17193530896219,0,17193531209876,17193531211126,17193531421699,17193531521283,17193551396219,17193531205814,11141878,17193532219304,17193532268679,17193532414772,17193534006908,17193535870189,26614,455677,17193535870189,17193535189564,17193561896807,17193534006908,
0,704441,17193542041243,17193542041243,0,17193543300346,17193543301909,17193543485971,17193543550451,17193562541243,17193543296857,11142097,17193543900451,17193543940659,17193544073471,17193545613367,17193547424461,18802,337083,17193547424461,17193546623420,17193573041651,17193545613367,
0,704449,17193553182779,17193553182779,0,17193553819774,17193553820868,17193554018004,17193554105920,17193573682779,17193553815452,11142096,17193554686962,17193554731441,17193554858889,17193556239931,17193558012171,16979,327709,17193558012171,17193557181754,17193584173632,17193556239931,
0,704457,17193564324543,17193564324543,0,17193565527796,17193565529411,17193565707380,17193565768942,17193584824543,17193565524567,11142067,17193566143526,17193566189724,17193566328005,17193567793734,17193569562016,21250,410990,17193569562016,17193568934411,17193595323372,17193567793734,
0,704465,17193575467518,17193575467518,0,17193575821183,17193575822172,17193576395350,17193576490662,17193595967518,17193575816912,11142169,17193577128631,17193577179933,17193577307068,17193578727589,17193580479465,22708,279584,17193580479465,17193579595142,17193606462957,17193578727589,
0,704473,17193586609893,17193586609893,0,17193586994778,17193586995611,17193587172017,17193587265559,17193607109893,17193586990819,11142183,17193587691705,17193587744257,17193587889726,17193589400247,17193591179049,20521,380885,17193591179049,17193590463632,17193617595197,17193589400247,
0,704481,17193597750777,17193597750777,0,17193598104310,17193598105560,17193599383685,17193599512904,17193618250777,17193598099675,11142147,17193599541862,17193599610144,17193599737487,17193601412019,17193603363634,24323,433437,17193603363634,17193602735821,17193628744834,17193601412019,
0,704489,17193608892347,17193608892347,0,17193609239155,17193609241082,17193609461499,17193609541134,17193629392347,17193609234415,11142100,17193610278791,17193610318999,17193610431134,17193611835041,17193613518999,19063,322552,17193613518999,17193612768687,17193639878221,17193611835041,
0,704497,17193620033667,17193620033667,0,17193620487646,17193620488739,17193620665146,17193620754000,17193640533667,17193620483219,11142053,17193621959417,17193622012750,17193622143896,17193623608688,17193625300615,23333,359948,17193625300615,17193624620927,17193651017024,17193623608688,
0,704505,17193631172636,17193631172636,0,17193631496188,17193631498376,17193631693168,17193631784261,17193651672636,17193631491657,11141868,17193632527907,17193632569782,17193632712386,17193634445147,17193636207283,24271,369583,17193636207283,17193635586762,17193662164160,17193634445147,
0,704513,17193642314419,17193642314419,0,17193642613169,17193642613898,17193642758637,17193642833325,17193662814419,17193642609940,11141880,17193643240825,17193643266815,17193643399106,17193644892127,17193646688638,20417,337187,17193646688638,17193645952388,17193673302651,17193644892127,
0,704521,17193653453411,17193653453411,0,17193653766659,17193653767441,17193653933222,17193654016295,17193673953411,17193653762909,11141698,17193654537545,17193654575514,17193654707441,17193656294160,17193658031139,21823,352448,17193658031139,17193657310618,17193684444110,17193656294160,
0,704529,17193664591741,17193664591741,0,17193665797286,17193665798431,17193665978796,17193666038484,17193685091741,17193665794317,11141476,17193666377129,17193666421088,17193666555723,17193668235828,17193670175046,22240,423021,17193670175046,17193669549838,17193695584007,17193668235828,
0,704537,17193675731283,17193675731283,0,17193676972235,17193676973537,17193677176349,17193677236610,17193696231283,17193676969318,11141318,17193677581870,17193677633953,17193677782391,17193679622808,17193681414943,28906,412969,17193681414943,17193680798902,17192369708875,17193679622808,
0,704545,17193686870543,17193686870543,0,17193687555152,17193687556298,17193687771507,17193687868069,17193707370543,17193687550777,11141162,17193688502027,17193688559007,17193688701663,17193690274840,17193692061976,26563,382552,17193692061976,17193691388017,17192380847053,17193690274840,
0,704553,17193698009048,17193698009048,0,17193698392497,17193698393956,17193698611820,17193698709112,17193718509048,17193698387185,11140932,17193699328799,17193699372862,17193699500622,17193701321560,17192365618719,23333,510261,17192365618719,17193702742498,17192392005752,17193701321560,
0,704561,17193709147855,17193709147855,0,17193709487915,17193709489894,17193710080050,17193710153748,17193729647855,17193709483748,11140747,17193710726092,17193710774634,17193710873228,17193712223488,17192375960699,19010,315365,17192375960699,17193713100780,17192403146795,17193712223488,
---PROFILEDATA---


View hierarchy:

  dev.polski.grammarmatrix.benchmark/dev.polski.grammarmatrix.GlassBenchmarkActivity/android.view.ViewRootImpl@86d155f
  6 views, 10.66 kB of render nodes


Total ViewRootImpl   : 1
Total attached Views : 6
Total RenderNode     : 10.66 kB (used) / 34.73 kB (capacity)