Applications Graphics Acceleration Info:
Uptime: 17207720 Realtime: 155214285

** Graphics info for pid 27061 [dev.polski.grammarmatrix.benchmark] **

Stats since: 17205124919000ns
Total frames rendered: 233
Janky frames: 0 (0.00%)
Janky frames (legacy): 0 (0.00%)
50th percentile: 5ms
90th percentile: 5ms
95th percentile: 5ms
99th percentile: 5ms
Number Missed Vsync: 0
Number High input latency: 0
Number Slow UI thread: 0
Number Slow bitmap uploads: 0
Number Slow issue draw commands: 0
Number Frame deadline missed: 0
Number Frame deadline missed (legacy): 0
HISTOGRAM: 5ms=231 6ms=2 7ms=0 8ms=0 9ms=0 10ms=0 11ms=0 12ms=0 13ms=0 14ms=0 15ms=0 16ms=0 17ms=0 18ms=0 19ms=0 20ms=0 21ms=0 22ms=0 23ms=0 24ms=0 25ms=0 26ms=0 27ms=0 28ms=0 29ms=0 30ms=0 31ms=0 32ms=0 34ms=0 36ms=0 38ms=0 40ms=0 42ms=0 44ms=0 46ms=0 48ms=0 53ms=0 57ms=0 61ms=0 65ms=0 69ms=0 73ms=0 77ms=0 81ms=0 85ms=0 89ms=0 93ms=0 97ms=0 101ms=0 105ms=0 109ms=0 113ms=0 117ms=0 121ms=0 125ms=0 129ms=0 133ms=0 150ms=0 200ms=0 250ms=0 300ms=0 350ms=0 400ms=0 450ms=0 500ms=0 550ms=0 600ms=0 650ms=0 700ms=0 750ms=0 800ms=0 850ms=0 900ms=0 950ms=0 1000ms=0 1050ms=0 1100ms=0 1150ms=0 1200ms=0 1250ms=0 1300ms=0 1350ms=0 1400ms=0 1450ms=0 1500ms=0 1550ms=0 1600ms=0 1650ms=0 1700ms=0 1750ms=0 1800ms=0 1850ms=0 1900ms=0 1950ms=0 2000ms=0 2050ms=0 2100ms=0 2150ms=0 2200ms=0 2250ms=0 2300ms=0 2350ms=0 2400ms=0 2450ms=0 2500ms=0 2550ms=0 2600ms=0 2650ms=0 2700ms=0 2750ms=0 2800ms=0 2850ms=0 2900ms=0 2950ms=0 3000ms=0 3050ms=0 3100ms=0 3150ms=0 3200ms=0 3250ms=0 3300ms=0 3350ms=0 3400ms=0 3450ms=0 3500ms=0 3550ms=0 3600ms=0 3650ms=0 3700ms=0 3750ms=0 3800ms=0 3850ms=0 3900ms=0 3950ms=0 4000ms=0 4050ms=0 4100ms=0 4150ms=0 4200ms=0 4250ms=0 4300ms=0 4350ms=0 4400ms=0 4450ms=0 4500ms=0 4550ms=0 4600ms=0 4650ms=0 4700ms=0 4750ms=0 4800ms=0 4850ms=0 4900ms=0 4950ms=0
50th gpu percentile: 2ms
90th gpu percentile: 2ms
95th gpu percentile: 3ms
99th gpu percentile: 3ms
GPU HISTOGRAM: 1ms=0 2ms=217 3ms=16 4ms=0 5ms=0 6ms=0 7ms=0 8ms=0 9ms=0 10ms=0 11ms=0 12ms=0 13ms=0 14ms=0 15ms=0 16ms=0 17ms=0 18ms=0 19ms=0 20ms=0 21ms=0 22ms=0 23ms=0 24ms=0 25ms=0 4950ms=0

Pipeline=Skia (OpenGL)
CPU Caches:
  Glyph Cache: 43.11 KB (1 entry)
  Glyph Count: 8 
Total CPU memory usage:
  44146 bytes, 43.11 KB (0.00 bytes is purgeable)
GPU Caches:
  Other:
    Other: 13.66 KB (1 entry)
    Buffer Object: 36.00 KB (1 entry)
  Scratch:
    Texture: 2.00 MB (1 entry)
    Buffer Object: 48.00 KB (1 entry)
Total GPU memory usage:
  2197152 bytes, 2.10 MB (36.00 KB is purgeable)

Profile data in ms:

	dev.polski.grammarmatrix.benchmark/dev.polski.grammarmatrix.GlassBenchmarkActivity/android.view.ViewRootImpl@86d155f (visibility=0)
Window: dev.polski.grammarmatrix.benchmark/dev.polski.grammarmatrix.GlassBenchmarkActivity
Stats since: 17205124918531ns
Total frames rendered: 233
Janky frames: 0 (0.00%)
Janky frames (legacy): 0 (0.00%)
50th percentile: 5ms
90th percentile: 5ms
95th percentile: 5ms
99th percentile: 5ms
Number Missed Vsync: 0
Number High input latency: 0
Number Slow UI thread: 0
Number Slow bitmap uploads: 0
Number Slow issue draw commands: 0
Number Frame deadline missed: 0
Number Frame deadline missed (legacy): 0
HISTOGRAM: 5ms=231 6ms=2 7ms=0 8ms=0 9ms=0 10ms=0 11ms=0 12ms=0 13ms=0 14ms=0 15ms=0 16ms=0 17ms=0 18ms=0 19ms=0 20ms=0 21ms=0 22ms=0 23ms=0 24ms=0 25ms=0 26ms=0 27ms=0 28ms=0 29ms=0 30ms=0 31ms=0 32ms=0 34ms=0 36ms=0 38ms=0 40ms=0 42ms=0 44ms=0 46ms=0 48ms=0 53ms=0 57ms=0 61ms=0 65ms=0 69ms=0 73ms=0 77ms=0 81ms=0 85ms=0 89ms=0 93ms=0 97ms=0 101ms=0 105ms=0 109ms=0 113ms=0 117ms=0 121ms=0 125ms=0 129ms=0 133ms=0 150ms=0 200ms=0 250ms=0 300ms=0 350ms=0 400ms=0 450ms=0 500ms=0 550ms=0 600ms=0 650ms=0 700ms=0 750ms=0 800ms=0 850ms=0 900ms=0 950ms=0 1000ms=0 1050ms=0 1100ms=0 1150ms=0 1200ms=0 1250ms=0 1300ms=0 1350ms=0 1400ms=0 1450ms=0 1500ms=0 1550ms=0 1600ms=0 1650ms=0 1700ms=0 1750ms=0 1800ms=0 1850ms=0 1900ms=0 1950ms=0 2000ms=0 2050ms=0 2100ms=0 2150ms=0 2200ms=0 2250ms=0 2300ms=0 2350ms=0 2400ms=0 2450ms=0 2500ms=0 2550ms=0 2600ms=0 2650ms=0 2700ms=0 2750ms=0 2800ms=0 2850ms=0 2900ms=0 2950ms=0 3000ms=0 3050ms=0 3100ms=0 3150ms=0 3200ms=0 3250ms=0 3300ms=0 3350ms=0 3400ms=0 3450ms=0 3500ms=0 3550ms=0 3600ms=0 3650ms=0 3700ms=0 3750ms=0 3800ms=0 3850ms=0 3900ms=0 3950ms=0 4000ms=0 4050ms=0 4100ms=0 4150ms=0 4200ms=0 4250ms=0 4300ms=0 4350ms=0 4400ms=0 4450ms=0 4500ms=0 4550ms=0 4600ms=0 4650ms=0 4700ms=0 4750ms=0 4800ms=0 4850ms=0 4900ms=0 4950ms=0
50th gpu percentile: 2ms
90th gpu percentile: 2ms
95th gpu percentile: 3ms
99th gpu percentile: 3ms
GPU HISTOGRAM: 1ms=0 2ms=217 3ms=16 4ms=0 5ms=0 6ms=0 7ms=0 8ms=0 9ms=0 10ms=0 11ms=0 12ms=0 13ms=0 14ms=0 15ms=0 16ms=0 17ms=0 18ms=0 19ms=0 20ms=0 21ms=0 22ms=0 23ms=0 24ms=0 25ms=0 4950ms=0



---PROFILEDATA---
Flags,FrameTimelineVsyncId,IntendedVsync,Vsync,InputEventId,HandleInputStart,AnimationStart,PerformTraversalsStart,DrawStart,FrameDeadline,FrameInterval,FrameStartTime,SyncQueued,SyncStart,IssueDrawCommandsStart,SwapBuffers,FrameCompleted,DequeueBufferDuration,QueueBufferDuration,GpuCompleted,SwapBuffersCompleted,DisplayPresentTime,CommandSubmissionCompleted,
0,713682,17206389384395,17206389384395,0,17206389869334,17206389870741,17206390073918,17206390180324,17206409884395,17206389864126,11141800,17206390604334,17206390651314,17206390792564,17206391957720,17206393638606,16406,267760,17206393638606,17206392746835,17206420390015,17206391957720,
0,713690,17206400527805,17206400527805,0,17206401176419,17206401177356,17206401365117,17206401450586,17206421027805,17206401171731,11141952,17206401473086,17206401516888,17206401600586,17206402799492,17206404521836,16614,316198,17206404521836,17206403717513,17206431529495,17206402799492,
0,713698,17206411674614,17206411674614,0,17206412014701,17206412015691,17206412216837,17206412291368,17206432174614,17206412011160,11142344,17206413002983,17206413058087,17206413185118,17206414549493,17206416581316,23541,335313,17206416581316,17206415922462,17206442671892,17206414549493,
0,713706,17206422818743,17206422818743,0,17206423128869,17206423129859,17206423324859,17206423420119,17206443318743,17206423124390,11142453,17206424477515,17206424541057,17206424681213,17206426348453,17206428065849,19636,371979,17206428065849,17206427413296,17206453819601,17206426348453,
0,713714,17206433961436,17206433961436,0,17206434315953,17206434317881,17206434506006,17206434611266,17206454461436,17206434311214,11142489,17206435786631,17206435838662,17206435976058,17206437622985,17206439388454,25208,491771,17206439388454,17206438845798,17206464968248,17206437622985,
0,713722,17206445103625,17206445103625,0,17206445432048,17206445433507,17206445631475,17206445713455,17206465603625,17206445426944,11142501,17206446197205,17206446292413,17206446398611,17206447824913,17206449596528,21511,365990,17206449596528,17206448911840,17206476097208,17206447824913,
0,713730,17206456245875,17206456245875,0,17206456603508,17206456604445,17206456811789,17206456901581,17206476745875,17206456598508,11142516,17206457489810,17206457540122,17206457675435,17206459343248,17206461099706,24583,384791,17206461099706,17206460432727,17206487245698,17206459343248,
0,713738,17206467388597,17206467388597,0,17206468569446,17206468570332,17206468742728,17206468800592,17206487888597,17206468566530,11142524,17206469140176,17206469184655,17206469307988,17206470794290,17206472562259,21615,427604,17206472562259,17206471911009,17206498380126,17206470794290,
0,713746,17206478532893,17206478532893,0,17206479708875,17206479709760,17206479897937,17206479954343,17206499032893,17206479706687,11142629,17206480266010,17206480309291,17206480438666,17206481903979,17206483642313,23282,376198,17206483642313,17206482945385,17206509524346,17206481903979,
0,713754,17206489673302,17206489673302,0,17206490026532,17206490028824,17206490315178,17206490416324,17206510173302,17206490020438,11142486,17206491100438,17206491667938,17206491748147,17206492818928,17206494503459,20052,328906,17206494503459,17206493700126,17206520668410,17206492818928,
0,713762,17206500815827,17206500815827,0,17206501191741,17206501193825,17206501437314,17206501526689,17206521315827,17206501185856,11142491,17206502187679,17206502224137,17206502363096,17206503903096,17206505610336,19062,304427,17206505610336,17206504829815,17206531813359,17206503903096,
0,713770,17206511955901,17206511955901,0,17206512319399,17206512320128,17206512473774,17206512544503,17206532455901,17206512314555,11142333,17206512963982,17206513007472,17206513544347,17206515184920,17206516980024,21719,376354,17206516980024,17206516270076,17206542965912,17206515184920,
0,713778,17206523097933,17206523097933,0,17206523436066,17206523436744,17206523621066,17206523689504,17206543597933,17206523432056,11142346,17206524146587,17206524188410,17206524314296,17206525753046,17206527520442,19063,350312,17206527520442,17206526744192,17206554095549,17206525753046,
0,713786,17206534239754,17206534239754,0,17206535434089,17206535435130,17206535620234,17206535679714,17206554739754,17206535431380,11142318,17206536046380,17206536116589,17206536275287,17206537925547,17206540173047,23541,439167,17206540173047,17206539509506,17206565248310,17206537925547,
0,713794,17206545381342,17206545381342,0,17206545688777,17206545689715,17206545868100,17206545948152,17206565881342,17206545684610,11142242,17206546474246,17206546531381,17206546659298,17206548368152,17206550150861,24636,401719,17206550150861,17206549499142,17206576376645,17206548368152,
0,713802,17206556525764,17206556525764,0,17206557343830,17206557344976,17206557546382,17206557651903,17206577025764,17206557338466,11142349,17206558266851,17206558308362,17206558405445,17206559679039,17206561401852,18542,301302,17206561401852,17206560544508,17206587521750,17206559679039,
0,713810,17206567666725,17206567666725,0,17206568398311,17206568399352,17206568618258,17206568722373,17206588166725,17206568393363,11142244,17206569369456,17206569413363,17206569541592,17206570892165,17206572679873,20833,363229,17206572679873,17206571854821,17206598677324,17206570892165,
0,713818,17206578810495,17206578810495,0,17206579172218,17206579173260,17206579348312,17206579422114,17206599310495,17206579169041,11142315,17206579899718,17206579954926,17206580061280,17206581326489,17206583090812,19011,337084,17206583090812,17206582294718,17206609807742,17206581326489,
0,713826,17206589951906,17206589951906,0,17206591161334,17206591162532,17206591340032,17206591399875,17206610451906,17206591158104,11142291,17206591791334,17206591837636,17206591975292,17206593499980,17206595405605,23229,339844,17206595405605,17206594516803,17206620957847,17206593499980,
0,713834,17206601092871,17206601092871,0,17206601454147,17206601455553,17206601716543,17206601792689,17206621592871,17206601450814,11142193,17206602326179,17206602375085,17206602506231,17206604071387,17206605882377,24375,474844,17206605882377,17206605248106,17206632093369,17206604071387,
0,713842,17206612238066,17206612238066,0,17206612578627,17206612579357,17206612753367,17206612870815,17206632738066,17206612574305,11142382,17206613392898,17206613433159,17206613538628,17206614885503,17206616656909,20469,352969,17206616656909,17206615926597,17206643241183,17206614885503,
0,713850,17206623379040,17206623379040,0,17206623741597,17206623742743,17206623966493,17206624054358,17206643879040,17206623736806,11142275,17206624615191,17206624680139,17206624804931,17206626347066,17206628127223,22187,420677,17206628127223,17206627473212,17206654378475,17206626347066,
0,713858,17206634523287,17206634523287,0,17206634850244,17206634851598,17206635068005,17206635166911,17206655023287,17206634845036,11142414,17206635637692,17206635726494,17206635901963,17206637475297,17206639241286,27709,441198,17206639241286,17206638594828,17206665521966,17206637475297,
0,713866,17206645666149,17206645666149,0,17206645970089,17206645971756,17206646162954,17206646266652,17206666166149,17206645965245,11142482,17206646295193,17206646354933,17206646476079,17206648039985,17206649871912,21146,367239,17206649871912,17206649182537,17206676650196,17206648039985,
0,713874,17206656809396,17206656809396,0,17206657112799,17206657114465,17206657324309,17206657427330,17206677309396,17206657108007,11142533,17206658168684,17206658212174,17206658364257,17206659628788,17206661310455,20312,320417,17206661310455,17206660552278,17206687808687,17206659628788,
0,713882,17206667950859,17206667950859,0,17206668243633,17206668244883,17206668429779,17206668489414,17206688450859,17206668240664,11142460,17206669173008,17206669233998,17206669384987,17206670864727,17206672528113,20990,345989,17206672528113,17206671865873,17206698944990,17206670864727,
0,713890,17206679092553,17206679092553,0,17206679333061,17206679334624,17206679476759,17206679531238,17206699592553,17206679330040,11142219,17206680057749,17206680095822,17206680181915,17206681508738,17206683278739,14792,364010,17206683278739,17206682623791,17206710085095,17206681508738,
0,713898,17206690231640,17206690231640,0,17206690505146,17206690506708,17206690675875,17206690747646,17206710731640,17206690501344,11142219,17206691251448,17206691298583,17206691421187,17206693506292,17206695435615,23125,398646,17206695435615,17206694653427,17206721229055,17206693506292,
0,713906,17206701376011,17206701376011,0,17206701703480,17206701704209,17206701853845,17206701916866,17206721876011,17206701700928,11142393,17206702335616,17206702372699,17206702493480,17206703850043,17206705547178,19011,307291,17206705547178,17206704758168,17206732371296,17206703850043,
0,713914,17206712516847,17206712516847,0,17206712777856,17206712778690,17206712956346,17206713024419,17206733016847,17206712775148,11142278,17206713482023,17206713525877,17206713641502,17206715011502,17206716837752,21823,406302,17206716837752,17206716225409,17206743510307,17206715011502,
0,713922,17206723658142,17206723658142,0,17206724017128,17206724018430,17206724242701,17206724329003,17206744158142,17206724013326,11142228,17206724871659,17206724925097,17206725115514,17206726663326,17206728431035,25781,386511,17206728431035,17206727733795,17206754651246,17206726663326,
0,713930,17206734798685,17206734798685,0,17206736139734,17206736140775,17206736317911,17206736376504,17206755298685,17206736135931,11142087,17206736716713,17206736764838,17206736910723,17206738535046,17206740670359,25573,378645,17206740670359,17206739628015,17206765794789,17206738535046,
0,713938,17206745939453,17206745939453,0,17206746223224,17206746224110,17206746396714,17206746844630,17206766439453,17206746219110,11141970,17206747373901,17206747412964,17206747549318,17206749194579,17206751001922,22761,368437,17206751001922,17206750255412,17206776942654,17206749194579,
0,713946,17206757079711,17206757079711,0,17206757754579,17206757755465,17206757945829,17206758042965,17206777579711,17206757750152,11141834,17206758623902,17206758666038,17206758782913,17206760170934,17206761917392,21145,355104,17206761917392,17206761171298,17206788077655,17206760170934,
0,713954,17206768220148,17206768220148,0,17206769464893,17206769465831,17206769650101,17206769711404,17206788720148,17206769461664,11141726,17206770065206,17206770116716,17206770280362,17206772074633,17206773905571,25469,423281,17206773905571,17206773257654,17206799217240,17206772074633,
0,713962,17206779362713,17206779362713,0,17206779686977,17206779687602,17206779849686,17206779940467,17206799862713,17206779683280,11141809,17206780387238,17206780440623,17206780557550,17206782093176,17206783870520,21042,367656,17206783870520,17206783174894,17206810366876,17206782093176,
0,713970,17206790504919,17206790504919,0,17206791770468,17206791771354,17206791944739,17206792001458,17206811004919,17206791767708,11141798,17206792331875,17206792381875,17206792520625,17206794494427,17206796287917,22917,371563,17206796287917,17206795714635,17206821504898,17206794494427,
0,713978,17206801647034,17206801647034,0,17206802852813,17206802853646,17206803030730,17206803083282,17206822147034,17206802850313,11141846,17206803409792,17206803456511,17206803595157,17206805192345,17206807060470,21667,404167,17206807060470,17206806356772,17206832648858,17206805192345,
0,713986,17206812786553,17206812786553,0,17206813138387,17206813139533,17206813341460,17206813421877,17206833286553,17206813134064,11141660,17206813934898,17206813990783,17206814110523,17206815859898,17206817681877,65833,354687,17206817681877,17206816903283,17206843791359,17206815859898,
0,713994,17206823928418,17206823928418,0,17206824600159,17206824601149,17206824788961,17206824882815,17206844428418,17206824596201,11141631,17206825469117,17206825513753,17206825647190,17206827080836,17206828888753,26823,370416,17206828888753,17206828113441,17206854935318,17206827080836,
0,714002,17206835071430,17206835071430,0,17206835385525,17206835386670,17206835561150,17206835633650,17206855571430,17206835380733,11141752,17206836101254,17206836145108,17206836259431,17206837636306,17206839467452,22291,394531,17206839467452,17206838693702,17206866081726,17206837636306,
0,714010,17206846213284,17206846213284,0,17206846887192,17206846888911,17206847075005,17206847156099,17206866713284,17206846883703,11141737,17206847654588,17206847696984,17206847813963,17206849204380,17206851000943,20312,405416,17206851000943,17206850723339,17206877221102,17206849204380,
0,714018,17206857356552,17206857356552,0,17206858038860,17206858041725,17206858260892,17206858382402,17206877856552,17206857638652,11141855,17206858979537,17206859023756,17206859152246,17206860621360,17206862363600,22917,358802,17206862363600,17206861668600,17206888378238,17206860621360,
0,714026,17206868499379,17206868499379,0,17206869233861,17206869235007,17206869434382,17206869526726,17206888999379,17206869230111,11141909,17206870069018,17206870116934,17206870231934,17206871577299,17206873427612,23490,383333,17206873427612,17206872692351,17206899502614,17206871577299,
0,714034,17206879644187,17206879644187,0,17206879935894,17206879936831,17206880103237,17206880158550,17206900144187,17206879933342,11142115,17206880396779,17206880451206,17206880600894,17206882003394,17206883911988,22708,339323,17206883911988,17206883003811,17206910645324,17206882003394,
0,714042,17206890787573,17206890787573,0,17206891420634,17206891421416,17206891610322,17206891720374,17206911287573,17206891416207,11142208,17206891740687,17206891795947,17206891905114,17206893442405,17206895256051,25052,374896,17206895256051,17206894544489,17206921788554,17206893442405,
0,714050,17206901934815,17206901934815,0,17206902206677,17206902207719,17206902384594,17206902460635,17206922434815,17206902202979,11142536,17206903095740,17206903136521,17206903253604,17206904615063,17206906335740,25938,400312,17206906335740,17206905754959,17206932929284,17206904615063,
0,714058,17206913075209,17206913075209,0,17206913391105,17206913392043,17206913578710,17206913660532,17206933575209,17206913387095,11142371,17206914770949,17206914827251,17206915020324,17206917765116,17206919508710,28958,385208,17206919508710,17206918909700,17206944084390,17206917765116,
0,714066,17206924218215,17206924218215,0,17206924840169,17206924841471,17206925059179,17206925165221,17206944718215,17206924834492,11142458,17206926024700,17206926071263,17206926206784,17206927766523,17206929800794,22083,344531,17206929800794,17206928801524,17206955218089,17206927766523,
0,714074,17206935360663,17206935360663,0,17206936104233,17206936105222,17206936321472,17206936431889,17206955860663,17206936099076,11142478,17206937035691,17206937082670,17206937215535,17206938892254,17206940699285,21198,393645,17206940699285,17206939993764,17206966358090,17206938892254,
0,714082,17206946502413,17206946502413,0,17206946773504,17206946774598,17206946952307,17206947035484,17206967002413,17206946769077,11142444,17206947540952,17206947584338,17206947715536,17206949294286,17206951031213,24635,365938,17206951031213,17206950332880,17206977500747,17206949294286,
0,714090,17206957647583,17206957647583,0,17206957931162,17206957932516,17206958132933,17206958219183,17206978147583,17206957926266,11142622,17206958773558,17206958816058,17206958939652,17206960420120,17206962183298,21927,373802,17206962183298,17206961474652,17206988655227,17206960420120,
0,714098,17206968790463,17206968790463,0,17206969062153,17206969063038,17206969228090,17206969305955,17206989290463,17206969057517,11142662,17206969813298,17206969851111,17206969960903,17206971267778,17206972939705,19792,325886,17206972939705,17206972205903,17206999789187,17206971267778,
0,714106,17206979932231,17206979932231,0,17206980271633,17206980272883,17206980475227,17206980557883,17207000432231,17206980267154,11142616,17206981091268,17206981141633,17206981260123,17206982811998,17206984600019,23593,398854,17206984600019,17206983929914,17207010928250,17206982811998,
0,714114,17206991073829,17206991073829,0,17206991443717,17206991444603,17206991671999,17206991742051,17207011573829,17206991439603,11142551,17206992229134,17206992268509,17206992371478,17206993727259,17206995543874,18334,336823,17206995543874,17206994696582,17207022080283,17206993727259,
0,714122,17207002218525,17207002218525,0,17207002537625,17207002539187,17207002744500,17207002831531,17207022718525,17207002533198,11142675,17207003470229,17207003519864,17207003655385,17207005266479,17207007089969,23750,372344,17207007089969,17207006371010,17207033206326,17207005266479,
0,714130,17207013361809,17207013361809,0,17207013737886,17207013738719,17207013917001,17207013995230,17207033861809,17207013733876,11142746,17207014487365,17207014530699,17207014647001,17207016228251,17207018037262,20886,396198,17207018037262,17207017320126,17207044348879,17207016228251,
0,714138,17207024503097,17207024503097,0,17207024903825,17207024905387,17207025163096,17207025296898,17207045003097,17207024899346,11142654,17207025902158,17207025949710,17207026063096,17207027456846,17207029558304,22500,393959,17207029558304,17207028513721,17207055495963,17207027456846,
0,714146,17207035646209,17207035646209,0,17207035973722,17207035974868,17207036177784,17207036266430,17207056146209,17207035969815,11142651,17207036823878,17207036871378,17207036992316,17207038580805,17207040363410,25261,388072,17207040363410,17207039682785,17207066634871,17207038580805,
0,714154,17207046786238,17207046786238,0,17207047423515,17207047424608,17207047624348,17207047704817,17207067286238,17207047419556,11142507,17207048255963,17207048327213,17207048431067,17207049795546,17207051572838,22760,340000,17207051572838,17207050773098,17207077776695,17207049795546,
0,714162,17207057925750,17207057925750,0,17207058628203,17207058629297,17207058801328,17207058885130,17207078425750,17207058625130,11142207,17207059423203,17207059466693,17207059585287,17207060937318,17207062746485,22396,508698,17207062746485,17207062098360,17207088921487,17207060937318,
0,714170,17207069066742,17207069066742,0,17207069390183,17207069390913,17207069585444,17207069666954,17207089566742,17207069387215,11142207,17207070196538,17207070242475,17207070357788,17207071776121,17207073577319,22709,339792,17207073577319,17207072765132,17207100062634,17207071776121,
0,714178,17207080206920,17207080206920,0,17207080539716,17207080540445,17207080731487,17207080810549,17207100706920,17207080536434,11142059,17207081328205,17207081371539,17207081473622,17207082996643,17207084816904,20521,370052,17207084816904,17207084039716,17207111208938,17207082996643,
0,714186,17207091347300,17207091347300,0,17207091764821,17207091765967,17207091963623,17207092057529,17207111847300,17207091761279,11141934,17207092620290,17207092659300,17207092770134,17207094081957,17207095844561,21718,364427,17207095844561,17207095076123,17207122361126,17207094081957,
0,714194,17207102489060,17207102489060,0,17207102784197,17207102785603,17207102989770,17207103081853,17207122989060,17207102780551,11141917,17207103686072,17207103729093,17207103863260,17207105463833,17207107237687,22083,378802,17207107237687,17207106535083,17207133495034,17207105463833,
0,714202,17207113630177,17207113630177,0,17207113964719,17207113966334,17207114149823,17207114227844,17207134130177,17207113960865,11141846,17207114755292,17207114797532,17207114912792,17207116606542,17207118426490,51563,441250,17207118426490,17207117777376,17207144641337,17207116606542,
0,714210,17207124774790,17207124774790,0,17207125202689,17207125204408,17207125418991,17207125523991,17207145274790,17207125197949,11142074,17207125956335,17207126014668,17207126177637,17207127527897,17207129580189,25417,409063,17207129580189,17207128607273,17207155777796,17207127527897,
0,714218,17207135919174,17207135919174,0,17207136304096,17207136304930,17207136498784,17207136582950,17207156419174,17207136299565,11142182,17207136603888,17207136685242,17207136794461,17207138269513,17207140074617,22552,386198,17207140074617,17207139406076,17207166922433,17207138269513,
0,714226,17207147061349,17207147061349,0,17207147367066,17207147368212,17207147540972,17207147617691,17207167561349,17207147362743,11142159,17207148228160,17207148271077,17207148411545,17207149646285,17207151334410,23594,340312,17207151334410,17207150618681,17207178057538,17207149646285,
0,714234,17207158204568,17207158204568,0,17207159435140,17207159436078,17207159612015,17207159675557,17207178704568,17207159431755,11142202,17207160392120,17207160457432,17207160646390,17207162314151,17207164196130,25000,397136,17207164196130,17207163462120,17207189209362,17207162314151,
0,714242,17207169345968,17207169345968,0,17207169673162,17207169674985,17207169846548,17207169936027,17207189845968,17207169669829,11142126,17207170715610,17207170760193,17207170900037,17207172684464,17207174463371,25260,379896,17207174463371,17207173821965,17207200347019,17207172684464,
0,714250,17207180489976,17207180489976,0,17207180807955,17207180809049,17207181013215,17207181090611,17207200989976,17207180804309,11142282,17207181562486,17207181683267,17207181786497,17207183218945,17207185083528,20833,353906,17207185083528,17207184258632,17207211490354,17207183218945,
0,714258,17207191631004,17207191631004,0,17207191973998,17207191975091,17207192518581,17207192603321,17207212131004,17207191970352,11142212,17207193140821,17207193182331,17207193288946,17207194636342,17207196360925,20677,328177,17207196360925,17207195654988,17207222659105,17207194636342,
0,714266,17207202774094,17207202774094,0,17207203088530,17207203089936,17207203292801,17207203379884,17207223274094,17207203084311,11142251,17207203955718,17207204010041,17207204140770,17207205777801,17207207571812,20521,383385,17207207571812,17207206909260,17207233777491,17207205777801,
0,714274,17207213916003,17207213916003,0,17207214235042,17207214236656,17207214823010,17207214910510,17207234416003,17207214230979,11142221,17207215534313,17207215581656,17207215738896,17207217252802,17207219003896,24688,404895,17207219003896,17207218391396,17207244912076,17207217252802,
0,714282,17207225060162,17207225060162,0,17207225442334,17207225443845,17207225651293,17207225736032,17207245560162,17207225438793,11142399,17207226278064,17207226343012,17207226464678,17207227964210,17207229781397,20469,373386,17207229781397,17207229090772,17207256062181,17207227964210,
0,714290,17207236209584,17207236209584,0,17207236531138,17207236532856,17207236724888,17207236806658,17207256709584,17207236526606,11142838,17207237341554,17207237381763,17207237496919,17207239042127,17207240799315,18542,342083,17207240799315,17207240025148,17207267195359,17207239042127,
0,714298,17207247352208,17207247352208,0,17207247677545,17207247678691,17207247864264,17207247942493,17207267852208,17207247674003,11142850,17207248497649,17207248542545,17207248659732,17207249994368,17207252078431,21354,358229,17207252078431,17207251003899,17207278340725,17207249994368,
0,714306,17207258494460,17207258494460,0,17207258874786,17207258875463,17207259073952,17207259150150,17207278994460,17207258871400,11142899,17207259631921,17207259674161,17207259786869,17207261177598,17207262921348,21563,358229,17207262921348,17207262263119,17207289482914,17207261177598,
0,714314,17207269636253,17207269636253,0,17207269940099,17207269941089,17207270131141,17207270217183,17207290136253,17207269934474,11142825,17207270847756,17207270892912,17207271017339,17207272610620,17207274386818,22343,360938,17207274386818,17207273659995,17207300627654,17207272610620,
0,714322,17207280775674,17207280775674,0,17207281104007,17207281104788,17207281282704,17207281358329,17207301275674,17207281100465,11142610,17207281918850,17207281963746,17207282066663,17207283370830,17207285156611,20781,331563,17207285156611,17207284336767,17207311769218,17207283370830,
0,714330,17207291916604,17207291916604,0,17207292223591,17207292224789,17207292402445,17207292484893,17207312416604,17207292220206,11142513,17207293004945,17207293044008,17207293155049,17207294462966,17207296222446,18594,398802,17207296222446,17207295537237,17207322893282,17207294462966,
0,714338,17207303056981,17207303056981,0,17207303417186,17207303418696,17207303640415,17207303729946,17207323556981,17207303412759,11142363,17207304294894,17207304344842,17207304472707,17207306190884,17207308294686,25416,400781,17207308294686,17207307585988,17207334036616,17207306190884,
0,714346,17207314197828,17207314197828,0,17207314515364,17207314517031,17207315192812,17207315285781,17207334697828,17207314511406,11142237,17207315928906,17207315972083,17207316100364,17207317539166,17207319321719,19531,371875,17207319321719,17207318550208,17207345182971,17207317539166,
0,714354,17207325338810,17207325338810,0,17207326127188,17207326129011,17207326332761,17207326408803,17207345838810,17207326122449,11142133,17207326936980,17207326981928,17207327099480,17207328425105,17207330142397,20156,349479,17207330142397,17207329351355,17207356319014,17207328425105,
0,714362,17207336475132,17207336475132,0,17207336775418,17207336776564,17207336982241,17207337051720,17207356975132,17207336772137,11141747,17207337532345,17207337572450,17207337668908,17207338907294,17207340597242,17656,332031,17207340597242,17207339800627,17207367458651,17207338907294,
0,714370,17207347612682,17207347612682,0,17207347944430,17207347945784,17207348133232,17207348207086,17207368112682,17207347940628,11141463,17207348780992,17207348827920,17207348934378,17207350164482,17207351814847,21354,349427,17207351814847,17207351079951,17207378621881,17207350164482,
0,714378,17207358753193,17207358753193,0,17207359047973,17207359048702,17207359233181,17207359306150,17207379253193,17207359044743,11141420,17207359806514,17207359851306,17207359952191,17207361231515,17207362902973,18385,369688,17207362902973,17207362291775,17207389761465,17207361231515,
0,714386,17207369891301,17207369891301,0,17207370191463,17207370192974,17207370370786,17207370452349,17207390391301,17207370187609,11141191,17207370830109,17207370892349,17207371015161,17207372210995,17207373855995,19271,331094,17207373855995,17207373117766,17207400898185,17207372210995,
0,714394,17207381029871,17207381029871,0,17207381345214,17207381346725,17207381555839,17207381686360,17207401529871,17207381339017,11141021,17207381712402,17207382682923,17207382747506,17207383692923,17207385385632,16458,293437,17207385385632,17207384508965,17207412075426,17207383692923,
0,714402,17207392173156,17207392173156,0,17207392572038,17207392574018,17207392831518,17207392932768,17207412673156,17207392567663,11141101,17207393781726,17207393834591,17207393982351,17207395553445,17207397251154,25104,324115,17207397251154,17207396490581,17207423182771,17207395553445,
0,714410,17207403316187,17207403316187,0,17207404534279,17207404535321,17207404711154,17207404779696,17207423816187,17207404530425,11141181,17207405650477,17207405731623,17207405913863,17207407655790,17207409460426,28021,433229,17207409460426,17207408895686,17207434326678,17207407655790,
0,714418,17207414456843,17207414456843,0,17207414861312,17207414862562,17207415125478,17207415234593,17207434956843,17207414856624,11141079,17207415956051,17207416001937,17207416121885,17207417733864,17207419497666,24323,365104,17207419497666,17207418855479,17207445472252,17207417733864,
0,714426,17207425607652,17207425607652,0,17207425921886,17207425923031,17207426130948,17207426223656,17207446107652,17207425917042,11141635,17207426764334,17207426809698,17207426942719,17207428540219,17207430348709,23281,384844,17207430348709,17207429637146,17207456614962,17207428540219,
0,714434,17207436748791,17207436748791,0,17207437062043,17207437062876,17207437260949,17207437340064,17207457248791,17207437057668,11141587,17207437860064,17207437904491,17207438025481,17207439503710,17207441225845,21406,350573,17207441225845,17207440495637,17207467756786,17207439503710,
0,714442,17207447890702,17207447890702,0,17207448333138,17207448334336,17207448521471,17207448594179,17207468390702,17207448327669,11141594,17207449052721,17207449112252,17207449215169,17207450629909,17207452336003,21979,344062,17207452336003,17207451604805,17207478891005,17207450629909,
0,714450,17207459037934,17207459037934,0,17207459329233,17207459329962,17207459523451,17207459603712,17207479537934,17207459323712,11142081,17207460109649,17207460149910,17207460252826,17207461546160,17207463386368,20209,333386,17207463386368,17207462636993,17207490036996,17207461546160,
0,714458,17207470182008,17207470182008,0,17207471429442,17207471430484,17207471606786,17207471725432,17207490682008,17207471425432,11142244,17207472077359,17207472123713,17207472261213,17207473819651,17207475562463,25781,388073,17207475562463,17207474925015,17207501177414,17207473819651,
0,714466,17207481324891,17207481324891,0,17207481612620,17207481655172,17207481831266,17207481903141,17207501824891,17207481608506,11142292,17207482616110,17207483246943,17207483316423,17207484295225,17207485983194,17812,375000,17207485983194,17207485211579,17207512324394,17207484295225,
0,714474,17207492467115,17207492467115,0,17207492872621,17207492875330,17207493103194,17207493215017,17207512967115,17207492867153,11142350,17207493918246,17207494054705,17207494189288,17207495923403,17207497717257,20312,366146,17207497717257,17207496966528,17207523468354,17207495923403,
0,714482,17207503609103,17207503609103,0,17207504840904,17207504842102,17207505060487,17207505125227,17207524109103,17207504837675,11142343,17207505506373,17207505558039,17207505709185,17207507343092,17207509492102,22188,408230,17207509492102,17207508467154,17207534602261,17207507343092,
0,714490,17207514751208,17207514751208,0,17207515097415,17207515098717,17207515288926,17207515361478,17207535251208,17207515094238,11142363,17207515834759,17207515891842,17207516000072,17207517465124,17207519231009,19218,449219,17207519231009,17207518617364,17207545757783,17207517465124,
0,714498,17207525894632,17207525894632,0,17207526233510,17207526234812,17207526410698,17207526491166,17207546394632,17207526229916,11142463,17207527045906,17207527088666,17207527204135,17207528624865,17207530387156,22552,344010,17207530387156,17207529622208,17207556887367,17207528624865,
0,714506,17207537038935,17207537038935,0,17207538240438,17207538241793,17207538475751,17207538531897,17207557538935,17207538238251,11142631,17207538859241,17207538904345,17207539031949,17207540470439,17207542239658,22448,335520,17207542239658,17207541477105,17207568041900,17207540470439,
0,714514,17207548181194,17207548181194,0,17207548611637,17207548612367,17207548799398,17207548861794,17207568681194,17207548608929,11142676,17207549302835,17207549368356,17207549478565,17207550868513,17207552672575,21042,431355,17207552672575,17207551967159,17207579178515,17207550868513,
0,714522,17207559323960,17207559323960,0,17207559993982,17207559995024,17207560176951,17207560265284,17207579823960,17207559989868,11142642,17207560806899,17207560846482,17207560971430,17207562450024,17207564286691,21250,334375,17207564286691,17207563478774,17207590325444,17207562450024,
0,714530,17207570463419,17207570463419,0,17207570764140,17207570765494,17207570967369,17207571052160,17207590963419,17207570759348,11142414,17207571561171,17207571608254,17207571768411,17207573267786,17207575109244,23958,382448,17207575109244,17207574338827,17207601462268,17207573267786,
0,714538,17207581606420,17207581606420,0,17207582292057,17207582293516,17207582476745,17207582565443,17207602106420,17207582287839,11142418,17207583071641,17207583111641,17207583222474,17207584691797,17207586657162,99428,432604,17207586657162,17207585968151,17207612597581,17207584691797,
0,714546,17207592746763,17207592746763,0,17207593090392,17207593092319,17207593303308,17207593394663,17207613246763,17207593085340,11142223,17207593965809,17207594021746,17207594157111,17207595653413,17207597398257,24166,366979,17207597398257,17207596678517,17207623742791,17207595653413,
0,714554,17207603887510,17207603887510,0,17207604247164,17207604248778,17207604477424,17207604556643,17207624387510,17207604242997,11142031,17207605544351,17207605610601,17207605739872,17207607118622,17207608938310,21511,404531,17207608938310,17207608191435,17207634883833,17207607118622,
0,714562,17207615029921,17207615029921,0,17207615326175,17207615327321,17207615495550,17207615559509,17207635529921,17207615322842,11142060,17207615842686,17207615914821,17207616023884,17207617060134,17207618570082,20104,299583,17207618570082,17207617855238,17207646023730,17207617060134,
0,714570,17207626170310,17207626170310,0,17207626804822,17207626806437,17207627049093,17207627148989,17207646670310,17207626799353,11141955,17207627172270,17207627227531,17207627337947,17207629002427,17207630806437,25208,396615,17207630806437,17207630123052,17207657165607,17207629002427,
0,714578,17207637310690,17207637310690,0,17207637582688,17207637584198,17207637763365,17207637839407,17207657810690,17207637577948,11141818,17207638542740,17207638583678,17207638692688,17207639867167,17207641526334,16980,312136,17207641526334,17207640760969,17207668322743,17207639867167,
0,714586,17207648456510,17207648456510,0,17207648753470,17207648754929,17207648923887,17207649001543,17207668956510,17207648749147,11142218,17207650106960,17207650165397,17207650297377,17207651698054,17207653421075,19583,372761,17207653421075,17207652760137,17207679458161,17207651698054,
0,714594,17207659596790,17207659596790,0,17207659887534,17207659889253,17207660102169,17207660197898,17207680096790,17207659881128,11142087,17207661055815,17207661100086,17207661264565,17207663022899,17207664779045,24792,379010,17207664779045,17207664136336,17207690596756,17207663022899,
0,714602,17207670737333,17207670737333,0,17207671105035,17207671107014,17207671334202,17207671430660,17207691237333,17207671100295,11141983,17207672065712,17207672645764,17207672717275,17207673668004,17207675376754,18125,302813,17207675376754,17207674494254,17207701740611,17207673668004,
0,714610,17207681882165,17207681882165,0,17207682293057,17207682295922,17207682521182,17207682620297,17207702382165,17207682287849,11142154,17207683251807,17207683336390,17207683479672,17207685176755,17207686984620,24114,341406,17207686984620,17207686222172,17206375824437,17207685176755,
0,714618,17207693025297,17207693025297,0,17207693336652,17207693338214,17207693549725,17207693642850,17207713525297,17207693330610,11142226,17207694240923,17207694290298,17207694422902,17207695995246,17207697770402,20469,352240,17207697770402,17207697032121,17206386959386,17207695995246,
0,714626,17207704167512,17207704167512,0,17207705416653,17207705417955,17207705609101,17207705672070,17207724667512,17207705413215,11142242,17207706041028,17207706093424,17207706236549,17207707986445,17206372060947,26927,528594,17206372060947,17207709455924,17206398110429,17207707986445,
0,714634,17207715308899,17207715308899,0,17207716157696,17207716159154,17207716386914,17207716450352,17207735808899,17207716153164,11142161,17207716794206,17207716852592,17207717025821,17207718629936,17206383396678,39063,430572,17206383396678,17207719702644,17206409254493,17207718629936,
---PROFILEDATA---


View hierarchy:

  dev.polski.grammarmatrix.benchmark/dev.polski.grammarmatrix.GlassBenchmarkActivity/android.view.ViewRootImpl@86d155f
  6 views, 10.66 kB of render nodes


Total ViewRootImpl   : 1
Total attached Views : 6
Total RenderNode     : 10.66 kB (used) / 34.73 kB (capacity)