Applications Graphics Acceleration Info:
Uptime: 17255746 Realtime: 155262311

** Graphics info for pid 27061 [dev.polski.grammarmatrix.benchmark] **

Stats since: 17253146832742ns
Total frames rendered: 233
Janky frames: 0 (0.00%)
Janky frames (legacy): 0 (0.00%)
50th percentile: 5ms
90th percentile: 5ms
95th percentile: 5ms
99th percentile: 6ms
Number Missed Vsync: 0
Number High input latency: 0
Number Slow UI thread: 0
Number Slow bitmap uploads: 0
Number Slow issue draw commands: 0
Number Frame deadline missed: 0
Number Frame deadline missed (legacy): 0
HISTOGRAM: 5ms=230 6ms=3 7ms=0 8ms=0 9ms=0 10ms=0 11ms=0 12ms=0 13ms=0 14ms=0 15ms=0 16ms=0 17ms=0 18ms=0 19ms=0 20ms=0 21ms=0 22ms=0 23ms=0 24ms=0 25ms=0 26ms=0 27ms=0 28ms=0 29ms=0 30ms=0 31ms=0 32ms=0 34ms=0 36ms=0 38ms=0 40ms=0 42ms=0 44ms=0 46ms=0 48ms=0 53ms=0 57ms=0 61ms=0 65ms=0 69ms=0 73ms=0 77ms=0 81ms=0 85ms=0 89ms=0 93ms=0 97ms=0 101ms=0 105ms=0 109ms=0 113ms=0 117ms=0 121ms=0 125ms=0 129ms=0 133ms=0 150ms=0 200ms=0 250ms=0 300ms=0 350ms=0 400ms=0 450ms=0 500ms=0 550ms=0 600ms=0 650ms=0 700ms=0 750ms=0 800ms=0 850ms=0 900ms=0 950ms=0 1000ms=0 1050ms=0 1100ms=0 1150ms=0 1200ms=0 1250ms=0 1300ms=0 1350ms=0 1400ms=0 1450ms=0 1500ms=0 1550ms=0 1600ms=0 1650ms=0 1700ms=0 1750ms=0 1800ms=0 1850ms=0 1900ms=0 1950ms=0 2000ms=0 2050ms=0 2100ms=0 2150ms=0 2200ms=0 2250ms=0 2300ms=0 2350ms=0 2400ms=0 2450ms=0 2500ms=0 2550ms=0 2600ms=0 2650ms=0 2700ms=0 2750ms=0 2800ms=0 2850ms=0 2900ms=0 2950ms=0 3000ms=0 3050ms=0 3100ms=0 3150ms=0 3200ms=0 3250ms=0 3300ms=0 3350ms=0 3400ms=0 3450ms=0 3500ms=0 3550ms=0 3600ms=0 3650ms=0 3700ms=0 3750ms=0 3800ms=0 3850ms=0 3900ms=0 3950ms=0 4000ms=0 4050ms=0 4100ms=0 4150ms=0 4200ms=0 4250ms=0 4300ms=0 4350ms=0 4400ms=0 4450ms=0 4500ms=0 4550ms=0 4600ms=0 4650ms=0 4700ms=0 4750ms=0 4800ms=0 4850ms=0 4900ms=0 4950ms=0
50th gpu percentile: 2ms
90th gpu percentile: 2ms
95th gpu percentile: 3ms
99th gpu percentile: 3ms
GPU HISTOGRAM: 1ms=0 2ms=220 3ms=13 4ms=0 5ms=0 6ms=0 7ms=0 8ms=0 9ms=0 10ms=0 11ms=0 12ms=0 13ms=0 14ms=0 15ms=0 16ms=0 17ms=0 18ms=0 19ms=0 20ms=0 21ms=0 22ms=0 23ms=0 24ms=0 25ms=0 4950ms=0

Pipeline=Skia (OpenGL)
CPU Caches:
  Glyph Cache: 43.11 KB (1 entry)
  Glyph Count: 8 
Total CPU memory usage:
  44146 bytes, 43.11 KB (0.00 bytes is purgeable)
GPU Caches:
  Other:
    Other: 13.88 KB (1 entry)
    Buffer Object: 36.00 KB (1 entry)
  Scratch:
    Texture: 2.00 MB (1 entry)
    Buffer Object: 48.00 KB (1 entry)
Total GPU memory usage:
  2197376 bytes, 2.10 MB (36.00 KB is purgeable)

Profile data in ms:

	dev.polski.grammarmatrix.benchmark/dev.polski.grammarmatrix.GlassBenchmarkActivity/android.view.ViewRootImpl@86d155f (visibility=0)
Window: dev.polski.grammarmatrix.benchmark/dev.polski.grammarmatrix.GlassBenchmarkActivity
Stats since: 17253146832378ns
Total frames rendered: 233
Janky frames: 0 (0.00%)
Janky frames (legacy): 0 (0.00%)
50th percentile: 5ms
90th percentile: 5ms
95th percentile: 5ms
99th percentile: 6ms
Number Missed Vsync: 0
Number High input latency: 0
Number Slow UI thread: 0
Number Slow bitmap uploads: 0
Number Slow issue draw commands: 0
Number Frame deadline missed: 0
Number Frame deadline missed (legacy): 0
HISTOGRAM: 5ms=230 6ms=3 7ms=0 8ms=0 9ms=0 10ms=0 11ms=0 12ms=0 13ms=0 14ms=0 15ms=0 16ms=0 17ms=0 18ms=0 19ms=0 20ms=0 21ms=0 22ms=0 23ms=0 24ms=0 25ms=0 26ms=0 27ms=0 28ms=0 29ms=0 30ms=0 31ms=0 32ms=0 34ms=0 36ms=0 38ms=0 40ms=0 42ms=0 44ms=0 46ms=0 48ms=0 53ms=0 57ms=0 61ms=0 65ms=0 69ms=0 73ms=0 77ms=0 81ms=0 85ms=0 89ms=0 93ms=0 97ms=0 101ms=0 105ms=0 109ms=0 113ms=0 117ms=0 121ms=0 125ms=0 129ms=0 133ms=0 150ms=0 200ms=0 250ms=0 300ms=0 350ms=0 400ms=0 450ms=0 500ms=0 550ms=0 600ms=0 650ms=0 700ms=0 750ms=0 800ms=0 850ms=0 900ms=0 950ms=0 1000ms=0 1050ms=0 1100ms=0 1150ms=0 1200ms=0 1250ms=0 1300ms=0 1350ms=0 1400ms=0 1450ms=0 1500ms=0 1550ms=0 1600ms=0 1650ms=0 1700ms=0 1750ms=0 1800ms=0 1850ms=0 1900ms=0 1950ms=0 2000ms=0 2050ms=0 2100ms=0 2150ms=0 2200ms=0 2250ms=0 2300ms=0 2350ms=0 2400ms=0 2450ms=0 2500ms=0 2550ms=0 2600ms=0 2650ms=0 2700ms=0 2750ms=0 2800ms=0 2850ms=0 2900ms=0 2950ms=0 3000ms=0 3050ms=0 3100ms=0 3150ms=0 3200ms=0 3250ms=0 3300ms=0 3350ms=0 3400ms=0 3450ms=0 3500ms=0 3550ms=0 3600ms=0 3650ms=0 3700ms=0 3750ms=0 3800ms=0 3850ms=0 3900ms=0 3950ms=0 4000ms=0 4050ms=0 4100ms=0 4150ms=0 4200ms=0 4250ms=0 4300ms=0 4350ms=0 4400ms=0 4450ms=0 4500ms=0 4550ms=0 4600ms=0 4650ms=0 4700ms=0 4750ms=0 4800ms=0 4850ms=0 4900ms=0 4950ms=0
50th gpu percentile: 2ms
90th gpu percentile: 2ms
95th gpu percentile: 3ms
99th gpu percentile: 3ms
GPU HISTOGRAM: 1ms=0 2ms=220 3ms=13 4ms=0 5ms=0 6ms=0 7ms=0 8ms=0 9ms=0 10ms=0 11ms=0 12ms=0 13ms=0 14ms=0 15ms=0 16ms=0 17ms=0 18ms=0 19ms=0 20ms=0 21ms=0 22ms=0 23ms=0 24ms=0 25ms=0 4950ms=0



---PROFILEDATA---
Flags,FrameTimelineVsyncId,IntendedVsync,Vsync,InputEventId,HandleInputStart,AnimationStart,PerformTraversalsStart,DrawStart,FrameDeadline,FrameInterval,FrameStartTime,SyncQueued,SyncStart,IssueDrawCommandsStart,SwapBuffers,FrameCompleted,DequeueBufferDuration,QueueBufferDuration,GpuCompleted,SwapBuffersCompleted,DisplayPresentTime,CommandSubmissionCompleted,
0,748265,17254415091734,17254415091734,0,17254415439848,17254415440837,17254415699952,17254415790994,17254435591734,17254415435108,11143880,17254415814796,17254415876254,17254415992400,17254417453286,17254419193077,24063,548333,17254419193077,17254418678181,17254446085215,17254417453286,
0,748273,17254426238132,17254426238132,0,17254426800318,17254426801255,17254426987714,17254427076411,17254446738132,17254426796672,11144030,17254427707974,17254427749693,17254427865839,17254429270526,17254431001047,21823,369479,17254431001047,17254430295162,17254457234956,17254429270526,
0,748281,17254437381668,17254437381668,0,17254438075631,17254438076517,17254438248079,17254438360163,17254457881668,17254438072246,11144009,17254439316413,17254439368548,17254439501569,17254440889902,17254442584434,20312,404479,17254442584434,17254441960371,17254468397041,17254440889902,
0,748289,17254448532861,17254448532861,0,17254448831726,17254448833705,17254448978445,17254449071362,17254469032861,17254448825164,11144426,17254449752143,17254449790476,17254449914747,17254451461987,17254453342612,20781,355261,17254453342612,17254452664383,17254479517979,17254451461987,
0,748297,17254459674420,17254459674420,0,17254460339384,17254460340842,17254460518446,17254460605946,17254480174420,17254460334904,11144281,17254461093498,17254461132509,17254461253759,17254462717196,17254464456624,19427,332396,17254464456624,17254463686623,17254490671887,17254462717196,
0,748305,17254470818187,17254470818187,0,17254471201416,17254471203187,17254471366260,17254471436364,17254491318187,17254471198343,11144292,17254472318343,17254472363864,17254472486937,17254473928239,17254475666260,19843,354688,17254475666260,17254474939958,17254501819961,17254473928239,
0,748313,17254481964823,17254481964823,0,17254483182719,17254483183865,17254483343240,17254483398553,17254502464823,17254483179959,11144225,17254483677042,17254483721053,17254483830219,17254485341053,17254487118292,19584,396823,17254487118292,17254486435115,17254512966003,17254485341053,
0,748321,17254493106017,17254493106017,0,17254493567251,17254493568449,17254493800116,17254493880585,17254513606017,17254493563293,11144225,17254494347824,17254494422981,17254494551314,17254496138450,17254497920116,25573,392969,17254497920116,17254497244335,17254524106004,17254496138450,
0,748329,17254504249431,17254504249431,0,17254504571315,17254504572409,17254504766263,17254504854388,17254524749431,17254504567305,11144160,17254505414023,17254505639440,17254505708711,17254506645430,17254508306159,17656,307969,17254508306159,17254507477513,17254535252308,17254506645430,
0,748337,17254515395066,17254515395066,0,17254515782931,17254515785327,17254516079702,17254516185952,17254535895066,17254515776681,11144275,17254516854389,17254516925066,17254517060691,17254518966733,17254520766577,24635,369115,17254520766577,17254520035327,17254546390434,17254518966733,
0,748345,17254526540506,17254526540506,0,17254527726474,17254527727359,17254527897203,17254527958557,17254547040506,17254527723609,11144353,17254528335588,17254528382047,17254528515172,17254529929443,17254531752359,21198,344270,17254531752359,17254530931474,17254557534445,17254529929443,
0,748353,17254537684619,17254537684619,0,17254538074443,17254538075485,17254538318766,17254538395277,17254558184619,17254538070589,11144343,17254539278818,17254539340589,17254539463037,17254541045746,17254542890381,20000,393750,17254542890381,17254542209340,17254568679863,17254541045746,
0,748361,17254548829163,17254548829163,0,17254549461892,17254549463403,17254549661111,17254549752257,17254569329163,17254549457049,11144356,17254550293976,17254550336268,17254550458559,17254552022257,17254553781060,19479,340730,17254553781060,17254553020643,17254579822729,17254552022257,
0,748369,17254559973487,17254559973487,0,17254560620800,17254560621529,17254560821633,17254560912623,17254580473487,17254560617519,11144405,17254561410227,17254561450800,17254561563769,17254562961113,17254564741425,18073,371667,17254564741425,17254563999081,17254590973459,17254562961113,
0,748377,17254571116315,17254571116315,0,17254571414811,17254571415749,17254571593770,17254571728770,17254591616315,17254571410697,11144306,17254572238770,17254572878145,17254572957624,17254573854030,17254575551374,14740,288542,17254575551374,17254574638666,17254602116169,17254573854030,
0,748385,17254582259177,17254582259177,0,17254582685177,17254582686687,17254582917677,17254583021583,17254602759177,17254582680958,11144199,17254583650854,17254583714500,17254583868719,17254585532521,17254587315334,24739,330781,17254587315334,17254586485646,17254613256378,17254585532521,
0,748393,17254593402203,17254593402203,0,17254594165491,17254594166324,17254594404136,17254594500855,17254613902203,17254594161272,11144121,17254595155491,17254595210022,17254595331428,17254596798460,17254598943616,23229,358750,17254598943616,17254597808043,17254624403202,17254596798460,
0,748401,17254604546545,17254604546545,0,17254604877940,17254604878565,17254605150388,17254605229242,17254625046545,17254604874971,11144109,17254605737731,17254605782888,17254605879815,17254607258929,17254609063409,19791,347343,17254609063409,17254608247159,17254635543932,17254607258929,
0,748409,17254615689860,17254615689860,0,17254616880493,17254616881326,17254617044712,17254617105493,17254636189860,17254616877680,11144014,17254617426795,17254617471014,17254617601014,17254619098670,17254620926327,20261,355000,17254620926327,17254620144347,17254646686642,17254619098670,
0,748417,17254626832971,17254626832971,0,17254627126796,17254627127629,17254627308515,17254627383775,17254647332971,17254627123463,11143940,17254627848775,17254627910650,17254628029088,17254629561744,17254631350286,23438,378178,17254631350286,17254630629609,17254657832164,17254629561744,
0,748425,17254637976619,17254637976619,0,17254638303151,17254638304141,17254638465547,17254638543933,17254658476619,17254638299870,11143893,17254639014453,17254639053933,17254639159506,17254640777422,17254642530808,21823,532500,17254642530808,17254641975131,17254668978727,17254640777422,
0,748433,17254649120789,17254649120789,0,17254649800861,17254649802111,17254649972840,17254650060965,17254669620789,17254649795496,11143929,17254650469350,17254650525548,17254650677684,17254652039715,17254653752840,20521,337032,17254653752840,17254653010653,17254680117687,17254652039715,
0,748441,17254660262952,17254660262952,0,17254660635810,17254660636799,17254661202789,17254661279247,17254680762952,17254660630758,11143780,17254661302372,17254661349924,17254661453622,17254662872633,17254664581227,22864,330521,17254664581227,17254663815758,17254691264146,17254662872633,
0,748449,17254671410766,17254671410766,0,17254671803780,17254671804561,17254672023728,17254672110082,17254691910766,17254671795550,11144165,17254672783311,17254672834405,17254672960498,17254674353051,17254676084040,22604,445156,17254676084040,17254675473467,17254702407168,17254674353051,
0,748457,17254682553444,17254682553444,0,17254682875031,17254682876229,17254683045187,17254683129406,17254703053444,17254682871020,11144017,17254684102218,17254684161333,17254684286854,17254685791854,17254687530396,19115,409479,17254687530396,17254686929875,17254713563003,17254685791854,
0,748465,17254693695568,17254693695568,0,17254693993313,17254693994771,17254694174771,17254694251699,17254714195568,17254693989198,11143868,17254694856021,17254694911074,17254695089615,17254696192897,17254697692168,17083,283021,17254697692168,17254696982220,17254724696754,17254696192897,
0,748473,17254704841178,17254704841178,0,17254706131439,17254706132377,17254706358418,17254706421231,17254725341178,17254706128054,11144035,17254706742012,17254706798262,17254706943939,17254708692898,17254710489877,28907,441510,17254710489877,17254709861960,17254735835192,17254708692898,
0,748481,17254715983059,17254715983059,0,17254716294201,17254716294878,17254716459774,17254716533836,17254736483059,17254716291076,11143844,17254716982638,17254717068107,17254717184617,17254718836701,17254720617066,24166,411458,17254720617066,17254719975503,17254746985975,17254718836701,
0,748489,17254727129235,17254727129235,0,17254727469254,17254727469827,17254727680712,17254727781546,17254747629235,17254727465348,11143964,17254728338369,17254728390556,17254728510139,17254729979775,17254731800609,21355,350365,17254731800609,17254730998369,17254758137955,17254729979775,
0,748497,17254738273371,17254738273371,0,17254738593474,17254738594255,17254738774047,17254738849620,17254758773371,17254738590401,11143986,17254739305922,17254739350922,17254739453474,17254740761130,17254742462745,19635,386927,17254742462745,17254741788005,17254769275039,17254740761130,
0,748505,17254749416548,17254749416548,0,17254750043631,17254750044360,17254750227433,17254750326548,17254769916548,17254750040089,11143965,17254750870090,17254750910142,17254751026600,17254752444725,17254754172382,21250,344115,17254754172382,17254753436809,17254780410822,17254752444725,
0,748513,17254760560937,17254760560937,0,17254760952330,17254760953059,17254761125976,17254761197643,17254781060937,17254760948945,11143994,17254761683580,17254761760247,17254761879466,17254763341705,17254765166237,22812,379531,17254765166237,17254764396185,17254791554677,17254763341705,
0,748521,17254771707650,17254771707650,0,17254772023425,17254772024154,17254772225508,17254772317383,17254792207650,17254772020196,11144174,17254772815873,17254772858165,17254772971498,17254774461238,17254776277123,21875,384218,17254776277123,17254775672540,17254802697178,17254774461238,
0,748529,17254782851597,17254782851597,0,17254783220822,17254783221707,17254783398634,17254783477020,17254803351597,17254783217072,11144153,17254783973426,17254784020093,17254784133791,17254785686708,17254787490666,19375,370104,17254787490666,17254786733479,17254813849679,17254785686708,
0,748537,17254793993472,17254793993472,0,17254794455042,17254794455875,17254794685250,17254794789573,17254814493472,17254794451240,11144009,17254795387177,17254795431917,17254795540250,17254796958844,17254799054365,21875,385157,17254799054365,17254798008323,17254824987284,17254796958844,
0,748545,17254805135606,17254805135606,0,17254805466033,17254805467022,17254805668689,17254805752387,17254825635606,17254805462022,11143890,17254806692074,17254806743689,17254806871866,17254808525981,17254810699575,25990,433802,17254810699575,17254809695668,17254836137598,17254808525981,
0,748553,17254816277303,17254816277303,0,17254816838065,17254816839054,17254817021607,17254817110773,17254836777303,17254816833690,11143740,17254817632180,17254817671138,17254817787127,17254819297648,17254821077388,23333,367865,17254821077388,17254820333690,17254847280360,17254819297648,
0,748561,17254827422262,17254827422262,0,17254827975931,17254827977076,17254828180931,17254828320462,17254847922262,17254827970410,11143825,17254828864993,17254828917910,17254829039108,17254830626556,17254832482858,22969,495625,17254832482858,17254831868796,17254858420048,17254830626556,
0,748569,17254838565548,17254838565548,0,17254838891192,17254838892286,17254839087859,17254839176192,17254859065548,17254838887078,11143805,17254839690307,17254839736817,17254839857442,17254841255046,17254843061193,22344,376875,17254843061193,17254842406765,17254869562341,17254841255046,
0,748577,17254849709919,17254849709919,0,17254850016037,17254850016766,17254850205047,17254850287183,17254870209919,17254850011974,11143828,17254850780829,17254850823850,17254850936350,17254852349891,17254854148225,19792,355365,17254854148225,17254853346610,17254880705832,17254852349891,
0,748585,17254860854439,17254860854439,0,17254861529059,17254861529892,17254861761663,17254861858278,17254881354439,17254861525309,11143877,17254862363226,17254862405049,17254862503486,17254863898382,17254865690205,18385,394844,17254865690205,17254865031299,17254891861718,17254863898382,
0,748593,17254871997420,17254871997420,0,17254872336768,17254872337966,17254872946091,17254873037810,17254892497420,17254872333018,11143816,17254873606612,17254873653175,17254873773383,17254875445883,17254877231508,23906,408021,17254877231508,17254876571456,17254902995417,17254875445883,
0,748601,17254883139869,17254883139869,0,17254883538801,17254883540155,17254883758384,17254883844061,17254903639869,17254883534426,11143717,17254884336770,17254884391509,17254884504270,17254885940520,17254887703489,21771,351927,17254887703489,17254886954218,17254914136095,17254885940520,
0,748609,17254894282527,17254894282527,0,17254894570885,17254894572031,17254894748541,17254894894323,17254914782527,17254894565937,11143641,17254895376979,17254895454323,17254895629114,17254897120365,17254899233021,22448,414636,17254899233021,17254898260990,17254925277867,17254897120365,
0,748617,17254905428606,17254905428606,0,17254905778647,17254905779480,17254905975834,17254906066563,17254925928606,17254905774688,11143784,17254906093543,17254906142188,17254906629063,17254908076407,17254909866303,22552,373802,17254909866303,17254909172293,17254936416983,17254908076407,
0,748625,17254916571319,17254916571319,0,17254917235523,17254917236877,17254917467815,17254917548127,17254937071319,17254917231044,11143697,17254918238440,17254918312085,17254918426408,17254919747086,17254921757242,19844,362292,17254921757242,17254920756461,17254947565526,17254919747086,
0,748633,17254927713660,17254927713660,0,17254928015472,17254928016566,17254928200888,17254928319378,17254948213660,17254928011409,11143604,17254929343076,17254929397451,17254929532659,17254930990420,17254932707295,18854,420156,17254932707295,17254932102347,17254958708860,17254930990420,
0,748641,17254938855467,17254938855467,0,17254939155056,17254939157713,17254939328546,17254939422504,17254959355467,17254939150733,11143476,17254940121775,17254940165994,17254940297817,17254942268859,17254944016723,22500,354428,17254944016723,17254943322400,17254969865945,17254942268859,
0,748649,17254949998207,17254949998207,0,17254950298651,17254950300109,17254950507662,17254950599745,17254970498207,17254950293807,11143479,17254951082401,17254951129016,17254951255422,17254952967766,17254955047922,22657,400000,17254955047922,17254954364224,17254980995060,17254952967766,
0,748657,17254961140903,17254961140903,0,17254961648288,17254961649017,17254961827871,17254961928600,17254981640903,17254961644850,11143424,17254962428496,17254963043340,17254963110788,17254964043444,17254965705371,15156,289844,17254965705371,17254964837611,17254992145739,17254964043444,
0,748665,17254972282764,17254972282764,0,17254972692820,17254972694695,17254972933080,17254973033080,17254992782764,17254972687768,11143289,17254973666622,17254973730060,17254973874435,17254975504122,17254977217248,25989,300886,17254977217248,17254976410164,17255003288136,17254975504122,
0,748673,17254983429031,17254983429031,0,17254983774540,17254983775582,17254984007509,17254984096779,17255003929031,17254983769696,11143457,17254984658967,17254984698498,17254984809227,17254986290530,17254988041728,18334,356511,17254988041728,17254987301780,17255014435428,17254986290530,
0,748681,17254994572993,17254994572993,0,17254994926312,17254994927353,17254995184228,17254995264437,17255015072993,17254994922197,11143539,17254995882666,17254995927926,17254996042041,17254997491364,17254999242771,21146,493645,17254999242771,17254998673031,17255025579700,17254997491364,
0,748689,17255005717905,17255005717905,0,17255006052771,17255006053865,17255006255323,17255006340375,17255026217905,17255006048396,11143641,17255006864855,17255006931417,17255007052667,17255008619282,17255010418345,22083,360104,17255010418345,17255009658136,17255036729181,17255008619282,
0,748697,17255016861285,17255016861285,0,17255017204595,17255017206054,17255017380220,17255017463241,17255037361285,17255017200793,11143605,17255017913397,17255017958137,17255018072095,17255019431366,17255021179752,20260,316615,17255021179752,17255020354231,17255047867411,17255019431366,
0,748705,17255028005497,17255028005497,0,17255029252721,17255029253763,17255029427774,17255029487201,17255048505497,17255029250065,11143618,17255029799076,17255029850117,17255029977617,17255031601263,17255033535430,23230,421510,17255033535430,17255032823920,17255059018245,17255031601263,
0,748713,17255039149502,17255039149502,0,17255039500587,17255039501681,17255039684754,17255039785066,17255059649502,17255039497097,11143609,17255040692931,17255040739389,17255040866941,17255042466681,17255044221994,23229,364115,17255044221994,17255043501994,17255070163194,17255042466681,
0,748721,17255050296190,17255050296190,0,17255050695015,17255050696057,17255050885797,17255050973869,17255070796190,17255050690797,11143810,17255051470172,17255051516474,17255051675745,17255053136161,17255054916839,21927,360833,17255054916839,17255054172464,17255081301997,17255053136161,
0,748729,17255061440427,17255061440427,0,17255061767621,17255061768766,17255061963558,17255062037881,17255081940427,17255061765068,11143827,17255062516475,17255062556579,17255062667048,17255063943558,17255065715121,19948,337500,17255065715121,17255064893975,17255092446061,17255063943558,
0,748737,17255072587361,17255072587361,0,17255073319445,17255073320851,17255073517153,17255073602778,17255093087361,17255073315382,11144042,17255074124132,17255074168403,17255074284288,17255075819289,17255077643351,23437,412448,17255077643351,17255076917518,17255103586427,17255075819289,
0,748745,17255083734311,17255083734311,0,17255084123664,17255084125175,17255084338664,17255084427154,17255104234311,17255084120644,11144250,17255085024498,17255086003300,17255086068717,17255086987936,17255088721217,16771,317239,17255088721217,17255087822727,17255114734761,17255086987936,
0,748753,17255094879232,17255094879232,0,17255095272520,17255095275541,17255095514603,17255095620645,17255115379232,17255095266270,11144311,17255096252155,17255096840645,17255096912051,17255097882260,17255099588614,17136,262917,17255099588614,17255098672989,17255125883617,17255097882260,
0,748761,17255106023863,17255106023863,0,17255106419240,17255106421948,17255106669656,17255106778667,17255126523863,17255106414292,11144344,17255107477573,17255108076583,17255108150750,17255109205073,17255110929500,16459,275573,17255110929500,17255109982313,17255137021118,17255109205073,
0,748769,17255117167434,17255117167434,0,17255117597834,17255117599709,17255117921376,17255118035543,17255137667434,17255117591845,11144310,17255118801637,17255119323199,17255119394085,17255120391168,17255122063512,20104,291563,17255122063512,17255121204554,17255148168046,17255120391168,
0,748777,17255128314002,17255128314002,0,17255128824711,17255128827211,17255129089867,17255129198096,17255148814002,17255128818200,11144526,17255129900336,17255129966950,17255130109190,17255131779034,17255133576013,21823,393177,17255133576013,17255132865961,17255159325026,17255131779034,
0,748785,17255139460208,17255139460208,0,17255139780389,17255139782316,17255139982055,17255140080962,17255159960208,17255139774764,11144659,17255140479660,17255140542889,17255140687524,17255142148097,17255143922785,18177,334271,17255143922785,17255143119504,17255170451277,17255142148097,
0,748793,17255150604121,17255150604121,0,17255150931796,17255150933046,17255151146692,17255151247577,17255171104121,17255150926119,11144634,17255151275807,17255151327838,17255151435859,17255152824348,17255154556849,20208,333385,17255154556849,17255153793307,17255181598466,17255152824348,
0,748801,17255161748279,17255161748279,0,17255162077578,17255162078881,17255162252110,17255162335078,17255182248279,17255162073203,11144608,17255162936537,17255162984766,17255163106589,17255164436120,17255166127162,18593,363906,17255166127162,17255165496381,17255192743623,17255164436120,
0,748809,17255172894586,17255172894586,0,17255173479923,17255173481330,17255173691069,17255173781017,17255193394586,17255173474767,11144675,17255174781069,17255174837059,17255175042840,17255176464976,17255178155809,20261,346042,17255178155809,17255177464767,17255203895708,17255176464976,
0,748817,17255184036754,17255184036754,0,17255184377320,17255184379716,17255184563154,17255184656799,17255204536754,17255184371852,11144518,17255185525758,17255185569560,17255185698206,17255187221800,17255188974092,21042,331719,17255188974092,17255188226956,17255215035969,17255187221800,
0,748825,17255195179466,17255195179466,0,17255195546228,17255195547894,17255195736644,17255195821228,17255215679466,17255195541801,11144387,17255196327894,17255196375863,17255196499926,17255197903363,17255199648572,21980,451198,17255199648572,17255199036645,17255226173470,17255197903363,
0,748833,17255206324416,17255206324416,0,17255206632947,17255206634145,17255206817791,17255206897583,17255226824416,17255206628468,11144466,17255207339562,17255207393989,17255207503364,17255209064927,17255210811125,21719,360104,17255210811125,17255210098573,17255237320919,17255209064927,
0,748841,17255217468936,17255217468936,0,17255217819667,17255217821282,17255218013626,17255218100344,17255237968936,17255217814719,11144428,17255218660605,17255218708053,17255218834511,17255220427741,17255222242793,24688,381042,17255222242793,17255221522116,17255248467379,17255220427741,
0,748849,17255228613218,17255228613218,0,17255229243418,17255229244616,17255229438366,17255229533262,17255249113218,17255229238366,11144411,17255230055294,17255230095241,17255230207012,17255231570554,17255233340346,19688,329844,17255233340346,17255232592950,17255259634880,17255231570554,
0,748857,17255239755460,17255239755460,0,17255240086545,17255240087690,17255240284617,17255240366232,17255260255460,17255240082222,11144261,17255240884722,17255240933211,17255241053211,17255242821805,17255244597274,23177,383490,17255244597274,17255243902274,17255270751652,17255242821805,
0,748865,17255250898951,17255250898951,0,17255251187014,17255251187952,17255251390973,17255251485608,17255271398951,17255251183004,11144203,17255252042171,17255252081754,17255252189931,17255253578733,17255255319984,18229,331771,17255255319984,17255254534983,17255281899830,17255253578733,
0,748873,17255262042984,17255262042984,0,17255262314203,17255262315609,17255262479463,17255262546338,17255282542984,17255262311391,11144177,17255262965193,17255263021078,17255263120349,17255264436234,17255266178214,18073,360052,17255266178214,17255265493943,17255293055664,17255264436234,
0,748881,17255273193466,17255273193466,0,17255273506912,17255273508006,17255273688215,17255273763944,17255293693466,17255273502954,11144562,17255274240663,17255274286496,17255274405402,17255275923996,17255277706340,21719,371719,17255277706340,17255276963736,17255304185978,17255275923996,
0,748889,17255284335869,17255284335869,0,17255284701757,17255284703580,17255284888059,17255285012487,17255304835869,17255284697643,11144428,17255285504518,17255285551237,17255285667174,17255287028580,17255288787851,20573,362344,17255288787851,17255288037539,17255315342542,17255287028580,
0,748897,17255295480327,17255295480327,0,17255295934727,17255295935925,17255296122331,17255296198061,17255315980327,17255295930977,11144456,17255296633425,17255296683217,17255296784363,17255298151707,17255300005092,22344,398281,17255300005092,17255299323165,17255326487230,17255298151707,
0,748905,17255306627758,17255306627758,0,17255306948062,17255306949468,17255307574103,17255307672801,17255327127758,17255306943166,11144664,17255308271447,17255308351864,17255308483791,17255310038895,17255311857802,24427,376875,17255311857802,17255311113218,17255337620617,17255310038895,
0,748913,17255317770783,17255317770783,0,17255318492646,17255318494052,17255318720354,17255318818427,17255338270783,17255318488584,11144577,17255319384886,17255319429052,17255319554469,17255320946292,17255322761136,19740,425468,17255322761136,17255322024730,17255348769680,17255320946292,
0,748921,17255328916781,17255328916781,0,17255329254314,17255329255199,17255329465251,17255329542647,17255349416781,17255329250251,11144664,17255330033845,17255330077543,17255330190408,17255331462022,17255333419106,16354,336771,17255333419106,17255332585252,17255359912286,17255331462022,
0,748929,17255340062024,17255340062024,0,17255340388117,17255340389159,17255340578950,17255340657700,17255360562024,17255340384315,11144679,17255341202961,17255341251034,17255341370513,17255342915878,17255344734367,23646,370104,17255344734367,17255343934940,17255371060881,17255342915878,
0,748937,17255351204967,17255351204967,0,17255352200097,17255352201295,17255352407702,17255352499733,17255371704967,17255352195410,11144579,17255353253379,17255353298848,17255353417858,17255354891608,17255356738483,22500,382344,17255356738483,17255356015514,17255382207444,17255354891608,
0,748945,17255362349823,17255362349823,0,17255362647182,17255362648744,17255362857182,17255362947130,17255382849823,17255362642703,11144620,17255363461661,17255363508380,17255363613796,17255365185828,17255366973432,20156,397031,17255366973432,17255366314161,17255393350362,17255365185828,
0,748953,17255373493154,17255373493154,0,17255374179058,17255374180568,17255374398068,17255374492756,17255393993154,17255374174839,11144529,17255375112548,17255375163433,17255375289787,17255376636766,17255378679788,22968,385417,17255378679788,17255377676037,17255404485780,17255376636766,
0,748961,17255384637835,17255384637835,0,17255385071976,17255385073382,17255385274684,17255385375205,17255405137835,17255385066559,11144532,17255385764215,17255385823538,17255385978851,17255387364476,17255389169320,22343,505989,17255389169320,17255388813226,17255415625572,17255387364476,
0,748969,17255395785021,17255395785021,0,17255396098696,17255396100779,17255396287185,17255396375466,17255416285021,17255396093956,11144759,17255396400310,17255396464477,17255396568227,17255397991248,17255399775623,23073,367032,17255399775623,17255399066092,17255426773594,17255397991248,
0,748977,17255406928977,17255406928977,0,17255407251717,17255407254061,17255407439634,17255407524113,17255427428977,17255407247551,11144685,17255408150884,17255408196822,17255408477134,17255409877916,17255411898072,23489,378958,17255411898072,17255410919634,17255437910783,17255409877916,
0,748985,17255418070993,17255418070993,0,17255418438646,17255418440208,17255418607344,17255418687708,17255438570993,17255418433541,11144511,17255419602135,17255419658646,17255419761615,17255421177344,17255422901563,20208,382136,17255422901563,17255422296406,17255449057295,17255421177344,
0,748993,17255429212026,17255429212026,0,17255429560001,17255429562501,17255429727241,17255429825470,17255449712026,17255429554480,11144284,17255430549220,17255430597345,17255430729584,17255432390678,17255434169376,20886,364583,17255434169376,17255433464949,17255460200785,17255432390678,
0,749001,17255440355326,17255440355326,0,17255441022815,17255441023960,17255441210523,17255441301617,17255460855326,17255441017085,11144240,17255441917658,17255441956721,17255442069898,17255443521304,17255445248023,19270,343021,17255445248023,17255444516565,17255471341984,17255443521304,
0,749009,17255451496394,17255451496394,0,17255452742034,17255452743180,17255452923857,17255452984951,17255471996394,17255452738701,11144042,17255453300160,17255453347712,17255453477764,17255455282660,17255457132504,22188,467709,17255457132504,17255456559899,17255482490215,17255455282660,
0,749017,17255462637116,17255462637116,0,17255463889275,17255463890421,17255464086984,17255464148859,17255483137116,17255463886202,11143785,17255464474223,17255464524327,17255464687661,17255466474328,17255468247765,25052,407240,17255468247765,17255467582609,17255493630424,17255466474328,
0,749025,17255473778193,17255473778193,0,17255474234276,17255474235162,17255474408807,17255474474849,17255494278193,17255474231151,11143569,17255474893026,17255475431412,17255475549016,17255477095995,17255478887662,25468,435938,17255478887662,17255478259693,17255504780581,17255477095995,
0,749033,17255484919007,17255484919007,0,17255485294902,17255485296517,17255485469590,17255485551413,17255505419007,17255485291100,11143353,17255486005736,17255486056257,17255486169694,17255487585788,17255489305736,20782,397761,17255489305736,17255488640215,17255515916572,17255487585788,
0,749041,17255496064784,17255496064784,0,17255496404122,17255496405633,17255496573237,17255496652976,17255516564784,17255496400581,11143576,17255497106987,17255497155268,17255497269643,17255498757664,17255500524591,22552,352032,17255500524591,17255499766362,17255527056573,17255498757664,
0,749049,17255507205713,17255507205713,0,17255507502613,17255507503707,17255507693498,17255507776675,17255527705713,17255507498602,11143353,17255508362144,17255508407821,17255508538967,17255510026676,17255511869853,23073,378490,17255511869853,17255511124488,17255538195637,17255510026676,
0,749057,17255518348832,17255518348832,0,17255518643135,17255518644333,17255518804333,17255518875531,17255538848832,17255518640531,11143285,17255519374072,17255520156052,17255520203291,17255521055010,17255522644541,12552,301510,17255522644541,17255521806989,17255549350950,17255521055010,
0,749065,17255529491918,17255529491918,0,17255529875844,17255529877355,17255530133969,17255530233501,17255549991918,17255529871990,11143288,17255530819178,17255531408449,17255531478501,17255532434803,17255534037772,17396,268333,17255534037772,17255533180324,17255560500379,17255532434803,
0,749073,17255540632195,17255540632195,0,17255541065429,17255541067616,17255541357356,17255541473970,17255561132195,17255541058970,11143047,17255542240585,17255542771002,17255542839960,17255543778502,17255545378815,16198,282031,17255545378815,17255544559179,17255571638140,17255543778502,
0,749081,17255551773512,17255551773512,0,17255552998399,17255553000222,17255553206472,17255553278451,17255572273512,17255552992513,11142948,17255553676732,17255553736211,17255553903920,17255555801420,17255557690118,23593,431458,17255557690118,17255557013712,17255582784600,17255555801420,
0,749089,17255562918224,17255562918224,0,17255563258868,17255563260587,17255563463660,17255563554702,17255583418224,17255563253816,11143061,17255564051889,17255564116525,17255564258973,17255565995119,17255567866421,24271,411042,17255567866421,17255567154077,17255593926892,17255565995119,
0,749097,17255574062860,17255574062860,0,17255574376213,17255574377411,17255574858870,17255574980536,17255594562860,17255574371942,11143109,17255575553974,17255575601734,17255575742984,17255577269286,17255579101995,23542,439896,17255579101995,17255578419964,17255605086893,17255577269286,
0,749105,17255585206823,17255585206823,0,17255585519027,17255585520329,17255585703871,17255585786631,17255605706823,17255585515069,11143149,17255586297048,17255586340225,17255586451162,17255587865746,17255589681006,19532,372396,17255589681006,17255588974392,17255616208665,17255587865746,
0,749113,17255596351384,17255596351384,0,17255597565330,17255597566632,17255597730226,17255597793247,17255616851384,17255597562882,11143219,17255598099236,17255598142830,17255598274757,17255599716424,17255601542049,21823,349479,17255601542049,17255600741685,17255627363927,17255599716424,
0,749121,17255607496426,17255607496426,0,17255607810904,17255607812258,17255608025331,17255608104706,17255627996426,17255607806529,11143348,17255608622415,17255608672571,17255608797206,17255610335748,17255612161738,26719,414219,17255612161738,17255611489446,17255638488616,17255610335748,
0,749129,17255618646068,17255618646068,0,17255619010645,17255619011947,17255619179499,17255619252520,17255639146068,17255619007155,11143768,17255619724707,17255619764134,17255619874655,17255621137260,17255622878718,19010,360626,17255622878718,17255622211218,17255649649971,17255621137260,
0,749137,17255629790144,17255629790144,0,17255630167573,17255630168823,17255630807365,17255630907365,17255650290144,17255630162833,11143854,17255631330802,17255631396948,17255631552677,17255633064552,17255634786376,24323,389843,17255634786376,17255634137782,17255660791430,17255633064552,
0,749145,17255640935996,17255640935996,0,17255641260803,17255641262053,17255641449970,17255641551897,17255661435996,17255641255543,11143802,17255641576741,17255641674918,17255641780647,17255643117001,17255644840335,20208,314375,17255644840335,17255644052835,17255671947525,17255643117001,
0,749153,17255652076502,17255652076502,0,17255652428981,17255652429867,17255652626481,17255652707419,17255672576502,17255652424711,11143802,17255653316586,17255653369815,17255653486846,17255654843825,17255656682628,23855,357239,17255656682628,17255655981690,17255683065703,17255654843825,
0,749161,17255663222225,17255663222225,0,17255663607837,17255663609295,17255663806014,17255664313566,17255683722225,17255663603253,11143943,17255665613722,17255665684243,17255665852733,17255667544087,17255669308410,31667,492396,17255669308410,17255668802994,17255694220496,17255667544087,
0,749169,17255674366297,17255674366297,0,17255674744036,17255674745598,17255674984661,17255675099869,17255694866297,17255674737734,11143946,17255675768775,17255675816275,17255675948463,17255677469661,17255679222682,21771,353646,17255679222682,17255678504244,17255705363153,17255677469661,
0,749177,17255685513711,17255685513711,0,17255685957735,17255685958724,17255686139037,17255686220964,17255706013711,17255685952266,11144161,17255686673829,17255686722162,17255686829037,17255688390704,17255690186069,25782,355157,17255690186069,17255689446902,17255716504977,17255688390704,
0,749185,17255696654554,17255696654554,0,17255696985184,17255696986121,17255697181590,17255697268673,17255717154554,17255696979559,11143983,17255697776903,17255697827892,17255697962319,17255699571590,17255701373674,22917,390469,17255701373674,17255700681538,17255727644770,17255699571590,
0,749193,17255707797859,17255707797859,0,17255708436904,17255708437685,17255708635393,17255708724404,17255728297859,17255708433466,11143937,17255709235341,17255709277164,17255709385654,17255710837477,17255712564144,20885,400989,17255712564144,17255711904456,17254401517555,17255710837477,
0,749201,17255718941573,17255718941573,0,17255719631540,17255719632530,17255719860030,17255719962061,17255739441573,17255719627009,11143942,17255720470290,17255720512686,17255720626957,17255722077061,17255723809301,20000,345782,17255723809301,17255723088936,17254412670264,17255722077061,
0,749209,17255730084275,17255730084275,0,17255730468468,17255730469562,17255730664666,17255730746854,17255750584275,17255730464145,11143866,17255731258208,17255731301021,17255731420448,17255732961073,17255734804667,20625,564687,17255734804667,17255734294458,17254423803130,17255732961073,
0,749217,17255741227079,17255741227079,0,17255741793470,17255741796959,17255742229355,17255742347011,17255761727079,17255741785292,11143836,17255742970813,17255743024928,17255743145449,17255744751959,17254408454118,23385,542656,17254408454118,17255746177012,17254434979850,17255744751959,
---PROFILEDATA---


View hierarchy:

  dev.polski.grammarmatrix.benchmark/dev.polski.grammarmatrix.GlassBenchmarkActivity/android.view.ViewRootImpl@86d155f
  6 views, 10.66 kB of render nodes


Total ViewRootImpl   : 1
Total attached Views : 6
Total RenderNode     : 10.66 kB (used) / 34.73 kB (capacity)