Applications Graphics Acceleration Info:
Uptime: 17184257 Realtime: 155190822

** Graphics info for pid 27061 [dev.polski.grammarmatrix.benchmark] **

Stats since: 17181635776504ns
Total frames rendered: 235
Janky frames: 0 (0.00%)
Janky frames (legacy): 0 (0.00%)
50th percentile: 5ms
90th percentile: 5ms
95th percentile: 5ms
99th percentile: 5ms
Number Missed Vsync: 0
Number High input latency: 0
Number Slow UI thread: 0
Number Slow bitmap uploads: 0
Number Slow issue draw commands: 0
Number Frame deadline missed: 0
Number Frame deadline missed (legacy): 0
HISTOGRAM: 5ms=234 6ms=1 7ms=0 8ms=0 9ms=0 10ms=0 11ms=0 12ms=0 13ms=0 14ms=0 15ms=0 16ms=0 17ms=0 18ms=0 19ms=0 20ms=0 21ms=0 22ms=0 23ms=0 24ms=0 25ms=0 26ms=0 27ms=0 28ms=0 29ms=0 30ms=0 31ms=0 32ms=0 34ms=0 36ms=0 38ms=0 40ms=0 42ms=0 44ms=0 46ms=0 48ms=0 53ms=0 57ms=0 61ms=0 65ms=0 69ms=0 73ms=0 77ms=0 81ms=0 85ms=0 89ms=0 93ms=0 97ms=0 101ms=0 105ms=0 109ms=0 113ms=0 117ms=0 121ms=0 125ms=0 129ms=0 133ms=0 150ms=0 200ms=0 250ms=0 300ms=0 350ms=0 400ms=0 450ms=0 500ms=0 550ms=0 600ms=0 650ms=0 700ms=0 750ms=0 800ms=0 850ms=0 900ms=0 950ms=0 1000ms=0 1050ms=0 1100ms=0 1150ms=0 1200ms=0 1250ms=0 1300ms=0 1350ms=0 1400ms=0 1450ms=0 1500ms=0 1550ms=0 1600ms=0 1650ms=0 1700ms=0 1750ms=0 1800ms=0 1850ms=0 1900ms=0 1950ms=0 2000ms=0 2050ms=0 2100ms=0 2150ms=0 2200ms=0 2250ms=0 2300ms=0 2350ms=0 2400ms=0 2450ms=0 2500ms=0 2550ms=0 2600ms=0 2650ms=0 2700ms=0 2750ms=0 2800ms=0 2850ms=0 2900ms=0 2950ms=0 3000ms=0 3050ms=0 3100ms=0 3150ms=0 3200ms=0 3250ms=0 3300ms=0 3350ms=0 3400ms=0 3450ms=0 3500ms=0 3550ms=0 3600ms=0 3650ms=0 3700ms=0 3750ms=0 3800ms=0 3850ms=0 3900ms=0 3950ms=0 4000ms=0 4050ms=0 4100ms=0 4150ms=0 4200ms=0 4250ms=0 4300ms=0 4350ms=0 4400ms=0 4450ms=0 4500ms=0 4550ms=0 4600ms=0 4650ms=0 4700ms=0 4750ms=0 4800ms=0 4850ms=0 4900ms=0 4950ms=0
50th gpu percentile: 2ms
90th gpu percentile: 2ms
95th gpu percentile: 2ms
99th gpu percentile: 3ms
GPU HISTOGRAM: 1ms=0 2ms=224 3ms=11 4ms=0 5ms=0 6ms=0 7ms=0 8ms=0 9ms=0 10ms=0 11ms=0 12ms=0 13ms=0 14ms=0 15ms=0 16ms=0 17ms=0 18ms=0 19ms=0 20ms=0 21ms=0 22ms=0 23ms=0 24ms=0 25ms=0 4950ms=0

Pipeline=Skia (OpenGL)
CPU Caches:
  Glyph Cache: 43.11 KB (1 entry)
  Glyph Count: 8 
Total CPU memory usage:
  44146 bytes, 43.11 KB (0.00 bytes is purgeable)
GPU Caches:
  Other:
    Other: 14.68 KB (1 entry)
    Buffer Object: 36.00 KB (1 entry)
  Scratch:
    Texture: 2.00 MB (1 entry)
    Buffer Object: 48.00 KB (1 entry)
Total GPU memory usage:
  2198200 bytes, 2.10 MB (36.00 KB is purgeable)

Profile data in ms:

	dev.polski.grammarmatrix.benchmark/dev.polski.grammarmatrix.GlassBenchmarkActivity/android.view.ViewRootImpl@86d155f (visibility=0)
Window: dev.polski.grammarmatrix.benchmark/dev.polski.grammarmatrix.GlassBenchmarkActivity
Stats since: 17181635775723ns
Total frames rendered: 235
Janky frames: 0 (0.00%)
Janky frames (legacy): 0 (0.00%)
50th percentile: 5ms
90th percentile: 5ms
95th percentile: 5ms
99th percentile: 5ms
Number Missed Vsync: 0
Number High input latency: 0
Number Slow UI thread: 0
Number Slow bitmap uploads: 0
Number Slow issue draw commands: 0
Number Frame deadline missed: 0
Number Frame deadline missed (legacy): 0
HISTOGRAM: 5ms=234 6ms=1 7ms=0 8ms=0 9ms=0 10ms=0 11ms=0 12ms=0 13ms=0 14ms=0 15ms=0 16ms=0 17ms=0 18ms=0 19ms=0 20ms=0 21ms=0 22ms=0 23ms=0 24ms=0 25ms=0 26ms=0 27ms=0 28ms=0 29ms=0 30ms=0 31ms=0 32ms=0 34ms=0 36ms=0 38ms=0 40ms=0 42ms=0 44ms=0 46ms=0 48ms=0 53ms=0 57ms=0 61ms=0 65ms=0 69ms=0 73ms=0 77ms=0 81ms=0 85ms=0 89ms=0 93ms=0 97ms=0 101ms=0 105ms=0 109ms=0 113ms=0 117ms=0 121ms=0 125ms=0 129ms=0 133ms=0 150ms=0 200ms=0 250ms=0 300ms=0 350ms=0 400ms=0 450ms=0 500ms=0 550ms=0 600ms=0 650ms=0 700ms=0 750ms=0 800ms=0 850ms=0 900ms=0 950ms=0 1000ms=0 1050ms=0 1100ms=0 1150ms=0 1200ms=0 1250ms=0 1300ms=0 1350ms=0 1400ms=0 1450ms=0 1500ms=0 1550ms=0 1600ms=0 1650ms=0 1700ms=0 1750ms=0 1800ms=0 1850ms=0 1900ms=0 1950ms=0 2000ms=0 2050ms=0 2100ms=0 2150ms=0 2200ms=0 2250ms=0 2300ms=0 2350ms=0 2400ms=0 2450ms=0 2500ms=0 2550ms=0 2600ms=0 2650ms=0 2700ms=0 2750ms=0 2800ms=0 2850ms=0 2900ms=0 2950ms=0 3000ms=0 3050ms=0 3100ms=0 3150ms=0 3200ms=0 3250ms=0 3300ms=0 3350ms=0 3400ms=0 3450ms=0 3500ms=0 3550ms=0 3600ms=0 3650ms=0 3700ms=0 3750ms=0 3800ms=0 3850ms=0 3900ms=0 3950ms=0 4000ms=0 4050ms=0 4100ms=0 4150ms=0 4200ms=0 4250ms=0 4300ms=0 4350ms=0 4400ms=0 4450ms=0 4500ms=0 4550ms=0 4600ms=0 4650ms=0 4700ms=0 4750ms=0 4800ms=0 4850ms=0 4900ms=0 4950ms=0
50th gpu percentile: 2ms
90th gpu percentile: 2ms
95th gpu percentile: 2ms
99th gpu percentile: 3ms
GPU HISTOGRAM: 1ms=0 2ms=224 3ms=11 4ms=0 5ms=0 6ms=0 7ms=0 8ms=0 9ms=0 10ms=0 11ms=0 12ms=0 13ms=0 14ms=0 15ms=0 16ms=0 17ms=0 18ms=0 19ms=0 20ms=0 21ms=0 22ms=0 23ms=0 24ms=0 25ms=0 4950ms=0



---PROFILEDATA---
Flags,FrameTimelineVsyncId,IntendedVsync,Vsync,InputEventId,HandleInputStart,AnimationStart,PerformTraversalsStart,DrawStart,FrameDeadline,FrameInterval,FrameStartTime,SyncQueued,SyncStart,IssueDrawCommandsStart,SwapBuffers,FrameCompleted,DequeueBufferDuration,QueueBufferDuration,GpuCompleted,SwapBuffersCompleted,DisplayPresentTime,CommandSubmissionCompleted,
0,696813,17182923291681,17182923291681,0,17182923714653,17182923716580,17182923985486,17182924092518,17182943791681,17182923709966,11142539,17182924810903,17182925302934,17182925380122,17182926414810,17182928119133,18281,279688,17182928119133,17182927218247,17182954309135,17182926414810,
0,696821,17182934431365,17182934431365,0,17182934896998,17182934898717,17182935190852,17182935301738,17182954931365,17182934891165,11142259,17182936035331,17182936571165,17182936648769,17182937638665,17182939345175,18073,328021,17182939345175,17182938487363,17182965449345,17182937638665,
0,696829,17182945579461,17182945579461,0,17182946005801,17182946008353,17182946236791,17182946338041,17182966079461,17182945999603,11142680,17182947044030,17182947605541,17182947681635,17182948749656,17182950425541,17969,270104,17182950425541,17182949526270,17182976582210,17182948749656,
0,696837,17182956721686,17182956721686,0,17182957176115,17182957178615,17182957435490,17182957547886,17182977221686,17182957169031,11142588,17182958947677,17182959020177,17182959189969,17182960965907,17182962782886,22344,560313,17182962782886,17182962265126,17182987724764,17182960965907,
0,696845,17182967866456,17182967866456,0,17182968186324,17182968187678,17182968413407,17182968514762,17182988366456,17182968180751,11142659,17182969143043,17182969182574,17182969306480,17182970678929,17182972698877,18646,308854,17182972698877,17182971598147,17182998878827,17182970678929,
0,696853,17182979012722,17182979012722,0,17182979344763,17182979345440,17182979528877,17182979615961,17182999512722,17182979339294,11142908,17182980175388,17182980221117,17182980339919,17182981789711,17182983568721,19948,341042,17182983568721,17182982768773,17183010018255,17182981789711,
0,696861,17182990156287,17182990156287,0,17182990606587,17182990607681,17182990793878,17182990884399,17183010656287,17182990601326,11142988,17182991403774,17182991442212,17182991531170,17182992827368,17182994594295,18958,304583,17182994594295,17182993719712,17183021161017,17182992827368,
0,696869,17183001296975,17183001296975,0,17183001669661,17183001671484,17183001946432,17183002051119,17183021796975,17183001663098,11142789,17183002773463,17183002833359,17183002994557,17183004672161,17183006696536,26094,358594,17183006696536,17183005928359,17183032310810,17183004672161,
0,696877,17183012441099,17183012441099,0,17183012737162,17183012738464,17183012923776,17183012998204,17183032941099,17183012733204,11142824,17183013499714,17183013558724,17183013666172,17183015138568,17183016964871,18229,389532,17183016964871,17183016222891,17183043449248,17183015138568,
0,696885,17183023584386,17183023584386,0,17183023918257,17183023919194,17183024124246,17183024209403,17183044084386,17183023914663,11142817,17183024804194,17183024850288,17183025101330,17183026689872,17183028517163,22448,416980,17183028517163,17183027813361,17183054599562,17183026689872,
0,696893,17183034738250,17183034738250,0,17183035142112,17183035143050,17183035387893,17183035479195,17183055238250,17183035137945,11143839,17183036022841,17183036065810,17183036178727,17183037561956,17183039321175,19270,473125,17183039321175,17183038725029,17183065736646,17183037561956,
0,696901,17183045882630,17183045882630,0,17183046200446,17183046201644,17183046768780,17183046863624,17183066382630,17183046196071,11143854,17183047547530,17183047595186,17183047734770,17183049238520,17183051031541,21562,382656,17183051031541,17183050323676,17183076878783,17183049238520,
0,696909,17183057026756,17183057026756,0,17183057448468,17183057449406,17183057622479,17183057704510,17183077526756,17183057444198,11143897,17183058093885,17183058177791,17183058414041,17183059721177,17183061425500,20364,329219,17183061425500,17183060668260,17183088021701,17183059721177,
0,696917,17183068172661,17183068172661,0,17183068513834,17183068514980,17183068717272,17183068814355,17183088672661,17183068509980,11144050,17183068841386,17183068904251,17183069012688,17183070444720,17183072231230,20937,364740,17183072231230,17183071536386,17183099173004,17183070444720,
0,696925,17183079315331,17183079315331,0,17183079646908,17183079647689,17183079832741,17183079909512,17183099815331,17183079643939,11143952,17183080577742,17183080618523,17183080724408,17183081968783,17183083643367,20104,312500,17183083643367,17183082874408,17183110314255,17183081968783,
0,696933,17183090458258,17183090458258,0,17183090769722,17183090770659,17183090939097,17183091027743,17183110958258,17183090765972,11143896,17183092302118,17183092356805,17183092482899,17183093869462,17183095696233,20886,349583,17183095696233,17183094880712,17183121454308,17183093869462,
0,696941,17183101601100,17183101601100,0,17183101987692,17183101989358,17183102163056,17183102253160,17183122101100,17183101983108,11143839,17183103087431,17183103138004,17183103283785,17183105044567,17183106853525,25417,408281,17183106853525,17183106228682,17183132604153,17183105044567,
0,696949,17183112745483,17183112745483,0,17183113064568,17183113066391,17183113253786,17183113340245,17183133245483,17183113059932,11143860,17183113862537,17183113919255,17183114030505,17183115624464,17183117419829,23646,384375,17183117419829,17183116704828,17183143742956,17183115624464,
0,696957,17183123888755,17183123888755,0,17183125154465,17183125155715,17183125346652,17183125407798,17183144388755,17183125151652,11143800,17183125795454,17183125848996,17183125990038,17183127670975,17183129458528,27083,431146,17183129458528,17183128911184,17183154892332,17183127670975,
0,696965,17183135031376,17183135031376,0,17183136188112,17183136189153,17183136352903,17183136399362,17183155531376,17183136185872,11143714,17183136686705,17183136732383,17183136827122,17183137921966,17183139467747,17917,293646,17183139467747,17183138754779,17183166038063,17183137921966,
0,696973,17183146175330,17183146175330,0,17183147383842,17183147384988,17183147594779,17183147659675,17183166675330,17183147381029,11143701,17183148042175,17183148101498,17183148262436,17183149985144,17183151756707,26667,424479,17183151756707,17183151134884,17183177170460,17183149985144,
0,696981,17183157317795,17183157317795,0,17183157686603,17183157688114,17183157894885,17183157977749,17183177817795,17183157682176,11143593,17183158687749,17183158766447,17183158833687,17183159802489,17183161483531,16979,301876,17183161483531,17183160643062,17183188323117,17183159802489,
0,696989,17183168463495,17183168463495,0,17183168817073,17183168819000,17183169062594,17183169149573,17183188963495,17183168812282,11143748,17183169736240,17183169783011,17183169903740,17183171319365,17183173025720,21146,336875,17183173025720,17183172277959,17183199457493,17183171319365,
0,696997,17183179608552,17183179608552,0,17183179910199,17183179911658,17183180101189,17183180182126,17183200108552,17183179904887,11143821,17183180754679,17183180796085,17183180921554,17183182366866,17183184141502,20156,327812,17183184141502,17183183324418,17183210604317,17183182366866,
0,697005,17183190752144,17183190752144,0,17183191196971,17183191198638,17183191383221,17183191458586,17183211252144,17183191192596,11143860,17183192025669,17183192070565,17183192187492,17183193623013,17183195413065,21354,344323,17183195413065,17183194594680,17183221747547,17183193623013,
0,697013,17183201897588,17183201897588,0,17183203114420,17183203115618,17183203292077,17183203352650,17183222397588,17183203111973,11143990,17183203745827,17183203794837,17183203931973,17183205619317,17183207489004,24583,432344,17183207489004,17183206835775,17183232893434,17183205619317,
0,697021,17183213039017,17183213039017,0,17183213375046,17183213376140,17183213563380,17183213631140,17183233539017,17183213371817,11143817,17183214125932,17183214199005,17183214312390,17183215765776,17183217535203,22500,364948,17183217535203,17183216787338,17183244035779,17183215765776,
0,697029,17183224180997,17183224180997,0,17183224484787,17183224486245,17183224676975,17183224766089,17183244680997,17183224479943,11143669,17183225425048,17183225980464,17183226046766,17183226993433,17183228749371,17031,299844,17183228749371,17183227825673,17183255178280,17183226993433,
0,697037,17183235324433,17183235324433,0,17183235750101,17183235752445,17183236002913,17183236107809,17183255824433,17183235743955,11143669,17183236791924,17183237318591,17183237392601,17183238435778,17183240159685,17292,278282,17183240159685,17183239229112,17183266330312,17183238435778,
0,697045,17183246467814,17183246467814,0,17183246908800,17183246910362,17183247164841,17183247270102,17183266967814,17183246903487,11143641,17183247977758,17183248059008,17183248205206,17183249907081,17183251792811,26146,388542,17183251792811,17183250983488,17183277473699,17183249907081,
0,697053,17183257610688,17183257610688,0,17183257937811,17183257938853,17183258127030,17183258221301,17183278110688,17183257932447,11143577,17183258923541,17183258960520,17183259064582,17183260326822,17183262138905,17812,308333,17183262138905,17183261214062,17183288621669,17183260326822,
0,697061,17183268754250,17183268754250,0,17183269797917,17183269798906,17183269999167,17183270090729,17183289254250,17183269793385,11143591,17183270700885,17183270744115,17183270862031,17183272376511,17183274173438,20000,364636,17183274173438,17183273400521,17183299751930,17183272376511,
0,697069,17183279899100,17183279899100,0,17183280230574,17183280231928,17183280871720,17183280964428,17183300399100,17183280225626,11143650,17183281687397,17183281732345,17183281857032,17183283368022,17183285182189,22657,363125,17183285182189,17183284436460,17183310894014,17183283368022,
0,697077,17183291044818,17183291044818,0,17183291525471,17183291834586,17183292036929,17183292124586,17183311544818,17183291520315,11143799,17183292733544,17183292786356,17183292909169,17183294310107,17183296079534,23802,607761,17183296079534,17183295583284,17183322034120,17183294310107,
0,697085,17183302190487,17183302190487,0,17183302587295,17183302588180,17183302772660,17183302860680,17183322690487,17183302582295,11143904,17183303307712,17183303366514,17183303519378,17183304864118,17183306729535,23125,322136,17183306729535,17183306230316,17183333185944,17183304864118,
0,697093,17183313332416,17183313332416,0,17183313624275,17183313625056,17183313819640,17183313918546,17183333832416,17183313620629,11143776,17183313941359,17183314002140,17183314105890,17183316259484,17183318083911,22031,454895,17183318083911,17183317503755,17183344326830,17183316259484,
0,697101,17183324473845,17183324473845,0,17183324838703,17183324840214,17183325134172,17183325235631,17183344973845,17183324834224,11143614,17183326053287,17183326104381,17183326235891,17183327611256,17183329291829,21458,666771,17183329291829,17183328940475,17183355469175,17183327611256,
0,697109,17183335615672,17183335615672,0,17183336241621,17183336243027,17183336434694,17183336529590,17183356115672,17183336237246,11143523,17183337732819,17183337784434,17183337925111,17183339542663,17183341253497,21771,348646,17183341253497,17183340575059,17183366606728,17183339542663,
0,697117,17183346759338,17183346759338,0,17183347067143,17183347068601,17183347214904,17183347301622,17183367259338,17183347061779,11143529,17183348114799,17183348153654,17183348276310,17183350127039,17183351840321,22761,315573,17183351840321,17183351083810,17183377746417,17183350127039,
0,697125,17183357901776,17183357901776,0,17183359090009,17183359091259,17183359274540,17183359336051,17183378401776,17183359086936,11143441,17183359708238,17183359753759,17183359886103,17183361954697,17183363789801,24583,397605,17183363789801,17183363140009,17183388894126,17183361954697,
0,697133,17183369044905,17183369044905,0,17183370234125,17183370235322,17183370420270,17183370481781,17183389544905,17183370230843,11143432,17183370854020,17183370898031,17183371028448,17183372683656,17183374814385,22187,360417,17183374814385,17183373741365,17183400033815,17183372683656,
0,697141,17183380185934,17183380185934,0,17183381381053,17183381382147,17183381569022,17183381657876,17183400685934,17183381378709,11143272,17183382015636,17183382059022,17183382196782,17183383790272,17183385893605,25000,368438,17183385893605,17183384881730,17183411177306,17183383790272,
0,697149,17183391327126,17183391327126,0,17183391675377,17183391676314,17183391895273,17183391968762,17183411827126,17183391672408,11143160,17183392443398,17183392488033,17183392599231,17183394066419,17183395815429,22916,552969,17183395815429,17183395318398,17183422329390,17183394066419,
0,697157,17183402470010,17183402470010,0,17183403641159,17183403642357,17183403809284,17183403866263,17183422970010,17183403638503,11143166,17183404211524,17183404258243,17183404386576,17183406021316,17183407830587,24270,442657,17183407830587,17183407207097,17183433463975,17183406021316,
0,697165,17183413610451,17183413610451,0,17183413956994,17183413958139,17183414164910,17183414239494,17183434110451,17183413952723,11142964,17183414783452,17183415214858,17183415341629,17183416936629,17183418810327,26510,377552,17183418810327,17183418022411,17183444606944,17183416936629,
0,697173,17183424752526,17183424752526,0,17183425394286,17183425395536,17183425592776,17183425680797,17183445252526,17183425389859,11142917,17183426284130,17183426327463,17183426452047,17183427953401,17183429850901,23959,390104,17183429850901,17183429126630,17183455755800,17183427953401,
0,697181,17183435895513,17183435895513,0,17183436212360,17183436213194,17183436391787,17183436463037,17183456395513,17183436208975,11142872,17183437065850,17183437103715,17183437209860,17183438641319,17183440423507,20364,363698,17183440423507,17183439676944,17183466901113,17183438641319,
0,697189,17183447036836,17183447036836,0,17183447364236,17183447365070,17183447543507,17183447619028,17183467536836,17183447360434,11142749,17183448161684,17183448209028,17183448433143,17183449843403,17183451611737,20521,360938,17183451611737,17183450875278,17183478029656,17183449843403,
0,697197,17183458178199,17183458178199,0,17183459287675,17183459288613,17183459465123,17183459521686,17183478678199,17183459284863,11142630,17183459864446,17183459907259,17183460275696,17183461947363,17183463750123,26146,397292,17183463750123,17183463065592,17183489175907,17183461947363,
0,697205,17183469321466,17183469321466,0,17183469652259,17183469653353,17183469855280,17183469925437,17183489821466,17183469649395,11142641,17183470901530,17183470946947,17183471067520,17183472579760,17183474377260,24167,366197,17183474377260,17183473633979,17183500314710,17183472579760,
0,697213,17183480465138,17183480465138,0,17183481694240,17183481695386,17183481858407,17183481913979,17183500965138,17183481691740,11142671,17183482243250,17183482287417,17183482398719,17183483723146,17183485519344,23177,367187,17183485519344,17183484745490,17183511460128,17183483723146,
0,697221,17183491605101,17183491605101,0,17183491955074,17183491956220,17183492142470,17183492220126,17183512105101,17183491950855,11142478,17183492731741,17183492798095,17183492920231,17183494525387,17183496394345,25000,417865,17183496394345,17183495781168,17183522598150,17183494525387,
0,697229,17183502747515,17183502747515,0,17183503068721,17183503069867,17183503267054,17183503347940,17183523247515,17183503066117,11142488,17183503864398,17183503915752,17183504021638,17183505699971,17183507551847,23958,421875,17183507551847,17183506844763,17183533748828,17183505699971,
0,697237,17183513889256,17183513889256,0,17183514245545,17183514246795,17183514455076,17183514538410,17183534389256,17183514241951,11142465,17183515252785,17183515310597,17183515437420,17183516898983,17183518711066,20781,382031,17183518711066,17183517969764,17183544885184,17183516898983,
0,697245,17183525032785,17183525032785,0,17183525393150,17183525393932,17183525583359,17183525651171,17183545532785,17183525389609,11142584,17183526537786,17183526588567,17183526711380,17183528055182,17183529866536,22812,375208,17183529866536,17183529161797,17183556018570,17183528055182,
0,697253,17183536173476,17183536173476,0,17183536910808,17183536911589,17183537114870,17183537208256,17183556673476,17183536907422,11142464,17183537752839,17183537796225,17183537897735,17183539253673,17183541014506,20260,374896,17183541014506,17183540280392,17183567163155,17183539253673,
0,697261,17183547316150,17183547316150,0,17183547672163,17183547673778,17183547870184,17183547963361,17183567816150,17183547667840,11142459,17183548421694,17183548491851,17183548636747,17183550117007,17183551862164,23177,372031,17183551862164,17183551174299,17183578371020,17183550117007,
0,697269,17183558456840,17183558456840,0,17183558811487,17183558812425,17183559129820,17183559224612,17183578956840,17183558806852,11142321,17183559248831,17183559312008,17183559407112,17183560861696,17183562615237,20989,431719,17183562615237,17183561989612,17183589445084,17183560861696,
0,697277,17183569596824,17183569596824,0,17183569984301,17183569985082,17183570172061,17183570260395,17183590096824,17183569980447,11142199,17183571000811,17183571043988,17183571160863,17183572556332,17183574259822,22031,329636,17183574259822,17183573530291,17183600586700,17183572556332,
0,697285,17183580737398,17183580737398,0,17183581107948,17183581108729,17183581267479,17183581348989,17183601237398,17183581103781,11142107,17183582433885,17183582485135,17183582620864,17183584014198,17183585702167,21510,338541,17183585702167,17183585071646,17183611726701,17183584014198,
0,697293,17183591894101,17183591894101,0,17183592194251,17183592196543,17183592389095,17183592486959,17183612394101,17183592189303,11142967,17183593347845,17183593394616,17183593551959,17183595643939,17183597426126,27864,451511,17183597426126,17183596862324,17183622880035,17183595643939,
0,697301,17183603032319,17183603032319,0,17183603722481,17183603725085,17183603916596,17183604015242,17183623532319,17183603717117,11142693,17183604577117,17183604619981,17183604746908,17183606320242,17183608075711,25312,355469,17183608075711,17183607356700,17183634013422,17183606320242,
0,697309,17183614170108,17183614170108,0,17183614803836,17183614804774,17183615036389,17183615136857,17183634670108,17183614798055,11142380,17183615754409,17183615799566,17183615928784,17183617468212,17183619589202,23750,425782,17183619589202,17183618582066,17183645151235,17183617468212,
0,697317,17183625308334,17183625308334,0,17183625966754,17183625967588,17183626154983,17183626239150,17183645808334,17183625963004,11142128,17183626760036,17183626803942,17183626915608,17183628530192,17183630311494,22552,392396,17183630311494,17183629651703,17183656300559,17183628530192,
0,697325,17183636449093,17183636449093,0,17183636768787,17183636769568,17183636963370,17183637049620,17183656949093,17183636764359,11142013,17183637624099,17183637668214,17183637793578,17183639275401,17183640991808,21145,361354,17183640991808,17183640304724,17183667449519,17183639275401,
0,697333,17183647587875,17183647587875,0,17183648023788,17183648024517,17183648202694,17183648276340,17183668087875,17183648019986,11141789,17183648807121,17183648867329,17183648976236,17183650343215,17183652081861,22239,356198,17183652081861,17183651347486,17183678584520,17183650343215,
0,697341,17183658727360,17183658727360,0,17183659016445,17183659017330,17183659210716,17183659301080,17183679227360,17183659012539,11141670,17183659793372,17183659834414,17183659925872,17183661197539,17183662898477,20104,337552,17183662898477,17183662497800,17183689725354,17183661197539,
0,697349,17183669867773,17183669867773,0,17183670201134,17183670201967,17183670402488,17183670483373,17183690367773,17183670197123,11141565,17183671042748,17183671092540,17183671221707,17183672773686,17183674591342,23385,382396,17183674591342,17183673863113,17183700864262,17183672773686,
0,697357,17183681010117,17183681010117,0,17183681313999,17183681314728,17183681484781,17183681555926,17183701510117,17183681310249,11141581,17183682183010,17183682220718,17183682326604,17183683701447,17183685469312,18073,320625,17183685469312,17183684663114,17183712014211,17183683701447,
0,697365,17183692151823,17183692151823,0,17183692447282,17183692448584,17183692658740,17183692742334,17183712651823,17183692443167,11141601,17183693307230,17183693355407,17183693475146,17183695090615,17183696903115,24583,396302,17183696903115,17183696233897,17183723151035,17183695090615,
0,697373,17183703294020,17183703294020,0,17183704038897,17183704040147,17183704232075,17183704323429,17183723794020,17183704035564,11141674,17183704901293,17183704942543,17183705084731,17183706485096,17183708322179,19011,361198,17183708322179,17183707488742,17183734300411,17183706485096,
0,697381,17183714433591,17183714433591,0,17183714748169,17183714749055,17183714936034,17183715066919,17183734933591,17183714744992,11141514,17183715671867,17183715721763,17183715835878,17183717282128,17183719079680,23906,391614,17183719079680,17183718397805,17183745444683,17183717282128,
0,697389,17183725575884,17183725575884,0,17183725919941,17183725920775,17183726102806,17183726177025,17183746075884,17183725916139,11141542,17183726690254,17183726739785,17183726856764,17183728225671,17183730075515,19479,365885,17183730075515,17183729310775,17183756577132,17183728225671,
0,697397,17183736716445,17183736716445,0,17183737946505,17183737947703,17183738141505,17183738196922,17183757216445,17183737943536,11141449,17183738600359,17183738643536,17183738773224,17183740204318,17183742382130,19792,352813,17183742382130,17183741246505,17183767717341,17183740204318,
0,697405,17183747859417,17183747859417,0,17183748218433,17183748219631,17183748447444,17183748513121,17183768359417,17183748215673,11141520,17183749011141,17183749062027,17183749175621,17183750677392,17183752539527,23073,534115,17183752539527,17183751934423,17183778863749,17183750677392,
0,697413,17183759002298,17183759002298,0,17183759302861,17183759303799,17183759502236,17183759587445,17183779502298,17183759299163,11141561,17183760133382,17183760172861,17183760284059,17183761981820,17183763764737,54427,327396,17183763764737,17183763031664,17183790008802,17183761981820,
0,697421,17183770144145,17183770144145,0,17183770731196,17183770732550,17183770951352,17183771041196,17183790644145,17183770727133,11141593,17183771654529,17183771696977,17183771817602,17183773202446,17183774941821,22239,343386,17183774941821,17183774208227,17183801145626,17183773202446,
0,697429,17183781284862,17183781284862,0,17183781592499,17183781593749,17183781803801,17183781885624,17183801784862,17183781588645,11141527,17183782409009,17183782454843,17183782570936,17183783873489,17183785621249,22344,355000,17183785621249,17183784874635,17183812296929,17183783873489,
0,697437,17183792425406,17183792425406,0,17183792745937,17183792746615,17183792906615,17183792987656,17183812925406,17183792742552,11141400,17183793460521,17183793508646,17183793634948,17183794860677,17183796603125,17657,351979,17183796603125,17183795890521,17183823433180,17183794860677,
0,697445,17183803567013,17183803567013,0,17183804251668,17183804252553,17183804456199,17183804560314,17183824067013,17183804247293,11141350,17183804585678,17183804635626,17183804749637,17183806458126,17183808250002,21771,412240,17183808250002,17183807589949,17183834573285,17183806458126,
0,697453,17183814717989,17183814717989,0,17183815107294,17183815108856,17183815335523,17183815429898,17183835217989,17183815103440,11142257,17183816222711,17183816272971,17183816398804,17183817844586,17183819594117,22864,401459,17183819594117,17183819072398,17183845746412,17183817844586,
0,697461,17183825861472,17183825861472,0,17183826176722,17183826177816,17183826356045,17183826450003,17183846361472,17183826173441,11142323,17183827548233,17183827610003,17183827751306,17183829220524,17183831135004,22344,355156,17183831135004,17183830244327,17183856867506,17183829220524,
0,697469,17183837003256,17183837003256,0,17183837287921,17183837289171,17183837447504,17183837540473,17183857503256,17183837282400,11142283,17183838459900,17183838500265,17183838634067,17183840229901,17183841975109,23125,340104,17183841975109,17183841255474,17183868003237,17183840229901,
0,697477,17183848144127,17183848144127,0,17183848495787,17183848496568,17183848673339,17183848780214,17183868644127,17183848492297,11142175,17183849280995,17183849322766,17183849443235,17183850853183,17183852604225,20677,368646,17183852604225,17183851870318,17183879141727,17183850853183,
0,697485,17183859294263,17183859294263,0,17183859605580,17183859606465,17183859807559,17183859888548,17183879794263,17183859601777,11142680,17183860398861,17183860442663,17183860556465,17183862094694,17183863804070,22500,349219,17183863804070,17183863083080,17183890281260,17183862094694,
0,697493,17183870437386,17183870437386,0,17183870730060,17183870730945,17183870928289,17183871011935,17183890937386,17183870726049,11142711,17183871594227,17183871644383,17183871763341,17183873332612,17183875127717,22865,368698,17183875127717,17183874404696,17183901434959,17183873332612,
0,697501,17183881578015,17183881578015,0,17183881888811,17183881890113,17183882060009,17183882136363,17183902078015,17183881885426,11142565,17183882663655,17183882704332,17183882815217,17183884106832,17183885801363,19375,371614,17183885801363,17183885093134,17183912565481,17183884106832,
0,697509,17183892718751,17183892718751,0,17183893015010,17183893016364,17183893211208,17183893292979,17183913218751,17183893010635,11142467,17183893874906,17183893917198,17183894038708,17183895571104,17183897330115,21459,385105,17183897330115,17183896649906,17183923738294,17183895571104,
0,697517,17183903859987,17183903859987,0,17183904144386,17183904145844,17183904333553,17183904422407,17183924359987,17183904140376,11142441,17183905045688,17183905091365,17183905209178,17183906747147,17183908540324,23073,376042,17183908540324,17183907812459,17183934860066,17183906747147,
0,697525,17183915003103,17183915003103,0,17183915315533,17183915316783,17183915525585,17183915615377,17183935503103,17183915310950,11142485,17183916154648,17183916206575,17183916320846,17183917853867,17183919686158,22396,395312,17183919686158,17183918994388,17183945995849,17183917853867,
0,697533,17183926143016,17183926143016,0,17183926477774,17183926478399,17183927017305,17183927104545,17183946643016,17183926474284,11142330,17183927651472,17183927693086,17183927794180,17183929197982,17183930943451,20677,335052,17183930943451,17183930149805,17183957135173,17183929197982,
0,697541,17183937289904,17183937289904,0,17183938530015,17183938531004,17183938720900,17183938777046,17183957789904,17183938527515,11142566,17183939139598,17183939189598,17183939325275,17183940869129,17183942666161,23073,434739,17183942666161,17183941998348,17183968273195,17183940869129,
0,697549,17183948432493,17183948432493,0,17183948758505,17183948759182,17183948927932,17183948998453,17183968932493,17183948755016,11142588,17183949581161,17183949634130,17183949752047,17183951166891,17183952925537,22136,365312,17183952925537,17183952245433,17183979417571,17183951166891,
0,697557,17183959572615,17183959572615,0,17183959868298,17183959869183,17183960045590,17183960127256,17183980072615,17183959864652,11142431,17183960672673,17183960720017,17183960844392,17183962374548,17183964199027,21458,379687,17183964199027,17183963475694,17183990565697,17183962374548,
0,697565,17183970713192,17183970713192,0,17183970995955,17183970996737,17183971168820,17183971252414,17183991213192,17183970991580,11142345,17183971821007,17183971865226,17183971983664,17183973341112,17183975187414,19635,332604,17183975187414,17183974334029,17184001721219,17183973341112,
0,697573,17183981853268,17183981853268,0,17183982149550,17183982151477,17183982323092,17183982398769,17184002353268,17183982145436,11142245,17183982912779,17183982955696,17183983073404,17183984424707,17183986230332,19896,377552,17183986230332,17183985523300,17184012841637,17183984424707,
0,697581,17183992992603,17183992992603,0,17183993357520,17183993358353,17183993897676,17183993979708,17184013492603,17183993354239,11142046,17183994531114,17183994570176,17183994679291,17183996233666,17183998039656,21093,411354,17183998039656,17183997328458,17184023987575,17183996233666,
0,697589,17184004133117,17184004133117,0,17184004483146,17184004484240,17184004702782,17184004795229,17184024633117,17184004478563,11141905,17184005468667,17184005516480,17184005659917,17184007232209,17184009061219,24427,382812,17184009061219,17184008367157,17184035129555,17184007232209,
0,697597,17184015277476,17184015277476,0,17184015630491,17184015632053,17184015834606,17184015915543,17184035777476,17184015626481,11142015,17184016448251,17184016499606,17184016614814,17184018397679,17184020209033,25521,384636,17184020209033,17184019543981,17184046267786,17184018397679,
0,697605,17184026416728,17184026416728,0,17184026730648,17184026731638,17184026922784,17184027008721,17184046916728,17184026727315,11141838,17184027575336,17184027622680,17184027737940,17184029192159,17184031000128,21563,376302,17184031000128,17184030210024,17184057414558,17184029192159,
0,697613,17184037556247,17184037556247,0,17184037882160,17184037883254,17184038074243,17184038163254,17184058056247,17184037877993,11141647,17184038622577,17184038683566,17184038843827,17184040254920,17184042000337,23334,360573,17184042000337,17184041279764,17184068547892,17184040254920,
0,697621,17184048697230,17184048697230,0,17184049023932,17184049025338,17184049228828,17184049325546,17184069197230,17184049019140,11141599,17184049349921,17184049406276,17184049511380,17184050949505,17184052705182,53646,386562,17184052705182,17184052009349,17184079677164,17184050949505,
0,697629,17184059836517,17184059836517,0,17184060211225,17184060212058,17184060409870,17184060501225,17184080336517,17184060206902,11141418,17184061213308,17184061258777,17184061379558,17184062875444,17184064595704,23698,374740,17184064595704,17184063906121,17184090833832,17184062875444,
0,697637,17184070976758,17184070976758,0,17184071276330,17184071277528,17184071457372,17184071548934,17184091476758,17184071272319,11141283,17184072654820,17184072714767,17184072848986,17184074315809,17184076029403,21979,468021,17184076029403,17184075473049,17184101988364,17184074315809,
0,697645,17184082119950,17184082119950,0,17184082347998,17184082349143,17184082489508,17184082546123,17184102619950,17184082344873,11141291,17184083132425,17184083167321,17184083259664,17184084656123,17184086499456,15938,399948,17184086499456,17184085872790,17184113128105,17184084656123,
0,697653,17184093257423,17184093257423,0,17184093572634,17184093573988,17184093754717,17184093838415,17184113757423,17184093568988,11141291,17184094357218,17184094404145,17184094521749,17184096081541,17184097892270,21667,420000,17184097892270,17184097227947,17184124263523,17184096081541,
0,697661,17184104398048,17184104398048,0,17184105137687,17184105138937,17184105353104,17184105453573,17184124898048,17184105133208,11141224,17184106032896,17184106082687,17184106197167,17184107750656,17184109488000,25937,383021,17184109488000,17184108872948,17184135401753,17184107750656,
0,697669,17184115541339,17184115541339,0,17184116011438,17184116013366,17184116323105,17184116414199,17184136041339,17184116006282,11141295,17184116972532,17184117026855,17184117150293,17184118872689,17184120666491,22604,406510,17184120666491,17184120022585,17184146542379,17184118872689,
0,697677,17184126683546,17184126683546,0,17184126983731,17184126984929,17184127192325,17184127272273,17184147183546,17184126980137,11141285,17184127881075,17184127925763,17184128055190,17184129513575,17184131243940,20885,350990,17184131243940,17184130529044,17184157689359,17184129513575,
0,697685,17184137825919,17184137825919,0,17184138190086,17184138191180,17184138454930,17184138531024,17184158325919,17184138186493,11141355,17184139096285,17184139141128,17184139261701,17184140638264,17184142405087,20885,351718,17184142405087,17184141696285,17184168826652,17184140638264,
0,697693,17184148965735,17184148965735,0,17184150191546,17184150192640,17184150360140,17184150415765,17184169465735,17184150189254,11141207,17184150756702,17184150802015,17184150924932,17184152461025,17184154246911,22344,374427,17184154246911,17184153524828,17184179966601,17184152461025,
0,697701,17184160110313,17184160110313,0,17184161349360,17184161350558,17184161551287,17184161674985,17184180610313,17184161346808,11141531,17184162048162,17184162096860,17184162273214,17184163926183,17184165789464,27083,452448,17184165789464,17184165156183,17184191109675,17184163926183,
0,697709,17184171253546,17184171253546,0,17184171544361,17184171545090,17184171758215,17184171831652,17184191753546,17184171540142,11141662,17184172336444,17184172379673,17184172510507,17184174026236,17184175819674,22656,418438,17184175819674,17184175158111,17184202254676,17184174026236,
0,697717,17184182394830,17184182394830,0,17184183149883,17184183150612,17184183314570,17184183384778,17184202894830,17184183146393,11141643,17184183889831,17184183928268,17184184039570,17184185557018,17184187344935,20000,363281,17184187344935,17184186607591,17184213400771,17184185557018,
0,697725,17184193535361,17184193535361,0,17184193837592,17184193838477,17184194007071,17184194081967,17184214035361,17184193834259,11141566,17184194593582,17184194636186,17184194748061,17184196234415,17184198021030,19635,390052,17184198021030,17184197310197,17184224532595,17184196234415,
0,697733,17184204675687,17184204675687,0,17184205155249,17184205156291,17184205396604,17184205478479,17184225175687,17184205151708,11141455,17184205969937,17184206039833,17184206154833,17184207605198,17184209428271,21406,476250,17184209428271,17184208780771,17184235675148,17184207605198,
0,697741,17184215817192,17184215817192,0,17184216116292,17184216117907,17184216299834,17184216383948,17184236317192,17184216112178,11141429,17184217362959,17184217406344,17184217525719,17184219012334,17184220841241,22083,385989,17184220841241,17184220289209,17182909721579,17184219012334,
0,697749,17184226960767,17184226960767,0,17184227333533,17184227334991,17184227530981,17184227621606,17184247460767,17184227329887,11141564,17184228649262,17184228698793,17184228836137,17184230335877,17184232170304,21823,368386,17184232170304,17184231384679,17182920864496,17184230335877,
0,697757,17184238104158,17184238104158,0,17184238433117,17184238434003,17184238615201,17184238713534,17184258604158,17184238429992,11141773,17184239225930,17184239268742,17184239367076,17184240669524,17184242470774,19896,312396,17184242470774,17184241572701,17182932020175,17184240669524,
0,697765,17184249244754,17184249244754,0,17184249754681,17184249757962,17184250237754,17184250359994,17184269744754,17184249747181,11141693,17184251786764,17184251843014,17184252039421,17184254059525,17182916266371,30729,581927,17182916266371,17184255472442,17182943156634,17184254059525,
---PROFILEDATA---


View hierarchy:

  dev.polski.grammarmatrix.benchmark/dev.polski.grammarmatrix.GlassBenchmarkActivity/android.view.ViewRootImpl@86d155f
  6 views, 10.66 kB of render nodes


Total ViewRootImpl   : 1
Total attached Views : 6
Total RenderNode     : 10.66 kB (used) / 34.73 kB (capacity)