Applications Graphics Acceleration Info:
Uptime: 17163668 Realtime: 155170233

** Graphics info for pid 27061 [dev.polski.grammarmatrix.benchmark] **

Stats since: 17161021343877ns
Total frames rendered: 238
Janky frames: 0 (0.00%)
Janky frames (legacy): 0 (0.00%)
50th percentile: 5ms
90th percentile: 5ms
95th percentile: 5ms
99th percentile: 5ms
Number Missed Vsync: 0
Number High input latency: 0
Number Slow UI thread: 0
Number Slow bitmap uploads: 0
Number Slow issue draw commands: 0
Number Frame deadline missed: 0
Number Frame deadline missed (legacy): 0
HISTOGRAM: 5ms=236 6ms=2 7ms=0 8ms=0 9ms=0 10ms=0 11ms=0 12ms=0 13ms=0 14ms=0 15ms=0 16ms=0 17ms=0 18ms=0 19ms=0 20ms=0 21ms=0 22ms=0 23ms=0 24ms=0 25ms=0 26ms=0 27ms=0 28ms=0 29ms=0 30ms=0 31ms=0 32ms=0 34ms=0 36ms=0 38ms=0 40ms=0 42ms=0 44ms=0 46ms=0 48ms=0 53ms=0 57ms=0 61ms=0 65ms=0 69ms=0 73ms=0 77ms=0 81ms=0 85ms=0 89ms=0 93ms=0 97ms=0 101ms=0 105ms=0 109ms=0 113ms=0 117ms=0 121ms=0 125ms=0 129ms=0 133ms=0 150ms=0 200ms=0 250ms=0 300ms=0 350ms=0 400ms=0 450ms=0 500ms=0 550ms=0 600ms=0 650ms=0 700ms=0 750ms=0 800ms=0 850ms=0 900ms=0 950ms=0 1000ms=0 1050ms=0 1100ms=0 1150ms=0 1200ms=0 1250ms=0 1300ms=0 1350ms=0 1400ms=0 1450ms=0 1500ms=0 1550ms=0 1600ms=0 1650ms=0 1700ms=0 1750ms=0 1800ms=0 1850ms=0 1900ms=0 1950ms=0 2000ms=0 2050ms=0 2100ms=0 2150ms=0 2200ms=0 2250ms=0 2300ms=0 2350ms=0 2400ms=0 2450ms=0 2500ms=0 2550ms=0 2600ms=0 2650ms=0 2700ms=0 2750ms=0 2800ms=0 2850ms=0 2900ms=0 2950ms=0 3000ms=0 3050ms=0 3100ms=0 3150ms=0 3200ms=0 3250ms=0 3300ms=0 3350ms=0 3400ms=0 3450ms=0 3500ms=0 3550ms=0 3600ms=0 3650ms=0 3700ms=0 3750ms=0 3800ms=0 3850ms=0 3900ms=0 3950ms=0 4000ms=0 4050ms=0 4100ms=0 4150ms=0 4200ms=0 4250ms=0 4300ms=0 4350ms=0 4400ms=0 4450ms=0 4500ms=0 4550ms=0 4600ms=0 4650ms=0 4700ms=0 4750ms=0 4800ms=0 4850ms=0 4900ms=0 4950ms=0
50th gpu percentile: 2ms
90th gpu percentile: 2ms
95th gpu percentile: 3ms
99th gpu percentile: 3ms
GPU HISTOGRAM: 1ms=0 2ms=221 3ms=17 4ms=0 5ms=0 6ms=0 7ms=0 8ms=0 9ms=0 10ms=0 11ms=0 12ms=0 13ms=0 14ms=0 15ms=0 16ms=0 17ms=0 18ms=0 19ms=0 20ms=0 21ms=0 22ms=0 23ms=0 24ms=0 25ms=0 4950ms=0

Pipeline=Skia (OpenGL)
CPU Caches:
  Glyph Cache: 43.11 KB (1 entry)
  Glyph Count: 8 
Total CPU memory usage:
  44146 bytes, 43.11 KB (0.00 bytes is purgeable)
GPU Caches:
  Other:
    Other: 14.68 KB (1 entry)
    Buffer Object: 36.00 KB (1 entry)
  Scratch:
    Texture: 2.00 MB (1 entry)
    Buffer Object: 48.00 KB (1 entry)
Total GPU memory usage:
  2198200 bytes, 2.10 MB (36.00 KB is purgeable)

Profile data in ms:

	dev.polski.grammarmatrix.benchmark/dev.polski.grammarmatrix.GlassBenchmarkActivity/android.view.ViewRootImpl@86d155f (visibility=0)
Window: dev.polski.grammarmatrix.benchmark/dev.polski.grammarmatrix.GlassBenchmarkActivity
Stats since: 17161021343357ns
Total frames rendered: 238
Janky frames: 0 (0.00%)
Janky frames (legacy): 0 (0.00%)
50th percentile: 5ms
90th percentile: 5ms
95th percentile: 5ms
99th percentile: 5ms
Number Missed Vsync: 0
Number High input latency: 0
Number Slow UI thread: 0
Number Slow bitmap uploads: 0
Number Slow issue draw commands: 0
Number Frame deadline missed: 0
Number Frame deadline missed (legacy): 0
HISTOGRAM: 5ms=236 6ms=2 7ms=0 8ms=0 9ms=0 10ms=0 11ms=0 12ms=0 13ms=0 14ms=0 15ms=0 16ms=0 17ms=0 18ms=0 19ms=0 20ms=0 21ms=0 22ms=0 23ms=0 24ms=0 25ms=0 26ms=0 27ms=0 28ms=0 29ms=0 30ms=0 31ms=0 32ms=0 34ms=0 36ms=0 38ms=0 40ms=0 42ms=0 44ms=0 46ms=0 48ms=0 53ms=0 57ms=0 61ms=0 65ms=0 69ms=0 73ms=0 77ms=0 81ms=0 85ms=0 89ms=0 93ms=0 97ms=0 101ms=0 105ms=0 109ms=0 113ms=0 117ms=0 121ms=0 125ms=0 129ms=0 133ms=0 150ms=0 200ms=0 250ms=0 300ms=0 350ms=0 400ms=0 450ms=0 500ms=0 550ms=0 600ms=0 650ms=0 700ms=0 750ms=0 800ms=0 850ms=0 900ms=0 950ms=0 1000ms=0 1050ms=0 1100ms=0 1150ms=0 1200ms=0 1250ms=0 1300ms=0 1350ms=0 1400ms=0 1450ms=0 1500ms=0 1550ms=0 1600ms=0 1650ms=0 1700ms=0 1750ms=0 1800ms=0 1850ms=0 1900ms=0 1950ms=0 2000ms=0 2050ms=0 2100ms=0 2150ms=0 2200ms=0 2250ms=0 2300ms=0 2350ms=0 2400ms=0 2450ms=0 2500ms=0 2550ms=0 2600ms=0 2650ms=0 2700ms=0 2750ms=0 2800ms=0 2850ms=0 2900ms=0 2950ms=0 3000ms=0 3050ms=0 3100ms=0 3150ms=0 3200ms=0 3250ms=0 3300ms=0 3350ms=0 3400ms=0 3450ms=0 3500ms=0 3550ms=0 3600ms=0 3650ms=0 3700ms=0 3750ms=0 3800ms=0 3850ms=0 3900ms=0 3950ms=0 4000ms=0 4050ms=0 4100ms=0 4150ms=0 4200ms=0 4250ms=0 4300ms=0 4350ms=0 4400ms=0 4450ms=0 4500ms=0 4550ms=0 4600ms=0 4650ms=0 4700ms=0 4750ms=0 4800ms=0 4850ms=0 4900ms=0 4950ms=0
50th gpu percentile: 2ms
90th gpu percentile: 2ms
95th gpu percentile: 3ms
99th gpu percentile: 3ms
GPU HISTOGRAM: 1ms=0 2ms=221 3ms=17 4ms=0 5ms=0 6ms=0 7ms=0 8ms=0 9ms=0 10ms=0 11ms=0 12ms=0 13ms=0 14ms=0 15ms=0 16ms=0 17ms=0 18ms=0 19ms=0 20ms=0 21ms=0 22ms=0 23ms=0 24ms=0 25ms=0 4950ms=0



---PROFILEDATA---
Flags,FrameTimelineVsyncId,IntendedVsync,Vsync,InputEventId,HandleInputStart,AnimationStart,PerformTraversalsStart,DrawStart,FrameDeadline,FrameInterval,FrameStartTime,SyncQueued,SyncStart,IssueDrawCommandsStart,SwapBuffers,FrameCompleted,DequeueBufferDuration,QueueBufferDuration,GpuCompleted,SwapBuffersCompleted,DisplayPresentTime,CommandSubmissionCompleted,
0,682036,17162331593539,17162331593539,0,17162331992341,17162331994477,17162332188175,17162332285883,17162352093539,17162331987550,11142434,17162333286404,17162333331925,17162333472394,17162335326144,17162337107863,26875,368177,17162337107863,17162336446665,17162362604636,17162335326144,
0,682044,17162342734771,17162342734771,0,17162343040519,17162343042342,17162343230363,17162343319530,17162363234771,17162343034165,11142356,17162344035780,17162344072342,17162344193540,17162345835311,17162347638593,20313,383594,17162347638593,17162346948957,17162373739429,17162345835311,
0,682052,17162353876161,17162353876161,0,17162354519323,17162354520521,17162354695104,17162354774687,17162374376161,17162354515937,11142286,17162355412031,17162355457135,17162355584219,17162357021823,17162358749531,22188,358386,17162358749531,17162358029323,17162384876617,17162357021823,
0,682060,17162365019305,17162365019305,0,17162365364532,17162365366043,17162365593543,17162365689793,17162385519305,17162365359063,11142340,17162366368907,17162366426772,17162366574220,17162368395053,17162370218491,25937,428907,17162370218491,17162369594272,17162396032868,17162368395053,
0,682068,17162376165313,17162376165313,0,17162376430679,17162376431356,17162376583127,17162376652346,17162396665313,17162376427450,11142581,17162377205367,17162377249325,17162377372346,17162378816669,17162380527450,21771,333333,17162380527450,17162379800367,17162407174224,17162378816669,
0,682076,17162387308875,17162387308875,0,17162387910107,17162387911514,17162388125211,17162388228336,17162407808875,17162387906566,11142659,17162388961045,17162389005420,17162389123649,17162390571305,17162392715368,21928,348073,17162392715368,17162391582347,17162418311725,17162390571305,
0,682084,17162398450041,17162398450041,0,17162398832348,17162398833077,17162399025004,17162399108129,17162418950041,17162398829431,11142554,17162399711827,17162399758338,17162399867192,17162401198338,17162402937244,19895,341354,17162402937244,17162402182192,17162429471101,17162401198338,
0,682092,17162409595258,17162409595258,0,17162409913912,17162409915057,17162410123234,17162410199589,17162430095258,17162409910266,11142715,17162410804016,17162410857141,17162410986516,17162412640162,17162414449277,25156,385781,17162414449277,17162413730058,17162440604696,17162412640162,
0,682100,17162420739581,17162420739581,0,17162421449225,17162421450215,17162421681413,17162421760475,17162441239581,17162421446100,11142805,17162422357402,17162422394590,17162422483236,17162423584486,17162425128496,14270,263385,17162425128496,17162424285528,17162451764384,17162423584486,
0,682108,17162431883203,17162431883203,0,17162432220320,17162432221622,17162432460789,17162432559122,17162452383203,17162432215112,11142879,17162433789070,17162433841935,17162433973289,17162435494435,17162437227143,23750,308958,17162437227143,17162436396414,17162462884177,17162435494435,
0,682116,17162443029817,17162443029817,0,17162444250946,17162444251936,17162444445113,17162444506311,17162463529817,17162444247873,11143088,17162445050946,17162445111207,17162445293863,17162446989332,17162448847822,25052,400833,17162448847822,17162448117874,17162474025585,17162446989332,
0,682124,17162454173642,17162454173642,0,17162454545010,17162454545947,17162454753812,17162454835583,17162474673642,17162454539697,11143121,17162455549749,17162455597770,17162455722927,17162457186468,17162458976521,19688,348698,17162458976521,17162458194593,17162485167721,17162457186468,
0,682132,17162465321683,17162465321683,0,17162466001573,17162466003084,17162466216469,17162466329907,17162485821683,17162465997407,11143412,17162467061730,17162467105115,17162467233917,17162468792251,17162470609699,22291,367969,17162470609699,17162469857147,17162496315378,17162468792251,
0,682140,17162476463144,17162476463144,0,17162476887199,17162476888293,17162477084752,17162477186418,17162496963144,17162476883449,11143290,17162477831679,17162477877408,17162478002564,17162479484804,17162481302096,20157,354687,17162481302096,17162480500846,17162507457463,17162479484804,
0,682148,17162487607158,17162487607158,0,17162488444805,17162488446107,17162488739961,17162488842878,17162508107158,17162488440586,11143431,17162489606940,17162489660742,17162489797409,17162491379649,17162493287566,24583,411250,17162493287566,17162492552201,17162518605745,17162491379649,
0,682156,17162498749697,17162498749697,0,17162499104545,17162499105483,17162499311681,17162499396525,17162519249697,17162499101473,11143429,17162500067358,17162500112931,17162500235066,17162501662619,17162503442046,17969,346771,17162503442046,17162502653035,17162529744288,17162501662619,
0,682164,17162509894002,17162509894002,0,17162510229807,17162510230849,17162510456265,17162510546109,17162530394002,17162510225640,11143551,17162511242776,17162511285276,17162511417984,17162513076682,17162514817984,22917,378230,17162514817984,17162514141109,17162540884706,17162513076682,
0,682172,17162521036590,17162521036590,0,17162521708246,17162521709027,17162521911266,17162521991683,17162541536590,17162521704704,11143512,17162522668871,17162522709860,17162522835746,17162524230173,17162526004444,21198,461667,17162526004444,17162525376111,17162552035957,17162524230173,
0,682180,17162532179926,17162532179926,0,17162532607778,17162532608820,17162532794861,17162532885486,17162552679926,17162532603663,11143498,17162533377778,17162533434393,17162533613247,17162535317934,17162537104914,26407,412291,17162537104914,17162536475122,17162563181218,17162535317934,
0,682188,17162543321944,17162543321944,0,17162543721946,17162543723092,17162543928248,17162544018821,17162563821944,17162543718039,11143402,17162544040592,17162544105852,17162544225019,17162545859863,17162547657727,24010,400260,17162547657727,17162547009602,17162574309449,17162545859863,
0,682196,17162554463137,17162554463137,0,17162554810488,17162554811166,17162555020697,17162555576270,17162574963137,17162554806270,11143253,17162556458874,17162556513301,17162556661530,17162558160176,17162559933926,27501,393958,17162559933926,17162559303666,17162585479294,17162558160176,
0,682204,17162565605994,17162565605994,0,17162565879344,17162565880542,17162566079031,17162566166583,17162586105994,17162565875125,11143191,17162567319344,17162567380646,17162567533771,17162569242052,17162571259865,23541,403489,17162571259865,17162570383250,17162596598930,17162569242052,
0,682212,17162576749135,17162576749135,0,17162577013251,17162577014397,17162577163668,17162577252887,17162597249135,17162577008616,11143142,17162578153824,17162578193095,17162578326793,17162579710335,17162581614502,20468,301563,17162581614502,17162580619501,17162607740650,17162579710335,
0,682220,17162587889069,17162587889069,0,17162588233096,17162588234346,17162588469086,17162588558409,17162608389069,17162588229502,11142926,17162589249034,17162589294346,17162589425440,17162590947159,17162592743409,25469,472969,17162592743409,17162592119503,17162618882422,17162590947159,
0,682228,17162599037082,17162599037082,0,17162599381535,17162599382837,17162599666118,17162599753358,17162619537082,17162599377264,11143243,17162600326431,17162600367212,17162600467003,17162601868149,17162603569504,17500,324271,17162603569504,17162602781014,17162630026433,17162601868149,
0,682236,17162610177775,17162610177775,0,17162610608619,17162610610025,17162610809088,17162610896015,17162630677775,17162610604817,11143074,17162611531900,17162611574869,17162611870130,17162613195703,17162614894661,20833,322760,17162614894661,17162614119036,17162641164924,17162613195703,
0,682244,17162621317223,17162621317223,0,17162621612787,17162621614037,17162621848568,17162621942526,17162641817223,17162621608099,11142796,17162622655079,17162622702631,17162622807422,17162624096277,17162625768829,21354,314167,17162625768829,17162625021277,17162652307217,17162624096277,
0,682252,17162632458459,17162632458459,0,17162632770705,17162632772163,17162632977163,17162633064715,17162652958459,17162632766330,11142704,17162633791278,17162633837840,17162633955184,17162635419611,17162637171955,20573,345313,17162637171955,17162636408049,17162663453572,17162635419611,
0,682260,17162643599869,17162643599869,0,17162644261852,17162644263727,17162644532581,17162644658414,17162664099869,17162644256747,11142615,17162645508727,17162645555550,17162645680081,17162647055133,17162648789300,21042,327292,17162648789300,17162647992685,17162674603521,17162647055133,
0,682268,17162654739464,17162654739464,0,17162655126176,17162655127061,17162655323728,17162655405967,17162675239464,17162655121019,11142388,17162656104144,17162656160551,17162656289509,17162657635290,17162659391280,17239,367657,17162659391280,17162658601853,17162685747637,17162657635290,
0,682276,17162665881688,17162665881688,0,17162666189197,17162666190135,17162666393312,17162666473052,17162686381688,17162666184770,11142419,17162667176802,17162667233104,17162667335343,17162668889823,17162670679146,21458,347187,17162670679146,17162669899510,17162696881909,17162668889823,
0,682284,17162677023673,17162677023673,0,17162677346386,17162677347688,17162677506855,17162677574511,17162697523673,17162677343938,11142385,17162678130345,17162678179980,17162678337897,17162679786803,17162681530918,22865,345573,17162681530918,17162680765605,17162708023420,17162679786803,
0,682292,17162688170301,17162688170301,0,17162689345398,17162689346335,17162689544669,17162689604773,17162708670301,17162689342846,11142731,17162690053471,17162690102169,17162690241387,17162691910033,17162693711284,24948,382396,17162693711284,17162693018836,17162719161338,17162691910033,
0,682300,17162699313825,17162699313825,0,17162699609097,17162699609982,17162699794045,17162700224201,17162719813825,17162699605815,11142757,17162700849253,17162700897534,17162701017534,17162702712378,17162704573420,24166,389323,17162704573420,17162703841962,17162730305454,17162702712378,
0,682308,17162710454913,17162710454913,0,17162710780608,17162710782119,17162710969931,17162711059879,17162730954913,17162710776285,11142629,17162711996390,17162712042900,17162712171806,17162713537431,17162715373994,22032,320625,17162715373994,17162714480713,17162741450038,17162713537431,
0,682316,17162721595565,17162721595565,0,17162721969984,17162721971495,17162722180349,17162722272797,17162742095565,17162721965349,11142471,17162722988995,17162723031651,17162723163422,17162724656547,17162726532381,22917,369792,17162726532381,17162725768058,17162752600144,17162724656547,
0,682324,17162732735838,17162732735838,0,17162733138944,17162733139985,17162733407642,17162733498163,17162753235838,17162733133996,11142321,17162734183423,17162734225506,17162734342642,17162735674413,17162737469205,22135,331563,17162737469205,17162736602955,17162763733738,17162735674413,
0,682332,17162743876510,17162743876510,0,17162744514049,17162744515455,17162744733945,17162744829726,17162764376510,17162744509674,11142193,17162745581132,17162745628945,17162745770091,17162747152851,17162748909570,26562,365260,17162748909570,17162748128112,17162774877646,17162747152851,
0,682340,17162755018683,17162755018683,0,17162755452540,17162755454206,17162755700040,17162755805404,17162775518683,17162755445248,11142190,17162756560456,17162756614050,17162756762436,17162758370613,17162760134051,21823,358125,17162760134051,17162759430092,17162786017543,17162758370613,
0,682348,17162766162165,17162766162165,0,17162766780874,17162766781968,17162767040822,17162767139885,17162786662165,17162766774833,11142241,17162767854416,17162767893999,17162768021083,17162769822697,17162771635562,21979,382447,17162771635562,17162770900562,17162797165773,17162769822697,
0,682356,17162777303024,17162777303024,0,17162777618271,17162777619052,17162777836396,17162777929469,17162797803024,17162777612698,11142123,17162778496084,17162778554313,17162778723844,17162780133636,17162781866605,20312,349219,17162781866605,17162781141969,17162808311816,17162780133636,
0,682364,17162788445675,17162788445675,0,17162789095408,17162789096397,17162789309262,17162789419626,17162808945675,17162789090824,11142165,17162789442595,17162789493845,17162789602908,17162791045668,17162793116085,19792,359011,17162793116085,17162792142648,17162819454265,17162791045668,
0,682372,17162799588314,17162799588314,0,17162799915669,17162799916763,17162800104575,17162800188794,17162820088314,17162799912180,11142226,17162801006711,17162801051503,17162801170773,17162802584888,17162804276242,19636,343646,17162804276242,17162803553117,17162830583641,17162802584888,
0,682380,17162810730294,17162810730294,0,17162811082129,17162811083222,17162811270410,17162811367493,17162831230294,17162811078327,11142164,17162812783639,17162812840254,17162812983431,17162814451556,17162816160150,19427,463802,17162816160150,17162815622285,17162841739944,17162814451556,
0,682388,17162821877469,17162821877469,0,17162822167963,17162822169682,17162822374786,17162822480098,17162842377469,17162822162859,11142575,17162823584786,17162823634265,17162823790672,17162825582963,17162827322911,24010,359479,17162827322911,17162826640151,17162852973539,17162825582963,
0,682396,17162833021248,17162833021248,0,17162833279683,17162833281350,17162833467652,17162833565620,17162853521248,17162833275204,11142650,17162834222235,17162834261141,17162834383537,17162835915256,17162837726402,18906,370365,17162837726402,17162837006610,17162864013332,17162835915256,
0,682404,17162844161615,17162844161615,0,17162844445465,17162844446507,17162844649267,17162844742236,17162864661615,17162844439267,11142518,17162845521299,17162845575309,17162845719163,17162847272913,17162849043487,23178,389062,17162849043487,17162848399736,17162875162500,17162847272913,
0,682412,17162855305355,17162855305355,0,17162855581873,17162855582914,17162855777133,17162855862758,17162875805355,17162855575623,11142582,17162856477341,17162856525362,17162856649008,17162858187394,17162860038800,21823,357083,17162860038800,17162859279529,17162886311042,17162858187394,
0,682420,17162866471313,17162866471313,0,17162866913124,17162866915520,17162867176613,17162867267290,17162886971313,17162866907551,11143960,17162867926613,17162867969738,17162868098801,17162870156041,17162871925364,23594,428073,17162871925364,17162871310833,17162897451043,17162870156041,
0,682428,17162877609698,17162877609698,0,17162877902187,17162877903229,17162878094114,17162878167812,17162898109698,17162877899896,11143661,17162878793125,17162878836771,17162878973073,17162880436458,17162882200157,23958,351250,17162882200157,17162881442448,17162908595472,17162880436458,
0,682436,17162888749694,17162888749694,0,17162889473543,17162889474636,17162889669324,17162889756355,17162909249694,17162889470626,11143456,17162890369584,17162890411355,17162890517970,17162891817189,17162893624324,22604,320521,17162893624324,17162892810730,17162919727087,17162891817189,
0,682444,17162899891691,17162899891691,0,17162900193960,17162900195315,17162900410627,17162900506565,17162920391691,17162900189637,11143391,17162901239898,17162901286356,17162901420575,17162902856200,17162904622190,20365,323594,17162904622190,17162903785159,17162930869068,17162902856200,
0,682452,17162911034148,17162911034148,0,17162911394014,17162911395576,17162911611253,17162911733284,17162931534148,17162911389378,11143397,17162912499535,17162912544118,17162912671201,17162914208858,17162915985056,23906,489375,17162915985056,17162915341826,17162942017558,17162914208858,
0,682460,17162922177376,17162922177376,0,17162922505213,17162922506671,17162922714275,17162922801358,17162942677376,17162922500317,11143459,17162923499744,17162923543598,17162923660994,17162925198859,17162926975526,20260,368542,17162926975526,17162926256828,17162953158080,17162925198859,
0,682468,17162933316665,17162933316665,0,17162933646360,17162933648182,17162933847245,17162933945735,17162953816665,17162933642505,11143239,17162934631360,17162934675422,17162934793703,17162936377610,17162938164016,17709,367083,17162938164016,17162937393652,17162964302404,17162936377610,
0,682476,17162944455762,17162944455762,0,17162944815059,17162944816517,17162945099694,17162945202715,17162964955762,17162944811361,11143003,17162945900788,17162945949330,17162946080371,17162947499278,17162949303965,22917,433906,17162949303965,17162948611205,17162975444957,17162947499278,
0,682484,17162955595657,17162955595657,0,17162955900268,17162955901883,17162956165060,17162956270737,17162976095657,17162955895320,11142787,17162956975320,17162957024070,17162957169643,17162958901050,17162960760373,28385,431614,17162960760373,17162960083341,17162986593656,17162958901050,
0,682492,17162966735210,17162966735210,0,17162967017821,17162967018811,17162967201727,17162967275738,17162987235210,17162967013498,11142559,17162967811988,17162967855686,17162967971050,17162969408499,17162971216155,20053,360364,17162971216155,17162970432457,17162997732720,17162969408499,
0,682500,17162977875492,17162977875492,0,17162979088499,17162979089645,17162979270114,17162979335322,17162998375492,17162979085687,11142386,17162979808916,17162979855166,17162979984177,17162981371833,17162983221885,20677,341718,17162983221885,17162982396052,17163008877721,17162981371833,
0,682508,17162989016991,17162989016991,0,17162989336521,17162989337771,17162989525063,17162989605323,17163009516991,17162989332876,11142331,17162990232824,17162990289021,17162990404959,17162991786365,17162993562459,19115,345626,17162993562459,17162992747563,17163020010066,17162991786365,
0,682516,17163000158637,17163000158637,0,17163000822720,17163000824491,17163001050533,17163001156106,17163020658637,17163000817304,11142231,17163001921106,17163001966314,17163002095950,17163003663762,17163005398033,23437,377604,17163005398033,17163004731992,17163031166005,17163003663762,
0,682524,17163011299474,17163011299474,0,17163011712669,17163011713971,17163012319701,17163012417982,17163031799474,17163011707982,11142089,17163013084857,17163013126367,17163013250742,17163014711836,17163016527722,21250,384844,17163016527722,17163015821732,17163042299964,17163014711836,
0,682532,17163022440389,17163022440389,0,17163023091421,17163023092410,17163023308973,17163023421525,17163042940389,17163023085900,11141934,17163023999650,17163024051264,17163024215587,17163025782983,17163027523556,19635,352187,17163027523556,17163026794494,17163053448663,17163025782983,
0,682540,17163033579580,17163033579580,0,17163033896995,17163033898036,17163034107567,17163034204026,17163054079580,17163033892515,11141710,17163034229755,17163035027515,17163035093922,17163036069495,17163037750537,16458,302188,17163037750537,17163036901839,17163064588768,17163036069495,
0,682548,17163044722722,17163044722722,0,17163045196579,17163045199287,17163045519600,17163045642881,17163065222722,17163045191006,11141742,17163046678506,17163046761787,17163046939600,17163048795121,17163050562621,28177,435521,17163050562621,17163049980121,17163075732467,17163048795121,
0,682556,17163055863683,17163055863683,0,17163056303663,17163056305226,17163056493663,17163056586424,17163076363683,17163056299236,11141644,17163057720434,17163057780539,17163057904393,17163059487310,17163061301737,21250,361354,17163061301737,17163060529185,17163086868562,17163059487310,
0,682564,17163067004114,17163067004114,0,17163067324550,17163067325800,17163067484081,17163067577415,17163087504114,17163067319133,11141435,17163068537415,17163068577415,17163068710852,17163070181529,17163072160853,19115,304427,17163072160853,17163071128821,17163098013928,17163070181529,
0,682572,17163078145907,17163078145907,0,17163078499864,17163078501530,17163078737259,17163078836374,17163098645907,17163078494759,11141387,17163079558197,17163079606999,17163079742885,17163081124291,17163082886062,21719,330833,17163082886062,17163082109343,17163109159294,17163081124291,
0,682580,17163089302874,17163089302874,0,17163089623563,17163089624708,17163089825229,17163089911740,17163109802874,17163089618927,11142796,17163090600073,17163090643406,17163090769084,17163092303511,17163094053615,22032,343229,17163094053615,17163093322053,17163120306743,17163092303511,
0,682588,17163100443368,17163100443368,0,17163101098512,17163101100126,17163101338616,17163101448668,17163120943368,17163101093928,11142628,17163102251116,17163102297314,17163102425074,17163104042522,17163105813304,21719,427344,17163105813304,17163105182106,17163131447108,17163104042522,
0,682596,17163111585548,17163111585548,0,17163111941794,17163111942992,17163112116794,17163112195284,17163132085548,17163111937679,11142599,17163112791169,17163112834034,17163112947679,17163114315857,17163116309346,22761,377604,17163116309346,17163115338773,17163142592162,17163114315857,
0,682604,17163122729392,17163122729392,0,17163123037524,17163123038826,17163123223097,17163123296274,17163143229392,17163123034087,11142705,17163123872316,17163124421431,17163124493358,17163125537108,17163127216691,17292,309584,17163127216691,17163126381327,17163153734506,17163125537108,
0,682612,17163133874053,17163133874053,0,17163134345755,17163134347473,17163134616327,17163134723150,17163154374053,17163134341327,11142844,17163135644140,17163136039869,17163136115651,17163137148307,17163138877005,18125,285521,17163138877005,17163137960338,17163164876122,17163137148307,
0,682620,17163145018389,17163145018389,0,17163145503672,17163145506068,17163145772683,17163145886902,17163165518389,17163145498724,11142974,17163146775495,17163146836277,17163146997995,17163148854818,17163150705965,24323,407084,17163150705965,17163150006798,17163176022530,17163148854818,
0,682628,17163156161549,17163156161549,0,17163156497788,17163156498830,17163156736121,17163156822996,17163176661549,17163156492944,11142967,17163157468153,17163157512736,17163157624246,17163159201174,17163160995861,20469,355782,17163160995861,17163160233622,17163187168208,17163159201174,
0,682636,17163167304281,17163167304281,0,17163167706695,17163167707945,17163167945081,17163168041747,17163187804281,17163167701904,11142927,17163168792581,17163168839195,17163168981383,17163170589716,17163172376696,23177,358229,17163172376696,17163171672790,17163198315448,17163170589716,
0,682644,17163178447452,17163178447452,0,17163179095030,17163179095811,17163179276644,17163179372686,17163198947452,17163179091749,11142945,17163180034457,17163180076957,17163180215082,17163181776593,17163183547895,23073,354531,17163183547895,17163182810655,17163209451439,17163181776593,
0,682652,17163189591080,17163189591080,0,17163189878052,17163189879354,17163190074250,17163190157531,17163210091080,17163189874718,11142975,17163190805864,17163190847844,17163190974823,17163192447010,17163194240500,20729,349271,17163194240500,17163193452896,17163220592378,17163192447010,
0,682660,17163200735477,17163200735477,0,17163201088157,17163201089251,17163201236490,17163201295084,17163221235477,17163201085761,11143057,17163201810188,17163201852428,17163201954668,17163203251282,17163205038522,21198,323594,17163205038522,17163204183522,17163231748733,17163203251282,
0,682668,17163211880730,17163211880730,0,17163212223887,17163212225085,17163212436908,17163212529981,17163232380730,17163212219564,11143185,17163213217742,17163213264252,17163213391387,17163214752013,17163216690606,22031,337708,17163216690606,17163215871908,17163242885245,17163214752013,
0,682676,17163223024982,17163223024982,0,17163223362795,17163223364201,17163223588368,17163223679253,17163243524982,17163223358315,11143286,17163224347586,17163224393524,17163224514357,17163226074462,17163227911649,20573,336146,17163227911649,17163227033368,17163254023423,17163226074462,
0,682684,17163234168141,17163234168141,0,17163234561077,17163234562744,17163234800504,17163234885817,17163254668141,17163234557119,11143299,17163235700452,17163235756181,17163235897379,17163237319931,17163239103161,20365,342292,17163239103161,17163238327952,17163265183007,17163237319931,
0,682692,17163245314877,17163245314877,0,17163245656651,17163245657849,17163245895505,17163245985609,17163265814877,17163245652953,11143535,17163246663162,17163246711599,17163246836964,17163248190714,17163249966651,19584,355313,17163249966651,17163249219568,17163276315769,17163248190714,
0,682700,17163256458082,17163256458082,0,17163256792329,17163256793215,17163257007694,17163257091027,17163276958082,17163256788267,11143494,17163257721392,17163257772017,17163257898684,17163259337329,17163261462538,21666,354791,17163261462538,17163260343319,17163287452280,17163259337329,
0,682708,17163267601912,17163267601912,0,17163267961132,17163267962070,17163268576289,17163268665247,17163288101912,17163267958060,11143565,17163269206393,17163269263320,17163269416289,17163270844310,17163272604883,20625,386198,17163272604883,17163271907487,17163298596552,17163270844310,
0,682716,17163278748345,17163278748345,0,17163279068477,17163279069519,17163279295977,17163279387175,17163299248345,17163279064831,11143734,17163279435717,17163279488842,17163279602800,17163281584259,17163283436030,20886,389479,17163283436030,17163282778634,17163309747230,17163281584259,
0,682724,17163289892754,17163289892754,0,17163290255614,17163290256343,17163290771135,17163290854208,17163310392754,17163290253270,11143812,17163291751239,17163291791395,17163291924051,17163293322072,17163295059000,18333,323073,17163295059000,17163294282333,17163320884159,17163293322072,
0,682732,17163301034971,17163301034971,0,17163301329469,17163301330198,17163301507855,17163301608427,17163321534971,17163301326657,11143741,17163302788844,17163302840459,17163302991501,17163304545303,17163306284001,20938,374792,17163306284001,17163305755511,17163332030358,17163304545303,
0,682740,17163312177554,17163312177554,0,17163312526866,17163312529522,17163312725043,17163312833949,17163332677554,17163312521345,11143695,17163313859418,17163313910304,17163314075720,17163316304106,17163318068637,28333,365208,17163318068637,17163317412387,17163343200359,17163316304106,
0,682748,17163323320772,17163323320772,0,17163323944732,17163323945878,17163324133638,17163324226607,17163343820772,17163323941086,11143642,17163324855201,17163324894524,17163325050878,17163326618430,17163328786295,38593,452240,17163328786295,17163328197649,17163354326401,17163326618430,
0,682756,17163334462528,17163334462528,0,17163334819733,17163334820775,17163335142129,17163335244837,17163354962528,17163334814733,11143512,17163336000723,17163336429160,17163336498743,17163337481400,17163339135775,15677,288594,17163339135775,17163338282806,17163365452965,17163337481400,
0,682764,17163345605245,17163345605245,0,17163346092703,17163346094942,17163346426244,17163346549682,17163366105245,17163346086349,11143450,17163347409109,17163347495880,17163347659942,17163349733484,17163351582651,55989,476042,17163351582651,17163351023901,17163376600258,17163349733484,
0,682772,17163356755015,17163356755015,0,17163357226662,17163357228329,17163357433277,17163357521558,17163377255015,17163357222079,11143827,17163358223016,17163358726558,17163358794527,17163359784683,17163361385465,41250,281041,17163361385465,17163360563017,17163387741769,17163359784683,
0,682780,17163367899560,17163367899560,0,17163368230049,17163368231507,17163368486455,17163368559476,17163388399560,17163368226195,11143870,17163369183851,17163369644059,17163369705622,17163370726976,17163372403382,16666,282500,17163372403382,17163371535518,17163398885364,17163370726976,
0,682788,17163379040049,17163379040049,0,17163379393696,17163379395362,17163379659685,17163379770310,17163399540049,17163379387446,11143681,17163380652862,17163381054737,17163381132706,17163382206821,17163384235832,17344,278855,17163384235832,17163383006925,17163410023751,17163382206821,
0,682796,17163390181474,17163390181474,0,17163390769738,17163390771561,17163390993384,17163391098853,17163410681474,17163390765155,11143543,17163391878020,17163392342447,17163392412916,17163393375989,17163395105833,15886,275312,17163395105833,17163394160833,17163421163596,17163393375989,
0,682804,17163401322177,17163401322177,0,17163401760260,17163401762865,17163402015052,17163402125312,17163421822177,17163401755469,11143352,17163402957708,17163403038698,17163403205573,17163405129844,17163406947917,24375,396771,17163406947917,17163406260365,17163432310680,17163405129844,
0,682812,17163412463470,17163412463470,0,17163412937761,17163412939689,17163413188647,17163413297345,17163432963470,17163412933491,11143215,17163414101147,17163414149584,17163414291824,17163416003803,17163417784272,23906,363125,17163417784272,17163417066408,17163443448598,17163416003803,
0,682820,17163423604019,17163423604019,0,17163423903856,17163423904898,17163424122867,17163424225783,17163444104019,17163423899377,11143050,17163425044481,17163425097554,17163425260002,17163426851461,17163429073544,26094,399531,17163429073544,17163427959742,17163454594224,17163426851461,
0,682828,17163434744590,17163434744590,0,17163435159951,17163435161253,17163435428232,17163435531201,17163455244590,17163435151305,11142914,17163436277451,17163436325108,17163436459639,17163438042191,17163440077452,23333,410938,17163440077452,17163439371045,17163465742975,17163438042191,
0,682836,17163445885257,17163445885257,0,17163446216879,17163446218129,17163446433546,17163446525629,17163466385257,17163446212609,11142744,17163447253650,17163447299744,17163447428234,17163448992192,17163450808703,20885,372344,17163450808703,17163450029744,17163476886518,17163448992192,
0,682844,17163457024356,17163457024356,0,17163457677714,17163457679276,17163457882870,17163457976828,17163477524356,17163457673703,11142469,17163459004901,17163459055891,17163459185683,17163460675006,17163462493287,22239,355156,17163462493287,17163461743079,17163488015738,17163460675006,
0,682852,17163468166347,17163468166347,0,17163468553080,17163468554069,17163468728809,17163468801309,17163488666347,17163468550059,11142448,17163469342975,17163469384798,17163469510319,17163470868913,17163472664747,21667,364167,17163472664747,17163471857611,17163499160114,17163470868913,
0,682860,17163479308977,17163479308977,0,17163479632247,17163479633185,17163479867456,17163479958706,17163499808977,17163479627247,11142429,17163480656674,17163480707716,17163480850893,17163482516987,17163484367144,24531,391198,17163484367144,17163483629227,17163510303136,17163482516987,
0,682868,17163490450998,17163490450998,0,17163490850373,17163490851519,17163491066155,17163491147665,17163510950998,17163490845842,11142345,17163491825738,17163491872665,17163491995686,17163493534332,17163495288707,24739,365625,17163495288707,17163494584228,17163521452408,17163493534332,
0,682876,17163501592324,17163501592324,0,17163501902510,17163501903447,17163502118135,17163502213968,17163522092324,17163501898656,11142322,17163502853239,17163502894073,17163503018812,17163504349073,17163506121104,22084,401927,17163506121104,17163505402042,17163532594128,17163504349073,
0,682884,17163512732854,17163512732854,0,17163513081574,17163513082667,17163513293292,17163513428344,17163533232854,17163513078396,11142197,17163513987772,17163514049907,17163514204594,17163515692563,17163517422095,20312,350729,17163517422095,17163516693918,17163543732566,17163515692563,
0,682892,17163523872656,17163523872656,0,17163524174960,17163524175793,17163524380116,17163524475064,17163544372656,17163524171627,11141994,17163524499491,17163524564387,17163524671262,17163526275950,17163528081315,24271,411093,17163528081315,17163527430846,17163554877151,17163526275950,
0,682900,17163535014369,17163535014369,0,17163535435742,17163535436419,17163535625899,17163535704961,17163555514369,17163535432982,11141914,17163536550170,17163536611003,17163536759388,17163538349389,17163540119389,28541,425313,17163540119389,17163539510014,17163566020277,17163538349389,
0,682908,17163546157105,17163546157105,0,17163546495900,17163546496785,17163546656160,17163546738452,17163566657105,17163546492462,11141943,17163547758556,17163547813192,17163547940848,17163549423348,17163551532307,20261,382656,17163551532307,17163550481733,17163577164028,17163549423348,
0,682916,17163557298014,17163557298014,0,17163557636005,17163557637828,17163557798713,17163557905380,17163577798014,17163557631890,11141831,17163558834911,17163558880068,17163559036422,17163560799026,17163562559287,22916,388802,17163562559287,17163561907516,17163588303769,17163560799026,
0,682924,17163568440069,17163568440069,0,17163568727673,17163568728975,17163568891319,17163568976840,17163588940069,17163568723819,11141810,17163569520485,17163569563454,17163569705433,17163571364392,17163573450069,23646,348229,17163573450069,17163572531840,17163599443353,17163571364392,
0,682932,17163579586830,17163579586830,0,17163580236893,17163580237778,17163580393507,17163580469757,17163600086830,17163580233664,11142237,17163581001737,17163581040278,17163581160591,17163582662987,17163584365904,20573,325261,17163584365904,17163583626737,17163610590073,17163582662987,
0,682940,17163590731817,17163590731817,0,17163591046790,17163591047727,17163591239498,17163591745956,17163611231817,17163591042727,11142467,17163592450071,17163592496373,17163592625644,17163594298873,17163596087936,23282,472396,17163596087936,17163595497884,17163621727261,17163594298873,
0,682948,17163601873776,17163601873776,0,17163602247364,17163602248978,17163602453301,17163602548510,17163622373776,17163602242989,11142414,17163603164082,17163603208093,17163603330489,17163604662885,17163606370281,19792,356093,17163606370281,17163605698145,17163632878877,17163604662885,
0,682956,17163613015796,17163613015796,0,17163613316427,17163613317052,17163613494604,17163613561636,17163633515796,17163613313615,11142414,17163614113250,17163614160959,17163614277677,17163615770125,17163617525803,21875,360208,17163617525803,17163616787261,17163644029295,17163615770125,
0,682964,17163624158832,17163624158832,0,17163624781428,17163624782314,17163625021324,17163625127314,17163644658832,17163624777991,11142460,17163625856116,17163625907731,17163626040074,17163627572991,17163629395908,24062,497500,17163629395908,17163628826064,17162318020621,17163627572991,
0,682972,17163635300779,17163635300779,0,17163635601377,17163635602367,17163635813461,17163635892002,17163655800779,17163635597054,11142449,17163636553252,17163636601898,17163636731898,17163638337107,17163640177159,23906,380573,17163640177159,17163639457211,17162329162081,17163638337107,
0,682980,17163646444439,17163646444439,0,17163647661795,17163647662681,17163647825493,17163647879816,17163666944439,17163647659816,11142516,17163648402472,17163648449191,17163648578931,17163650108306,17163651838202,22969,360937,17163651838202,17163651119608,17162340305155,17163650108306,
0,682988,17163657589479,17163657589479,0,17163658036015,17163658038046,17163658487005,17163658613359,17163678089479,17163658029609,11142646,17163659572630,17163659626640,17163659797526,17163662359140,17162326280622,30730,512396,17162326280622,17163663678776,17162351452447,17163662359140,
---PROFILEDATA---


View hierarchy:

  dev.polski.grammarmatrix.benchmark/dev.polski.grammarmatrix.GlassBenchmarkActivity/android.view.ViewRootImpl@86d155f
  6 views, 10.66 kB of render nodes


Total ViewRootImpl   : 1
Total attached Views : 6
Total RenderNode     : 10.66 kB (used) / 34.73 kB (capacity)