Applications Graphics Acceleration Info:
Uptime: 17158938 Realtime: 155165503

** Graphics info for pid 27061 [dev.polski.grammarmatrix.benchmark] **

Stats since: 17156321488201ns
Total frames rendered: 235
Janky frames: 0 (0.00%)
Janky frames (legacy): 0 (0.00%)
50th percentile: 5ms
90th percentile: 5ms
95th percentile: 5ms
99th percentile: 6ms
Number Missed Vsync: 0
Number High input latency: 0
Number Slow UI thread: 0
Number Slow bitmap uploads: 0
Number Slow issue draw commands: 0
Number Frame deadline missed: 0
Number Frame deadline missed (legacy): 0
HISTOGRAM: 5ms=227 6ms=8 7ms=0 8ms=0 9ms=0 10ms=0 11ms=0 12ms=0 13ms=0 14ms=0 15ms=0 16ms=0 17ms=0 18ms=0 19ms=0 20ms=0 21ms=0 22ms=0 23ms=0 24ms=0 25ms=0 26ms=0 27ms=0 28ms=0 29ms=0 30ms=0 31ms=0 32ms=0 34ms=0 36ms=0 38ms=0 40ms=0 42ms=0 44ms=0 46ms=0 48ms=0 53ms=0 57ms=0 61ms=0 65ms=0 69ms=0 73ms=0 77ms=0 81ms=0 85ms=0 89ms=0 93ms=0 97ms=0 101ms=0 105ms=0 109ms=0 113ms=0 117ms=0 121ms=0 125ms=0 129ms=0 133ms=0 150ms=0 200ms=0 250ms=0 300ms=0 350ms=0 400ms=0 450ms=0 500ms=0 550ms=0 600ms=0 650ms=0 700ms=0 750ms=0 800ms=0 850ms=0 900ms=0 950ms=0 1000ms=0 1050ms=0 1100ms=0 1150ms=0 1200ms=0 1250ms=0 1300ms=0 1350ms=0 1400ms=0 1450ms=0 1500ms=0 1550ms=0 1600ms=0 1650ms=0 1700ms=0 1750ms=0 1800ms=0 1850ms=0 1900ms=0 1950ms=0 2000ms=0 2050ms=0 2100ms=0 2150ms=0 2200ms=0 2250ms=0 2300ms=0 2350ms=0 2400ms=0 2450ms=0 2500ms=0 2550ms=0 2600ms=0 2650ms=0 2700ms=0 2750ms=0 2800ms=0 2850ms=0 2900ms=0 2950ms=0 3000ms=0 3050ms=0 3100ms=0 3150ms=0 3200ms=0 3250ms=0 3300ms=0 3350ms=0 3400ms=0 3450ms=0 3500ms=0 3550ms=0 3600ms=0 3650ms=0 3700ms=0 3750ms=0 3800ms=0 3850ms=0 3900ms=0 3950ms=0 4000ms=0 4050ms=0 4100ms=0 4150ms=0 4200ms=0 4250ms=0 4300ms=0 4350ms=0 4400ms=0 4450ms=0 4500ms=0 4550ms=0 4600ms=0 4650ms=0 4700ms=0 4750ms=0 4800ms=0 4850ms=0 4900ms=0 4950ms=0
50th gpu percentile: 2ms
90th gpu percentile: 2ms
95th gpu percentile: 2ms
99th gpu percentile: 3ms
GPU HISTOGRAM: 1ms=0 2ms=225 3ms=10 4ms=0 5ms=0 6ms=0 7ms=0 8ms=0 9ms=0 10ms=0 11ms=0 12ms=0 13ms=0 14ms=0 15ms=0 16ms=0 17ms=0 18ms=0 19ms=0 20ms=0 21ms=0 22ms=0 23ms=0 24ms=0 25ms=0 4950ms=0

Pipeline=Skia (OpenGL)
CPU Caches:
  Glyph Cache: 43.11 KB (1 entry)
  Glyph Count: 8 
Total CPU memory usage:
  44146 bytes, 43.11 KB (0.00 bytes is purgeable)
GPU Caches:
  Other:
    Other: 13.66 KB (1 entry)
    Buffer Object: 36.00 KB (1 entry)
  Scratch:
    Texture: 2.00 MB (1 entry)
    Buffer Object: 48.00 KB (1 entry)
Total GPU memory usage:
  2197152 bytes, 2.10 MB (36.00 KB is purgeable)

Profile data in ms:

	dev.polski.grammarmatrix.benchmark/dev.polski.grammarmatrix.GlassBenchmarkActivity/android.view.ViewRootImpl@86d155f (visibility=0)
Window: dev.polski.grammarmatrix.benchmark/dev.polski.grammarmatrix.GlassBenchmarkActivity
Stats since: 17156321487732ns
Total frames rendered: 235
Janky frames: 0 (0.00%)
Janky frames (legacy): 0 (0.00%)
50th percentile: 5ms
90th percentile: 5ms
95th percentile: 5ms
99th percentile: 6ms
Number Missed Vsync: 0
Number High input latency: 0
Number Slow UI thread: 0
Number Slow bitmap uploads: 0
Number Slow issue draw commands: 0
Number Frame deadline missed: 0
Number Frame deadline missed (legacy): 0
HISTOGRAM: 5ms=227 6ms=8 7ms=0 8ms=0 9ms=0 10ms=0 11ms=0 12ms=0 13ms=0 14ms=0 15ms=0 16ms=0 17ms=0 18ms=0 19ms=0 20ms=0 21ms=0 22ms=0 23ms=0 24ms=0 25ms=0 26ms=0 27ms=0 28ms=0 29ms=0 30ms=0 31ms=0 32ms=0 34ms=0 36ms=0 38ms=0 40ms=0 42ms=0 44ms=0 46ms=0 48ms=0 53ms=0 57ms=0 61ms=0 65ms=0 69ms=0 73ms=0 77ms=0 81ms=0 85ms=0 89ms=0 93ms=0 97ms=0 101ms=0 105ms=0 109ms=0 113ms=0 117ms=0 121ms=0 125ms=0 129ms=0 133ms=0 150ms=0 200ms=0 250ms=0 300ms=0 350ms=0 400ms=0 450ms=0 500ms=0 550ms=0 600ms=0 650ms=0 700ms=0 750ms=0 800ms=0 850ms=0 900ms=0 950ms=0 1000ms=0 1050ms=0 1100ms=0 1150ms=0 1200ms=0 1250ms=0 1300ms=0 1350ms=0 1400ms=0 1450ms=0 1500ms=0 1550ms=0 1600ms=0 1650ms=0 1700ms=0 1750ms=0 1800ms=0 1850ms=0 1900ms=0 1950ms=0 2000ms=0 2050ms=0 2100ms=0 2150ms=0 2200ms=0 2250ms=0 2300ms=0 2350ms=0 2400ms=0 2450ms=0 2500ms=0 2550ms=0 2600ms=0 2650ms=0 2700ms=0 2750ms=0 2800ms=0 2850ms=0 2900ms=0 2950ms=0 3000ms=0 3050ms=0 3100ms=0 3150ms=0 3200ms=0 3250ms=0 3300ms=0 3350ms=0 3400ms=0 3450ms=0 3500ms=0 3550ms=0 3600ms=0 3650ms=0 3700ms=0 3750ms=0 3800ms=0 3850ms=0 3900ms=0 3950ms=0 4000ms=0 4050ms=0 4100ms=0 4150ms=0 4200ms=0 4250ms=0 4300ms=0 4350ms=0 4400ms=0 4450ms=0 4500ms=0 4550ms=0 4600ms=0 4650ms=0 4700ms=0 4750ms=0 4800ms=0 4850ms=0 4900ms=0 4950ms=0
50th gpu percentile: 2ms
90th gpu percentile: 2ms
95th gpu percentile: 2ms
99th gpu percentile: 3ms
GPU HISTOGRAM: 1ms=0 2ms=225 3ms=10 4ms=0 5ms=0 6ms=0 7ms=0 8ms=0 9ms=0 10ms=0 11ms=0 12ms=0 13ms=0 14ms=0 15ms=0 16ms=0 17ms=0 18ms=0 19ms=0 20ms=0 21ms=0 22ms=0 23ms=0 24ms=0 25ms=0 4950ms=0



---PROFILEDATA---
Flags,FrameTimelineVsyncId,IntendedVsync,Vsync,InputEventId,HandleInputStart,AnimationStart,PerformTraversalsStart,DrawStart,FrameDeadline,FrameInterval,FrameStartTime,SyncQueued,SyncStart,IssueDrawCommandsStart,SwapBuffers,FrameCompleted,DequeueBufferDuration,QueueBufferDuration,GpuCompleted,SwapBuffersCompleted,DisplayPresentTime,CommandSubmissionCompleted,
0,678646,17157607283762,17157607283762,0,17157607576037,17157607577027,17157607812444,17157607906246,17157627783762,17157607573537,11142407,17157608514996,17157608568225,17157608729006,17157610151454,17157611921506,21614,348490,17157611921506,17157611191298,17157638276874,17157610151454,
0,678654,17157618426275,17157618426275,0,17157618734945,17157618735726,17157618944007,17157619034372,17157638926275,17157618731090,11142469,17157619055101,17157619103747,17157619209893,17157620565778,17157622298122,21979,349688,17157622298122,17157621585622,17157649420677,17157620565778,
0,678662,17157629568293,17157629568293,0,17157629889217,17157629890258,17157630583435,17157630685727,17157650068293,17157629884894,11142440,17157631748383,17157631800415,17157631947238,17157633913488,17157636596561,26771,447032,17157636596561,17157635135155,17157660556668,17157633913488,
0,678670,17157640708797,17157640708797,0,17157641027603,17157641028541,17157641281718,17157641394009,17157661208797,17157641022395,11142321,17157642754582,17157642833697,17157643013437,17157644791145,17157646948593,30937,404531,17157646948593,17157646369895,17157671720054,17157644791145,
0,678678,17157651849776,17157651849776,0,17157652170365,17157652171927,17157652364531,17157652470261,17157672349776,17157652165833,11142237,17157653671094,17157653718750,17157653855677,17157655679271,17157657446355,25417,350469,17157657446355,17157656731771,17157682848805,17157655679271,
0,678686,17157662990816,17157662990816,0,17157663299168,17157663300053,17157663497397,17157663585418,17157683490816,17157663295730,11142143,17157664309220,17157664347553,17157664452033,17157665916095,17157667740731,20000,374062,17157667740731,17157666977033,17157693983338,17157665916095,
0,678694,17157674130301,17157674130301,0,17157674522763,17157674524429,17157674757398,17157674836565,17157694630301,17157674519794,11141957,17157675685107,17157675742086,17157675886461,17157677552763,17157679374117,26250,474583,17157679374117,17157678785367,17157705132297,17157677552763,
0,678702,17157685276082,17157685276082,0,17157686471566,17157686472972,17157686673806,17157686735108,17157705776082,17157686468806,11142183,17157687246358,17157687292451,17157687428806,17157689086931,17157690909587,23490,395261,17157690909587,17157690232348,17157716256100,17157689086931,
0,678710,17157696417255,17157696417255,0,17157697629380,17157697630630,17157697860421,17157697924744,17157716917255,17157697626619,11142092,17157698517453,17157698569848,17157698732296,17157700442036,17157702254380,24739,394948,17157702254380,17157701600786,17157727413237,17157700442036,
0,678718,17157707556996,17157707556996,0,17157708738964,17157708740162,17157708972141,17157709032610,17157728056996,17157708736360,11141935,17157709582975,17157709631152,17157709763547,17157711308496,17157713265006,23854,425208,17157713265006,17157712629329,17157738557665,17157711308496,
0,678726,17157718699006,17157718699006,0,17157718950059,17157718951153,17157719135736,17157719189746,17157739199006,17157718947090,11141615,17157719735319,17157719774851,17157719866413,17157720941413,17157722763445,18020,408854,17157722763445,17157722077195,17157749693135,17157720941413,
0,678734,17157729836033,17157729836033,0,17157731115633,17157731116779,17157731332195,17157731393810,17157750336033,17157731113133,11141615,17157731953393,17157732007039,17157732157925,17157733690269,17157735495321,24792,380677,17157735495321,17157734775217,17157760849750,17157733690269,
0,678742,17157740976964,17157740976964,0,17157741306103,17157741307613,17157741505478,17157741582092,17157761476964,17157741301415,11141530,17157742364488,17157742412509,17157742532561,17157744110009,17157745930322,26198,455105,17157745930322,17157745279489,17157771993345,17157744110009,
0,678750,17157752120043,17157752120043,0,17157752444854,17157752446833,17157752709646,17157752805479,17157772620043,17157752439906,11141631,17157753600479,17157753649698,17157753796781,17157755525167,17157757323604,24948,395677,17157757323604,17157756660583,17157783129596,17157755525167,
0,678758,17157763261243,17157763261243,0,17157763937876,17157763939907,17157764210949,17157764309022,17157783761243,17157763932928,11141608,17157765257668,17157765311105,17157765442303,17157766805428,17157768577876,20677,326823,17157768577876,17157767763189,17157794276629,17157766805428,
0,678766,17157774405299,17157774405299,0,17157774820064,17157774821835,17157775062669,17157775517044,17157794905299,17157774816627,11141722,17157776276940,17157776325012,17157776428450,17157777657721,17157779389388,19532,386823,17157779389388,17157778611627,17157805420692,17157777657721,
0,678774,17157785550199,17157785550199,0,17157786277618,17157786279180,17157786547045,17157786652722,17157806050199,17157786272357,11141908,17157787487253,17157787542618,17157787666316,17157789020430,17157790821785,22500,349792,17157790821785,17157789976889,17157816572256,17157789020430,
0,678782,17157796694229,17157796694229,0,17157796996577,17157796997931,17157797206629,17157797287306,17157817194229,17157796992983,11142066,17157798016473,17157798066421,17157798182202,17157799522827,17157801289077,20260,309635,17157801289077,17157800397202,17157827691424,17157799522827,
0,678790,17157807840854,17157807840854,0,17157808586734,17157808589182,17157808823974,17157808916787,17157828340854,17157808581943,11142428,17157809745797,17157809794443,17157809907724,17157811185953,17157812943089,18281,327917,17157812943089,17157812219339,17157838841008,17157811185953,
0,678798,17157818984943,17157818984943,0,17157819377465,17157819379183,17157819608558,17157819690225,17157839484943,17157819372881,11142523,17157820414079,17157820460798,17157820572881,17157821911475,17157823661423,22084,312083,17157823661423,17157822782100,17157849981478,17157821911475,
0,678806,17157830131093,17157830131093,0,17157830492987,17157830494497,17157830777830,17157830865435,17157850631093,17157830488351,11142737,17157831596268,17157831667622,17157831797518,17157833361581,17157835109706,20937,373125,17157835109706,17157834407570,17157861117000,17157833361581,
0,678814,17157841271511,17157841271511,0,17157841607311,17157841608509,17157841907050,17157842003248,17157861771511,17157841601998,11142618,17157842823040,17157842870800,17157842989655,17157844295019,17157846007103,20105,350469,17157846007103,17157845296686,17157872258095,17157844295019,
0,678822,17157852414453,17157852414453,0,17157852724291,17157852725853,17157852944968,17157853038770,17157872914453,17157852719291,11142674,17157853587520,17157853638406,17157853773197,17157855085958,17157856815645,18855,340937,17157856815645,17157856053562,17157883403148,17157855085958,
0,678830,17157863556027,17157863556027,0,17157863891792,17157863893302,17157864127625,17157864230073,17157884056027,17157863887417,11142613,17157864260855,17157864327938,17157864431167,17157865723771,17157867443615,19323,337291,17157867443615,17157866665699,17157894546430,17157865723771,
0,678838,17157874696075,17157874696075,0,17157875121637,17157875122679,17157875395804,17157875492054,17157895196075,17157875116429,11142468,17157876303981,17157876355647,17157876477314,17157877951845,17157879701898,21615,393229,17157879701898,17157879071169,17157905690755,17157877951845,
0,678846,17157885836191,17157885836191,0,17157886160336,17157886161846,17157886343305,17157886427628,17157906336191,17157886156794,11142338,17157887884138,17157887942419,17157888105232,17157889728097,17157891523566,26094,376667,17157891523566,17157890796951,17157916834193,17157889728097,
0,678854,17157896976139,17157896976139,0,17157897237056,17157897238462,17157897406952,17157897490077,17157917476139,17157897232577,11142162,17157898487004,17157898527264,17157898651483,17157900048462,17157901740233,19583,315312,17157901740233,17157900988723,17157927974559,17157900048462,
0,678862,17157908119740,17157908119740,0,17157908769661,17157908771171,17157908986901,17157909082526,17157928619740,17157908764817,11142331,17157909834505,17157909879817,17157910004505,17157911463411,17157913264089,22084,358751,17157913264089,17157912519141,17157939119820,17157911463411,
0,678870,17157919262026,17157919262026,0,17157919558829,17157919560287,17157919762943,17157919846068,17157939762026,17157919554193,11142345,17157920533621,17157920578829,17157920690339,17157922194246,17157923955704,20781,358542,17157923955704,17157923201954,17157950258571,17157922194246,
0,678878,17157930403394,17157930403394,0,17157930814820,17157930816226,17157931039559,17157931118309,17157950903394,17157930811278,11142258,17157931850653,17157931899090,17157932015340,17157933522007,17157935259976,22657,359375,17157935259976,17157934551747,17157961404302,17157933522007,
0,678886,17157941545291,17157941545291,0,17157941886644,17157941887998,17157942124404,17157942214925,17157962045291,17157941882269,11142242,17157943012164,17157943058623,17157943191279,17157944763571,17157946677738,25938,384011,17157946677738,17157946016800,17157972558105,17157944763571,
0,678894,17157952684967,17157952684967,0,17157953140551,17157953141436,17157953377478,17157953458207,17157973184967,17157953136176,11141878,17157954135707,17157954179353,17157954312947,17157955908155,17157957708937,23490,420886,17157957708937,17157957073676,17157983697169,17157955908155,
0,678902,17157963825830,17157963825830,0,17157964167219,17157964168208,17157964359562,17157964444094,17157984325830,17157964164094,11141878,17157965146177,17157966123417,17157966198156,17157967216854,17157968946802,17761,312083,17157968946802,17157968063209,17157994851493,17157967216854,
0,678910,17157974967892,17157974967892,0,17157975362689,17157975364876,17157975630189,17157975731439,17157995467892,17157975358730,11141858,17157976545918,17157976628470,17157976785657,17157978528314,17157980341022,28073,402031,17157980341022,17157979629460,17158005976494,17157978528314,
0,678918,17157986111626,17157986111626,0,17157986434513,17157986435450,17157986605710,17157986671492,17158006611626,17157986431231,11141894,17157987291752,17157987335242,17157987447846,17157988838002,17157990615503,18803,317239,17157990615503,17157989786805,17158017119047,17157988838002,
0,678926,17157997256522,17157997256522,0,17157997633003,17157997634097,17157997899826,17157997988785,17158017756522,17157997628680,11142081,17157998830608,17157998881597,17157999016545,17158000460191,17158002234931,23490,386667,17158002234931,17158001512691,17158028332538,17158000460191,
0,678934,17158008404519,17158008404519,0,17158009129359,17158009130713,17158009357900,17158009451754,17158028904519,17158009125921,11142458,17158010224359,17158010266182,17158010392536,17158011907744,17158013669984,19010,345937,17158013669984,17158012928526,17158039409778,17158011907744,
0,678942,17158019547080,17158019547080,0,17158019836078,17158019837485,17158020087276,17158020169203,17158040047080,17158019832276,11142474,17158020965245,17158021007120,17158021135558,17158022717277,17158024528423,22552,377604,17158024528423,17158023799048,17158050555248,17158022717277,
0,678950,17158030690456,17158030690456,0,17158031163527,17158031164569,17158031377121,17158031453423,17158051190456,17158031159777,11142567,17158032162798,17158032209205,17158032317486,17158033692226,17158035553840,23072,382448,17158035553840,17158034780455,17158061703843,17158033692226,
0,678958,17158041851493,17158041851493,0,17158042562643,17158042563841,17158042820143,17158042927174,17158062351493,17158042557070,11143711,17158043785039,17158043824622,17158043946914,17158045478112,17158047293789,18906,337917,17158047293789,17158046438216,17158072836552,17158045478112,
0,678966,17158052996892,17158052996892,0,17158053367332,17158053368894,17158053578998,17158053658738,17158073496892,17158053364103,11143972,17158054332957,17158054380613,17158054481811,17158055964207,17158058025093,18646,377083,17158058025093,17158057214832,17158083984106,17158055964207,
0,678974,17158064139462,17158064139462,0,17158064511187,17158064513270,17158064792437,17158064896135,17158084639462,17158064506552,11143926,17158065824468,17158065871031,17158065992645,17158067490302,17158069564469,23073,385052,17158069564469,17158068546917,17158095130565,17158067490302,
0,678982,17158075284386,17158075284386,0,17158075939782,17158075940615,17158076153792,17158076233688,17158095784386,17158075936344,11144058,17158076946761,17158076999469,17158077128584,17158078662803,17158080431032,22135,361615,17158080431032,17158079685928,17158106278952,17158078662803,
0,678990,17158086426344,17158086426344,0,17158086761033,17158086762023,17158086983898,17158087059835,17158106926344,17158086756762,11143999,17158087715773,17158087760564,17158087878793,17158089226762,17158091046190,17396,355521,17158091046190,17158090243221,17158117404213,17158089226762,
0,678998,17158097568281,17158097568281,0,17158097862336,17158097863534,17158098064784,17158098153222,17158118068281,17158097858065,11143894,17158098684315,17158098739628,17158098891451,17158100430357,17158102215878,19427,374270,17158102215878,17158101517701,17158128542652,17158100430357,
0,679006,17158108710608,17158108710608,0,17158109065410,17158109066504,17158109239681,17158109317650,17158129210608,17158109061764,11143798,17158109338171,17158109385983,17158109490983,17158111343900,17158113293275,20000,381198,17158113293275,17158112631088,17158139684788,17158111343900,
0,679014,17158119854332,17158119854332,0,17158120181349,17158120182130,17158120378015,17158120459109,17158140354332,17158120176245,11143793,17158121346609,17158121394578,17158121536922,17158123087912,17158124833328,23229,356666,17158124833328,17158124129266,17158150826925,17158123087912,
0,679022,17158130993454,17158130993454,0,17158131328277,17158131329214,17158131523642,17158131650621,17158151493454,17158131321714,11143514,17158132936142,17158133002444,17158133151975,17158134745986,17158136514788,26354,406667,17158136514788,17158135905777,17158161976405,17158134745986,
0,679030,17158142131743,17158142131743,0,17158142426195,17158142428070,17158142634945,17158142738486,17158162631743,17158142420257,11143195,17158143999372,17158144049112,17158144195622,17158146041351,17158147800414,27187,358698,17158147800414,17158147107966,17158173115208,17158146041351,
0,679038,17158153270060,17158153270060,0,17158153585467,17158153586769,17158153772029,17158153856769,17158173770060,17158153581404,11142883,17158154595258,17158154631508,17158154739842,17158156389113,17158158216717,18645,405990,17158158216717,17158157544009,17158184260991,17158156389113,
0,679046,17158164407927,17158164407927,0,17158164724530,17158164725937,17158165008020,17158165105832,17158184907927,17158164719426,11142531,17158165970624,17158166403124,17158166476978,17158167490208,17158169167187,16823,302240,17158169167187,17158168360520,17158195409585,17158167490208,
0,679054,17158175547894,17158175547894,0,17158175960677,17158175963281,17158176250052,17158176358229,17158196047894,17158175956302,11142319,17158177273750,17158177333438,17158177479792,17158179243855,17158180991980,27552,401407,17158180991980,17158180331876,17158206545316,17158179243855,
0,679062,17158186686203,17158186686203,0,17158187033908,17158187035418,17158187264064,17158187357033,17158207186203,17158187029064,11141984,17158188182189,17158188228387,17158188377762,17158189818752,17158191539116,20261,340938,17158191539116,17158190794012,17158217686515,17158189818752,
0,679070,17158197825716,17158197825716,0,17158198597919,17158198599273,17158198849169,17158198962086,17158218325716,17158198593544,11141738,17158199804742,17158199850628,17158199993596,17158201485315,17158203275836,22292,365782,17158203275836,17158202580419,17158228831672,17158201485315,
0,679078,17158208968412,17158208968412,0,17158209635629,17158209636514,17158209888076,17158209986722,17158229468412,17158209632191,11141747,17158210719639,17158210761618,17158210880472,17158212450368,17158214221254,18542,338802,17158214221254,17158213430368,17158239969694,17158212450368,
0,679086,17158220108875,17158220108875,0,17158220424328,17158220425473,17158220659432,17158220753182,17158240608875,17158220420630,11141603,17158221555994,17158221598546,17158221814640,17158223278234,17158225437557,20677,361146,17158225437557,17158224311880,17158251116987,17158223278234,
0,679094,17158231250991,17158231250991,0,17158231549433,17158231550527,17158231808235,17158231895006,17158251750991,17158231545735,11141630,17158232681620,17158232729225,17158232844798,17158234338912,17158236121412,19635,378646,17158236121412,17158235369121,17158262252300,17158234338912,
0,679102,17158242391198,17158242391198,0,17158243595788,17158243597038,17158243799799,17158243859538,17158262891198,17158243592871,11141441,17158244367090,17158244417924,17158244548184,17158246392195,17158248229174,21458,450209,17158248229174,17158247621778,17158273399072,17158246392195,
0,679110,17158253530221,17158253530221,0,17158253929018,17158253930216,17158254164956,17158254250789,17158274030221,17158253924748,11141181,17158255104435,17158255180268,17158255323810,17158256829592,17158258598758,19896,349688,17158258598758,17158257849644,17158284540271,17158256829592,
0,679118,17158264681984,17158264681984,0,17158265036832,17158265037874,17158265291467,17158265373342,17158285181984,17158265032717,11142004,17158266038707,17158266092092,17158266204749,17158267708186,17158269524957,24063,401094,17158269524957,17158268848343,17158295681262,17158267708186,
0,679126,17158275822679,17158275822679,0,17158276181573,17158276182614,17158276399437,17158276483969,17158296322679,17158276177666,11142004,17158277198708,17158277249333,17158277383239,17158278931052,17158280789906,23438,394740,17158280789906,17158280019229,17158306826159,17158278931052,
0,679134,17158286965047,17158286965047,0,17158287671574,17158287672772,17158287902772,17158287991522,17158307465047,17158287667407,11142017,17158288765949,17158288812043,17158288923241,17158290216991,17158291986991,19687,310886,17158291986991,17158291135585,17158317962202,17158290216991,
0,679142,17158298108218,17158298108218,0,17158298433971,17158298435898,17158298663606,17158298753867,17158318608218,17158298428710,11142117,17158299514856,17158299562096,17158299690013,17158301122617,17158302986419,20521,390521,17158302986419,17158302261627,17158329108349,17158301122617,
0,679150,17158309249697,17158309249697,0,17158309600743,17158309601316,17158309771472,17158309850951,17158329749697,17158309597149,11142061,17158310449128,17158310508816,17158310637462,17158312302462,17158314098035,22552,336146,17158314098035,17158313288868,17158340245433,17158312302462,
0,679158,17158320392704,17158320392704,0,17158320702983,17158320703765,17158320884546,17158320959181,17158340892704,17158320699754,11142128,17158321575223,17158321614858,17158321741421,17158323051317,17158324766578,19792,320834,17158324766578,17158323991682,17158351392466,17158323051317,
0,679166,17158331534934,17158331534934,0,17158332253870,17158332254860,17158332490120,17158332597047,17158352034934,17158332250276,11142176,17158333381943,17158333429808,17158333549130,17158335017881,17158336816839,21875,328958,17158336816839,17158336054183,17158362545331,17158335017881,
0,679174,17158342679401,17158342679401,0,17158343043767,17158343044756,17158343249392,17158343325277,17158363179401,17158343039808,11142398,17158343797517,17158343846423,17158343984340,17158345417205,17158347199288,20104,363125,17158347199288,17158346481423,17158373676062,17158345417205,
0,679182,17158353820139,17158353820139,0,17158354520018,17158354521476,17158354783976,17158354886528,17158374320139,17158354515018,11142300,17158354911789,17158355007570,17158355143143,17158356664497,17158358426112,27083,384584,17158358426112,17158357729966,17158384816896,17158356664497,
0,679190,17158364961510,17158364961510,0,17158366212155,17158366213509,17158366417832,17158366479342,17158385461510,17158366208769,11142217,17158367101998,17158367151478,17158367303665,17158369007363,17158370808353,27448,409115,17158370808353,17158370176217,17158395981480,17158369007363,
0,679198,17158376105333,17158376105333,0,17158376408874,17158376409968,17158376606947,17158376695281,17158396605333,17158376404187,11142276,17158377886947,17158377953927,17158378099916,17158379737104,17158381480489,22240,391250,17158381480489,17158380855646,17158407101898,17158379737104,
0,679206,17158387246022,17158387246022,0,17158387597469,17158387599032,17158387802105,17158387894709,17158407746022,17158387591896,11142145,17158389084605,17158389126376,17158389260803,17158390919136,17158392648355,25104,481198,17158392648355,17158392129553,17158418245128,17158390919136,
0,679214,17158398387479,17158398387479,0,17158399039137,17158399040335,17158399269397,17158399383929,17158418887479,17158399033668,11142103,17158400176950,17158400219241,17158400338564,17158401889294,17158403658148,22656,364114,17158403658148,17158402923564,17158429383203,17158401889294,
0,679222,17158409533871,17158409533871,0,17158410776846,17158410778149,17158410988357,17158411047055,17158430033871,17158410773565,11142331,17158411537315,17158411584659,17158411930649,17158413575701,17158415383201,21979,398490,17158415383201,17158414738566,17158440536641,17158413575701,
0,679230,17158420675119,17158420675119,0,17158421910546,17158421911743,17158422140181,17158422196848,17158441175119,17158421907681,11142272,17158422690546,17158422734712,17158422858514,17158424563358,17158426390077,24635,418073,17158426390077,17158425869817,17158451715653,17158424563358,
0,679238,17158431817706,17158431817706,0,17158433027995,17158433029088,17158433247630,17158433306640,17158452317706,17158433024557,11142332,17158433834870,17158433885443,17158434018047,17158435887422,17158437736745,26146,440209,17158437736745,17158437138099,17158462813206,17158435887422,
0,679246,17158442958427,17158442958427,0,17158444200183,17158444201433,17158444439714,17158444504298,17158463458427,17158444197058,11142245,17158445159558,17158445222162,17158445373881,17158446928777,17158448748309,26875,373698,17158448748309,17158448039559,17158473969978,17158446928777,
0,679254,17158454101824,17158454101824,0,17158454473153,17158454474143,17158454702424,17158454785340,17158474601824,17158454468622,11142311,17158455575028,17158455960497,17158456030288,17158456993101,17158458689924,17188,291250,17158458689924,17158457803518,17158485114406,17158456993101,
0,679262,17158465254528,17158465254528,0,17158465750654,17158465753414,17158466062112,17158466180237,17158485754528,17158465746487,11142941,17158467154352,17158467537165,17158467619769,17158468813988,17158470516227,20730,309375,17158470516227,17158469656332,17158496238730,17158468813988,
0,679270,17158476394894,17158476394894,0,17158476888416,17158476890655,17158477167114,17158477277270,17158496894894,17158476882686,11142807,17158478184405,17158478610499,17158478692739,17158479720447,17158481435551,16250,281771,17158481435551,17158480527895,17158507382689,17158479720447,
0,679278,17158487539636,17158487539636,0,17158487901594,17158487904615,17158488216385,17158488367583,17158508039636,17158487896281,11142962,17158489335969,17158489693990,17158489770344,17158490760657,17158492439407,16354,272553,17158492439407,17158491541855,17158518528055,17158490760657,
0,679286,17158498683605,17158498683605,0,17158499090241,17158499092793,17158499385397,17158499503522,17158519183605,17158499083678,11143026,17158500507897,17158500865189,17158500947897,17158502026074,17158503735345,17292,276511,17158503735345,17158502826179,17158529662327,17158502026074,
0,679294,17158509823631,17158509823631,0,17158510206336,17158510208315,17158510462325,17158510562898,17158530323631,17158510202273,11142881,17158511481596,17158511542065,17158511711961,17158513291492,17158515119982,21250,362761,17158515119982,17158514313055,17158540806651,17158513291492,
0,679302,17158520963997,17158520963997,0,17158521353472,17158521354722,17158521605816,17158521738108,17158541463997,17158521348993,11142751,17158522586233,17158522637743,17158522769149,17158524289410,17158526121650,21823,422239,17158526121650,17158525386806,17158551952798,17158524289410,
0,679310,17158532104960,17158532104960,0,17158532536338,17158532537379,17158532744827,17158532832015,17158552604960,17158532531859,11142649,17158533527744,17158533586338,17158533707484,17158535034151,17158536877015,17709,353073,17158536877015,17158536030296,17158563088112,17158535034151,
0,679318,17158543244392,17158543244392,0,17158543679256,17158543680193,17158543917172,17158544002641,17158563744392,17158543676026,11142473,17158544755714,17158544804777,17158544928006,17158546822589,17158548675819,22552,376198,17158548675819,17158547889308,17158574232123,17158546822589,
0,679326,17158554383496,17158554383496,0,17158554730715,17158554731600,17158554915715,17158555023892,17158574883496,17158554727330,11142242,17158555718788,17158555763944,17158555907069,17158557387122,17158559162903,24843,450417,17158559162903,17158558491028,17158585375926,17158557387122,
0,679334,17158565524193,17158565524193,0,17158565858581,17158565859727,17158566114414,17158566196966,17158586024193,17158565855456,11142129,17158566891341,17158566938685,17158567070195,17158568773268,17158570598477,22084,419063,17158570598477,17158569928373,17158596524521,17158568773268,
0,679342,17158576662371,17158576662371,0,17158576949311,17158576950144,17158577152228,17158577239832,17158597162371,17158576944571,11141836,17158577971603,17158578018738,17158578143894,17158579470926,17158581215197,22605,417604,17158581215197,17158580516707,17158607658845,17158579470926,
0,679350,17158587801803,17158587801803,0,17158588097906,17158588098895,17158588327125,17158588419729,17158608301803,17158588093270,11141647,17158589003375,17158589062489,17158589227906,17158590529416,17158592252698,18334,308177,17158592252698,17158591445614,17158618800253,17158590529416,
0,679358,17158598943441,17158598943441,0,17158600123792,17158600124834,17158600321657,17158600386917,17158619443441,17158600120251,11141655,17158600401501,17158600459522,17158600594365,17158602128428,17158603894418,24011,358177,17158603894418,17158603180303,17158629944420,17158602128428,
0,679366,17158610085054,17158610085054,0,17158610389783,17158610391241,17158610615043,17158610709887,17158630585054,17158610386137,11141595,17158611678846,17158611731346,17158611867960,17158613532492,17158615299575,22396,367969,17158615299575,17158614629211,17158641083901,17158613532492,
0,679374,17158621224424,17158621224424,0,17158622034368,17158622035409,17158622255409,17158622379628,17158641724424,17158622029888,11141393,17158623699732,17158623758066,17158623900097,17158625576868,17158627321139,22708,369948,17158627321139,17158626972024,17158652230673,17158625576868,
0,679382,17158632367307,17158632367307,0,17158632685983,17158632687858,17158632903744,17158633010410,17158652867307,17158632680202,11141537,17158634281140,17158634336296,17158634511817,17158636393484,17158638185515,29739,377812,17158638185515,17158637509421,17158663371195,17158636393484,
0,679390,17158643507624,17158643507624,0,17158643844526,17158643846193,17158644024682,17158644113016,17158664007624,17158643840203,11141403,17158644817599,17158644856453,17158645262443,17158646618432,17158648380881,20782,325156,17158648380881,17158647551297,17158674514842,17158646618432,
0,679398,17158654647469,17158654647469,0,17158655120204,17158655121402,17158655308277,17158655370725,17158675147469,17158655116090,11141248,17158655936610,17158655978225,17158656081246,17158657221454,17158658758121,18281,275782,17158658758121,17158657973642,17158685661249,17158657221454,
0,679406,17158665787872,17158665787872,0,17158666139684,17158666141091,17158666398382,17158666481507,17158686287872,17158666135518,11141102,17158667177653,17158667229320,17158667348226,17158668853591,17158670617758,21354,368959,17158670617758,17158669910049,17158696796198,17158668853591,
0,679414,17158676929627,17158676929627,0,17158677602550,17158677603436,17158677816352,17158677904581,17158697429627,17158677598800,11141104,17158678644321,17158678689738,17158678807238,17158680161248,17158681881665,19323,343177,17158681881665,17158681147082,17158707934845,17158680161248,
0,679422,17158688077916,17158688077916,0,17158688453801,17158688454895,17158688694635,17158688780364,17158708577916,17158688449218,11141721,17158689520103,17158689579322,17158689728645,17158691388645,17158693260468,25677,422864,17158693260468,17158692623333,17158719081513,17158691388645,
0,679430,17158699220871,17158699220871,0,17158700038177,17158700039792,17158700505834,17158700603386,17158719720871,17158700034063,11141762,17158701451198,17158701494271,17158701675886,17158703267761,17158705071355,22812,362031,17158705071355,17158704334115,17158730232139,17158703267761,
0,679438,17158710364356,17158710364356,0,17158710669064,17158710670106,17158710880783,17158710963543,17158730864356,17158710664324,11141923,17158711835939,17158711880418,17158711987033,17158713299325,17158715071200,21093,334479,17158715071200,17158714257814,17158741361723,17158713299325,
0,679446,17158721507700,17158721507700,0,17158721980732,17158721981669,17158722165680,17158722242346,17158742007700,17158721976930,11142095,17158722885732,17158722940628,17158723056930,17158724498388,17158726313076,17032,435782,17158726313076,17158725671097,17158752506828,17158724498388,
0,679454,17158732649690,17158732649690,0,17158733025889,17158733026931,17158733298389,17158733401358,17158753149690,17158733022243,11142084,17158734187764,17158734245472,17158734364066,17158735909900,17158737676462,28073,377500,17158737676462,17158736941514,17158763645788,17158735909900,
0,679462,17158743794040,17158743794040,0,17158744162505,17158744164223,17158744348859,17158744432192,17158764294040,17158744158963,11142223,17158745173963,17158745228286,17158745357765,17158746946463,17158748738078,21615,356406,17158748738078,17158747999120,17158774787091,17158746946463,
0,679470,17158754935723,17158754935723,0,17158756179902,17158756181152,17158756379641,17158756444329,17158775435723,17158756176464,11142223,17158756965162,17158757014902,17158757169850,17158758807037,17158760659746,25156,407969,17158760659746,17158759976465,17158785929540,17158758807037,
0,679478,17158766077043,17158766077043,0,17158766405632,17158766406726,17158767039069,17158767133236,17158786577043,17158766401361,11142156,17158767947924,17158767992715,17158768143965,17158769804591,17158771701778,23333,398802,17158771701778,17158770951570,17158797078708,17158769804591,
0,679486,17158777217907,17158777217907,0,17158777567612,17158777569071,17158778192196,17158778315581,17158797717907,17158777563185,11142075,17158779120946,17158779171310,17158779311623,17158780774644,17158782613811,22916,406458,17158782613811,17158781906831,17158808221730,17158780774644,
0,679494,17158788359284,17158788359284,0,17158788708290,17158788709280,17158788926520,17158789012092,17158808859284,17158788703863,11142050,17158789740582,17158789785322,17158789904384,17158791259384,17158793112457,21302,377708,17158793112457,17158792355270,17158819356835,17158791259384,
0,679502,17158799499803,17158799499803,0,17158799796625,17158799797562,17158800006989,17158800092823,17158819999803,17158799791364,11141935,17158800807719,17158800852719,17158800976885,17158802386677,17158804199698,21042,361563,17158804199698,17158803411886,17158830503347,17158802386677,
0,679510,17158810642375,17158810642375,0,17158811354647,17158811356053,17158811606157,17158811864855,17158831142375,17158811350584,11141953,17158812716157,17158812768241,17158812888918,17158814383085,17158816174126,21406,396770,17158816174126,17158815525689,17158841651108,17158814383085,
0,679518,17158821785341,17158821785341,0,17158822100429,17158822102148,17158822345221,17158822433190,17158842285341,17158822095950,11142003,17158823200013,17158823247617,17158823385742,17158824793034,17158826658398,23334,366146,17158826658398,17158825927930,17158852787776,17158824793034,
0,679526,17158832927590,17158832927590,0,17158833626003,17158833628139,17158833869909,17158833981472,17158853427590,17158833620170,11142050,17158834640743,17158834697774,17158834861889,17158836427201,17158838223035,23437,391302,17158838223035,17158837550379,17158863929756,17158836427201,
0,679534,17158844069842,17158844069842,0,17158844415692,17158844416942,17158844638504,17158844734494,17158864569842,17158844410327,11142052,17158844758713,17158844985952,17158845100692,17158846554442,17158848328973,44583,372396,17158848328973,17158847609911,17158875070018,17158846554442,
0,679542,17158855213303,17158855213303,0,17158855580068,17158855581162,17158855817985,17158855908870,17158875713303,17158855576005,11142120,17158856904131,17158856952776,17158857086578,17158858551422,17158860280381,22240,380833,17158860280381,17158859622881,17158886215383,17158858551422,
0,679550,17158866355606,17158866355606,0,17158867020954,17158867022257,17158867232829,17158867330173,17158886855606,17158867015329,11142130,17158868725330,17158868782205,17158868933246,17158870437049,17158872485330,22188,365886,17158872485330,17158871505642,17158897354707,17158870437049,
0,679558,17158877497427,17158877497427,0,17158878669081,17158878670799,17158878867466,17158878928404,17158897997427,17158878665435,11142095,17158879706268,17158879767102,17158879899758,17158881488664,17158883198039,25261,374167,17158883198039,17158882574758,17158908498615,17158881488664,
0,679566,17158888639488,17158888639488,0,17158889865800,17158889866946,17158890087936,17158890155540,17158909139488,17158889861634,11142102,17158890683301,17158890730384,17158890878821,17158892661582,17158894434863,25468,451458,17158894434863,17158893900020,17158919641168,17158892661582,
0,679574,17158899782129,17158899782129,0,17158900952781,17158900954239,17158901222416,17158901287208,17158920282129,17158900947624,11142134,17158901870645,17158901918302,17158902070385,17158903976166,17158905684240,24322,395521,17158905684240,17158905114083,17157593707026,17158903976166,
0,679582,17158910924312,17158910924312,0,17158912172782,17158912173771,17158912388928,17158912456011,17158931424312,17158912168876,11142148,17158912966272,17158913018459,17158913192886,17158915138772,17158916958772,26667,418802,17158916958772,17158916368043,17157604850933,17158915138772,
0,679590,17158922067665,17158922067665,0,17158923262783,17158923263877,17158923487054,17158923550648,17158942567665,17158923259293,11142258,17158924071377,17158924124346,17158924283200,17158926061273,17158927944398,27396,520001,17158927944398,17158927411273,17157615997288,17158926061273,
0,679598,17158933210075,17158933210075,0,17158933783409,17158933787107,17158934315336,17158934440024,17158953710075,17158933773774,11142270,17158935555128,17158935612993,17158935766430,17158937481118,17157600991245,29896,289791,17157600991245,17158938315857,17157627133539,17158937481118,
---PROFILEDATA---


View hierarchy:

  dev.polski.grammarmatrix.benchmark/dev.polski.grammarmatrix.GlassBenchmarkActivity/android.view.ViewRootImpl@86d155f
  6 views, 10.66 kB of render nodes


Total ViewRootImpl   : 1
Total attached Views : 6
Total RenderNode     : 10.66 kB (used) / 34.73 kB (capacity)