Applications Graphics Acceleration Info:
Uptime: 17212380 Realtime: 155218944

** Graphics info for pid 27061 [dev.polski.grammarmatrix.benchmark] **

Stats since: 17209794359621ns
Total frames rendered: 232
Janky frames: 0 (0.00%)
Janky frames (legacy): 0 (0.00%)
50th percentile: 5ms
90th percentile: 5ms
95th percentile: 5ms
99th percentile: 5ms
Number Missed Vsync: 0
Number High input latency: 0
Number Slow UI thread: 0
Number Slow bitmap uploads: 0
Number Slow issue draw commands: 0
Number Frame deadline missed: 0
Number Frame deadline missed (legacy): 0
HISTOGRAM: 5ms=230 6ms=2 7ms=0 8ms=0 9ms=0 10ms=0 11ms=0 12ms=0 13ms=0 14ms=0 15ms=0 16ms=0 17ms=0 18ms=0 19ms=0 20ms=0 21ms=0 22ms=0 23ms=0 24ms=0 25ms=0 26ms=0 27ms=0 28ms=0 29ms=0 30ms=0 31ms=0 32ms=0 34ms=0 36ms=0 38ms=0 40ms=0 42ms=0 44ms=0 46ms=0 48ms=0 53ms=0 57ms=0 61ms=0 65ms=0 69ms=0 73ms=0 77ms=0 81ms=0 85ms=0 89ms=0 93ms=0 97ms=0 101ms=0 105ms=0 109ms=0 113ms=0 117ms=0 121ms=0 125ms=0 129ms=0 133ms=0 150ms=0 200ms=0 250ms=0 300ms=0 350ms=0 400ms=0 450ms=0 500ms=0 550ms=0 600ms=0 650ms=0 700ms=0 750ms=0 800ms=0 850ms=0 900ms=0 950ms=0 1000ms=0 1050ms=0 1100ms=0 1150ms=0 1200ms=0 1250ms=0 1300ms=0 1350ms=0 1400ms=0 1450ms=0 1500ms=0 1550ms=0 1600ms=0 1650ms=0 1700ms=0 1750ms=0 1800ms=0 1850ms=0 1900ms=0 1950ms=0 2000ms=0 2050ms=0 2100ms=0 2150ms=0 2200ms=0 2250ms=0 2300ms=0 2350ms=0 2400ms=0 2450ms=0 2500ms=0 2550ms=0 2600ms=0 2650ms=0 2700ms=0 2750ms=0 2800ms=0 2850ms=0 2900ms=0 2950ms=0 3000ms=0 3050ms=0 3100ms=0 3150ms=0 3200ms=0 3250ms=0 3300ms=0 3350ms=0 3400ms=0 3450ms=0 3500ms=0 3550ms=0 3600ms=0 3650ms=0 3700ms=0 3750ms=0 3800ms=0 3850ms=0 3900ms=0 3950ms=0 4000ms=0 4050ms=0 4100ms=0 4150ms=0 4200ms=0 4250ms=0 4300ms=0 4350ms=0 4400ms=0 4450ms=0 4500ms=0 4550ms=0 4600ms=0 4650ms=0 4700ms=0 4750ms=0 4800ms=0 4850ms=0 4900ms=0 4950ms=0
50th gpu percentile: 2ms
90th gpu percentile: 2ms
95th gpu percentile: 2ms
99th gpu percentile: 3ms
GPU HISTOGRAM: 1ms=0 2ms=221 3ms=11 4ms=0 5ms=0 6ms=0 7ms=0 8ms=0 9ms=0 10ms=0 11ms=0 12ms=0 13ms=0 14ms=0 15ms=0 16ms=0 17ms=0 18ms=0 19ms=0 20ms=0 21ms=0 22ms=0 23ms=0 24ms=0 25ms=0 4950ms=0

Pipeline=Skia (OpenGL)
CPU Caches:
  Glyph Cache: 43.11 KB (1 entry)
  Glyph Count: 8 
Total CPU memory usage:
  44146 bytes, 43.11 KB (0.00 bytes is purgeable)
GPU Caches:
  Other:
    Other: 13.66 KB (1 entry)
    Buffer Object: 36.00 KB (1 entry)
  Scratch:
    Texture: 2.00 MB (1 entry)
    Buffer Object: 48.00 KB (1 entry)
Total GPU memory usage:
  2197152 bytes, 2.10 MB (36.00 KB is purgeable)

Profile data in ms:

	dev.polski.grammarmatrix.benchmark/dev.polski.grammarmatrix.GlassBenchmarkActivity/android.view.ViewRootImpl@86d155f (visibility=0)
Window: dev.polski.grammarmatrix.benchmark/dev.polski.grammarmatrix.GlassBenchmarkActivity
Stats since: 17209794359205ns
Total frames rendered: 232
Janky frames: 0 (0.00%)
Janky frames (legacy): 0 (0.00%)
50th percentile: 5ms
90th percentile: 5ms
95th percentile: 5ms
99th percentile: 5ms
Number Missed Vsync: 0
Number High input latency: 0
Number Slow UI thread: 0
Number Slow bitmap uploads: 0
Number Slow issue draw commands: 0
Number Frame deadline missed: 0
Number Frame deadline missed (legacy): 0
HISTOGRAM: 5ms=230 6ms=2 7ms=0 8ms=0 9ms=0 10ms=0 11ms=0 12ms=0 13ms=0 14ms=0 15ms=0 16ms=0 17ms=0 18ms=0 19ms=0 20ms=0 21ms=0 22ms=0 23ms=0 24ms=0 25ms=0 26ms=0 27ms=0 28ms=0 29ms=0 30ms=0 31ms=0 32ms=0 34ms=0 36ms=0 38ms=0 40ms=0 42ms=0 44ms=0 46ms=0 48ms=0 53ms=0 57ms=0 61ms=0 65ms=0 69ms=0 73ms=0 77ms=0 81ms=0 85ms=0 89ms=0 93ms=0 97ms=0 101ms=0 105ms=0 109ms=0 113ms=0 117ms=0 121ms=0 125ms=0 129ms=0 133ms=0 150ms=0 200ms=0 250ms=0 300ms=0 350ms=0 400ms=0 450ms=0 500ms=0 550ms=0 600ms=0 650ms=0 700ms=0 750ms=0 800ms=0 850ms=0 900ms=0 950ms=0 1000ms=0 1050ms=0 1100ms=0 1150ms=0 1200ms=0 1250ms=0 1300ms=0 1350ms=0 1400ms=0 1450ms=0 1500ms=0 1550ms=0 1600ms=0 1650ms=0 1700ms=0 1750ms=0 1800ms=0 1850ms=0 1900ms=0 1950ms=0 2000ms=0 2050ms=0 2100ms=0 2150ms=0 2200ms=0 2250ms=0 2300ms=0 2350ms=0 2400ms=0 2450ms=0 2500ms=0 2550ms=0 2600ms=0 2650ms=0 2700ms=0 2750ms=0 2800ms=0 2850ms=0 2900ms=0 2950ms=0 3000ms=0 3050ms=0 3100ms=0 3150ms=0 3200ms=0 3250ms=0 3300ms=0 3350ms=0 3400ms=0 3450ms=0 3500ms=0 3550ms=0 3600ms=0 3650ms=0 3700ms=0 3750ms=0 3800ms=0 3850ms=0 3900ms=0 3950ms=0 4000ms=0 4050ms=0 4100ms=0 4150ms=0 4200ms=0 4250ms=0 4300ms=0 4350ms=0 4400ms=0 4450ms=0 4500ms=0 4550ms=0 4600ms=0 4650ms=0 4700ms=0 4750ms=0 4800ms=0 4850ms=0 4900ms=0 4950ms=0
50th gpu percentile: 2ms
90th gpu percentile: 2ms
95th gpu percentile: 2ms
99th gpu percentile: 3ms
GPU HISTOGRAM: 1ms=0 2ms=221 3ms=11 4ms=0 5ms=0 6ms=0 7ms=0 8ms=0 9ms=0 10ms=0 11ms=0 12ms=0 13ms=0 14ms=0 15ms=0 16ms=0 17ms=0 18ms=0 19ms=0 20ms=0 21ms=0 22ms=0 23ms=0 24ms=0 25ms=0 4950ms=0



---PROFILEDATA---
Flags,FrameTimelineVsyncId,IntendedVsync,Vsync,InputEventId,HandleInputStart,AnimationStart,PerformTraversalsStart,DrawStart,FrameDeadline,FrameInterval,FrameStartTime,SyncQueued,SyncStart,IssueDrawCommandsStart,SwapBuffers,FrameCompleted,DequeueBufferDuration,QueueBufferDuration,GpuCompleted,SwapBuffersCompleted,DisplayPresentTime,CommandSubmissionCompleted,
0,717046,17211046895395,17211046895395,0,17211047550840,17211047551934,17211047759278,17211047849121,17211067395395,17211047545684,11141798,17211048264798,17211048318757,17211048440267,17211049658132,17211051357455,17813,294896,17211051357455,17211050499695,17211077886833,17211049658132,
0,717054,17211058037090,17211058037090,0,17211058425945,17211058427352,17211058592664,17211059038289,17211078537090,17211058421102,11141800,17211059061518,17211059116154,17211059208133,17211060481518,17211062157508,19063,307031,17211062157508,17211061349852,17211089023292,17211060481518,
0,717062,17211069180523,17211069180523,0,17211070406259,17211070407613,17211070595322,17211070654332,17211089680523,17211070403290,11141891,17211071060634,17211071111259,17211071251780,17211073050634,17211074853707,24375,474427,17211074853707,17211074319905,17211100159074,17211073050634,
0,717070,17211080318292,17211080318292,0,17211080790948,17211080792562,17211081023656,17211081121104,17211100818292,17211080786000,11141636,17211082389125,17211082775114,17211082950010,17211084752875,17211086556209,26041,417240,17211086556209,17211085993240,17211111305013,17211084752875,
0,717078,17211091458591,17211091458591,0,17211091860844,17211091862719,17211092048501,17211092153397,17211111958591,17211091855011,11141567,17211093053970,17211093096418,17211093241678,17211094904230,17211096739647,24167,401979,17211096739647,17211096078762,17211122452879,17211094904230,
0,717086,17211102597814,17211102597814,0,17211102928241,17211102929960,17211103133606,17211103228346,17211123097814,17211102922825,11141438,17211103857408,17211103905794,17211104043450,17211105697877,17211107492252,26771,365834,17211107492252,17211106771471,17211133589755,17211105697877,
0,717094,17211113735453,17211113735453,0,17211114049753,17211114051680,17211114243190,17211114326628,17211134235453,17211114045274,11141203,17211114890274,17211114936836,17211115067045,17211116479076,17211118335170,18959,334531,17211118335170,17211117424493,17211144725798,17211116479076,
0,717102,17211124874897,17211124874897,0,17211125219494,17211125220223,17211125378921,17211125455587,17211145374897,17211125215692,11141096,17211125909494,17211125951421,17211126062202,17211127615483,17211129362723,23385,363229,17211129362723,17211128656317,17211155875903,17211127615483,
0,717110,17211136016382,17211136016382,0,17211136279755,17211136280380,17211136434286,17211136508349,17211156516382,17211136275484,11141122,17211136949495,17211136988766,17211137104234,17211138373401,17211140058349,18750,306927,17211140058349,17211139263037,17211167011529,17211138373401,
0,717118,17211147155511,17211147155511,0,17211147801527,17211147803298,17211148006267,17211148101006,17211167655511,17211147796631,11140959,17211148713194,17211148758402,17211148873819,17211150346527,17211152077100,19844,365938,17211152077100,17211151385642,17211178152572,17211150346527,
0,717126,17211158293938,17211158293938,0,17211158658664,17211158660434,17211158859549,17211158943872,17211178793938,17211158653872,11140777,17211159535018,17211159579289,17211159711789,17211161262831,17211163045800,23958,399219,17211163045800,17211162450227,17211189294344,17211161262831,
0,717134,17211169434266,17211169434266,0,17211169751113,17211169752102,17211169997884,17211170083456,17211189934266,17211169746009,11140694,17211170694602,17211170740644,17211170875227,17211172585853,17211174360905,23229,366979,17211174360905,17211173629498,17211200434553,17211172585853,
0,717142,17211180572863,17211180572863,0,17211180840228,17211180841322,17211181009655,17211181086062,17211201072863,17211180836999,11140497,17211181689656,17211181726218,17211181865489,17211183323979,17211185105333,23802,368646,17211185105333,17211184353927,17211211574971,17211183323979,
0,717150,17211191713113,17211191713113,0,17211192955438,17211192956896,17211193146948,17211193209032,17211212213113,17211192952730,11140462,17211193541844,17211193592938,17211193737886,17211195369136,17211197176792,22187,395469,17211197176792,17211196498407,17211222730493,17211195369136,
0,717158,17211202853039,17211202853039,0,17211203503616,17211203504710,17211203686741,17211203774189,17211223353039,17211203499241,11140386,17211204315543,17211204353460,17211204469397,17211206078616,17211207824971,22969,349114,17211207824971,17211207095387,17211233865650,17211206078616,
0,717166,17211213993945,17211213993945,0,17211214325180,17211214325909,17211214517784,17211214597784,17211234493945,17211214321117,11140412,17211215183669,17211215227315,17211215349919,17211216773878,17211218565857,20781,393959,17211218565857,17211217866742,17211245080547,17211216773878,
0,717174,17211225135618,17211225135618,0,17211225430441,17211225431639,17211225596327,17211225670806,17211245635618,17211225425858,11140513,17211226144295,17211226222681,17211226349556,17211227812316,17211229636171,24687,369011,17211229636171,17211228953671,17211256142736,17211227812316,
0,717182,17211236280545,17211236280545,0,17211236954140,17211236954974,17211237147630,17211237246901,17211256780545,17211236948880,11140789,17211237815286,17211237855547,17211237983567,17211239533672,17211241347005,23645,360678,17211241347005,17211240572734,17211267282477,17211239533672,
0,717190,17211247423308,17211247423308,0,17211247704402,17211247705391,17211247880443,17211247950287,17211267923308,17211247701225,11140911,17211248449037,17211248495027,17211248621850,17211250054194,17211251837423,22656,360729,17211251837423,17211251065079,17211278426332,17211250054194,
0,717198,17211258583946,17211258583946,0,17211258915653,17211258916538,17211259102215,17211259183101,17211279083946,17211258911851,11142083,17211259783465,17211259825288,17211259946538,17211261428570,17211263306382,21562,343750,17211263306382,17211262522684,17211289574823,17211261428570,
0,717206,17211269724087,17211269724087,0,17211269995914,17211269996904,17211270186591,17211270285133,17211290224087,17211269991071,11142033,17211270854821,17211270897477,17211271013519,17211272545237,17211274284352,20833,354010,17211274284352,17211273551436,17211300720084,17211272545237,
0,717214,17211280864209,17211280864209,0,17211281220290,17211281221176,17211281398363,17211281471436,17211301364209,17211281216801,11141991,17211282097218,17211282151124,17211282288988,17211283728468,17211285519145,24010,424739,17211285519145,17211284860135,17211311887846,17211283728468,
0,717222,17211292006656,17211292006656,0,17211292336229,17211292337948,17211292548677,17211292639094,17211312506656,17211292331906,11142145,17211293067062,17211293132479,17211293274771,17211294755396,17211296555240,22031,391354,17211296555240,17211295898834,17211322998003,17211294755396,
0,717230,17211303147801,17211303147801,0,17211303451907,17211303453522,17211303687220,17211303786386,17211323647801,17211303446855,11142098,17211303810709,17211303879459,17211303990866,17211305690449,17211307456387,24427,388854,17211307456387,17211306791647,17211334147119,17211305690449,
0,717238,17211314290747,17211314290747,0,17211314576856,17211314577846,17211314775242,17211314858158,17211334790747,17211314573315,11142193,17211315639200,17211315679565,17211315801492,17211317152794,17211318845398,18646,341615,17211318845398,17211318123680,17211345292328,17211317152794,
0,717246,17211325439171,17211325439171,0,17211325723576,17211325724826,17211325909878,17211325996597,17211345939171,17211325719670,11142578,17211327091805,17211327143264,17211327272899,17211328793160,17211330494202,18021,339636,17211330494202,17211329787222,17211356425298,17211328793160,
0,717254,17211336578364,17211336578364,0,17211337208109,17211337210036,17211337388056,17211337488994,17211357078364,17211337203473,11142374,17211338421338,17211338463629,17211338595452,17211340222328,17211341968994,22916,364687,17211341968994,17211341287276,17211367570820,17211340222328,
0,717262,17211347719943,17211347719943,0,17211348120922,17211348122120,17211348356860,17211348443839,17211368219943,17211348117537,11142335,17211348935141,17211349003891,17211349131183,17211350661599,17211352423370,23645,410521,17211352423370,17211351750037,17211378716238,17211350661599,
0,717270,17211358863212,17211358863212,0,17211359188475,17211359189725,17211359390767,17211359478423,17211379363212,17211359184100,11142318,17211359948007,17211359989673,17211360081392,17211361355455,17211363138476,18385,339219,17211363138476,17211362376392,17211389855093,17211361355455,
0,717278,17211370003463,17211370003463,0,17211370315143,17211370317539,17211370554101,17211370652851,17211390503463,17211370308633,11142318,17211371313997,17211371363997,17211371501654,17211373129623,17211374887435,20156,370781,17211374887435,17211374158164,17211400997854,17211373129623,
0,717286,17211381143689,17211381143689,0,17211381484103,17211381485144,17211381707905,17211381772280,17211401643689,17211381481030,11142168,17211382205769,17211382271446,17211382375873,17211383551551,17211385102020,21093,305938,17211385102020,17211384348842,17211412139106,17211383551551,
0,717294,17211392285963,17211392285963,0,17211392651604,17211392653166,17211392874364,17211392960822,17211412785963,17211392647177,11142187,17211393586708,17211393636552,17211393757645,17211395362281,17211397493948,21093,363125,17211397493948,17211396369625,17211423277857,17211395362281,
0,717302,17211403426426,17211403426426,0,17211404582699,17211404583844,17211404741709,17211404793532,17211423926426,17211404580615,11142060,17211405134313,17211405178897,17211405300094,17211406693272,17211408452803,21302,344479,17211408452803,17211407650928,17211434419577,17211406693272,
0,717310,17211414566854,17211414566854,0,17211414886398,17211414887960,17211415124366,17211415197908,17211435066854,17211414882960,11141924,17211415740460,17211415786971,17211415917960,17211417413846,17211419197544,24948,402604,17211419197544,17211418492023,17211445560880,17211417413846,
0,717318,17211425706946,17211425706946,0,17211426714680,17211426716607,17211426934836,17211427047024,17211446206946,17211426709576,11141765,17211427709628,17211427752857,17211427889003,17211429569316,17211431349680,25312,368229,17211431349680,17211430632284,17211456704370,17211429569316,
0,717326,17211436845871,17211436845871,0,17211437190150,17211437191764,17211437407546,17211437499941,17211457345871,17211437185306,11141525,17211438140931,17211438184264,17211438382598,17211439997702,17211441797181,24375,389480,17211441797181,17211441092442,17211467846611,17211439997702,
0,717334,17211447984389,17211447984389,0,17211448345307,17211448346297,17211448851245,17211448915359,17211468484389,17211448342547,11141250,17211449315151,17211449355516,17211449458328,17211450838641,17211452579214,20208,389843,17211452579214,17211451861193,17211478988227,17211450838641,
0,717342,17211459124855,17211459124855,0,17211460342652,17211460343694,17211460505465,17211460556090,17211479624855,17211460340569,11141172,17211460851038,17211460893069,17211461013069,17211462710986,17211464558382,23073,422396,17211464558382,17211463883642,17211490150207,17211462710986,
0,717350,17211470264766,17211470264766,0,17211470697497,17211470699372,17211470922653,17211471002289,17211490764766,17211470693122,11141022,17211471898122,17211471954112,17211472108539,17211473742393,17211475586091,29791,391667,17211475586091,17211474875206,17211501276042,17211473742393,
0,717358,17211481416664,17211481416664,0,17211481804998,17211481806821,17211482005363,17211482099581,17211501916664,17211481800727,11142029,17211482649008,17211483289269,17211483358540,17211484336404,17211486084946,17448,348490,17211486084946,17211485213696,17211512416459,17211484336404,
0,717366,17211492556927,17211492556927,0,17211492992134,17211492994114,17211493239478,17211493349895,17211513056927,17211492986249,11141880,17211494074426,17211494173072,17211494335728,17211496196510,17211498044375,27032,432187,17211498044375,17211497355260,17211523556148,17211496196510,
0,717374,17211503701582,17211503701582,0,17211504888646,17211504889844,17211505093698,17211505158282,17211524201582,17211504885729,11141974,17211505534011,17211505579688,17211505710886,17211507258959,17211509073490,20000,349739,17211509073490,17211508319740,17211534690212,17211507258959,
0,717382,17211514842043,17211514842043,0,17211516087814,17211516088803,17211516255158,17211516311408,17211535342043,17211516084741,11141824,17211516632814,17211516678856,17211516813856,17211518377606,17211520106877,24427,347396,17211520106877,17211519400470,17211545826775,17211518377606,
0,717390,17211525982977,17211525982977,0,17211526350367,17211526351565,17211526561929,17211526640315,17211546482977,17211526346877,11141739,17211527158961,17211527204950,17211527332919,17211528788023,17211530565628,22343,391510,17211530565628,17211529857971,17211556969328,17211528788023,
0,717398,17211537123849,17211537123849,0,17211537564691,17211537565576,17211537737764,17211537817660,17211557623849,17211537560003,11141670,17211538210681,17211538586722,17211538729431,17211540043962,17211541775004,21198,350990,17211541775004,17211541030264,17211568111465,17211540043962,
0,717406,17211548267086,17211548267086,0,17211548612400,17211548614015,17211548758755,17211548836671,17211568767086,17211548609275,11141901,17211548855682,17211548905734,17211549000734,17211550450265,17211552221411,20469,349948,17211552221411,17211551496463,17211579254278,17211550450265,
0,717414,17211559404556,17211559404556,0,17211559710266,17211559711724,17211559890995,17211559954641,17211579904556,17211559707245,11141607,17211560582037,17211560625110,17211560734902,17211562170266,17211563900944,20678,381823,17211563900944,17211563243652,17211590389332,17211562170266,
0,717422,17211570543560,17211570543560,0,17211571118601,17211571121673,17211571375319,17211571468861,17211591043560,17211571112194,11141451,17211572601830,17211572672819,17211572845319,17211574527143,17211576293653,25573,402968,17211576293653,17211575741830,17211601537770,17211574527143,
0,717430,17211581683477,17211581683477,0,17211582009643,17211582011206,17211582160633,17211582253445,17211602183477,17211582004539,11141374,17211583120216,17211583160268,17211583291310,17211584861883,17211586659123,21406,365469,17211586659123,17211585963758,17211612680636,17211584861883,
0,717438,17211592822550,17211592822550,0,17211593114801,17211593116103,17211593280426,17211593367301,17211613322550,17211593110478,11141198,17211593868811,17211593916572,17211594050947,17211595589593,17211597365009,22396,365625,17211597365009,17211596636259,17211623817095,17211595589593,
0,717446,17211603960735,17211603960735,0,17211604248812,17211604250375,17211604423448,17211604511781,17211624460735,17211604245791,11140995,17211605072771,17211605111677,17211605228031,17211606676000,17211608399386,20104,320781,17211608399386,17211607625948,17211634961003,17211606676000,
0,717454,17211615101461,17211615101461,0,17211615421886,17211615423292,17211615626418,17211615706105,17211635601461,17211615416886,11140969,17211616270532,17211616321157,17211616443866,17211618025636,17211619905168,25364,369792,17211619905168,17211619158918,17211646097983,17211618025636,
0,717462,17211626242279,17211626242279,0,17211626953137,17211626954960,17211627144752,17211627244075,17211646742279,17211626948450,11140935,17211627802304,17211627849544,17211627980637,17211629572461,17211631323711,24271,357187,17211631323711,17211630619648,17211657241474,17211629572461,
0,717470,17211637382161,17211637382161,0,17211638001316,17211638002722,17211638224336,17211638356472,17211657882161,17211637995691,11140855,17211638912566,17211638955534,17211639073399,17211640473607,17211642193451,19166,341563,17211642193451,17211641455639,17211668384600,17211640473607,
0,717478,17211648522797,17211648522797,0,17211648807254,17211648808348,17211649001577,17211649087931,17211669022797,17211648801629,11140821,17211649670900,17211649719338,17211649859546,17211651425067,17211653269963,23854,404063,17211653269963,17211652612150,17211679524184,17211651425067,
0,717486,17211659662061,17211659662061,0,17211659996005,17211659997412,17211660167099,17211660236370,17211680162061,17211659992932,11140692,17211660735641,17211660784807,17211660916526,17211662480537,17211664271995,21823,393073,17211664271995,17211663575329,17211690666425,17211662480537,
0,717494,17211670802036,17211670802036,0,17211671110746,17211671111996,17211671315329,17211671404288,17211691302036,17211671106111,11140609,17211672021215,17211672072152,17211672200225,17211673650955,17211675449913,22500,400312,17211675449913,17211674713819,17211701804395,17211673650955,
0,717502,17211681942547,17211681942547,0,17211682239862,17211682241580,17211682438768,17211682517049,17211702442547,17211682236060,11140559,17211683036633,17211683106476,17211683224810,17211684780331,17211686615227,22552,385782,17211686615227,17211685917779,17211712955333,17211684780331,
0,717510,17211693083052,17211693083052,0,17211693363769,17211693365384,17211693902259,17211694001946,17211713583052,17211693359290,11140523,17211694610696,17211694652623,17211694773561,17211696411426,17211698188405,23959,372656,17211698188405,17211697486946,17211724091064,17211696411426,
0,717518,17211704224056,17211704224056,0,17211705458041,17211705459291,17211705647729,17211705710958,17211724724056,17211705455020,11140524,17211706072364,17211706117677,17211706250281,17211707845281,17211710072781,22136,386250,17211710072781,17211709012937,17211735234815,17211707845281,
0,717526,17211715364419,17211715364419,0,17211715685021,17211715686427,17211715887209,17211715962261,17211735864419,17211715681584,11140491,17211716463823,17211716513250,17211716624032,17211718181324,17211720053459,22761,376250,17211720053459,17211719273094,17211746372889,17211718181324,
0,717534,17211726510709,17211726510709,0,17211726820231,17211726821481,17211727031116,17211727113304,17211747010709,17211726816897,11140938,17211727694033,17211727735595,17211727860647,17211729552835,17211731777939,20625,356823,17211731777939,17211730604398,17211757520598,17211729552835,
0,717542,17211737653539,17211737653539,0,17211737971951,17211737973044,17211738201482,17211738362471,17211758153539,17211737968409,11141092,17211739026794,17211739077576,17211739231482,17211740840076,17211742684295,25521,435886,17211742684295,17211742015961,17211768673568,17211740840076,
0,717550,17211748797049,17211748797049,0,17211749982577,17211749983931,17211750177629,17211750240754,17211769297049,17211749979452,11141284,17211750607785,17211750659608,17211750825285,17211752737212,17211754643931,24166,465052,17211754643931,17211754031952,17211779803309,17211752737212,
0,717558,17211759939668,17211759939668,0,17211760270703,17211760271901,17211760471744,17211760544036,17211780439668,17211760267057,11141416,17211761086224,17211761139140,17211761263620,17211762783255,17211764500859,27240,356250,17211764500859,17211763769661,17211790958362,17211762783255,
0,717566,17211771082849,17211771082849,0,17211771369089,17211771370339,17211771565183,17211771686954,17211791582849,17211771364714,11141539,17211772316381,17211772366016,17211772501798,17211774035808,17211775853517,25156,468125,17211775853517,17211775239298,17211802090134,17211774035808,
0,717574,17211782227996,17211782227996,0,17211782523049,17211782524195,17211783112840,17211783202632,17211802727996,17211782518726,11141747,17211783637736,17211783695236,17211783855913,17211785394507,17211787141591,23489,391823,17211787141591,17211786458570,17211813230187,17211785394507,
0,717582,17211793370127,17211793370127,0,17211794080862,17211794081852,17211794269977,17211794364508,17211813870127,17211794077269,11141779,17211794388206,17211794436592,17211794545185,17211796104144,17211797862477,22083,368906,17211797862477,17211797141227,17211824367688,17211796104144,
0,717590,17211804515577,17211804515577,0,17211804827322,17211804828884,17211805050238,17211805131697,17211825015577,17211804823468,11142095,17211805755239,17211805796645,17211805909093,17211807117009,17211808804353,16875,329480,17211808804353,17211808047843,17211835509616,17211807117009,
0,717598,17211815658531,17211815658531,0,17211816069875,17211816071125,17211816486385,17211816571073,17211836158531,17211816064042,11142095,17211817701177,17211817756386,17211817893000,17211819410917,17211821139823,22917,359896,17211821139823,17211820460969,17211846657534,17211819410917,
0,717606,17211826799953,17211826799953,0,17211827097376,17211827098314,17211827248053,17211827332428,17211847299953,17211827093001,11142049,17211828076960,17211828115397,17211828248001,17211829878783,17211831753314,45625,377969,17211831753314,17211830993314,17211857803212,17211829878783,
0,717614,17211837941327,17211837941327,0,17211838311596,17211838312690,17211838469200,17211838539669,17211858441327,17211838308575,11142040,17211838930919,17211838986856,17211839100398,17211840611440,17211842380607,20677,362865,17211842380607,17211841680034,17211868937693,17211840611440,
0,717622,17211849083019,17211849083019,0,17211850264097,17211850265035,17211850415868,17211850466233,17211869583019,17211850261962,11142058,17211850748681,17211850791858,17211850904514,17211852493993,17211854283264,19896,447761,17211854283264,17211853675400,17211880079881,17211852493993,
0,717630,17211860225473,17211860225473,0,17211861729827,17211861730869,17211861946702,17211862008317,17211880725473,17211861726130,11142090,17211862376025,17211862463890,17211862612953,17211864429046,17211866247797,29115,428177,17211866247797,17211865665765,17211891289205,17211864429046,
0,717638,17211871369122,17211871369122,0,17211871863787,17211871864933,17211872087849,17211872170922,17211891869122,17211871859881,11142204,17211872706026,17211872749204,17211872875714,17211874377329,17211876145975,22188,362344,17211876145975,17211875443735,17211902363217,17211874377329,
0,717646,17211882510096,17211882510096,0,17211882805923,17211882807330,17211882990871,17211883079569,17211903010096,17211882801705,11142129,17211883664465,17211883709986,17211883843528,17211885442799,17211887224778,24844,382916,17211887224778,17211886544205,17211913515093,17211885442799,
0,717654,17211893651341,17211893651341,0,17211893934466,17211893935612,17211894124310,17211894236758,17211914151341,17211893929883,11142079,17211894803893,17211894845299,17211894993737,17211896491914,17211898319883,19896,356146,17211898319883,17211897537331,17211924657386,17211896491914,
0,717662,17211904809166,17211904809166,0,17211905103217,17211905104311,17211905286290,17211905369467,17211925309166,17211905098686,11143012,17211905918686,17211905959780,17211906079363,17211907473790,17211909237697,20313,386511,17211909237697,17211908525561,17211935796814,17211907473790,
0,717670,17211915948769,17211915948769,0,17211916652020,17211916653531,17211916902437,17211916997177,17211936448769,17211916648375,11142838,17211917565250,17211917611916,17211917744989,17211919355667,17211921120458,20156,364896,17211921120458,17211920385406,17211946927336,17211919355667,
0,717678,17211927090838,17211927090838,0,17211928269261,17211928270511,17211928477542,17211928532907,17211947590838,17211928267074,11142811,17211928848220,17211928901240,17211929043897,17211930662074,17211932451084,25052,482968,17211932451084,17211931884418,17211958075983,17211930662074,
0,717686,17211938232138,17211938232138,0,17211938607648,17211938608481,17211938769262,17211938834783,17211958732138,17211938603637,11142711,17211939289939,17211939333794,17211939427908,17211940837335,17211942595773,19584,412657,17211942595773,17211941909367,17211969216244,17211940837335,
0,717694,17211949374009,17211949374009,0,17211949679003,17211949680409,17211949858951,17211949941763,17211969874009,17211949674940,11142696,17211950466815,17211950507128,17211950610878,17211952069368,17211953885045,20573,378437,17211953885045,17211953150409,17211980356454,17211952069368,
0,717702,17211960512029,17211960512029,0,17211961047181,17211961048692,17211961270567,17211961360671,17211981012029,17211961043223,11142415,17211962485150,17211962546400,17211962704837,17211964494473,17211966374421,28125,447135,17211966374421,17211965766088,17211991500778,17211964494473,
0,717710,17211971652036,17211971652036,0,17211972906505,17211972907599,17211973084578,17211973149734,17211992152036,17211972903432,11142263,17211973490724,17211973537182,17211973673745,17211975301974,17211977162079,23802,365469,17211977162079,17211976384110,17212002637081,17211975301974,
0,717718,17211982790964,17211982790964,0,17211983122808,17211983123850,17211983294423,17211983363642,17212003290964,17211983118746,11142023,17211983843017,17211983886142,17211984004892,17211985516090,17211987330309,21718,364063,17211987330309,17211986542392,17212013779895,17211985516090,
0,717726,17211993930299,17211993930299,0,17211995162914,17211995163799,17211995334528,17211995388799,17212014430299,17211995160726,11141841,17211995690257,17211995735674,17211995859320,17211997347081,17211999234737,22500,465000,17211999234737,17211998524164,17212024926667,17211997347081,
0,717734,17212005072092,17212005072092,0,17212005407811,17212005408696,17212005608592,17212005688436,17212025572092,17212005404581,11141873,17212006214738,17212006258279,17212006372654,17212007969113,17212009793801,23646,390364,17212009793801,17212009127863,17212036068230,17212007969113,
0,717742,17212016210756,17212016210756,0,17212016539322,17212016540416,17212016715103,17212016801926,17212036710756,17212016535937,11141649,17212017380728,17212017429426,17212017554322,17212018997135,17212020781822,23333,386094,17212020781822,17212020050052,17212047209846,17212018997135,
0,717750,17212027351873,17212027351873,0,17212027728281,17212027729479,17212027904427,17212027981042,17212047851873,17212027724323,11141652,17212028490157,17212028540209,17212028674323,17212029950730,17212031724428,20156,342136,17212031724428,17212030936407,17212058344326,17212029950730,
0,717758,17212038492850,17212038492850,0,17212039163126,17212039164481,17212039364845,17212039479637,17212058992850,17212039157710,11141589,17212039506303,17212039553699,17212039673335,17212041197241,17212042966252,23229,439167,17212042966252,17212042402345,17212069483650,17212041197241,
0,717766,17212049633469,17212049633469,0,17212049912502,17212049913700,17212050113336,17212050190315,17212070133469,17212049907763,11141494,17212050926878,17212050972190,17212051092503,17212052654378,17212054383857,24791,387657,17212054383857,17212053722555,17212080619849,17212052654378,
0,717774,17212060773309,17212060773309,0,17212062002139,17212062003649,17212062181254,17212062248181,17212081273309,17212061999170,11141326,17212063005472,17212063077504,17212063257139,17212065041879,17212066837556,25834,420677,17212066837556,17212066265837,17212091758705,17212065041879,
0,717782,17212071911278,17212071911278,0,17212072334432,17212072335317,17212072528182,17212072615057,17212092411278,17212072329484,11141047,17212073351307,17212073407244,17212073532244,17212075350995,17212077124693,24948,369531,17212077124693,17212076436828,17212102909956,17212075350995,
0,717790,17212083049654,17212083049654,0,17212083344693,17212083345683,17212083539433,17212083628964,17212103549654,17212083339641,11140830,17212084177818,17212084220162,17212084349068,17212085726569,17212087478756,19219,318229,17212087478756,17212086664069,17212114054332,17212085726569,
0,717798,17212094187503,17212094187503,0,17212094643601,17212094645424,17212094858809,17212094984017,17212114687503,17212094639746,11140609,17212095515476,17212095580736,17212095692663,17212097231830,17212099022143,20313,390000,17212099022143,17212098371153,17212125194697,17212097231830,
0,717806,17212105323842,17212105323842,0,17212105631675,17212105633289,17212105865060,17212105957560,17212125823842,17212105627820,11140260,17212106564539,17212106604800,17212106735373,17212108222404,17212110083498,20573,345468,17212110083498,17212109371831,17212136339126,17212108222404,
0,717814,17212116462848,17212116462848,0,17212117718186,17212117719436,17212117896363,17212117954801,17212136962848,17212117715322,11140075,17212118433499,17212118484801,17212118615999,17212120213603,17212121945895,24375,382240,17212121945895,17212121301207,17212147471783,17212120213603,
0,717822,17212127613606,17212127613606,0,17212128783135,17212128784385,17212128973708,17212129032823,17212148113606,17212128780271,11141001,17212129357094,17212129405010,17212129535687,17212130991261,17212133203709,21146,419063,17212133203709,17212132587407,17212158615638,17212130991261,
0,717830,17212138754397,17212138754397,0,17212139103240,17212139104751,17212139298709,17212139375480,17212159254397,17212139099386,11140943,17212139901834,17212139952616,17212140073449,17212141837824,17212143617460,25052,371928,17212143617460,17212142907928,17212169765691,17212141837824,
0,717838,17212149897569,17212149897569,0,17212150192981,17212150194231,17212150346887,17212150418190,17212170397569,17212150189440,11141089,17212150853502,17212150899596,17212151012773,17212152631159,17212154442357,23073,406041,17212154442357,17212153766367,17212180894963,17212152631159,
0,717846,17212161038842,17212161038842,0,17212161794857,17212161796680,17212162012409,17212162087618,17212181538842,17212161790326,11141130,17212162565951,17212162616107,17212162753191,17212164411733,17212166235274,27083,409844,17212166235274,17212165572931,17212192038819,17212164411733,
0,717854,17212172180661,17212172180661,0,17212172544858,17212172545588,17212173100692,17212173185015,17212192680661,17212172540744,11141195,17212173693452,17212173741004,17212173862671,17212175319442,17212177071473,20625,358438,17212177071473,17212176317359,17212203175799,17212175319442,
0,717862,17212183322997,17212183322997,0,17212183900432,17212183901526,17212184130068,17212184214078,17212203822997,17212183896891,11141226,17212184754235,17212184797880,17212184912151,17212186437672,17212188212516,57865,380417,17212188212516,17212187492672,17212214319498,17212186437672,
0,717870,17212194463352,17212194463352,0,17212194821006,17212194822152,17212195056006,17212195147829,17212214963352,17212194817256,11141182,17212195716892,17212195760642,17212195880486,17212197375486,17212199158819,22917,400208,17212199158819,17212198461163,17212225461218,17212197375486,
0,717878,17212205604306,17212205604306,0,17212206255226,17212206256060,17212206441945,17212206524341,17212226104306,17212206251841,11141169,17212207034289,17212207075591,17212207196893,17212208606424,17212210381477,19375,327657,17212210381477,17212209554081,17212236600021,17212208606424,
0,717886,17212216744112,17212216744112,0,17212217893196,17212217894394,17212218079707,17212218139915,17212237244112,17212217890384,11141083,17212218525436,17212218575071,17212218720019,17212220386374,17212222258093,27240,420052,17212222258093,17212221579134,17212247744397,17212220386374,
0,717894,17212227885115,17212227885115,0,17212228194291,17212228195697,17212228398926,17212228477156,17212248385115,17212228190437,11141088,17212228969708,17212229015124,17212229146531,17212230666323,17212232458666,22708,388959,17212232458666,17212231744604,17212258891638,17212230666323,
0,717902,17212239025566,17212239025566,0,17212239309709,17212239310803,17212239500855,17212239585073,17212259525566,17212239304813,11141032,17212240122105,17212240165803,17212240286532,17212241934084,17212243799970,22917,401198,17212243799970,17212243083251,17212270039920,17212241934084,
0,717910,17212250165681,17212250165681,0,17212250514397,17212250515387,17212250743252,17212250830335,17212270665681,17212250510543,11140966,17212251406273,17212251449033,17212251560387,17212252909346,17212254632835,20416,345469,17212254632835,17212253857887,17212281166380,17212252909346,
0,717918,17212261307567,17212261307567,0,17212262514607,17212262515909,17212262730388,17212262790544,17212281807567,17212262511899,11141040,17212263165545,17212263216951,17212263351951,17212264795649,17212266624347,24375,391198,17212266624347,17212265895336,17212292310443,17212264795649,
0,717926,17212272451100,17212272451100,0,17212272787785,17212272789400,17212272988098,17212273082421,17212292951100,17212272783514,11141215,17212273477421,17212273547316,17212273681327,17212275110025,17212276844556,20834,347084,17212276844556,17212276092421,17212303465653,17212275110025,
0,717934,17212283596424,17212283596424,0,17212283867630,17212283868828,17212284073359,17212284170078,17212304096424,17212283862057,11141498,17212284195599,17212284249817,17212284399609,17212285934609,17212287694401,19843,357240,17212287694401,17212286971224,17212314590237,17212285934609,
0,717942,17212294736960,17212294736960,0,17212295036433,17212295037683,17212295217631,17212295297787,17212315236960,17212295033204,11141456,17212295948517,17212295989714,17212296100027,17212297323204,17212299099298,18386,312031,17212299099298,17212298231746,17212325717790,17212297323204,
0,717950,17212305877921,17212305877921,0,17212306263153,17212306264872,17212306459872,17212306557476,17212326377921,17212306257736,11141428,17212308066643,17212308125236,17212308278101,17212309846435,17212311664820,20625,357188,17212311664820,17212310914768,17212336886073,17212309846435,
0,717958,17212317021426,17212317021426,0,17212317314248,17212317316019,17212317454300,17212317531956,17212337521426,17212317310602,11141518,17212318232633,17212318273831,17212318426956,17212319964717,17212322033988,23490,350365,17212322033988,17212320986227,17212348018834,17212319964717,
0,717966,17212328160047,17212328160047,0,17212328376905,17212328377999,17212328494145,17212328537791,17212348660047,17212328374666,11141034,17212328839874,17212328890759,17212328975239,17212330007687,17212331745447,15208,320312,17212331745447,17212330968208,17212359158367,17212330007687,
0,717974,17212339296861,17212339296861,0,17212339606906,17212339608052,17212339781698,17212339851125,17212359796861,17212339604510,11141034,17212340300448,17212340345656,17212340483938,17212342109719,17212343876125,24375,366354,17212343876125,17212343172167,17211033326412,17212342109719,
0,717982,17212350441081,17212350441081,0,17212350777637,17212350778574,17212350979407,17212351062376,17212370941081,17212350773470,11141229,17212351594251,17212351644407,17212351765397,17212353437949,17212355231335,28490,415417,17212355231335,17212354583106,17211044468704,17212353437949,
0,717990,17212361582976,17212361582976,0,17212361978992,17212361980294,17212362271127,17212362364669,17212382082976,17212361974252,11141280,17212362918419,17212362964304,17212363085867,17212364664669,17212366475034,25156,437188,17212366475034,17212365895086,17211055618966,17212364664669,
0,717998,17212372724978,17212372724978,0,17212373278785,17212373282326,17212373733993,17212373865399,17212393224978,17212373269826,11141357,17212374639045,17212374700087,17212374851181,17212376551285,17211040602610,26250,440052,17211040602610,17212377954879,17211066739227,17212376551285,
---PROFILEDATA---


View hierarchy:

  dev.polski.grammarmatrix.benchmark/dev.polski.grammarmatrix.GlassBenchmarkActivity/android.view.ViewRootImpl@86d155f
  6 views, 10.66 kB of render nodes


Total ViewRootImpl   : 1
Total attached Views : 6
Total RenderNode     : 10.66 kB (used) / 34.73 kB (capacity)