Applications Graphics Acceleration Info:
Uptime: 17221749 Realtime: 155228314

** Graphics info for pid 27061 [dev.polski.grammarmatrix.benchmark] **

Stats since: 17219130709145ns
Total frames rendered: 235
Janky frames: 0 (0.00%)
Janky frames (legacy): 0 (0.00%)
50th percentile: 5ms
90th percentile: 5ms
95th percentile: 5ms
99th percentile: 5ms
Number Missed Vsync: 0
Number High input latency: 0
Number Slow UI thread: 0
Number Slow bitmap uploads: 0
Number Slow issue draw commands: 0
Number Frame deadline missed: 0
Number Frame deadline missed (legacy): 0
HISTOGRAM: 5ms=233 6ms=2 7ms=0 8ms=0 9ms=0 10ms=0 11ms=0 12ms=0 13ms=0 14ms=0 15ms=0 16ms=0 17ms=0 18ms=0 19ms=0 20ms=0 21ms=0 22ms=0 23ms=0 24ms=0 25ms=0 26ms=0 27ms=0 28ms=0 29ms=0 30ms=0 31ms=0 32ms=0 34ms=0 36ms=0 38ms=0 40ms=0 42ms=0 44ms=0 46ms=0 48ms=0 53ms=0 57ms=0 61ms=0 65ms=0 69ms=0 73ms=0 77ms=0 81ms=0 85ms=0 89ms=0 93ms=0 97ms=0 101ms=0 105ms=0 109ms=0 113ms=0 117ms=0 121ms=0 125ms=0 129ms=0 133ms=0 150ms=0 200ms=0 250ms=0 300ms=0 350ms=0 400ms=0 450ms=0 500ms=0 550ms=0 600ms=0 650ms=0 700ms=0 750ms=0 800ms=0 850ms=0 900ms=0 950ms=0 1000ms=0 1050ms=0 1100ms=0 1150ms=0 1200ms=0 1250ms=0 1300ms=0 1350ms=0 1400ms=0 1450ms=0 1500ms=0 1550ms=0 1600ms=0 1650ms=0 1700ms=0 1750ms=0 1800ms=0 1850ms=0 1900ms=0 1950ms=0 2000ms=0 2050ms=0 2100ms=0 2150ms=0 2200ms=0 2250ms=0 2300ms=0 2350ms=0 2400ms=0 2450ms=0 2500ms=0 2550ms=0 2600ms=0 2650ms=0 2700ms=0 2750ms=0 2800ms=0 2850ms=0 2900ms=0 2950ms=0 3000ms=0 3050ms=0 3100ms=0 3150ms=0 3200ms=0 3250ms=0 3300ms=0 3350ms=0 3400ms=0 3450ms=0 3500ms=0 3550ms=0 3600ms=0 3650ms=0 3700ms=0 3750ms=0 3800ms=0 3850ms=0 3900ms=0 3950ms=0 4000ms=0 4050ms=0 4100ms=0 4150ms=0 4200ms=0 4250ms=0 4300ms=0 4350ms=0 4400ms=0 4450ms=0 4500ms=0 4550ms=0 4600ms=0 4650ms=0 4700ms=0 4750ms=0 4800ms=0 4850ms=0 4900ms=0 4950ms=0
50th gpu percentile: 2ms
90th gpu percentile: 2ms
95th gpu percentile: 2ms
99th gpu percentile: 3ms
GPU HISTOGRAM: 1ms=0 2ms=225 3ms=9 4ms=1 5ms=0 6ms=0 7ms=0 8ms=0 9ms=0 10ms=0 11ms=0 12ms=0 13ms=0 14ms=0 15ms=0 16ms=0 17ms=0 18ms=0 19ms=0 20ms=0 21ms=0 22ms=0 23ms=0 24ms=0 25ms=0 4950ms=0

Pipeline=Skia (OpenGL)
CPU Caches:
  Glyph Cache: 43.11 KB (1 entry)
  Glyph Count: 8 
Total CPU memory usage:
  44146 bytes, 43.11 KB (0.00 bytes is purgeable)
GPU Caches:
  Other:
    Other: 14.68 KB (1 entry)
    Buffer Object: 36.00 KB (1 entry)
  Scratch:
    Texture: 2.00 MB (1 entry)
    Buffer Object: 48.00 KB (1 entry)
Total GPU memory usage:
  2198200 bytes, 2.10 MB (36.00 KB is purgeable)

Profile data in ms:

	dev.polski.grammarmatrix.benchmark/dev.polski.grammarmatrix.GlassBenchmarkActivity/android.view.ViewRootImpl@86d155f (visibility=0)
Window: dev.polski.grammarmatrix.benchmark/dev.polski.grammarmatrix.GlassBenchmarkActivity
Stats since: 17219130708677ns
Total frames rendered: 235
Janky frames: 0 (0.00%)
Janky frames (legacy): 0 (0.00%)
50th percentile: 5ms
90th percentile: 5ms
95th percentile: 5ms
99th percentile: 5ms
Number Missed Vsync: 0
Number High input latency: 0
Number Slow UI thread: 0
Number Slow bitmap uploads: 0
Number Slow issue draw commands: 0
Number Frame deadline missed: 0
Number Frame deadline missed (legacy): 0
HISTOGRAM: 5ms=233 6ms=2 7ms=0 8ms=0 9ms=0 10ms=0 11ms=0 12ms=0 13ms=0 14ms=0 15ms=0 16ms=0 17ms=0 18ms=0 19ms=0 20ms=0 21ms=0 22ms=0 23ms=0 24ms=0 25ms=0 26ms=0 27ms=0 28ms=0 29ms=0 30ms=0 31ms=0 32ms=0 34ms=0 36ms=0 38ms=0 40ms=0 42ms=0 44ms=0 46ms=0 48ms=0 53ms=0 57ms=0 61ms=0 65ms=0 69ms=0 73ms=0 77ms=0 81ms=0 85ms=0 89ms=0 93ms=0 97ms=0 101ms=0 105ms=0 109ms=0 113ms=0 117ms=0 121ms=0 125ms=0 129ms=0 133ms=0 150ms=0 200ms=0 250ms=0 300ms=0 350ms=0 400ms=0 450ms=0 500ms=0 550ms=0 600ms=0 650ms=0 700ms=0 750ms=0 800ms=0 850ms=0 900ms=0 950ms=0 1000ms=0 1050ms=0 1100ms=0 1150ms=0 1200ms=0 1250ms=0 1300ms=0 1350ms=0 1400ms=0 1450ms=0 1500ms=0 1550ms=0 1600ms=0 1650ms=0 1700ms=0 1750ms=0 1800ms=0 1850ms=0 1900ms=0 1950ms=0 2000ms=0 2050ms=0 2100ms=0 2150ms=0 2200ms=0 2250ms=0 2300ms=0 2350ms=0 2400ms=0 2450ms=0 2500ms=0 2550ms=0 2600ms=0 2650ms=0 2700ms=0 2750ms=0 2800ms=0 2850ms=0 2900ms=0 2950ms=0 3000ms=0 3050ms=0 3100ms=0 3150ms=0 3200ms=0 3250ms=0 3300ms=0 3350ms=0 3400ms=0 3450ms=0 3500ms=0 3550ms=0 3600ms=0 3650ms=0 3700ms=0 3750ms=0 3800ms=0 3850ms=0 3900ms=0 3950ms=0 4000ms=0 4050ms=0 4100ms=0 4150ms=0 4200ms=0 4250ms=0 4300ms=0 4350ms=0 4400ms=0 4450ms=0 4500ms=0 4550ms=0 4600ms=0 4650ms=0 4700ms=0 4750ms=0 4800ms=0 4850ms=0 4900ms=0 4950ms=0
50th gpu percentile: 2ms
90th gpu percentile: 2ms
95th gpu percentile: 2ms
99th gpu percentile: 3ms
GPU HISTOGRAM: 1ms=0 2ms=225 3ms=9 4ms=1 5ms=0 6ms=0 7ms=0 8ms=0 9ms=0 10ms=0 11ms=0 12ms=0 13ms=0 14ms=0 15ms=0 16ms=0 17ms=0 18ms=0 19ms=0 20ms=0 21ms=0 22ms=0 23ms=0 24ms=0 25ms=0 4950ms=0



---PROFILEDATA---
Flags,FrameTimelineVsyncId,IntendedVsync,Vsync,InputEventId,HandleInputStart,AnimationStart,PerformTraversalsStart,DrawStart,FrameDeadline,FrameInterval,FrameStartTime,SyncQueued,SyncStart,IssueDrawCommandsStart,SwapBuffers,FrameCompleted,DequeueBufferDuration,QueueBufferDuration,GpuCompleted,SwapBuffersCompleted,DisplayPresentTime,CommandSubmissionCompleted,
0,723786,17220417599584,17220417599584,0,17220418214013,17220418214899,17220418419482,17220418524534,17220438099584,17220418208805,11143108,17220419054794,17220419104482,17220419221305,17220420683753,17220422695003,22188,514375,17220422695003,17220422165211,17220448634641,17220420683753,
0,723794,17220428741025,17220428741025,0,17220429085420,17220429086723,17220429303858,17220429395212,17220449241025,17220429080056,11143010,17220429910733,17220429974639,17220430111306,17220431830837,17220433575213,24635,365312,17220433575213,17220432872035,17220459739278,17220431830837,
0,723802,17220439885089,17220439885089,0,17220440187557,17220440189120,17220440380474,17220440464484,17220460385089,17220440183286,11143082,17220440981932,17220441026880,17220441158547,17220442695318,17220444455214,22083,364219,17220444455214,17220443745474,17220470884070,17220442695318,
0,723810,17220451027385,17220451027385,0,17220451397246,17220451398339,17220451566725,17220451695214,17220471527385,17220451394121,11143028,17220452170996,17220452214850,17220452322610,17220453646777,17220455353184,22240,335000,17220455353184,17220454594329,17220482031936,17220453646777,
0,723818,17220462179413,17220462179413,0,17220462489278,17220462490424,17220462700059,17220462778653,17220482679413,17220462485736,11143564,17220463254122,17220463297091,17220463401726,17220464703080,17220466536674,20104,338021,17220466536674,17220465795216,17220493168344,17220464703080,
0,723826,17220473320992,17220473320992,0,17220473663394,17220473664383,17220473883133,17220473968237,17220493820992,17220473660269,11143459,17220474505790,17220474556988,17220474693758,17220476334019,17220478138446,23906,389531,17220478138446,17220477435217,17220504313240,17220476334019,
0,723834,17220484462775,17220484462775,0,17220484790426,17220484791311,17220485055582,17220485148082,17220504962775,17220484786468,11143357,17220485710843,17220485761520,17220485901676,17220487426103,17220489233239,24688,478333,17220489233239,17220488623864,17220515461731,17220487426103,
0,723842,17220495606161,17220495606161,0,17220495948917,17220495949958,17220496125375,17220496198656,17220516106161,17220495945635,11143367,17220496673917,17220496711938,17220496819750,17220498147615,17220500018292,18906,390573,17220500018292,17220499277146,17220526600170,17220498147615,
0,723850,17220506747927,17220506747927,0,17220507463970,17220507465116,17220507692564,17220507777512,17220527247927,17220507460324,11143283,17220508320012,17220508374178,17220508508918,17220510050689,17220511842772,31302,398281,17220511842772,17220511149022,17220537742567,17220510050689,
0,723858,17220517889828,17220517889828,0,17220518459388,17220518460742,17220518630898,17220518705273,17220538389828,17220518456315,11143194,17220519158138,17220519205325,17220519308971,17220520742096,17220522491367,19895,441093,17220522491367,17220521860898,17220548894182,17220520742096,
0,723866,17220529032887,17220529032887,0,17220529364858,17220529365430,17220529553972,17220529710847,17220549532887,17220529360274,11143167,17220530291160,17220530338243,17220530462097,17220532063868,17220533857618,23698,347344,17220533857618,17220533072775,17220560037256,17220532063868,
0,723874,17220540175602,17220540175602,0,17220540529025,17220540529963,17220540737671,17220540824182,17220560675602,17220540524807,11143153,17220541321525,17220541363921,17220541474442,17220542867359,17220544649495,17812,322239,17220544649495,17220543807567,17220571156841,17220542867359,
0,723882,17220551317719,17220551317719,0,17220551749287,17220551750172,17220551945120,17220552029391,17220571817719,17220551745276,11143086,17220552574912,17220552618662,17220552736579,17220554161423,17220555965589,19584,385625,17220555965589,17220555191579,17220582300175,17220554161423,
0,723890,17220562462055,17220562462055,0,17220562849288,17220562850225,17220563053871,17220563137257,17220582962055,17220562846111,11143154,17220563633976,17220563676892,17220563790382,17220565550695,17220567344028,21354,402500,17220567344028,17220566603143,17220593464343,17220565550695,
0,723898,17220573606407,17220573606407,0,17220574265695,17220574266945,17220574472831,17220574579602,17220594106407,17220574260331,11143227,17220575199237,17220575241998,17220575368143,17220576776216,17220578567362,20312,334635,17220578567362,17220577770539,17220604609709,17220576776216,
0,723906,17220584746304,17220584746304,0,17220585098665,17220585099707,17220585329603,17220585430540,17220605246304,17220585094134,11143088,17220585946478,17220585990853,17220586095124,17220587479082,17220589227051,19010,478178,17220589227051,17220588640801,17220615751793,17220587479082,
0,723914,17220595884407,17220595884407,0,17220596581062,17220596581896,17220596775125,17220596875177,17220616384407,17220596576739,11142761,17220597443406,17220597489812,17220597607885,17220599122521,17220600932208,20104,427448,17220600932208,17220600251844,17220626889399,17220599122521,
0,723922,17220607028321,17220607028321,0,17220607408876,17220607410178,17220607655595,17220607751063,17220627528321,17220607404240,11142797,17220608149136,17220609157938,17220609243563,17220610167366,17220611809345,15573,301875,17220611809345,17220610995491,17220638026900,17220610167366,
0,723930,17220618173062,17220618173062,0,17220618676846,17220618678773,17220618923096,17220619043929,17220638673062,17220618670960,11142895,17220619074346,17220620049294,17220620113512,17220621072367,17220622729190,16042,325469,17220622729190,17220621902106,17220649173932,17220621072367,
0,723938,17220629316820,17220629316820,0,17220629669972,17220629671482,17220629929190,17220630039555,17220649816820,17220629663045,11142910,17220630806482,17220631333253,17220631405076,17220632435389,17220634059295,16875,269531,17220634059295,17220633218410,17220660317319,17220632435389,
0,723946,17220640459792,17220640459792,0,17220640811796,17220640813931,17220641014140,17220641116483,17220660959792,17220640805598,11142904,17220642218410,17220643208358,17220643283098,17220644198775,17220645800963,13698,254687,17220645800963,17220644977213,17220671454559,17220644198775,
0,723954,17220651600120,17220651600120,0,17220652016953,17220652019193,17220652195182,17220652697005,17220672100120,17220652011172,11142693,17220653595026,17220653640391,17220653796745,17220655428308,17220657143308,18593,310313,17220657143308,17220656376901,17220682597477,17220655428308,
0,723962,17220662742783,17220662742783,0,17220663116746,17220663117631,17220663314819,17220663405131,17220683242783,17220663111902,11142673,17220663883986,17220663931277,17220664066017,17220665549715,17220667314194,20208,335469,17220667314194,17220666536330,17220693737999,17220665549715,
0,723970,17220673884802,17220673884802,0,17220674477112,17220674477945,17220675067685,17220675152476,17220694384802,17220674473466,11142586,17220675648258,17220675687789,17220675803258,17220677246487,17220678962685,20469,338489,17220678962685,17220678218727,17220704877948,17220677246487,
0,723978,17220685031563,17220685031563,0,17220685327009,17220685328259,17220685500602,17220685581800,17220705531563,17220685323050,11143013,17220686088467,17220686132321,17220686236488,17220687662530,17220689407530,18541,443906,17220689407530,17220688795863,17220716049043,17220687662530,
0,723986,17220696172866,17220696172866,0,17220696461228,17220696462218,17220696642530,17220696727166,17220716672866,17220696457062,11142894,17220697209301,17220697256228,17220697381697,17220698887010,17220700601073,16614,325834,17220700601073,17220699859250,17220727169773,17220698887010,
0,723994,17220707313888,17220707313888,0,17220707645709,17220707647219,17220707827063,17220707905448,17220727813888,17220707641542,11142770,17220708436021,17220708486698,17220708596386,17220710009251,17220711773574,18802,364219,17220711773574,17220711043209,17220738313993,17220710009251,
0,724002,17220718455096,17220718455096,0,17220718818366,17220718819720,17220719056074,17220719144095,17220738955096,17220718813731,11142689,17220719696231,17220720353002,17220720423991,17220721392429,17220723134512,17239,305677,17220723134512,17220722273106,17220749456754,17220721392429,
0,724010,17220729602330,17220729602330,0,17220729957482,17220729959461,17220730186388,17220730294357,17220750102330,17220729950867,11142926,17220730944930,17220731017482,17220731158211,17220732819461,17220734634566,25104,363646,17220734634566,17220733853420,17220760594985,17220732819461,
0,724018,17220740744049,17220740744049,0,17220741138420,17220741140035,17220741330347,17220741420400,17220761244049,17220741133993,11142844,17220742047379,17220742662014,17220742729670,17220743664671,17220745335139,16094,267812,17220745335139,17220744422952,17220771736184,17220743664671,
0,724026,17220751887027,17220751887027,0,17220752305921,17220752307380,17220752563369,17220752670244,17220772387027,17220752300609,11142871,17220753310713,17220753894047,17220753970349,17220754992484,17220757166703,17917,277552,17220757166703,17220755787849,17220782882279,17220754992484,
0,724034,17220763029357,17220763029357,0,17220763554933,17220763556391,17220763788318,17220763895714,17220783529357,17220763549256,11142834,17220764520975,17220765109985,17220765183371,17220766156339,17220767831965,17708,269843,17220767831965,17220766926600,17220794023790,17220766156339,
0,724042,17220774170507,17220774170507,0,17220774527278,17220774529101,17220774770195,17220774877278,17220794670507,17220774521392,11142725,17220775575976,17220776167330,17220776242851,17220777226653,17220778952487,16511,267552,17220778952487,17220777996914,17220805175666,17220777226653,
0,724050,17220785312769,17220785312769,0,17220785736706,17220785738269,17220785975091,17220786080248,17220805812769,17220785731498,11142737,17220786717331,17220787323217,17220787401185,17220788417540,17220790183113,17031,275365,17220790183113,17220789220040,17220816305928,17220788417540,
0,724058,17220796456167,17220796456167,0,17220796874884,17220796877332,17220797118895,17220797224207,17220816956167,17220796870040,11142822,17220797801291,17220798410197,17220798477489,17220799337072,17220800894208,15052,246302,17220800894208,17220800013582,17220827445304,17220799337072,
0,724066,17220807595694,17220807595694,0,17220808048583,17220808049885,17220808350042,17220808472698,17220828095694,17220808042125,11142539,17220809135771,17220809192646,17220809336448,17220810885250,17220812688688,24844,559584,17220812688688,17220812082490,17220838589211,17220810885250,
0,724074,17220818737282,17220818737282,0,17220819095407,17220819096709,17220819290511,17220819377439,17220839237282,17220819090980,11142377,17220819892491,17220819938741,17220820054470,17220821438949,17220823268012,19114,312917,17220823268012,17220822425824,17220849739733,17220821438949,
0,724082,17220829878915,17220829878915,0,17220830217752,17220830219471,17220830476554,17220830575877,17220850378915,17220830211971,11142344,17220831141658,17220831187179,17220831313169,17220832892700,17220834645565,24739,354687,17220834645565,17220833929002,17220860876661,17220832892700,
0,724090,17220841020425,17220841020425,0,17220842210149,17220842211295,17220842384212,17220842444576,17220861520425,17220842207232,11142324,17220842774003,17220842818014,17220842948118,17220844320201,17220846104108,20729,389376,17220846104108,17220845367597,17220872019058,17220844320201,
0,724098,17220852162512,17220852162512,0,17220852608327,17220852609890,17220853280671,17220853360671,17220872662512,17220852602911,11142340,17220853798744,17220853854838,17220854010984,17220855388536,17220857142807,22605,367084,17220857142807,17220856399213,17220883155570,17220855388536,
0,724106,17220863305987,17220863305987,0,17220863678797,17220863680047,17220863847287,17220863927599,17220883805987,17220863674943,11142411,17220863948380,17220864028901,17220864127964,17220865502808,17220867249475,21354,326458,17220867249475,17220866464370,17220894301040,17220865502808,
0,724114,17220874447300,17220874447300,0,17220874792184,17220874793642,17220875011975,17220875091142,17220894947300,17220874788798,11142324,17220875609319,17220875655777,17220875762444,17220877036923,17220878777861,19479,344167,17220878777861,17220878019007,17220905440572,17220877036923,
0,724122,17220885589328,17220885589328,0,17220885888383,17220885889424,17220886077081,17220886165310,17220906089328,17220885884841,11142307,17220887205414,17220887263643,17220887395727,17220889040258,17220890751560,22396,360886,17220890751560,17220890092602,17220916588542,17220889040258,
0,724130,17220896730146,17220896730146,0,17220897051873,17220897054113,17220897231040,17220897331873,17220917230146,17220897046717,11142226,17220898099373,17220898149165,17220898353853,17220900095519,17220901847447,26406,386718,17220901847447,17220901171405,17220927727970,17220900095519,
0,724138,17220907871066,17220907871066,0,17220908353437,17220908354427,17220908500364,17220908576093,17220928371066,17220908348541,11142122,17220909055885,17220909123281,17220909241406,17220910652448,17220912450104,22135,620730,17220912450104,17220912018177,17220938874482,17220910652448,
0,724146,17220919011412,17220919011412,0,17220919369428,17220919370938,17220919697188,17220919800261,17220939511412,17220919364532,11141988,17220920355886,17220920449949,17220920582657,17220922352136,17220924099116,22708,353490,17220924099116,17220923387449,17220950014691,17220922352136,
0,724154,17220930152886,17220930152886,0,17220930484689,17220930486043,17220930703335,17220930799845,17220950652886,17220930479273,11141910,17220931336148,17220931381043,17220931502137,17220933114533,17220934923335,23437,365990,17220934923335,17220934196408,17220961151880,17220933114533,
0,724162,17220941293200,17220941293200,0,17220941763544,17220941764534,17220941963805,17220942053961,17220961793200,17220941758284,11141748,17220942556774,17220942596878,17220942715315,17220943987503,17220945682451,20781,320364,17220945682451,17220944914951,17220972305683,17220943987503,
0,724170,17220952439157,17220952439157,0,17220952758754,17220952760108,17220952988025,17220953079223,17220972939157,17220952754379,11142095,17220953599483,17220953649796,17220953776931,17220955378858,17220957184171,24427,416875,17220957184171,17220956531671,17220983452559,17220955378858,
0,724178,17220963581497,17220963581497,0,17220963886411,17220963887974,17220964074484,17220964162922,17220984081497,17220963881828,11142102,17220964682036,17220964721411,17220964843182,17220966304745,17220968070110,23386,349843,17220968070110,17220967286464,17220994597352,17220966304745,
0,724186,17220974722933,17220974722933,0,17220975440996,17220975441829,17220975626517,17220975719902,17220995222933,17220975436517,11142068,17220976186517,17220976229277,17220976342402,17220977643392,17220979411829,18542,426041,17220979411829,17220978696725,17221005730009,17220977643392,
0,724194,17220985867404,17220985867404,0,17220986535528,17220986536726,17220986735841,17220986834382,17221006367404,17220986530111,11142218,17220987345684,17220987392195,17220987501466,17220989063914,17220990859539,23542,401927,17220990859539,17220990138341,17221016878135,17220989063914,
0,724202,17220997012254,17220997012254,0,17220997381310,17220997382300,17220997589748,17220997712404,17221017512254,17220997376779,11142364,17220998257456,17220998313654,17220998422456,17220999889800,17221001799228,22187,391094,17221001799228,17221000960842,17221028013813,17220999889800,
0,724210,17221008157297,17221008157297,0,17221008923135,17221008924541,17221009165114,17221009262926,17221028657297,17221008916051,11142511,17221009903135,17221009957249,17221010109385,17221011911156,17221013729802,26875,414218,17221013729802,17221013059437,17221039163502,17221011911156,
0,724218,17221019300318,17221019300318,0,17221019613500,17221019615011,17221019812823,17221019881104,17221039800318,17221019609646,11142558,17221020347250,17221020401313,17221020521261,17221021995688,17221023771626,19479,357604,17221023771626,17221022996834,17221050299128,17221021995688,
0,724226,17221030444588,17221030444588,0,17221030794908,17221030796105,17221030975741,17221031049803,17221050944588,17221030791210,11142832,17221031641783,17221032629126,17221032701106,17221033627877,17221035384075,17240,303646,17221035384075,17221034452564,17221061440744,17221033627877,
0,724234,17221041588641,17221041588641,0,17221041992148,17221041994023,17221042245013,17221042360221,17221062088641,17221041985898,11142832,17221043049492,17221043112305,17221043248086,17221044915846,17221046837826,43906,415990,17221046837826,17221046098919,17221072582933,17221044915846,
0,724242,17221052732681,17221052732681,0,17221053051003,17221053051628,17221053248035,17221053332931,17221073232681,17221053046108,11142918,17221053874962,17221053917514,17221054028920,17221055412045,17221057212150,18594,316406,17221057212150,17221056354129,17221083726944,17221055412045,
0,724250,17221063874387,17221063874387,0,17221064253453,17221064254078,17221064452619,17221064541838,17221084374387,17221064248400,11142845,17221065148661,17221065196838,17221065321682,17221066671005,17221068476682,23698,349114,17221068476682,17221067663974,17221094876320,17221066671005,
0,724258,17221075016032,17221075016032,0,17221075305902,17221075307099,17221075479860,17221075571162,17221095516032,17221075301735,11142776,17221076104756,17221076144131,17221076247725,17221077501527,17221079189183,19688,448333,17221079189183,17221078566006,17221106025592,17221077501527,
0,724266,17221086158881,17221086158881,0,17221086479705,17221086481319,17221086687049,17221086776892,17221106658881,17221086475694,11142827,17221087294340,17221087340017,17221087471163,17221088970278,17221090808872,22865,428646,17221090808872,17221090112101,17221117160437,17221088970278,
0,724274,17221097301327,17221097301327,0,17221097661841,17221097663456,17221097895695,17221097998820,17221117801327,17221097657050,11142822,17221098540227,17221098618716,17221098791321,17221100242779,17221102010592,23750,402344,17221102010592,17221101349133,17221128300646,17221100242779,
0,724282,17221108445419,17221108445419,0,17221108797155,17221108797988,17221109005697,17221109104967,17221128945419,17221108793613,11142913,17221109129342,17221109195488,17221109308770,17221110763561,17221112538926,20468,612344,17221112538926,17221112072468,17221139442939,17221110763561,
0,724290,17221119590040,17221119590040,0,17221120776687,17221120777781,17221120940750,17221120996687,17221140090040,17221120774031,11142996,17221121342156,17221121388042,17221121508614,17221122839604,17221124570594,22084,341510,17221124570594,17221123808615,17221150581065,17221122839604,
0,724298,17221130732862,17221130732862,0,17221131185751,17221131186532,17221131362313,17221131437782,17221151232862,17221131182105,11142985,17221132900282,17221132977782,17221133124761,17221134657835,17221136490960,23646,409375,17221136490960,17221135883460,17221161736275,17221134657835,
0,724306,17221141874462,17221141874462,0,17221142166221,17221142167887,17221142329762,17221142426273,17221162374462,17221142161012,11142881,17221143105231,17221143149085,17221143290335,17221144808304,17221146551482,21406,337552,17221146551482,17221145832054,17221172886015,17221144808304,
0,724314,17221153016708,17221153016708,0,17221153326691,17221153328149,17221153501326,17221153579711,17221173516708,17221153322993,11142846,17221154012680,17221154057055,17221154181534,17221155570857,17221157317472,23906,371458,17221157317472,17221156594399,17221184021798,17221155570857,
0,724322,17221164157284,17221164157284,0,17221164510233,17221164511535,17221164710806,17221164798098,17221184657284,17221164505702,11142692,17221165275546,17221165930754,17221165995442,17221166930963,17221168602473,16510,290833,17221168602473,17221167728723,17221195161955,17221166930963,
0,724330,17221175301549,17221175301549,0,17221175713464,17221175715443,17221175955339,17221176057162,17221195801549,17221175707839,11142779,17221176672422,17221176742110,17221176897162,17221178671016,17221180429506,23490,351667,17221180429506,17221179676537,17221206302477,17221178671016,
0,724338,17221186446964,17221186446964,0,17221186849506,17221186850704,17221187049767,17221187135809,17221206946964,17221186845496,11142916,17221187668621,17221187717527,17221187849923,17221189433361,17221191183309,23073,399792,17221191183309,17221190520809,17221217461749,17221189433361,
0,724346,17221197589434,17221197589434,0,17221197982372,17221197983518,17221198703310,17221198805393,17221218089434,17221197976695,11142840,17221199412633,17221199458414,17221199598466,17221201071435,17221202833831,23178,371927,17221202833831,17221202173154,17221228602011,17221201071435,
0,724354,17221208732788,17221208732788,0,17221209508779,17221209509561,17221209719977,17221209812321,17221229232788,17221209504352,11142880,17221210313571,17221210357686,17221210467634,17221212063988,17221213804926,20365,366875,17221213804926,17221213053884,17221239738887,17221212063988,
0,724362,17221219876242,17221219876242,0,17221220168937,17221220169718,17221220776697,17221220867687,17221240376242,17221220165447,11142951,17221221417270,17221221459979,17221221583208,17221223084354,17221224903625,49688,368385,17221224903625,17221224130604,17221250878211,17221223084354,
0,724370,17221231024146,17221231024146,0,17221231746646,17221231747844,17221231950865,17221232039355,17221251524146,17221231742219,11143298,17221232561959,17221232606178,17221232717011,17221234240292,17221236049043,21718,448541,17221236049043,17221235391803,17221262021337,17221234240292,
0,724378,17221242169609,17221242169609,0,17221242461908,17221242463470,17221242644199,17221242736231,17221262669609,17221242458522,11143436,17221243311752,17221243358835,17221243491543,17221245025606,17221246824564,20104,378073,17221246824564,17221246095137,17221273164463,17221245025606,
0,724386,17221253314173,17221253314173,0,17221253661336,17221253662326,17221253834773,17221253916128,17221273814173,17221253658003,11143549,17221254416024,17221254456232,17221254566440,17221255889722,17221257648628,18125,319740,17221257648628,17221256799930,17221284310922,17221255889722,
0,724394,17221264456637,17221264456637,0,17221264765243,17221264766337,17221264985504,17221265073108,17221284956637,17221264760764,11143493,17221265570139,17221265611233,17221265724202,17221267074566,17221268862900,17708,348230,17221268862900,17221268079046,17221295460194,17221267074566,
0,724402,17221275600136,17221275600136,0,17221275985557,17221275986911,17221276241286,17221276331859,17221296100136,17221275981807,11143538,17221276818995,17221276856755,17221276964307,17221278269620,17221280150609,18490,354480,17221280150609,17221279330401,17221306610560,17221278269620,
0,724410,17221286742511,17221286742511,0,17221287066860,17221287067693,17221287262068,17221287351912,17221307242511,17221287062693,11143472,17221287877954,17221287929256,17221288055558,17221289600037,17221291441027,21667,368177,17221291441027,17221290638475,17221317740249,17221289600037,
0,724418,17221297885386,17221297885386,0,17221299143945,17221299144882,17221299348997,17221299413632,17221318385386,17221299141080,11143425,17221299765091,17221299819830,17221299970611,17221301572226,17221303550456,25781,427135,17221303550456,17221302810195,17221328889416,17221301572226,
0,724426,17221309029438,17221309029438,0,17221309382383,17221309383269,17221309577279,17221309646133,17221329529438,17221309379258,11143439,17221310089831,17221310134258,17221310241446,17221311821706,17221313647332,18333,371146,17221313647332,17221312877852,17221340025667,17221311821706,
0,724434,17221320175104,17221320175104,0,17221320501655,17221320502541,17221320676030,17221320748218,17221340675104,17221320498270,11143549,17221321216134,17221321259832,17221321368478,17221322812593,17221324540718,20104,365990,17221324540718,17221323847697,17221351169575,17221322812593,
0,724442,17221331318098,17221331318098,0,17221331668271,17221331669104,17221331842802,17221331913844,17221351818098,17221331665302,11143534,17221332378115,17221332420927,17221332520719,17221333784781,17221335522959,19896,349271,17221335522959,17221335185355,17221362318482,17221333784781,
0,724450,17221342463530,17221342463530,0,17221342761501,17221342762751,17221342933272,17221343026032,17221362963530,17221342756814,11143700,17221343432387,17221343484730,17221343626814,17221345031501,17221346775356,21302,346823,17221346775356,17221346041501,17221373475671,17221345031501,
0,724458,17221353605914,17221353605914,0,17221353902961,17221353903533,17221354088481,17221354178638,17221374105914,17221353894263,11143635,17221354201033,17221354257075,17221354361346,17221355832804,17221357588221,19219,343906,17221357588221,17221356837492,17221384609891,17221355832804,
0,724466,17221364747957,17221364747957,0,17221365071087,17221365072389,17221365257493,17221365342024,17221385247957,17221365066868,11143531,17221365989889,17221366035045,17221366161816,17221367522806,17221369223118,23125,398958,17221369223118,17221368580879,17221395740829,17221367522806,
0,724474,17221375891140,17221375891140,0,17221376194369,17221376195723,17221376365567,17221376445827,17221396391140,17221376190723,11143487,17221377481140,17221377538327,17221377663692,17221379312182,17221381067390,20104,409896,17221381067390,17221380451192,17221406889476,17221379312182,
0,724482,17221387036653,17221387036653,0,17221387413485,17221387415516,17221387619995,17221387719110,17221407536653,17221387407756,11143545,17221388590516,17221388649162,17221388809214,17221390399527,17221392144839,26563,357239,17221392144839,17221391452808,17221418031613,17221390399527,
0,724490,17221398181333,17221398181333,0,17221399493017,17221399494059,17221399673173,17221399733746,17221418681333,17221399489736,11143619,17221400053121,17221400100413,17221400232184,17221401964007,17221403786820,25677,419844,17221403786820,17221403128122,17221429173124,17221401964007,
0,724498,17221409323898,17221409323898,0,17221410553956,17221410555206,17221410768175,17221410823539,17221429823898,17221410550727,11143606,17221411117029,17221411161820,17221411293539,17221413058487,17221415378748,25989,385625,17221415378748,17221414166664,17221440313855,17221413058487,
0,724506,17221420466769,17221420466769,0,17221421672915,17221421674165,17221421861353,17221421920884,17221440966769,17221421669738,11143568,17221422241509,17221422307186,17221422469582,17221424154686,17221426275832,30469,442865,17221426275832,17221425344322,17221451457241,17221424154686,
0,724514,17221431608808,17221431608808,0,17221431943125,17221431944010,17221432110468,17221432182760,17221452108808,17221431939114,11143461,17221432627552,17221432671145,17221432781458,17221434120989,17221435816823,20156,379427,17221435816823,17221435147969,17221462600628,17221434120989,
0,724522,17221442749883,17221442749883,0,17221443943647,17221443944532,17221444136615,17221444206720,17221463249883,17221443940730,11143279,17221444553595,17221444604115,17221444781407,17221446656772,17221448510574,24948,407396,17221448510574,17221447848282,17221473744535,17221446656772,
0,724530,17221453892839,17221453892839,0,17221454241564,17221454242762,17221454416616,17221454490575,17221474392839,17221454237606,11143305,17221455391200,17221455439898,17221455567346,17221457153908,17221458940992,24844,371667,17221458940992,17221458221825,17221484889588,17221457153908,
0,724538,17221465035614,17221465035614,0,17221465467972,17221465469690,17221465650368,17221465726774,17221485535614,17221465464378,11143306,17221466198597,17221466239482,17221466361253,17221467718753,17221469503857,19271,387552,17221469503857,17221468854639,17221496034641,17221467718753,
0,724546,17221476177581,17221476177581,0,17221476573285,17221476574275,17221476759639,17221476836462,17221496677581,17221476569431,11143223,17221477326619,17221477375212,17221477489275,17221478976931,17221480731567,23438,334948,17221480731567,17221479942817,17221507173340,17221478976931,
0,724554,17221487319128,17221487319128,0,17221487671359,17221487672870,17221488250474,17221488370995,17221507819128,17221487666724,11143092,17221488958078,17221489008651,17221489159641,17221490751828,17221492560162,26979,543906,17221492560162,17221492036985,17221518315737,17221490751828,
0,724562,17221498461069,17221498461069,0,17221498786985,17221498788287,17221499009850,17221499086621,17221518961069,17221498783027,11142983,17221499548288,17221499593235,17221499707350,17221501105892,17221502881257,23594,364011,17221502881257,17221502169642,17221529468186,17221501105892,
0,724570,17221509603349,17221509603349,0,17221510260841,17221510261518,17221510453914,17221510532820,17221530103349,17221510256205,11142892,17221511044799,17221511087247,17221511202560,17221512804903,17221514599539,21458,359219,17221514599539,17221513816987,17221540609698,17221512804903,
0,724578,17221520744958,17221520744958,0,17221521079331,17221521080113,17221521263342,17221521333863,17221541244958,17221521075373,11142780,17221521797300,17221522489488,17221522556988,17221523427092,17221525453863,15990,292604,17221525453863,17221524225946,17221551776782,17221523427092,
0,724586,17221531887384,17221531887384,0,17221532311364,17221532313447,17221532570426,17221532678864,17221552387384,17221532306728,11142754,17221533275322,17221533868760,17221533944801,17221534934645,17221536754073,16823,280208,17221536754073,17221535795062,17221562908242,17221534934645,
0,724594,17221543033412,17221543033412,0,17221543438657,17221543440271,17221543725532,17221543838969,17221563533412,17221543432563,11142987,17221544532250,17221545096209,17221545173917,17221546181886,17221548394542,17708,280937,17221548394542,17221546984855,17221574042930,17221546181886,
0,724602,17221554176938,17221554176938,0,17221554565168,17221554566991,17221554831418,17221554940272,17221574676938,17221554558501,11142991,17221555663033,17221556225949,17221556305845,17221557324127,17221559065898,15677,282396,17221559065898,17221558121575,17221585174754,17221557324127,
0,724610,17221565327138,17221565327138,0,17221565736680,17221565739180,17221566002878,17221566129180,17221585827138,17221565729492,11143423,17221566854336,17221566915846,17221567076367,17221568883815,17221570649649,24427,357292,17221570649649,17221569900013,17221596321891,17221568883815,
0,724618,17221576472873,17221576472873,0,17221576813764,17221576814806,17221577053920,17221577140379,17221596972873,17221576809597,11143542,17221577706993,17221577756577,17221577889858,17221579344545,17221581130900,22396,368073,17221581130900,17221580324337,17221607451111,17221579344545,
0,724626,17221587616285,17221587616285,0,17221588068401,17221588070015,17221588257098,17221588807828,17221608116285,17221588064182,11143523,17221589268140,17221589336109,17221589501317,17221590951265,17221592722411,23333,448854,17221592722411,17221592087620,17221618601997,17221590951265,
0,724634,17221598757668,17221598757668,0,17221599122777,17221599124079,17221599778923,17221599894079,17221619257668,17221599117360,11143417,17221599915902,17221600837777,17221600896423,17221601789131,17221603357829,15156,270104,17221603357829,17221602521787,17221629738301,17221601789131,
0,724642,17221609902449,17221609902449,0,17221610343194,17221610344913,17221610576163,17221610663559,17221630402449,17221610338715,11143600,17221611365070,17221611424028,17221611556372,17221613022466,17221614656320,20990,335781,17221614656320,17221613940903,17221640876270,17221613022466,
0,724650,17221621042742,17221621042742,0,17221621389393,17221621390383,17221621606789,17221621800904,17221641542742,17221621386268,11143469,17221622381112,17221622442519,17221622497102,17221623306269,17221626794081,14062,262969,17221626794081,17221623998404,17221652027053,17221623306269,
0,724658,17221632183343,17221632183343,0,17221632450801,17221632452103,17221632629863,17221632687572,17221652683343,17221632447624,11143287,17221633082780,17221633123249,17221633178093,17221634002155,17221635539916,15209,218177,17221635539916,17221634645645,17221663166273,17221634002155,
0,724666,17221643323232,17221643323232,0,17221643622729,17221643624760,17221643915646,17221643984864,17221663823232,17221643618562,11143098,17221644349760,17221644413250,17221644489917,17221645727990,17221647381271,19011,306146,17221647381271,17221646578979,17221674320336,17221645727990,
0,724674,17221654461982,17221654461982,0,17221654749084,17221654750647,17221655009397,17221655068355,17221674961982,17221654746011,11142840,17221655344241,17221655388147,17221655445855,17221656355595,17221657939032,13593,242969,17221657939032,17221657052314,17221685464348,17221656355595,
0,724682,17221665602681,17221665602681,0,17221665961065,17221665962315,17221666191325,17221666286898,17221686102681,17221665956429,11142692,17221666894971,17221666946794,17221667092888,17221669090440,17221671107836,22708,392500,17221671107836,17221670147940,17221696610547,17221669090440,
0,724690,17221676742223,17221676742223,0,17221677239243,17221677241014,17221677497107,17221677593462,17221697242223,17221677233722,11142464,17221678227316,17221678269451,17221678469243,17221680037941,17221681753670,23698,378906,17221681753670,17221681081222,17221707754715,17221680037941,
0,724698,17221687884676,17221687884676,0,17221688166067,17221688167681,17221688460598,17221688564661,17221708384676,17221688161692,11142412,17221689122161,17221689164765,17221689295911,17221690846588,17221692598046,19844,432240,17221692598046,17221691973828,17221718893778,17221690846588,
0,724706,17221699027363,17221699027363,0,17221699340964,17221699342266,17221699543880,17221699666693,17221719527363,17221699337110,11142375,17221700187943,17221700234193,17221700371901,17221701915183,17221703719610,22656,359895,17221703719610,17221702958933,17221730036383,17221701915183,
0,724714,17221710170907,17221710170907,0,17221710476902,17221710478256,17221710671121,17221710752840,17221730670907,17221710472840,11142393,17221711278309,17221711321538,17221711436069,17221712799819,17221714578101,19532,356355,17221714578101,17221713793465,17220404028335,17221712799819,
0,724722,17221721314932,17221721314932,0,17221722075028,17221722075862,17221722283466,17221722368935,17221741814932,17221722070862,11142450,17221722906591,17221722951643,17221723071487,17221724515185,17221726905602,22761,333698,17221726905602,17221725521904,17220415163388,17221724515185,
0,724730,17221732458254,17221732458254,0,17221733689821,17221733691071,17221733862582,17221733922478,17221752958254,17221733686800,11142477,17221734245551,17221734293363,17221734423676,17221736119978,17221737980082,23021,461302,17221737980082,17221737337217,17220426315264,17221736119978,
0,724738,17221743600785,17221743600785,0,17221743891489,17221743893104,17221744141072,17221744203989,17221764100785,17221743887322,11142326,17221744632270,17221744673468,17221744770395,17221746237895,17220411802502,20365,537032,17220411802502,17221747593469,17220437453442,17221746237895,
---PROFILEDATA---


View hierarchy:

  dev.polski.grammarmatrix.benchmark/dev.polski.grammarmatrix.GlassBenchmarkActivity/android.view.ViewRootImpl@86d155f
  6 views, 10.66 kB of render nodes


Total ViewRootImpl   : 1
Total attached Views : 6
Total RenderNode     : 10.66 kB (used) / 34.73 kB (capacity)