Applications Graphics Acceleration Info:
Uptime: 17168603 Realtime: 155175168

** Graphics info for pid 27061 [dev.polski.grammarmatrix.benchmark] **

Stats since: 17165958646140ns
Total frames rendered: 237
Janky frames: 0 (0.00%)
Janky frames (legacy): 0 (0.00%)
50th percentile: 5ms
90th percentile: 5ms
95th percentile: 5ms
99th percentile: 6ms
Number Missed Vsync: 0
Number High input latency: 0
Number Slow UI thread: 0
Number Slow bitmap uploads: 0
Number Slow issue draw commands: 0
Number Frame deadline missed: 0
Number Frame deadline missed (legacy): 0
HISTOGRAM: 5ms=233 6ms=4 7ms=0 8ms=0 9ms=0 10ms=0 11ms=0 12ms=0 13ms=0 14ms=0 15ms=0 16ms=0 17ms=0 18ms=0 19ms=0 20ms=0 21ms=0 22ms=0 23ms=0 24ms=0 25ms=0 26ms=0 27ms=0 28ms=0 29ms=0 30ms=0 31ms=0 32ms=0 34ms=0 36ms=0 38ms=0 40ms=0 42ms=0 44ms=0 46ms=0 48ms=0 53ms=0 57ms=0 61ms=0 65ms=0 69ms=0 73ms=0 77ms=0 81ms=0 85ms=0 89ms=0 93ms=0 97ms=0 101ms=0 105ms=0 109ms=0 113ms=0 117ms=0 121ms=0 125ms=0 129ms=0 133ms=0 150ms=0 200ms=0 250ms=0 300ms=0 350ms=0 400ms=0 450ms=0 500ms=0 550ms=0 600ms=0 650ms=0 700ms=0 750ms=0 800ms=0 850ms=0 900ms=0 950ms=0 1000ms=0 1050ms=0 1100ms=0 1150ms=0 1200ms=0 1250ms=0 1300ms=0 1350ms=0 1400ms=0 1450ms=0 1500ms=0 1550ms=0 1600ms=0 1650ms=0 1700ms=0 1750ms=0 1800ms=0 1850ms=0 1900ms=0 1950ms=0 2000ms=0 2050ms=0 2100ms=0 2150ms=0 2200ms=0 2250ms=0 2300ms=0 2350ms=0 2400ms=0 2450ms=0 2500ms=0 2550ms=0 2600ms=0 2650ms=0 2700ms=0 2750ms=0 2800ms=0 2850ms=0 2900ms=0 2950ms=0 3000ms=0 3050ms=0 3100ms=0 3150ms=0 3200ms=0 3250ms=0 3300ms=0 3350ms=0 3400ms=0 3450ms=0 3500ms=0 3550ms=0 3600ms=0 3650ms=0 3700ms=0 3750ms=0 3800ms=0 3850ms=0 3900ms=0 3950ms=0 4000ms=0 4050ms=0 4100ms=0 4150ms=0 4200ms=0 4250ms=0 4300ms=0 4350ms=0 4400ms=0 4450ms=0 4500ms=0 4550ms=0 4600ms=0 4650ms=0 4700ms=0 4750ms=0 4800ms=0 4850ms=0 4900ms=0 4950ms=0
50th gpu percentile: 2ms
90th gpu percentile: 2ms
95th gpu percentile: 2ms
99th gpu percentile: 3ms
GPU HISTOGRAM: 1ms=0 2ms=226 3ms=10 4ms=1 5ms=0 6ms=0 7ms=0 8ms=0 9ms=0 10ms=0 11ms=0 12ms=0 13ms=0 14ms=0 15ms=0 16ms=0 17ms=0 18ms=0 19ms=0 20ms=0 21ms=0 22ms=0 23ms=0 24ms=0 25ms=0 4950ms=0

Pipeline=Skia (OpenGL)
CPU Caches:
  Glyph Cache: 43.11 KB (1 entry)
  Glyph Count: 8 
Total CPU memory usage:
  44146 bytes, 43.11 KB (0.00 bytes is purgeable)
GPU Caches:
  Other:
    Other: 13.33 KB (1 entry)
    Buffer Object: 36.00 KB (1 entry)
  Scratch:
    Texture: 2.00 MB (1 entry)
    Buffer Object: 48.00 KB (1 entry)
Total GPU memory usage:
  2196816 bytes, 2.10 MB (36.00 KB is purgeable)

Profile data in ms:

	dev.polski.grammarmatrix.benchmark/dev.polski.grammarmatrix.GlassBenchmarkActivity/android.view.ViewRootImpl@86d155f (visibility=0)
Window: dev.polski.grammarmatrix.benchmark/dev.polski.grammarmatrix.GlassBenchmarkActivity
Stats since: 17165958645671ns
Total frames rendered: 237
Janky frames: 0 (0.00%)
Janky frames (legacy): 0 (0.00%)
50th percentile: 5ms
90th percentile: 5ms
95th percentile: 5ms
99th percentile: 6ms
Number Missed Vsync: 0
Number High input latency: 0
Number Slow UI thread: 0
Number Slow bitmap uploads: 0
Number Slow issue draw commands: 0
Number Frame deadline missed: 0
Number Frame deadline missed (legacy): 0
HISTOGRAM: 5ms=233 6ms=4 7ms=0 8ms=0 9ms=0 10ms=0 11ms=0 12ms=0 13ms=0 14ms=0 15ms=0 16ms=0 17ms=0 18ms=0 19ms=0 20ms=0 21ms=0 22ms=0 23ms=0 24ms=0 25ms=0 26ms=0 27ms=0 28ms=0 29ms=0 30ms=0 31ms=0 32ms=0 34ms=0 36ms=0 38ms=0 40ms=0 42ms=0 44ms=0 46ms=0 48ms=0 53ms=0 57ms=0 61ms=0 65ms=0 69ms=0 73ms=0 77ms=0 81ms=0 85ms=0 89ms=0 93ms=0 97ms=0 101ms=0 105ms=0 109ms=0 113ms=0 117ms=0 121ms=0 125ms=0 129ms=0 133ms=0 150ms=0 200ms=0 250ms=0 300ms=0 350ms=0 400ms=0 450ms=0 500ms=0 550ms=0 600ms=0 650ms=0 700ms=0 750ms=0 800ms=0 850ms=0 900ms=0 950ms=0 1000ms=0 1050ms=0 1100ms=0 1150ms=0 1200ms=0 1250ms=0 1300ms=0 1350ms=0 1400ms=0 1450ms=0 1500ms=0 1550ms=0 1600ms=0 1650ms=0 1700ms=0 1750ms=0 1800ms=0 1850ms=0 1900ms=0 1950ms=0 2000ms=0 2050ms=0 2100ms=0 2150ms=0 2200ms=0 2250ms=0 2300ms=0 2350ms=0 2400ms=0 2450ms=0 2500ms=0 2550ms=0 2600ms=0 2650ms=0 2700ms=0 2750ms=0 2800ms=0 2850ms=0 2900ms=0 2950ms=0 3000ms=0 3050ms=0 3100ms=0 3150ms=0 3200ms=0 3250ms=0 3300ms=0 3350ms=0 3400ms=0 3450ms=0 3500ms=0 3550ms=0 3600ms=0 3650ms=0 3700ms=0 3750ms=0 3800ms=0 3850ms=0 3900ms=0 3950ms=0 4000ms=0 4050ms=0 4100ms=0 4150ms=0 4200ms=0 4250ms=0 4300ms=0 4350ms=0 4400ms=0 4450ms=0 4500ms=0 4550ms=0 4600ms=0 4650ms=0 4700ms=0 4750ms=0 4800ms=0 4850ms=0 4900ms=0 4950ms=0
50th gpu percentile: 2ms
90th gpu percentile: 2ms
95th gpu percentile: 2ms
99th gpu percentile: 3ms
GPU HISTOGRAM: 1ms=0 2ms=226 3ms=10 4ms=1 5ms=0 6ms=0 7ms=0 8ms=0 9ms=0 10ms=0 11ms=0 12ms=0 13ms=0 14ms=0 15ms=0 16ms=0 17ms=0 18ms=0 19ms=0 20ms=0 21ms=0 22ms=0 23ms=0 24ms=0 25ms=0 4950ms=0



---PROFILEDATA---
Flags,FrameTimelineVsyncId,IntendedVsync,Vsync,InputEventId,HandleInputStart,AnimationStart,PerformTraversalsStart,DrawStart,FrameDeadline,FrameInterval,FrameStartTime,SyncQueued,SyncStart,IssueDrawCommandsStart,SwapBuffers,FrameCompleted,DequeueBufferDuration,QueueBufferDuration,GpuCompleted,SwapBuffersCompleted,DisplayPresentTime,CommandSubmissionCompleted,
0,685578,17167267642999,17167267642999,0,17167267904812,17167267906427,17167268096843,17167268175229,17167288142999,17167267901635,11142235,17167268784500,17167268830854,17167268937208,17167270182260,17167271898354,19062,316771,17167271898354,17167271074604,17167298637419,17167270182260,
0,685586,17167278783211,17167278783211,0,17167279074449,17167279075438,17167279261897,17167279342990,17167299283211,17167279071324,11142139,17167279902678,17167279943980,17167280043824,17167281207626,17167282910595,16094,317395,17167282910595,17167282172834,17167309779191,17167281207626,
0,685594,17167289925406,17167289925406,0,17167290256221,17167290257158,17167290475179,17167290557991,17167310425406,17167290252262,11142065,17167291113304,17167291202314,17167291311950,17167292788565,17167294544659,23438,414479,17167294544659,17167293861117,17167320918203,17167292788565,
0,685602,17167301066491,17167301066491,0,17167301333618,17167301334607,17167301532784,17167301607263,17167321566491,17167301330388,11142065,17167302300961,17167302349034,17167302476899,17167303774659,17167305415805,18281,327136,17167305415805,17167304707420,17167332063829,17167303774659,
0,685610,17167312208169,17167312208169,0,17167312516483,17167312517994,17167312731640,17167312813723,17167332708169,17167312512317,11142054,17167313473983,17167313516327,17167313632577,17167314805025,17167316470546,16458,309844,17167316470546,17167315696431,17167343206226,17167314805025,
0,685618,17167323349304,17167323349304,0,17167323635547,17167323636380,17167323826068,17167323901953,17167343849304,17167323631120,11141991,17167324414297,17167324464245,17167324580755,17167325833880,17167327452735,14219,317917,17167327452735,17167326703151,17167354348675,17167325833880,
0,685626,17167334489650,17167334489650,0,17167334788673,17167334789767,17167335060600,17167335141538,17167354989650,17167334784923,11141879,17167335162475,17167336058048,17167336121746,17167336952840,17167338533465,15260,280573,17167338533465,17167337695705,17167365488364,17167336952840,
0,685634,17167345630519,17167345630519,0,17167346005341,17167346007580,17167346264560,17167346363153,17167366130519,17167346000757,11141783,17167347246226,17167347344091,17167347603466,17167349299924,17167350967112,24323,378490,17167350967112,17167350328362,17167376633104,17167349299924,
0,685642,17167356772599,17167356772599,0,17167357063467,17167357064613,17167357268675,17167357348363,17167377272599,17167357059144,11141802,17167358518936,17167358572582,17167358691905,17167359978259,17167361549196,17552,311458,17167361549196,17167360852894,17167387774772,17167359978259,
0,685650,17167367913281,17167367913281,0,17167368175239,17167368176333,17167368363885,17167368445656,17167388413281,17167368170864,11141680,17167369307947,17167369345083,17167369461333,17167370891749,17167372561020,20886,365000,17167372561020,17167371891802,17167398916440,17167370891749,
0,685658,17167379055500,17167379055500,0,17167379362584,17167379363938,17167379564823,17167379648834,17167399555500,17167379357792,11141850,17167380202428,17167380254823,17167380366907,17167381685188,17167383623990,22448,349635,17167383623990,17167382623521,17167410059201,17167381685188,
0,685666,17167390198725,17167390198725,0,17167390491960,17167390493262,17167390736804,17167390817220,17167410698725,17167390488314,11141850,17167391428939,17167391477533,17167391593210,17167393378783,17167395087169,22657,375000,17167395087169,17167394409564,17167421200817,17167393378783,
0,685674,17167401340822,17167401340822,0,17167401718992,17167401720242,17167401943576,17167402034461,17167421840822,17167401714305,11141859,17167402659982,17167402709409,17167402814044,17167404228211,17167405893680,21927,411719,17167405893680,17167405304045,17167432340610,17167404228211,
0,685682,17167412482857,17167412482857,0,17167412778420,17167412779514,17167413003368,17167413088004,17167432982857,17167412774618,11141865,17167413716545,17167413759618,17167413868941,17167415366494,17167417075869,17917,377553,17167417075869,17167416416910,17167443491444,17167415366494,
0,685690,17167423623987,17167423623987,0,17167423947432,17167423948682,17167424175974,17167424261703,17167444123987,17167423942901,11141776,17167424923057,17167424981234,17167425114255,17167426498734,17167428182276,28177,350261,17167428182276,17167427475609,17167454628216,17167426498734,
0,685698,17167434766060,17167434766060,0,17167435088943,17167435089881,17167435274568,17167435334777,17167455266060,17167435086339,11141785,17167435825558,17167435873058,17167435981912,17167437471964,17167439292538,22344,453177,17167439292538,17167438663110,17167465775092,17167437471964,
0,685706,17167445906627,17167445906627,0,17167446297330,17167446298424,17167446490299,17167446574830,17167466406627,17167446292434,11141668,17167447195090,17167447248840,17167447379257,17167449031080,17167450817539,29167,386198,17167450817539,17167450117643,17167476912802,17167449031080,
0,685714,17167457052682,17167457052682,0,17167457596862,17167457597956,17167457770039,17167457860352,17167477552682,17167457592956,11142002,17167458539623,17167458581446,17167458685612,17167460087279,17167461832175,18386,319114,17167461832175,17167461043425,17167488054001,17167460087279,
0,685722,17167468196527,17167468196527,0,17167468654936,17167468656290,17167468858374,17167468949936,17167488696527,17167468650874,11142166,17167469570301,17167469612957,17167469722280,17167471064364,17167472793530,22708,498646,17167472793530,17167472191083,17167499194835,17167471064364,
0,685730,17167479340444,17167479340444,0,17167479646760,17167479648896,17167479847958,17167479956240,17167499840444,17167479642958,11142289,17167480543896,17167480587646,17167480703948,17167482094052,17167483835146,19167,347760,17167483835146,17167483073115,17167510339784,17167482094052,
0,685738,17167490482959,17167490482959,0,17167490772439,17167490773584,17167490998741,17167491121345,17167510982959,17167490768897,11142318,17167491844262,17167491891814,17167492010876,17167493408324,17167495120199,19531,350052,17167495120199,17167494379053,17167521483275,17167493408324,
0,685746,17167501624250,17167501624250,0,17167501896919,17167501898169,17167502098429,17167502171294,17167522124250,17167501893013,11142237,17167502792492,17167502834523,17167502948429,17167504304002,17167506032544,20208,526511,17167506032544,17167505452336,17167532631505,17167504304002,
0,685754,17167512766457,17167512766457,0,17167513068587,17167513069784,17167513260566,17167513332128,17167533266457,17167513064941,11142259,17167513939107,17167514005410,17167514113795,17167515486920,17167517254004,17969,362031,17167517254004,17167516481035,17167543772860,17167515486920,
0,685762,17167523908985,17167523908985,0,17167524224473,17167524225671,17167524454109,17167524547077,17167544408985,17167524220306,11142284,17167525275723,17167525331504,17167525458588,17167526846661,17167528599942,25104,381979,17167528599942,17167527857026,17167554905622,17167526846661,
0,685770,17167535051697,17167535051697,0,17167536187703,17167536188745,17167536366714,17167536420151,17167555551697,17167536184995,11142315,17167536832599,17167536883693,17167537016922,17167539040568,17167540774162,23958,389011,17167540774162,17167540129683,17167566061248,17167539040568,
0,685778,17167546195770,17167546195770,0,17167546491246,17167546492496,17167546691871,17167546771767,17167566695770,17167546486350,11142423,17167547393590,17167547435673,17167547559371,17167549020569,17167550698486,21823,364687,17167550698486,17167550011455,17167577201978,17167549020569,
0,685786,17167557338962,17167557338962,0,17167557671508,17167557672862,17167557868747,17167557947758,17167577838962,17167557668331,11142457,17167558560831,17167558604581,17167558695258,17167559792445,17167561415466,18594,270156,17167561415466,17167560556248,17167588329740,17167559792445,
0,685794,17167568480188,17167568480188,0,17167568760259,17167568761092,17167568930623,17167569026092,17167588980188,17167568757394,11142393,17167569440415,17167569494426,17167569624530,17167570896978,17167572557707,20677,358073,17167572557707,17167571845936,17167599476251,17167570896978,
0,685802,17167579624761,17167579624761,0,17167579988854,17167579989843,17167580171614,17167580245416,17167600124761,17167579985781,11142528,17167580263489,17167580324739,17167580422447,17167581760104,17167583440989,20313,326718,17167583440989,17167582706719,17167610626409,17167581760104,
0,685810,17167590768790,17167590768790,0,17167591427240,17167591428699,17167591685469,17167591767605,17167611268790,17167591423490,11142629,17167592561928,17167592609324,17167592721199,17167593914480,17167595514011,18698,315834,17167595514011,17167594779584,17167621765472,17167593914480,
0,685818,17167601908712,17167601908712,0,17167602243752,17167602244585,17167602410679,17167602488595,17167622408712,17167602239533,11142470,17167603428543,17167603481512,17167603589898,17167604801877,17167606474429,17708,290729,17167606474429,17167605734533,17167632916515,17167604801877,
0,685826,17167613050154,17167613050154,0,17167614222399,17167614223857,17167614394274,17167614450472,17167633550154,17167614219065,11142417,17167615165315,17167615233284,17167615360524,17167616982920,17167618970993,21875,855677,17167618970993,17167618549066,17167644054641,17167616982920,
0,685834,17167624193451,17167624193451,0,17167625293077,17167625294275,17167625486462,17167625550577,17167644693451,17167625289483,11142470,17167625948546,17167625994431,17167626118962,17167627613181,17167629330161,22135,452916,17167629330161,17167628748129,17167655194069,17167627613181,
0,685842,17167635335755,17167635335755,0,17167636461568,17167636462766,17167636688078,17167636745109,17167655835755,17167636458755,11142459,17167637181464,17167637227922,17167637350526,17167638959745,17167640679537,21927,397136,17167640679537,17167640044172,17167666335946,17167638959745,
0,685850,17167646480186,17167646480186,0,17167647674902,17167647676204,17167647873756,17167647932871,17167666980186,17167647671881,11142575,17167648371673,17167648419069,17167648541621,17167650231309,17167651949017,23959,350000,17167651949017,17167651269173,17167677478238,17167650231309,
0,685858,17167657623269,17167657623269,0,17167657954903,17167657955789,17167658139018,17167658209539,17167678123269,17167657952091,11142604,17167658768705,17167658814330,17167658924330,17167660328289,17167661990685,21927,356146,17167661990685,17167661335789,17167688641677,17167660328289,
0,685866,17167668765091,17167668765091,0,17167669055269,17167669056467,17167669238185,17167669317613,17167689265091,17167669052040,11142541,17167669918758,17167669959383,17167670064436,17167671364123,17167673044800,20573,332083,17167673044800,17167672344696,17167699764699,17167671364123,
0,685874,17167679908046,17167679908046,0,17167680262093,17167680263291,17167680444489,17167680512666,17167700408046,17167680258759,11142595,17167681044072,17167681084697,17167681187666,17167682605531,17167684271937,18906,331459,17167684271937,17167683542510,17167710906888,17167682605531,
0,685882,17167691050115,17167691050115,0,17167691529177,17167691530271,17167691782771,17167691863031,17167711550115,17167691525063,11142563,17167692479386,17167692536157,17167692672563,17167694118240,17167695807771,22969,473177,17167695807771,17167695253761,17167722053868,17167694118240,
0,685890,17167702197993,17167702197993,0,17167702478762,17167702480012,17167702686314,17167702760428,17167722697993,17167702475220,11142900,17167703345324,17167703389439,17167703504178,17167704883814,17167706639856,20365,354739,17167706639856,17167705927512,17167733197254,17167704883814,
0,685898,17167713340035,17167713340035,0,17167713617773,17167713618763,17167713800169,17167713861784,17167733840035,17167713613971,11142859,17167714446107,17167714488763,17167714606992,17167716063555,17167717755638,20104,357968,17167717755638,17167717071940,17167744339755,17167716063555,
0,685906,17167724481734,17167724481734,0,17167724815483,17167724816524,17167725046993,17167725146160,17167744981734,17167724812149,11142789,17167725788712,17167725842722,17167725968243,17167727415379,17167729129598,22344,439583,17167729129598,17167728512150,17167755486163,17167727415379,
0,685914,17167735624200,17167735624200,0,17167735916630,17167735917359,17167736106109,17167736171421,17167756124200,17167735913557,11142753,17167736694286,17167736741890,17167736843817,17167738082671,17167739814182,17291,330521,17167739814182,17167739038713,17167766622206,17167738082671,
0,685922,17167746767086,17167746767086,0,17167747108297,17167747109235,17167747313662,17167747386162,17167767267086,17167747104131,11142754,17167747948245,17167747994183,17167748105120,17167749445537,17167751176058,16667,340625,17167751176058,17167750391371,17167777764134,17167749445537,
0,685930,17167757909991,17167757909991,0,17167758664549,17167758666059,17167758914392,17167759013559,17167778409991,17167758659653,11142760,17167759740017,17167759809705,17167759945486,17167761477101,17167763300487,22239,380573,17167763300487,17167762592049,17167788920802,17167761477101,
0,685938,17167769054641,17167769054641,0,17167769349445,17167769350904,17167769545487,17167769635331,17167789554641,17167769346112,11142902,17167770297466,17167770342571,17167770449758,17167771957310,17167773791581,22656,372864,17167773791581,17167773005435,17167800051792,17167771957310,
0,685946,17167780197446,17167780197446,0,17167780513926,17167780515176,17167780735280,17167780838978,17167800697446,17167780510749,11142927,17167781493405,17167781542676,17167781700957,17167783082572,17167784861478,22552,331302,17167784861478,17167784035749,17167811206481,17167783082572,
0,685954,17167791338549,17167791338549,0,17167791616739,17167791680854,17167791865229,17167791943458,17167811838549,17167791612937,11142792,17167792499291,17167792543823,17167792659135,17167794035802,17167795768094,19479,379428,17167795768094,17167795078406,17167822339659,17167794035802,
0,685962,17167802485051,17167802485051,0,17167803141220,17167803142313,17167803357261,17167803459657,17167822985051,17167803136584,11143053,17167804181532,17167804228824,17167804364032,17167805961168,17167807755178,21823,402916,17167807755178,17167807083564,17167833475181,17167805961168,
0,685970,17167813628270,17167813628270,0,17167814024346,17167814025283,17167814252887,17167814355440,17167834128270,17167814020648,11143107,17167814909398,17167815010960,17167815186898,17167816507992,17167818198513,22708,341459,17167818198513,17167817453773,17167844617422,17167816507992,
0,685978,17167824772054,17167824772054,0,17167825114503,17167825116274,17167825315493,17167825397316,17167845272054,17167825111534,11143103,17167825417993,17167825481170,17167825581951,17167826861014,17167828517003,18958,365521,17167828517003,17167827852420,17167855754298,17167826861014,
0,685986,17167835913685,17167835913685,0,17167836244400,17167836245702,17167836430910,17167836497994,17167856413685,17167836241796,11142989,17167837129140,17167837180598,17167837287890,17167838714661,17167840381588,21354,357812,17167840381588,17167839703827,17167866897111,17167838714661,
0,685994,17167847054598,17167847054598,0,17167847364505,17167847365964,17167847553047,17167847632109,17167867554598,17167847361380,11142876,17167848687110,17167848749558,17167848870235,17167850173308,17167851866433,19740,330104,17167851866433,17167851103985,17167878039144,17167850173308,
0,686002,17167858194914,17167858194914,0,17167858517892,17167858519298,17167858692371,17167858776329,17167878694914,17167858513933,11142707,17167859670444,17167859726382,17167859856642,17167861255861,17167862934507,18750,325209,17167862934507,17167862247684,17167889184353,17167861255861,
0,686010,17167869335210,17167869335210,0,17167869593674,17167869595237,17167869769820,17167869865080,17167889835210,17167869589976,11142589,17167870371695,17167870414456,17167870515706,17167872584352,17167874313414,20208,348490,17167874313414,17167873615081,17167900324094,17167872584352,
0,686018,17167880475120,17167880475120,0,17167881669977,17167881671227,17167881874509,17167881935655,17167900975120,17167881667113,11142425,17167882356384,17167882404665,17167882548884,17167884191853,17167885884145,22813,471614,17167885884145,17167885342947,17167911466439,17167884191853,
0,686026,17167891614578,17167891614578,0,17167892722062,17167892723260,17167892914874,17167892974770,17167912114578,17167892719614,11142218,17167893383312,17167893429614,17167893559874,17167895131698,17167896832427,24323,403750,17167896832427,17167896240604,17167922610502,17167895131698,
0,686034,17167902754677,17167902754677,0,17167903066125,17167903067792,17167903282167,17167903360761,17167923254677,17167903062063,11142046,17167903977896,17167904026698,17167904168469,17167905831178,17167907503626,26042,365833,17167907503626,17167906849459,17167933753681,17167905831178,
0,686042,17167913894122,17167913894122,0,17167914190710,17167914192012,17167914395970,17167914491283,17167934394122,17167914187324,11141958,17167915141283,17167915210345,17167915337689,17167916735918,17167918753262,23125,378906,17167918753262,17167917765137,17167944892015,17167916735918,
0,686050,17167925037020,17167925037020,0,17167926168992,17167926170034,17167926335555,17167926385034,17167945537020,17167926166961,11141958,17167926738055,17167926786649,17167926912951,17167928370190,17167930075034,20000,363854,17167930075034,17167929353159,17167956033370,17167928370190,
0,686058,17167936177636,17167936177636,0,17167936447223,17167936448004,17167936971493,17167937040556,17167956677636,17167936444566,11141834,17167937629931,17167937673473,17167937777900,17167939213369,17167940889827,16510,327865,17167940889827,17167940140035,17167967176132,17167939213369,
0,686066,17167947318436,17167947318436,0,17167947708369,17167947709880,17167947925401,17167948005817,17167967818436,17167947703369,11141720,17167948711442,17167948760453,17167948876026,17167950327797,17167952032172,20105,355416,17167952032172,17167951314724,17167978323893,17167950327797,
0,686074,17167958459035,17167958459035,0,17167958739152,17167958740246,17167958954516,17167959030350,17167978959035,17167958735246,11141623,17167959678006,17167959745194,17167959852329,17167961241965,17167962945819,20104,353802,17167962945819,17167962289829,17167989456707,17167961241965,
0,686082,17167969599747,17167969599747,0,17167969882538,17167969883788,17167970073320,17167970153580,17167990099747,17167969878684,11141542,17167970755507,17167970799309,17167970902174,17167972241809,17167973941653,19010,353386,17167973941653,17167973214518,17168000615875,17167972241809,
0,686090,17167980740796,17167980740796,0,17167981176133,17167981177904,17167981414362,17167981489154,17168001240796,17167981172019,11141485,17167982116342,17167982163373,17167982275873,17167983605977,17167985279779,19739,333698,17167985279779,17167984533686,17168011752074,17167983605977,
0,686098,17167991884033,17167991884033,0,17167992405822,17167992406655,17167992606655,17167992685405,17168012384033,17167992401759,11141463,17167993233374,17167993274364,17167993375093,17167994646968,17167996564416,19792,438125,17167996564416,17167995911812,17168022895564,17167994646968,
0,686106,17168003024111,17168003024111,0,17168003406448,17168003407802,17168003669313,17168003773635,17168023524111,17168003400979,11141463,17168004467958,17168004526240,17168004691552,17168006457438,17168008385511,28072,418750,17168008385511,17168007634417,17168034034055,17168006457438,
0,686114,17168014168466,17168014168466,0,17168015497439,17168015498637,17168015694314,17168015762907,17168034668466,17168015494418,11141594,17168016237439,17168016290564,17168016459887,17168018271970,17168020233793,26302,428333,17168020233793,17168019542335,17168045203588,17168018271970,
0,686122,17168025313567,17168025313567,0,17168025656711,17168025657544,17168025843533,17168025924471,17168045813567,17168025652127,11141856,17168026509627,17168026568950,17168026704731,17168028388013,17168030216711,26927,384323,17168030216711,17168029499263,17168056328589,17168028388013,
0,686130,17168036457416,17168036457416,0,17168037053430,17168037054212,17168037264316,17168037353170,17168056957416,17168037049472,11141979,17168037944056,17168037986503,17168038092181,17168039491035,17168041222233,16198,331458,17168041222233,17168040448431,17168067453486,17168039491035,
0,686138,17168047602399,17168047602399,0,17168048242963,17168048244942,17168048488015,17168048556609,17168068102399,17168048239629,11142246,17168049022130,17168049520984,17168049680098,17168051599317,17168054025880,31511,477812,17168054025880,17168052961922,17168078604424,17168051599317,
0,686146,17168058752872,17168058752872,0,17168059074162,17168059076610,17168059578120,17168059649266,17168079252872,17168059068276,11142785,17168060083745,17168060134995,17168060271662,17168061435360,17168063015829,16980,266979,17168063015829,17168062242652,17168089752967,17168061435360,
0,686154,17168069897689,17168069897689,0,17168070152392,17168070153798,17168070324475,17168070389528,17168090397689,17168070148434,11142944,17168070407496,17168070447913,17168070528694,17168071504528,17168072997236,14062,251979,17168072997236,17168072226038,17168100902187,17168071504528,
0,686162,17168081038115,17168081038115,0,17168081344529,17168081345727,17168081528331,17168081588539,17168101538115,17168081341508,11142793,17168082187966,17168082233383,17168082327029,17168083302862,17168084768019,15313,270625,17168084768019,17168084030154,17168112033855,17168083302862,
0,686170,17168092179960,17168092179960,0,17168092482551,17168092483748,17168092684582,17168092773540,17168112679960,17168092478176,11142793,17168093957811,17168094012499,17168094123853,17168095539843,17168097481978,16927,325677,17168097481978,17168096939999,17168123183804,17168095539843,
0,686178,17168103323306,17168103323306,0,17168103654843,17168103656770,17168103864323,17168103981562,17168123823306,17168103647708,11142834,17168105036927,17168105095260,17168105245104,17168107079219,17168108842448,21198,342031,17168108842448,17168108086146,17168134317971,17168107079219,
0,686186,17168114468105,17168114468105,0,17168114736928,17168114738438,17168114913490,17168115047657,17168134968105,17168114731772,11142956,17168115681355,17168115728907,17168115859063,17168117366928,17168119454428,19948,377604,17168119454428,17168118403230,17168145463389,17168117366928,
0,686194,17168125610445,17168125610445,0,17168125895731,17168125897241,17168126078908,17168126165002,17168146110445,17168125892241,11142946,17168126812241,17168126866148,17168126992762,17168128588283,17168130371773,23177,378698,17168130371773,17168129660419,17168156599432,17168128588283,
0,686202,17168136754147,17168136754147,0,17168137068909,17168137069951,17168137270107,17168137353232,17168157254147,17168137064482,11142999,17168137977607,17168138018753,17168138116722,17168139365368,17168141037712,20052,297656,17168141037712,17168140222816,17168167740891,17168139365368,
0,686210,17168147895616,17168147895616,0,17168148353858,17168148355004,17168148674379,17168148762660,17168168395616,17168148349379,11142917,17168149375056,17168149439067,17168149563077,17168150944223,17168152663911,19115,475312,17168152663911,17168152052296,17168178892611,17168150944223,
0,686218,17168159038018,17168159038018,0,17168159328963,17168159330630,17168159569484,17168159662453,17168179538018,17168159324380,11142899,17168160370005,17168160418911,17168160548026,17168162111099,17168163859016,22656,365989,17168163859016,17168163168443,17168190027248,17168162111099,
0,686226,17168170178887,17168170178887,0,17168170640267,17168170641204,17168170812819,17168170893079,17168190678887,17168170636256,11142794,17168171444642,17168172021881,17168172085840,17168173012090,17168174686934,14844,294583,17168174686934,17168173817454,17168201171311,17168173012090,
0,686234,17168181318928,17168181318928,0,17168181761778,17168181763549,17168182030164,17168182146362,17168201818928,17168181755945,11142616,17168182985632,17168183048341,17168183222664,17168185114018,17168186904175,25833,326719,17168186904175,17168186115893,17168212315271,17168185114018,
0,686242,17168192461026,17168192461026,0,17168192805633,17168192807456,17168193009644,17168193102665,17168212961026,17168192799540,11142552,17168193814696,17168193860894,17168193985009,17168195648134,17168197471780,20625,401615,17168197471780,17168196758967,17168223454230,17168195648134,
0,686250,17168203601085,17168203601085,0,17168203945426,17168203946728,17168204160166,17168204251208,17168224101085,17168203940895,11142367,17168204929593,17168205063812,17168205182249,17168207158135,17168208937562,21094,388646,17168208937562,17168208256572,17168234598450,17168207158135,
0,686258,17168214742349,17168214742349,0,17168215145219,17168215146261,17168215394438,17168215492771,17168235242349,17168215140636,11142285,17168216191782,17168216237302,17168216358396,17168217799386,17168219558032,23333,339375,17168219558032,17168218926834,17168245748920,17168217799386,
0,686266,17168225882455,17168225882455,0,17168226232199,17168226233189,17168226444387,17168226539960,17168246382455,17168226226939,11142076,17168227252095,17168227297251,17168227414335,17168228950637,17168230733241,20313,355156,17168230733241,17168229983554,17168256881942,17168228950637,
0,686274,17168237024225,17168237024225,0,17168237486627,17168237488086,17168237695117,17168237773815,17168257524225,17168237482773,11142065,17168238347930,17168238394492,17168238503294,17168239873503,17168241682305,20834,344010,17168241682305,17168240851263,17168268028401,17168239873503,
0,686282,17168248165639,17168248165639,0,17168248507983,17168248508816,17168248723556,17168248829910,17168268665639,17168248503452,11141998,17168249476577,17168249522879,17168249632514,17168251028191,17168252822462,21042,396563,17168252822462,17168252057306,17168279165486,17168251028191,
0,686290,17168259309211,17168259309211,0,17168259674703,17168259675484,17168259885536,17168259987723,17168279809211,17168259670692,11142065,17168260700953,17168260752359,17168260881057,17168262445849,17168264266838,22292,370521,17168264266838,17168263508505,17168290315487,17168262445849,
0,686298,17168270449770,17168270449770,0,17168270725485,17168270726422,17168270923454,17168271009131,17168290949770,17168270720745,11141929,17168271572360,17168271685850,17168271782048,17168273099808,17168274857829,17500,326302,17168274857829,17168274041423,17168301458926,17168273099808,
0,686306,17168281595735,17168281595735,0,17168281929392,17168281931007,17168282128559,17168282220642,17168302095735,17168281925174,11142279,17168282895226,17168282939705,17168283060747,17168284347257,17168286061632,19323,388229,17168286061632,17168285337205,17168312602468,17168284347257,
0,686314,17168292738052,17168292738052,0,17168293416893,17168293418248,17168293635435,17168293733091,17168313238052,17168293412675,11142314,17168294424654,17168294467206,17168294581008,17168295890435,17168297569238,20625,295417,17168297569238,17168296754081,17168323742209,17168295890435,
0,686322,17168303879573,17168303879573,0,17168304260332,17168304261842,17168304451426,17168304834811,17168324379573,17168304256322,11142197,17168305483041,17168305539655,17168305690332,17168307001791,17168308711530,17761,328229,17168308711530,17168307942676,17168334879346,17168307001791,
0,686330,17168315022460,17168315022460,0,17168315702104,17168315703250,17168315908562,17168316021062,17168335522460,17168315695854,11142209,17168316046062,17168316095073,17168316195073,17168317403615,17168319073511,20469,295677,17168319073511,17168318247833,17168346028774,17168317403615,
0,686338,17168326166502,17168326166502,0,17168326529866,17168326531636,17168326755751,17168326849866,17168346666502,17168326526480,11142325,17168327708355,17168327770959,17168327915282,17168329392366,17168331095022,23125,365990,17168331095022,17168330398824,17168357161171,17168329392366,
0,686346,17168337310973,17168337310973,0,17168337621637,17168337622523,17168338155908,17168338252523,17168357810973,17168337617731,11142508,17168339538148,17168339591169,17168339715284,17168341152471,17168342912523,21770,360416,17168342912523,17168342211273,17168368339974,17168341152471,
0,686354,17168348452572,17168348452572,0,17168348825545,17168348828045,17168349051066,17168349158305,17168368952572,17168348819555,11142458,17168350223045,17168350270285,17168350421639,17168352268722,17168354070754,24688,375000,17168354070754,17168353404868,17168379444975,17168352268722,
0,686362,17168359597170,17168359597170,0,17168359881119,17168359882161,17168360093619,17168360189296,17168380097170,17168359876275,11142632,17168360865077,17168360908411,17168361028879,17168362582213,17168364388723,22344,369323,17168364388723,17168363669713,17168390595393,17168362582213,
0,686370,17168370738048,17168370738048,0,17168371088932,17168371090287,17168371274557,17168371361485,17168391238048,17168371084662,11142537,17168371956120,17168372011693,17168372137787,17168373664714,17168375401068,23021,349011,17168375401068,17168374681693,17168401732477,17168373664714,
0,686378,17168381888357,17168381888357,0,17168382204246,17168382205392,17168382417736,17168382514923,17168402388357,17168382200444,11143017,17168383101954,17168383142736,17168383249819,17168384679819,17168386510757,21146,350313,17168386510757,17168385769819,17168412886280,17168384679819,
0,686386,17168393027974,17168393027974,0,17168393423310,17168393424143,17168393641747,17168393731331,17168413527974,17168393419612,11142820,17168394375237,17168394421695,17168394545081,17168396097789,17168397831643,22084,344167,17168397831643,17168397071435,17168424021542,17168396097789,
0,686394,17168404169430,17168404169430,0,17168404887582,17168404888780,17168405148259,17168405269873,17168424669430,17168404883727,11142726,17168405933623,17168405987478,17168406111123,17168407429040,17168409183311,21146,379115,17168409183311,17168408405082,17168435173158,17168407429040,
0,686402,17168415310978,17168415310978,0,17168415664666,17168415665968,17168415902687,17168416030395,17168435810978,17168415659979,11142693,17168416737843,17168417284979,17168417366802,17168418370760,17168420092583,17916,299114,17168420092583,17168419182479,17168446306336,17168418370760,
0,686410,17168426454200,17168426454200,0,17168426817948,17168426820084,17168427131230,17168427248782,17168446954200,17168426812323,11142713,17168428072324,17168428568678,17168428641074,17168429657740,17168431348366,17813,277604,17168431348366,17168430456074,17168457448212,17168429657740,
0,686418,17168437595740,17168437595740,0,17168438097637,17168438099929,17168438467793,17168438574720,17168458095740,17168438091387,11142641,17168439399616,17168439868783,17168439942689,17168440957325,17168442701440,16875,314948,17168442701440,17168441785606,17168468589098,17168440957325,
0,686426,17168448739727,17168448739727,0,17168449155971,17168449157794,17168449412117,17168449522169,17168469239727,17168449150815,11142722,17168450310659,17168450780399,17168450852847,17168451875138,17168453558837,18437,271094,17168453558837,17168452665139,17168479726912,17168451875138,
0,686434,17168459880699,17168459880699,0,17168460337379,17168460339566,17168460597014,17168460703525,17168480380699,17168460332171,11142601,17168462027952,17168462094150,17168462253837,17168464035400,17168465861702,23386,547239,17168465861702,17168465343629,17168490872174,17168464035400,
0,686442,17168471021769,17168471021769,0,17168471367432,17168471368578,17168471583317,17168471706963,17168491521769,17168471362276,11142496,17168472491495,17168472534620,17168472682536,17168474202745,17168475958214,21562,432344,17168475958214,17168475306287,17168502010352,17168474202745,
0,686450,17168482163751,17168482163751,0,17168482535089,17168482536235,17168482792433,17168482893423,17168502663751,17168482530194,11142494,17168483581756,17168483626235,17168483750662,17168485326861,17168487170611,21823,409219,17168487170611,17168486457798,17168513163113,17168485326861,
0,686458,17168493303246,17168493303246,0,17168493615872,17168493616861,17168493787278,17168493869778,17168513803246,17168493612122,11142290,17168494492799,17168494540351,17168494667799,17168496244466,17168498061393,21354,358333,17168498061393,17168497253060,17168524299364,17168496244466,
0,686466,17168504444165,17168504444165,0,17168504920717,17168504921654,17168505160196,17168505234102,17168524944165,17168504918008,11142196,17168506315769,17168506387956,17168506527227,17168508103217,17168509990769,23333,410260,17168509990769,17168509283790,17168535447855,17168508103217,
0,686474,17168515583277,17168515583277,0,17168515892384,17168515893530,17168516083530,17168516170926,17168536083277,17168515888114,11141964,17168516861916,17168516904572,17168517026135,17168518456551,17168520238947,21718,370833,17168520238947,17168519478739,17168546576190,17168518456551,
0,686482,17168526726198,17168526726198,0,17168527922750,17168527923896,17168528104990,17168528167802,17168547226198,17168527919729,11142004,17168528675407,17168528724782,17168528863948,17168530423844,17168532178115,22032,354531,17168532178115,17168531490094,17168557735409,17168530423844,
0,686490,17168537867815,17168537867815,0,17168538193637,17168538194522,17168538386345,17168538449730,17168558367815,17168538190199,11141974,17168538953689,17168538994001,17168539087074,17168540240772,17168541808741,19531,275365,17168541808741,17168541022074,17168568870879,17168540240772,
0,686498,17168549011245,17168549011245,0,17168549263898,17168549264888,17168549432284,17168549495513,17168569511245,17168549260773,11141907,17168549870773,17168549915461,17168550014627,17168550962127,17168552447492,13698,302709,17168552447492,17168551737180,17168580015985,17168550962127,
0,686506,17168560150879,17168560150879,0,17168560498118,17168560499108,17168560770462,17168560871035,17168580650879,17168560493899,11141907,17168560895618,17168560972493,17168561085983,17168562736504,17168564514525,38489,411459,17168564514525,17168563853535,17167254070332,17168562736504,
0,686514,17168571294019,17168571294019,0,17168572004682,17168572005463,17168572211505,17168572308588,17168591794019,17168572000411,11141932,17168573245203,17168573288953,17168573413953,17168574896557,17168576703380,24323,370000,17168576703380,17168576024474,17167265206322,17168574896557,
0,686522,17168582436463,17168582436463,0,17168582730985,17168582731766,17168582922443,17168583022495,17168602936463,17168582726922,11141957,17168584207756,17168584263589,17168584742808,17168586261037,17168587975569,18854,387969,17168587975569,17168587328329,17167276356636,17168586261037,
0,686530,17168593578055,17168593578055,0,17168594106142,17168594109736,17168594470413,17168594586455,17168614078055,17168594098226,11141872,17168595960622,17168596186299,17168596351299,17168598080309,17167260863093,35365,434792,17167260863093,17168599240830,17167287495960,17168598080309,
---PROFILEDATA---


View hierarchy:

  dev.polski.grammarmatrix.benchmark/dev.polski.grammarmatrix.GlassBenchmarkActivity/android.view.ViewRootImpl@86d155f
  6 views, 10.66 kB of render nodes


Total ViewRootImpl   : 1
Total attached Views : 6
Total RenderNode     : 10.66 kB (used) / 34.73 kB (capacity)