Applications Graphics Acceleration Info:
Uptime: 17236931 Realtime: 155243495

** Graphics info for pid 27061 [dev.polski.grammarmatrix.benchmark] **

Stats since: 17234300016594ns
Total frames rendered: 237
Janky frames: 0 (0.00%)
Janky frames (legacy): 0 (0.00%)
50th percentile: 5ms
90th percentile: 5ms
95th percentile: 5ms
99th percentile: 5ms
Number Missed Vsync: 0
Number High input latency: 0
Number Slow UI thread: 0
Number Slow bitmap uploads: 0
Number Slow issue draw commands: 0
Number Frame deadline missed: 0
Number Frame deadline missed (legacy): 0
HISTOGRAM: 5ms=236 6ms=0 7ms=0 8ms=0 9ms=0 10ms=0 11ms=0 12ms=0 13ms=1 14ms=0 15ms=0 16ms=0 17ms=0 18ms=0 19ms=0 20ms=0 21ms=0 22ms=0 23ms=0 24ms=0 25ms=0 26ms=0 27ms=0 28ms=0 29ms=0 30ms=0 31ms=0 32ms=0 34ms=0 36ms=0 38ms=0 40ms=0 42ms=0 44ms=0 46ms=0 48ms=0 53ms=0 57ms=0 61ms=0 65ms=0 69ms=0 73ms=0 77ms=0 81ms=0 85ms=0 89ms=0 93ms=0 97ms=0 101ms=0 105ms=0 109ms=0 113ms=0 117ms=0 121ms=0 125ms=0 129ms=0 133ms=0 150ms=0 200ms=0 250ms=0 300ms=0 350ms=0 400ms=0 450ms=0 500ms=0 550ms=0 600ms=0 650ms=0 700ms=0 750ms=0 800ms=0 850ms=0 900ms=0 950ms=0 1000ms=0 1050ms=0 1100ms=0 1150ms=0 1200ms=0 1250ms=0 1300ms=0 1350ms=0 1400ms=0 1450ms=0 1500ms=0 1550ms=0 1600ms=0 1650ms=0 1700ms=0 1750ms=0 1800ms=0 1850ms=0 1900ms=0 1950ms=0 2000ms=0 2050ms=0 2100ms=0 2150ms=0 2200ms=0 2250ms=0 2300ms=0 2350ms=0 2400ms=0 2450ms=0 2500ms=0 2550ms=0 2600ms=0 2650ms=0 2700ms=0 2750ms=0 2800ms=0 2850ms=0 2900ms=0 2950ms=0 3000ms=0 3050ms=0 3100ms=0 3150ms=0 3200ms=0 3250ms=0 3300ms=0 3350ms=0 3400ms=0 3450ms=0 3500ms=0 3550ms=0 3600ms=0 3650ms=0 3700ms=0 3750ms=0 3800ms=0 3850ms=0 3900ms=0 3950ms=0 4000ms=0 4050ms=0 4100ms=0 4150ms=0 4200ms=0 4250ms=0 4300ms=0 4350ms=0 4400ms=0 4450ms=0 4500ms=0 4550ms=0 4600ms=0 4650ms=0 4700ms=0 4750ms=0 4800ms=0 4850ms=0 4900ms=0 4950ms=0
50th gpu percentile: 2ms
90th gpu percentile: 2ms
95th gpu percentile: 2ms
99th gpu percentile: 3ms
GPU HISTOGRAM: 1ms=0 2ms=227 3ms=9 4ms=0 5ms=0 6ms=0 7ms=0 8ms=0 9ms=0 10ms=1 11ms=0 12ms=0 13ms=0 14ms=0 15ms=0 16ms=0 17ms=0 18ms=0 19ms=0 20ms=0 21ms=0 22ms=0 23ms=0 24ms=0 25ms=0 4950ms=0

Pipeline=Skia (OpenGL)
CPU Caches:
  Glyph Cache: 43.11 KB (1 entry)
  Glyph Count: 8 
Total CPU memory usage:
  44146 bytes, 43.11 KB (0.00 bytes is purgeable)
GPU Caches:
  Other:
    Other: 13.66 KB (1 entry)
    Buffer Object: 36.00 KB (1 entry)
  Scratch:
    Texture: 2.00 MB (1 entry)
    Buffer Object: 48.00 KB (1 entry)
Total GPU memory usage:
  2197152 bytes, 2.10 MB (36.00 KB is purgeable)

Profile data in ms:

	dev.polski.grammarmatrix.benchmark/dev.polski.grammarmatrix.GlassBenchmarkActivity/android.view.ViewRootImpl@86d155f (visibility=0)
Window: dev.polski.grammarmatrix.benchmark/dev.polski.grammarmatrix.GlassBenchmarkActivity
Stats since: 17234300016177ns
Total frames rendered: 237
Janky frames: 0 (0.00%)
Janky frames (legacy): 0 (0.00%)
50th percentile: 5ms
90th percentile: 5ms
95th percentile: 5ms
99th percentile: 5ms
Number Missed Vsync: 0
Number High input latency: 0
Number Slow UI thread: 0
Number Slow bitmap uploads: 0
Number Slow issue draw commands: 0
Number Frame deadline missed: 0
Number Frame deadline missed (legacy): 0
HISTOGRAM: 5ms=236 6ms=0 7ms=0 8ms=0 9ms=0 10ms=0 11ms=0 12ms=0 13ms=1 14ms=0 15ms=0 16ms=0 17ms=0 18ms=0 19ms=0 20ms=0 21ms=0 22ms=0 23ms=0 24ms=0 25ms=0 26ms=0 27ms=0 28ms=0 29ms=0 30ms=0 31ms=0 32ms=0 34ms=0 36ms=0 38ms=0 40ms=0 42ms=0 44ms=0 46ms=0 48ms=0 53ms=0 57ms=0 61ms=0 65ms=0 69ms=0 73ms=0 77ms=0 81ms=0 85ms=0 89ms=0 93ms=0 97ms=0 101ms=0 105ms=0 109ms=0 113ms=0 117ms=0 121ms=0 125ms=0 129ms=0 133ms=0 150ms=0 200ms=0 250ms=0 300ms=0 350ms=0 400ms=0 450ms=0 500ms=0 550ms=0 600ms=0 650ms=0 700ms=0 750ms=0 800ms=0 850ms=0 900ms=0 950ms=0 1000ms=0 1050ms=0 1100ms=0 1150ms=0 1200ms=0 1250ms=0 1300ms=0 1350ms=0 1400ms=0 1450ms=0 1500ms=0 1550ms=0 1600ms=0 1650ms=0 1700ms=0 1750ms=0 1800ms=0 1850ms=0 1900ms=0 1950ms=0 2000ms=0 2050ms=0 2100ms=0 2150ms=0 2200ms=0 2250ms=0 2300ms=0 2350ms=0 2400ms=0 2450ms=0 2500ms=0 2550ms=0 2600ms=0 2650ms=0 2700ms=0 2750ms=0 2800ms=0 2850ms=0 2900ms=0 2950ms=0 3000ms=0 3050ms=0 3100ms=0 3150ms=0 3200ms=0 3250ms=0 3300ms=0 3350ms=0 3400ms=0 3450ms=0 3500ms=0 3550ms=0 3600ms=0 3650ms=0 3700ms=0 3750ms=0 3800ms=0 3850ms=0 3900ms=0 3950ms=0 4000ms=0 4050ms=0 4100ms=0 4150ms=0 4200ms=0 4250ms=0 4300ms=0 4350ms=0 4400ms=0 4450ms=0 4500ms=0 4550ms=0 4600ms=0 4650ms=0 4700ms=0 4750ms=0 4800ms=0 4850ms=0 4900ms=0 4950ms=0
50th gpu percentile: 2ms
90th gpu percentile: 2ms
95th gpu percentile: 2ms
99th gpu percentile: 3ms
GPU HISTOGRAM: 1ms=0 2ms=227 3ms=9 4ms=0 5ms=0 6ms=0 7ms=0 8ms=0 9ms=0 10ms=1 11ms=0 12ms=0 13ms=0 14ms=0 15ms=0 16ms=0 17ms=0 18ms=0 19ms=0 20ms=0 21ms=0 22ms=0 23ms=0 24ms=0 25ms=0 4950ms=0



---PROFILEDATA---
Flags,FrameTimelineVsyncId,IntendedVsync,Vsync,InputEventId,HandleInputStart,AnimationStart,PerformTraversalsStart,DrawStart,FrameDeadline,FrameInterval,FrameStartTime,SyncQueued,SyncStart,IssueDrawCommandsStart,SwapBuffers,FrameCompleted,DequeueBufferDuration,QueueBufferDuration,GpuCompleted,SwapBuffersCompleted,DisplayPresentTime,CommandSubmissionCompleted,
0,734737,17235604986927,17235604986927,0,17235605366984,17235605367974,17235605563912,17235605642557,17235625486927,17235605363026,11143694,17235606100266,17235606150943,17235606266724,17235607656516,17235609747714,24323,468386,17235609747714,17235608774537,17235635984487,17235607656516,
0,734745,17235616129698,17235616129698,0,17235616512558,17235616513808,17235616684486,17235616767611,17235636629698,17235616508548,11143600,17235617137611,17235617194746,17235617323444,17235618641517,17235620350840,22292,312656,17235620350840,17235619542507,17235647124593,17235618641517,
0,734753,17235627273492,17235627273492,0,17235627571205,17235627572976,17235627769330,17235627862612,17235647773492,17235627565893,11143607,17235627888132,17235627950060,17235628056310,17235629537039,17235631286883,19895,337968,17235631286883,17235630510529,17235658271000,17235629537039,
0,734761,17235638419104,17235638419104,0,17235638772196,17235638773654,17235638955113,17235639040738,17235658919104,17235638767665,11143757,17235639717925,17235639759696,17235639877717,17235641158759,17235642840894,20677,335677,17235642840894,17235642181207,17235669427407,17235641158759,
0,734769,17235649563708,17235649563708,0,17235649899645,17235649901103,17235650074333,17235650167353,17235670063708,17235649895635,11143870,17235651264229,17235651318656,17235651453812,17235652933812,17235654759125,19270,332605,17235654759125,17235653938187,17235680557565,17235652933812,
0,734777,17235660704758,17235660704758,0,17235661053657,17235661056365,17235661215063,17235661335115,17235681204758,17235661048188,11143666,17235662125948,17235662176730,17235662341469,17235664052980,17235665848032,24792,481406,17235665848032,17235665290480,17235691710066,17235664052980,
0,734785,17235671847838,17235671847838,0,17235672243814,17235672244543,17235672391627,17235672458970,17235692347838,17235672240637,11143635,17235672841158,17235672883970,17235673002356,17235674461366,17235676218919,35886,354427,17235676218919,17235675628762,17235702845380,17235674461366,
0,734793,17235682993536,17235682993536,0,17235683540169,17235683541211,17235683706107,17235683789544,17235703493536,17235683536211,11143738,17235684272461,17235684319180,17235684446315,17235686018867,17235687790274,20521,380834,17235687790274,17235687107930,17235713989547,17235686018867,
0,734801,17235694135415,17235694135415,0,17235694461472,17235694462722,17235694665639,17235694750535,17235714635415,17235694456004,11143602,17235695341108,17235695948191,17235696019441,17235696996108,17235698674910,18437,322395,17235698674910,17235697844337,17235725143298,17235696996108,
0,734809,17235705280560,17235705280560,0,17235705708296,17235705710432,17235706002203,17235706116005,17235725780560,17235705702619,11143701,17235706811057,17235707383349,17235707460380,17235708532776,17235710199599,17500,285729,17235710199599,17235709348505,17235736277570,17235708532776,
0,734817,17235716422654,17235716422654,0,17235716871996,17235716874548,17235717141162,17235717254860,17235736922654,17235716865121,11143583,17235717929496,17235717954444,17235718029131,17235719051110,17235720713975,17604,285782,17235720713975,17235719852204,17235747420176,17235719051110,
0,734825,17235727565817,17235727565817,0,17235728012570,17235728015070,17235728365486,17235728475851,17235748065817,17235728006163,11143564,17235729155747,17235729731580,17235729805903,17235730824236,17235732527935,17291,283698,17235732527935,17235731705591,17235758558771,17235730824236,
0,734833,17235738710313,17235738710313,0,17235739111946,17235739113664,17235739377258,17235739491789,17235759210313,17235739106269,11143579,17235740226581,17235740766425,17235740842050,17235741925383,17235743608248,17032,279687,17235743608248,17235742722102,17235769704084,17235741925383,
0,734841,17235749853721,17235749853721,0,17235750405332,17235750406791,17235750672572,17235750780176,17235770353721,17235750400072,11143581,17235751492207,17235751596686,17235751822416,17235753621426,17235755456895,31459,411980,17235755456895,17235754771270,17235780846950,17235753621426,
0,734849,17235760997613,17235760997613,0,17235761381375,17235761382625,17235761566062,17235761702885,17235781497613,17235761375854,11143637,17235762260229,17235762300802,17235762422156,17235763779761,17235765519761,18489,314896,17235765519761,17235764727938,17235792004503,17235763779761,
0,734857,17235772139588,17235772139588,0,17235772480022,17235772481636,17235772697418,17235772793407,17235792639588,17235772474136,11143549,17235773377418,17235773432105,17235773575907,17235775275543,17235777123356,23125,435573,17235777123356,17235776500856,17235803135390,17235775275543,
0,734865,17235783282219,17235783282219,0,17235783688252,17235783690023,17235783907940,17235784003044,17235803782219,17235783683096,11143505,17235784640127,17235784688721,17235784826013,17235786617784,17235788433148,25104,419687,17235788433148,17235787778096,17235814277057,17235786617784,
0,734873,17235794424590,17235794424590,0,17235794806430,17235794807524,17235795121378,17235795228097,17235814924590,17235794801482,11143439,17235795760858,17235795806014,17235795926274,17235797342993,17235799148150,21198,463594,17235799148150,17235798476639,17235825420652,17235797342993,
0,734881,17235805569695,17235805569695,0,17235806825598,17235806826744,17235807000911,17235807059661,17235826069695,17235806822682,11143506,17235807374661,17235807423046,17235807555963,17235809075546,17235810926380,22240,373802,17235810926380,17235810164505,17235836563882,17235809075546,
0,734889,17235816712550,17235816712550,0,17235817404037,17235817404922,17235817571641,17235817665860,17235837212550,17235817399662,11143478,17235818164297,17235818205183,17235818361589,17235819793985,17235821608829,20105,374167,17235821608829,17235820837995,17235847712425,17235819793985,
0,734897,17235827853925,17235827853925,0,17235828775288,17235828776225,17235828975184,17235829064715,17235848353925,17235828770653,11143321,17235829643726,17235829686851,17235829822215,17235831795497,17235833625601,23646,407031,17235833625601,17235832950288,17235858845343,17235831795497,
0,734905,17235838996248,17235838996248,0,17235839268466,17235839269560,17235839456383,17235839541539,17235859496248,17235839263049,11143255,17235840040289,17235840084091,17235840205341,17235841598310,17235843393362,19219,352240,17235843393362,17235842691175,17235869998677,17235841598310,
0,734913,17235850138678,17235850138678,0,17235850461644,17235850462686,17235850676176,17235850778623,17235870638678,17235850456853,11143283,17235851276019,17235851317478,17235851421801,17235852704613,17235854433624,20729,337240,17235854433624,17235853650655,17235881141751,17235852704613,
0,734921,17235861283061,17235861283061,0,17235861645812,17235861646958,17235861872739,17235861967114,17235881783061,17235861640656,11143283,17235862343625,17235862392166,17235862514041,17235863576281,17235865167531,16459,289740,17235865167531,17235864364510,17235892289982,17235863576281,
0,734929,17235872423943,17235872423943,0,17235873156647,17235873157792,17235873357376,17235873454407,17235892923943,17235873151022,11143123,17235873479667,17235873525813,17235873645865,17235875165970,17235877303262,21927,400313,17235877303262,17235876628782,17235903424722,17235875165970,
0,734937,17235883566838,17235883566838,0,17235883899356,17235883900866,17235884103887,17235884198679,17235904066838,17235883896231,11143063,17235884899304,17235884996804,17235885150085,17235886702169,17235888459825,25625,399010,17235888459825,17235887806283,17235914566963,17235886702169,
0,734945,17235894710010,17235894710010,0,17235895100086,17235895101597,17235895294930,17235895390138,17235915210010,17235895096440,11143036,17235896360815,17235896428628,17235896585711,17235898197587,17235899978264,24062,420937,17235899978264,17235899392430,17235925704777,17235898197587,
0,734953,17235905856433,17235905856433,0,17235906181962,17235906184827,17235906353577,17235906438160,17235926356433,17235906177639,11143280,17235907072223,17235907115973,17235907273837,17235908961338,17235910728577,24375,370938,17235910728577,17235910055713,17235936852330,17235908961338,
0,734961,17235916998698,17235916998698,0,17235917314984,17235917315974,17235917464776,17235917535141,17235937498698,17235917311703,11143199,17235917893838,17235917934151,17235918058891,17235919574412,17235921300610,23386,346041,17235921300610,17235920571807,17235947995091,17235919574412,
0,734969,17235928142177,17235928142177,0,17235929416027,17235929417381,17235929595923,17235929655194,17235948642177,17235929413006,11143246,17235929965610,17235930012277,17235930157017,17235931929048,17235933699830,24688,387344,17235933699830,17235933036392,17235959139520,17235931929048,
0,734977,17235939283217,17235939283217,0,17235940493476,17235940494570,17235940659101,17235940715612,17235959783217,17235940490924,11143103,17235941024778,17235941071237,17235941209622,17235942896185,17235944664570,27292,378697,17235944664570,17235943989362,17235970292073,17235942896185,
0,734985,17235950425559,17235950425559,0,17235950807175,17235950808060,17235951248738,17235951321654,17235970925559,17235950803425,11143044,17235951812748,17235951859415,17235951979675,17235953517800,17235955320769,21563,387188,17235955320769,17235954651707,17235981428428,17235953517800,
0,734993,17235961569552,17235961569552,0,17235961928114,17235961929155,17235962134103,17235962228530,17235982069552,17235961923062,11143148,17235962778947,17235963005614,17235963075458,17235964054572,17235965694260,17240,307916,17235965694260,17235964894416,17235992573429,17235964054572,
0,735001,17235972712623,17235972712623,0,17235973136344,17235973138636,17235973345667,17235973447229,17235993212623,17235973130250,11143146,17235974073323,17235974124990,17235974269886,17235975948271,17235977705824,21614,353177,17235977705824,17235976960615,17236003717128,17235975948271,
0,735009,17235983857906,17235983857906,0,17235984256189,17235984258012,17235984482803,17235984584158,17236004357906,17235984250355,11143271,17235985205981,17235985260199,17235985391033,17235986855720,17235988643950,22604,386302,17235988643950,17235987929210,17236014865515,17235986855720,
0,735017,17235995000633,17235995000633,0,17235995351659,17235995352909,17235995556711,17235995642075,17236015500633,17235995347909,11143215,17235996165461,17235996211190,17235996332961,17235997797649,17235999597857,22969,385208,17235999597857,17235998958013,17236026000360,17235997797649,
0,735025,17236006144005,17236006144005,0,17236006506556,17236006507806,17236006730201,17236006824785,17236026644005,17236006502337,11143208,17236007430827,17236007477493,17236007615514,17236009282233,17236011051608,25052,396719,17236011051608,17236010376452,17236037149684,17236009282233,
0,735033,17236017287352,17236017287352,0,17236017647703,17236017648536,17236017863588,17236017958380,17236037787352,17236017642755,11143196,17236018632286,17236018679005,17236018797963,17236020259994,17236022034422,21770,350208,17236022034422,17236021261713,17236048289008,17236020259994,
0,735041,17236028434169,17236028434169,0,17236028969683,17236028970881,17236029155360,17236029236975,17236048934169,17236028965777,11143475,17236029712704,17236029757391,17236029880516,17236031339527,17236033197131,20730,377031,17236033197131,17236032456454,17236059431248,17236031339527,
0,735049,17236039577013,17236039577013,0,17236039863434,17236039864319,17236040028851,17236040116142,17236060077013,17236039859476,11143445,17236040605622,17236040651194,17236040791924,17236042398226,17236044253018,23282,391302,17236044253018,17236043512497,17236070576302,17236042398226,
0,735057,17236050721062,17236050721062,0,17236051171091,17236051172289,17236051340102,17236051420935,17236071221062,17236051167185,11143476,17236052261664,17236052312654,17236052443383,17236053864842,17236055665050,22344,354896,17236055665050,17236054880571,17236081717605,17236053864842,
0,735065,17236061864075,17236061864075,0,17236062533384,17236062534790,17236062784895,17236062896040,17236082364075,17236062527967,11143446,17236063429374,17236063474999,17236063581093,17236065122134,17236067006562,21875,434532,17236067006562,17236066306041,17236092867189,17236065122134,
0,735073,17236073006755,17236073006755,0,17236073371146,17236073372760,17236073598281,17236073691666,17236093506755,17236073365885,11143395,17236074226458,17236074278646,17236074406510,17236075936563,17236077704115,24687,350937,17236077704115,17236076912083,17236104015836,17236075936563,
0,735081,17236084150705,17236084150705,0,17236084440886,17236084442293,17236084609688,17236084686355,17236104650705,17236084436980,11143451,17236085208543,17236085265053,17236085394324,17236086910209,17236088690262,25417,395834,17236088690262,17236088005626,17236115148389,17236086910209,
0,735089,17236095292509,17236095292509,0,17236095605627,17236095606877,17236095817658,17236095915419,17236115792509,17236095600262,11143317,17236096453388,17236097137450,17236097206669,17236098167606,17236099875627,18386,311510,17236099875627,17236099054794,17236126296672,17236098167606,
0,735097,17236106437352,17236106437352,0,17236106792034,17236106793649,17236106983857,17236107087191,17236126937352,17236106785993,11143422,17236107505420,17236108493024,17236108580576,17236109501774,17236111152712,14480,263177,17236111152712,17236110263128,17236137435944,17236109501774,
0,735105,17236117583405,17236117583405,0,17236117967921,17236117969483,17236118170994,17236118318963,17236138083405,17236117961827,11143596,17236118352348,17236119354171,17236119420890,17236120342140,17236121963807,15938,277031,17236121963807,17236121109900,17236148578445,17236120342140,
0,735113,17236128727486,17236128727486,0,17236129146360,17236129148860,17236129386828,17236129486776,17236149227486,17236129140995,11143682,17236130208860,17236130769485,17236130860891,17236131925735,17236133566933,16198,294948,17236133566933,17236132752714,17236159720894,17236131925735,
0,735121,17236139871543,17236139871543,0,17236140266725,17236140269694,17236140480423,17236140595840,17236160371543,17236140260475,11143716,17236141705996,17236141772715,17236141965840,17236143651621,17236145353861,22656,356927,17236145353861,17236144712142,17236170870009,17236143651621,
0,735129,17236151014317,17236151014317,0,17236151325633,17236151328758,17236151516778,17236151661414,17236171514317,17236151318445,11143666,17236152487143,17236152534174,17236152692820,17236154413706,17236156193393,24011,371093,17236156193393,17236155547143,17236182039698,17236154413706,
0,735137,17236162155948,17236162155948,0,17236162858863,17236162860217,17236163063030,17236163173394,17236182655948,17236162852352,11143514,17236163734540,17236163774644,17236163914957,17236165544071,17236167357717,19167,414687,17236167357717,17236166705113,17236193157772,17236165544071,
0,735145,17236173297919,17236173297919,0,17236173649020,17236173650791,17236173866781,17236173954958,17236193797919,17236173644593,11143406,17236174508343,17236174563968,17236174698135,17236176348083,17236178153969,26459,385729,17236178153969,17236177430948,17236204302982,17236176348083,
0,735153,17236184441151,17236184441151,0,17236184890636,17236184892094,17236185145115,17236185245063,17236204941151,17236184886157,11143368,17236185836938,17236185888709,17236186009178,17236187512667,17236189262303,23750,427344,17236189262303,17236188612355,17236215444806,17236187512667,
0,735161,17236195590791,17236195590791,0,17236195993658,17236195994647,17236196228502,17236196327616,17236216090791,17236195988189,11143711,17236196882304,17236196925741,17236197042877,17236198477200,17236200196783,19740,328229,17236200196783,17236199422148,17236226592880,17236198477200,
0,735169,17236206735129,17236206735129,0,17236207134388,17236207135638,17236207344544,17236207436524,17236227235129,17236207130221,11143789,17236207950638,17236208015274,17236208134232,17236209445222,17236211131264,21198,328490,17236211131264,17236210340951,17236237732047,17236209445222,
0,735177,17236217878803,17236217878803,0,17236219113452,17236219114598,17236219297723,17236219359702,17236238378803,17236219110014,11143785,17236219701785,17236219748869,17236219894546,17236221421577,17236223250327,20990,348854,17236223250327,17236222502046,17236248866215,17236221421577,
0,735185,17236229022223,17236229022223,0,17236229399182,17236229400172,17236229571057,17236229645745,17236249522223,17236229393557,11143774,17236230132359,17236230767932,17236230830015,17236231770276,17236233425537,14895,273229,17236233425537,17236232532516,17236260015435,17236231770276,
0,735193,17236240166753,17236240166753,0,17236240540069,17236240542152,17236240818923,17236240933610,17236260666753,17236240534704,11143829,17236241681162,17236241761631,17236241919027,17236244021267,17236245833142,26406,463750,17236245833142,17236245232204,17236271155697,17236244021267,
0,735201,17236251310917,17236251310917,0,17236251873924,17236251875590,17236252081736,17236252173872,17236271810917,17236251868715,11143891,17236252686320,17236252723976,17236252827361,17236254114862,17236255815747,17708,290729,17236255815747,17236255032882,17236282371479,17236254114862,
0,735209,17236262451469,17236262451469,0,17236262788925,17236262789967,17236262978196,17236263059810,17236282951469,17236262784862,11143688,17236264104185,17236264149394,17236264279810,17236265975227,17236267757155,21771,378438,17236267757155,17236267042571,17236293446220,17236265975227,
0,735217,17236273594446,17236273594446,0,17236274308041,17236274309186,17236274514759,17236274625801,17236294094446,17236274302676,11143665,17236275293197,17236275349499,17236275489916,17236277091999,17236278899708,24115,423334,17236278899708,17236278242051,17236304598252,17236277091999,
0,735225,17236284736039,17236284736039,0,17236285165438,17236285166635,17236285851271,17236285945854,17236305236039,17236285160854,11143536,17236286550229,17236286596688,17236286736167,17236288319396,17236290173042,22812,384427,17236290173042,17236289432730,17236315731326,17236288319396,
0,735233,17236295895052,17236295895052,0,17236296206012,17236296206949,17236296390803,17236296474501,17236316395052,17236296201793,11144425,17236296978355,17236297019605,17236297133460,17236298489710,17236300309397,20208,347709,17236300309397,17236299494033,17236326882629,17236298489710,
0,735241,17236307036185,17236307036185,0,17236307753044,17236307754450,17236307977627,17236308087836,17236327536185,17236307747471,11144250,17236308767575,17236308814867,17236308951586,17236310505492,17236312355024,21511,374271,17236312355024,17236311600857,17236338017891,17236310505492,
0,735249,17236318179044,17236318179044,0,17236318584139,17236318585285,17236318805597,17236318888878,17236338679044,17236318578930,11144163,17236319367003,17236319415910,17236319535858,17236320985233,17236322759712,25833,425990,17236322759712,17236322066379,17236349157944,17236320985233,
0,735257,17236329320144,17236329320144,0,17236329725598,17236329726379,17236329936952,17236330013463,17236349820144,17236329721952,11144007,17236330528202,17236330575755,17236330695755,17236332207057,17236333952838,20468,354635,17236333952838,17236333242526,17236360304143,17236332207057,
0,735265,17236340464105,17236340464105,0,17236340845391,17236340846849,17236341055547,17236341166745,17236360964105,17236340840651,11144053,17236341781224,17236341827058,17236341957579,17236343256068,17236345073048,19844,348490,17236345073048,17236344240548,17236371445029,17236343256068,
0,735273,17236351604326,17236351604326,0,17236351931694,17236351932580,17236352099350,17236352182944,17236372104326,17236351927944,11143812,17236352548309,17236352608101,17236352744663,17236354053778,17236355772684,21614,405937,17236355772684,17236355095601,17236382597062,17236354053778,
0,735281,17236362744515,17236362744515,0,17236363332112,17236363333935,17236363542477,17236363641279,17236383244515,17236363326956,11143599,17236363669143,17236363717841,17236363834664,17236365251227,17236366983675,20729,359063,17236366983675,17236366265133,17236393731803,17236365251227,
0,735289,17236373884847,17236373884847,0,17236374596540,17236374597686,17236374823467,17236374917165,17236394384847,17236374591801,11143371,17236375823572,17236375877165,17236376013415,17236377368780,17236379070707,20833,358542,17236379070707,17236378393207,17236404871022,17236377368780,
0,735297,17236385024409,17236385024409,0,17236385355500,17236385357062,17236385533729,17236385620968,17236405524409,17236385351281,11143092,17236386663625,17236386720969,17236386840448,17236388071125,17236389800708,20052,293281,17236389800708,17236388956594,17236416015242,17236388071125,
0,735305,17236396165949,17236396165949,0,17236396471907,17236396474824,17236396637480,17236396725136,17236416665949,17236396467376,11142924,17236397450761,17236397493834,17236397621178,17236399102011,17236400782741,18750,299114,17236400782741,17236399989616,17236427159098,17236399102011,
0,735313,17236407306150,17236407306150,0,17236407649669,17236407650814,17236407851283,17236407940033,17236427806150,17236407644825,11142710,17236408636908,17236408681908,17236408805867,17236410279513,17236412021804,22969,348021,17236412021804,17236411272690,17236438300401,17236410279513,
0,735321,17236418449755,17236418449755,0,17236418781128,17236418782118,17236418969201,17236419052586,17236438949755,17236418777222,11142861,17236419531909,17236419572482,17236419697430,17236421082951,17236422857222,19844,376406,17236422857222,17236422201128,17236449445402,17236421082951,
0,735329,17236429590158,17236429590158,0,17236430240087,17236430241233,17236430444046,17236430553837,17236450090158,17236430235817,11142678,17236431112692,17236431156442,17236431294202,17236432812379,17236434531234,20312,340052,17236434531234,17236433799254,17236460593111,17236432812379,
0,735337,17236440731196,17236440731196,0,17236441267484,17236441269151,17236441458891,17236441538161,17236461231196,17236441264151,11142547,17236442088162,17236442687901,17236442757641,17236443712276,17236445402224,15781,301407,17236445402224,17236444542224,17236471730560,17236443712276,
0,735345,17236451871707,17236451871707,0,17236452256131,17236452258319,17236452505454,17236452603215,17236472371707,17236452252121,11142379,17236453253736,17236453303631,17236453448319,17236455052225,17236456818267,21615,388855,17236456818267,17236456144986,17236482886811,17236455052225,
0,735353,17236463013617,17236463013617,0,17236463390612,17236463391914,17236463628580,17236463722330,17236483513617,17236463385820,11142326,17236464380039,17236465025664,17236465101080,17236466088945,17236467795560,17812,289271,17236467795560,17236466889831,17236494019781,17236466088945,
0,735361,17236474156199,17236474156199,0,17236474538894,17236474540925,17236474747540,17236474850248,17236494656199,17236474534311,11142291,17236475626446,17236475685925,17236475830196,17236477426915,17236479225092,27239,417605,17236479225092,17236478543634,17236505164522,17236477426915,
0,735369,17236485295960,17236485295960,0,17236485638583,17236485640770,17236485840562,17236486321447,17236505795960,17236485633426,11142035,17236486912906,17236486959833,17236487101291,17236488638010,17236490433895,20313,347188,17236490433895,17236489635666,17236516301502,17236488638010,
0,735377,17236496439880,17236496439880,0,17236496797438,17236496798532,17236497418740,17236497516917,17236516939880,17236496792594,11142061,17236498145667,17236498188636,17236498345459,17236499681344,17236501379834,20313,322188,17236501379834,17236500573376,17236527448535,17236499681344,
0,735385,17236507580681,17236507580681,0,17236508000460,17236508001606,17236508778793,17236508875720,17236528080681,17236507996137,11141883,17236509466449,17236509514314,17236509629835,17236510982908,17236512722960,18385,525729,17236512722960,17236512114054,17236538595984,17236510982908,
0,735393,17236518733698,17236518733698,0,17236519112648,17236519114107,17236519300253,17236519396971,17236539233698,17236519109419,11142873,17236519926398,17236519969628,17236520069836,17236521236919,17236522947492,14583,305937,17236522947492,17236522135461,17236549725568,17236521236919,
0,735401,17236529875476,17236529875476,0,17236530257285,17236530258691,17236530499524,17236530591400,17236550375476,17236530253899,11142800,17236531159108,17236531210254,17236531324212,17236533059733,17236534785046,22343,589636,17236534785046,17236534237494,17236560882184,17236533059733,
0,735409,17236541019799,17236541019799,0,17236541367546,17236541369317,17236541665463,17236541764682,17236561519799,17236541363223,11142934,17236542389265,17236542442182,17236542578380,17236544107026,17236545855307,24791,515573,17236545855307,17236545285828,17236572027810,17236544107026,
0,735417,17236552163775,17236552163775,0,17236553315881,17236553317339,17236553490048,17236553546402,17236572663775,17236553313381,11142989,17236553849266,17236553898381,17236554030100,17236555743642,17236557636194,25468,364427,17236557636194,17236556832131,17236583164373,17236555743642,
0,735425,17236563305760,17236563305760,0,17236563649684,17236563650622,17236563818382,17236563978903,17236583805760,17236563646194,11142977,17236564507236,17236564611142,17236564739267,17236566432288,17236568585830,24479,416406,17236568585830,17236567608591,17236594305312,17236566432288,
0,735433,17236574450136,17236574450136,0,17236574787810,17236574788956,17236575035466,17236575149789,17236594950136,17236574783539,11143063,17236575695987,17236575753539,17236575906092,17236577500988,17236579534738,21979,420209,17236579534738,17236578650258,17236605465730,17236577500988,
0,735441,17236585594587,17236585594587,0,17236585899999,17236585901405,17236586079843,17236586159895,17236606094587,17236585895207,11143134,17236586662916,17236586705051,17236586817082,17236588151509,17236589925728,21093,367083,17236589925728,17236589215207,17236616599273,17236588151509,
0,735449,17236596737788,17236596737788,0,17236597075364,17236597076823,17236597279114,17236597371510,17236617237788,17236597071667,11143148,17236597782500,17236597838021,17236597977396,17236599363021,17236601400157,20729,357812,17236601400157,17236600365677,17236627735420,17236599363021,
0,735457,17236607880141,17236607880141,0,17236608194793,17236608196563,17236608420053,17236608512709,17236628380141,17236608191720,11143099,17236608538439,17236608594689,17236608699428,17236610027449,17236611991095,21198,330625,17236611991095,17236610992918,17236638889223,17236610027449,
0,735465,17236619028191,17236619028191,0,17236619380679,17236619381877,17236619576669,17236619665315,17236639528191,17236619377033,11143441,17236620385367,17236620432346,17236620560054,17236622016565,17236623730575,23490,379271,17236623730575,17236623065002,17236650028286,17236622016565,
0,735473,17236630172429,17236630172429,0,17236630496357,17236630497555,17236630679795,17236631108128,17236650672429,17236630491357,11143505,17236632122503,17236632179378,17236632314066,17236633932087,17236643662973,22292,433281,17236643662973,17236635103129,17236661173756,17236633932087,
0,735481,17236641314230,17236641314230,0,17236641786150,17236641789640,17236642089067,17236642208234,17236661814230,17236641777556,11143400,17236643214067,17236643526515,17236643624744,17236644686723,17236646398286,23750,300104,17236646398286,17236645576098,17236672322143,17236644686723,
0,735489,17236652458754,17236652458754,0,17236652850839,17236652853130,17236653073599,17236653184537,17236672958754,17236652844068,11143461,17236653883756,17236653934641,17236654090891,17236655899745,17236657689798,21823,334063,17236657689798,17236656899485,17236683474227,17236655899745,
0,735497,17236663602186,17236663602186,0,17236663914538,17236663915215,17236664489902,17236664571934,17236684102186,17236663910736,11143459,17236665065371,17236665112871,17236665244850,17236666833340,17236668629382,21563,347031,17236668629382,17236667853809,17236694597353,17236666833340,
0,735505,17236674745759,17236674745759,0,17236675078914,17236675080268,17236675241831,17236675696622,17236695245759,17236675075112,11143452,17236676189331,17236676238185,17236676375945,17236678028810,17236679815998,25365,380365,17236679815998,17236679146727,17236705741469,17236678028810,
0,735513,17236685890690,17236685890690,0,17236686235269,17236686236207,17236686408759,17236686487925,17236706390690,17236686232300,11143533,17236686922613,17236686967821,17236687089957,17236688928290,17236690685478,22916,381719,17236690685478,17236690003967,17236716896210,17236688928290,
0,735521,17236697038256,17236697038256,0,17236697604020,17236697604854,17236697802979,17236697896989,17236717538256,17236697599489,11143793,17236698482562,17236698526104,17236698656156,17236700125635,17236701890062,20208,341771,17236701890062,17236701146416,17236728029128,17236700125635,
0,735529,17236708179664,17236708179664,0,17236708523032,17236708523917,17236708724751,17236708810324,17236728679664,17236708519178,11143650,17236709341261,17236709384021,17236709507511,17236711044334,17236712839074,22760,387552,17236712839074,17236712303136,17236739172566,17236711044334,
0,735537,17236719323369,17236719323369,0,17236719668762,17236719669752,17236719820689,17236719884700,17236739823369,17236719666054,11143722,17236720294804,17236720338554,17236720450846,17236721927304,17236723681471,20781,348177,17236723681471,17236722910794,17236750316994,17236721927304,
0,735545,17236730468393,17236730468393,0,17236731230378,17236731232201,17236731449649,17236731515170,17236750968393,17236731226524,11143811,17236731970899,17236732046940,17236732224284,17236734306941,17236736183191,31979,460052,17236736183191,17236735641993,17236761459183,17236734306941,
0,735553,17236741610921,17236741610921,0,17236742010952,17236742014025,17236742380900,17236742499754,17236762110921,17236742003712,11143759,17236743256056,17236743304233,17236743506733,17236745717879,17236747567515,29323,416458,17236747567515,17236746954598,17236772603247,17236745717879,
0,735561,17236752752476,17236752752476,0,17236753096890,17236753099130,17236753418088,17236753521734,17236773252476,17236753090015,11143611,17236754163193,17236754208974,17236754341213,17236755942203,17236757728558,22709,382708,17236757728558,17236757027360,17236783748664,17236755942203,
0,735569,17236763894805,17236763894805,0,17236764532360,17236764533662,17236764761214,17236764852100,17236784394805,17236764526006,11143530,17236765514548,17236765559652,17236765696579,17236767225694,17236769395486,24427,435833,17236769395486,17236768757048,17236794891947,17236767225694,
0,735577,17236775037506,17236775037506,0,17236775336111,17236775337413,17236775539341,17236775634705,17236795537506,17236775330695,11143496,17236776243403,17236776286424,17236776421424,17236777992362,17236779978716,22864,375573,17236779978716,17236779234653,17236806029187,17236777992362,
0,735585,17236786178204,17236786178204,0,17236786461737,17236786462987,17236786649967,17236786736373,17236806678204,17236786458196,11143260,17236787209446,17236787250696,17236787348144,17236788763092,17236790554030,51562,348178,17236790554030,17236789750071,17236817178720,17236788763092,
0,735593,17236797321353,17236797321353,0,17236797852937,17236797853874,17236798050905,17236798141270,17236817821353,17236797849239,11143247,17236798708197,17236799365176,17236799435697,17236800382989,17236802111947,15677,295781,17236802111947,17236801210854,17236828326690,17236800382989,
0,735601,17236808464870,17236808464870,0,17236808800490,17236808801740,17236809020802,17236809100958,17236828964870,17236808795490,11143102,17236809594344,17236810180438,17236810250854,17236811234500,17236812925230,16458,292552,17236812925230,17236812202053,17236839469816,17236811234500,
0,735609,17236819605842,17236819605842,0,17236819982939,17236819984345,17236820211272,17236820312366,17236840105842,17236819975855,11143102,17236820978616,17236821548720,17236821660283,17236822700595,17236824392054,16407,288437,17236824392054,17236823518668,17236850609400,17236822700595,
0,735617,17236830747974,17236830747974,0,17236831106690,17236831108617,17236831377523,17236831498357,17236851247974,17236831099346,11142988,17236832381169,17236832765909,17236832845128,17236833855701,17236835567576,18750,288698,17236835567576,17236834672367,17236861753985,17236833855701,
0,735625,17236841893884,17236841893884,0,17236842330389,17236842331795,17236842554451,17236842668774,17236862393884,17236842324295,11143200,17236843119868,17236843223149,17236843418670,17236845133879,17236846910806,24532,380781,17236846910806,17236846213150,17236872899663,17236845133879,
0,735633,17236853038262,17236853038262,0,17236853404348,17236853405755,17236853610078,17236853712369,17236873538262,17236853400077,11143263,17236853738046,17236853799400,17236853903828,17236855412474,17236857171172,21980,345990,17236857171172,17236856406015,17236884039716,17236855412474,
0,735641,17236864180489,17236864180489,0,17236864859037,17236864860131,17236865125547,17236865207839,17236884680489,17236864855079,11143154,17236865915704,17236865958568,17236866067943,17236867419923,17236869136694,20208,396302,17236869136694,17236868463412,17236895187165,17236867419923,
0,735649,17236875324564,17236875324564,0,17236875628205,17236875628934,17236875867476,17236875947371,17236895824564,17236875624819,11143216,17236876847424,17236876899611,17236877038622,17236878615393,17236880392789,22344,346979,17236880392789,17236879644507,17236906322687,17236878615393,
0,735657,17236886468552,17236886468552,0,17236886775081,17236886777789,17236886927581,17236887017737,17236906968552,17236886769872,11143247,17236887674716,17236887722945,17236887864612,17236889587477,17236891370602,22396,397084,17236891370602,17236890700654,17236917465917,17236889587477,
0,735665,17236897611998,17236897611998,0,17236897928051,17236897929301,17236898086176,17236898163676,17236918111998,17236897923988,11143258,17236898587634,17236898631488,17236898755030,17236900334822,17236902118207,22604,364428,17236902118207,17236901393416,17235591407191,17236900334822,
0,735673,17236908757288,17236908757288,0,17236909048781,17236909050031,17236909190500,17236909254614,17236929257288,17236909046021,11143409,17236909624354,17236909665604,17236909784250,17236911196646,17236912936073,20625,336823,17236912936073,17236912344510,17235602556359,17236911196646,
0,735681,17236919902141,17236919902141,0,17236920395240,17236920398209,17236920819511,17236920948157,17236940402141,17236920387845,11143589,17236921834459,17236921888574,17236921952636,17236922853626,17235587716983,15989,228594,17235587716983,17236923485241,17235613700162,17236922853626,
0,735689,17236931044043,17236931044043,0,17236931463106,17236931466387,17236931913679,17236932043679,17236951544043,17236931455294,11143476,17236932801231,17236932851283,17236932980502,17236933537742,17235598804275,9948,127136,17235598804275,17236933958783,17235624847455,17236933537742,
---PROFILEDATA---


View hierarchy:

  dev.polski.grammarmatrix.benchmark/dev.polski.grammarmatrix.GlassBenchmarkActivity/android.view.ViewRootImpl@86d155f
  6 views, 10.66 kB of render nodes


Total ViewRootImpl   : 1
Total attached Views : 6
Total RenderNode     : 10.66 kB (used) / 34.73 kB (capacity)