Applications Graphics Acceleration Info:
Uptime: 17231614 Realtime: 155238179

** Graphics info for pid 27061 [dev.polski.grammarmatrix.benchmark] **

Stats since: 17228816907037ns
Total frames rendered: 251
Janky frames: 0 (0.00%)
Janky frames (legacy): 0 (0.00%)
50th percentile: 5ms
90th percentile: 5ms
95th percentile: 5ms
99th percentile: 6ms
Number Missed Vsync: 0
Number High input latency: 0
Number Slow UI thread: 0
Number Slow bitmap uploads: 0
Number Slow issue draw commands: 0
Number Frame deadline missed: 0
Number Frame deadline missed (legacy): 0
HISTOGRAM: 5ms=245 6ms=6 7ms=0 8ms=0 9ms=0 10ms=0 11ms=0 12ms=0 13ms=0 14ms=0 15ms=0 16ms=0 17ms=0 18ms=0 19ms=0 20ms=0 21ms=0 22ms=0 23ms=0 24ms=0 25ms=0 26ms=0 27ms=0 28ms=0 29ms=0 30ms=0 31ms=0 32ms=0 34ms=0 36ms=0 38ms=0 40ms=0 42ms=0 44ms=0 46ms=0 48ms=0 53ms=0 57ms=0 61ms=0 65ms=0 69ms=0 73ms=0 77ms=0 81ms=0 85ms=0 89ms=0 93ms=0 97ms=0 101ms=0 105ms=0 109ms=0 113ms=0 117ms=0 121ms=0 125ms=0 129ms=0 133ms=0 150ms=0 200ms=0 250ms=0 300ms=0 350ms=0 400ms=0 450ms=0 500ms=0 550ms=0 600ms=0 650ms=0 700ms=0 750ms=0 800ms=0 850ms=0 900ms=0 950ms=0 1000ms=0 1050ms=0 1100ms=0 1150ms=0 1200ms=0 1250ms=0 1300ms=0 1350ms=0 1400ms=0 1450ms=0 1500ms=0 1550ms=0 1600ms=0 1650ms=0 1700ms=0 1750ms=0 1800ms=0 1850ms=0 1900ms=0 1950ms=0 2000ms=0 2050ms=0 2100ms=0 2150ms=0 2200ms=0 2250ms=0 2300ms=0 2350ms=0 2400ms=0 2450ms=0 2500ms=0 2550ms=0 2600ms=0 2650ms=0 2700ms=0 2750ms=0 2800ms=0 2850ms=0 2900ms=0 2950ms=0 3000ms=0 3050ms=0 3100ms=0 3150ms=0 3200ms=0 3250ms=0 3300ms=0 3350ms=0 3400ms=0 3450ms=0 3500ms=0 3550ms=0 3600ms=0 3650ms=0 3700ms=0 3750ms=0 3800ms=0 3850ms=0 3900ms=0 3950ms=0 4000ms=0 4050ms=0 4100ms=0 4150ms=0 4200ms=0 4250ms=0 4300ms=0 4350ms=0 4400ms=0 4450ms=0 4500ms=0 4550ms=0 4600ms=0 4650ms=0 4700ms=0 4750ms=0 4800ms=0 4850ms=0 4900ms=0 4950ms=0
50th gpu percentile: 2ms
90th gpu percentile: 2ms
95th gpu percentile: 2ms
99th gpu percentile: 3ms
GPU HISTOGRAM: 1ms=0 2ms=242 3ms=8 4ms=1 5ms=0 6ms=0 7ms=0 8ms=0 9ms=0 10ms=0 11ms=0 12ms=0 13ms=0 14ms=0 15ms=0 16ms=0 17ms=0 18ms=0 19ms=0 20ms=0 21ms=0 22ms=0 23ms=0 24ms=0 25ms=0 4950ms=0

Pipeline=Skia (OpenGL)
CPU Caches:
  Glyph Cache: 43.11 KB (1 entry)
  Glyph Count: 8 
Total CPU memory usage:
  44146 bytes, 43.11 KB (0.00 bytes is purgeable)
GPU Caches:
  Other:
    Other: 14.68 KB (1 entry)
    Buffer Object: 36.00 KB (1 entry)
  Scratch:
    Texture: 2.00 MB (1 entry)
    Buffer Object: 48.00 KB (1 entry)
Total GPU memory usage:
  2198200 bytes, 2.10 MB (36.00 KB is purgeable)

Profile data in ms:

	dev.polski.grammarmatrix.benchmark/dev.polski.grammarmatrix.GlassBenchmarkActivity/android.view.ViewRootImpl@86d155f (visibility=0)
Window: dev.polski.grammarmatrix.benchmark/dev.polski.grammarmatrix.GlassBenchmarkActivity
Stats since: 17228816906516ns
Total frames rendered: 252
Janky frames: 0 (0.00%)
Janky frames (legacy): 0 (0.00%)
50th percentile: 5ms
90th percentile: 5ms
95th percentile: 5ms
99th percentile: 6ms
Number Missed Vsync: 0
Number High input latency: 0
Number Slow UI thread: 0
Number Slow bitmap uploads: 0
Number Slow issue draw commands: 0
Number Frame deadline missed: 0
Number Frame deadline missed (legacy): 0
HISTOGRAM: 5ms=246 6ms=6 7ms=0 8ms=0 9ms=0 10ms=0 11ms=0 12ms=0 13ms=0 14ms=0 15ms=0 16ms=0 17ms=0 18ms=0 19ms=0 20ms=0 21ms=0 22ms=0 23ms=0 24ms=0 25ms=0 26ms=0 27ms=0 28ms=0 29ms=0 30ms=0 31ms=0 32ms=0 34ms=0 36ms=0 38ms=0 40ms=0 42ms=0 44ms=0 46ms=0 48ms=0 53ms=0 57ms=0 61ms=0 65ms=0 69ms=0 73ms=0 77ms=0 81ms=0 85ms=0 89ms=0 93ms=0 97ms=0 101ms=0 105ms=0 109ms=0 113ms=0 117ms=0 121ms=0 125ms=0 129ms=0 133ms=0 150ms=0 200ms=0 250ms=0 300ms=0 350ms=0 400ms=0 450ms=0 500ms=0 550ms=0 600ms=0 650ms=0 700ms=0 750ms=0 800ms=0 850ms=0 900ms=0 950ms=0 1000ms=0 1050ms=0 1100ms=0 1150ms=0 1200ms=0 1250ms=0 1300ms=0 1350ms=0 1400ms=0 1450ms=0 1500ms=0 1550ms=0 1600ms=0 1650ms=0 1700ms=0 1750ms=0 1800ms=0 1850ms=0 1900ms=0 1950ms=0 2000ms=0 2050ms=0 2100ms=0 2150ms=0 2200ms=0 2250ms=0 2300ms=0 2350ms=0 2400ms=0 2450ms=0 2500ms=0 2550ms=0 2600ms=0 2650ms=0 2700ms=0 2750ms=0 2800ms=0 2850ms=0 2900ms=0 2950ms=0 3000ms=0 3050ms=0 3100ms=0 3150ms=0 3200ms=0 3250ms=0 3300ms=0 3350ms=0 3400ms=0 3450ms=0 3500ms=0 3550ms=0 3600ms=0 3650ms=0 3700ms=0 3750ms=0 3800ms=0 3850ms=0 3900ms=0 3950ms=0 4000ms=0 4050ms=0 4100ms=0 4150ms=0 4200ms=0 4250ms=0 4300ms=0 4350ms=0 4400ms=0 4450ms=0 4500ms=0 4550ms=0 4600ms=0 4650ms=0 4700ms=0 4750ms=0 4800ms=0 4850ms=0 4900ms=0 4950ms=0
50th gpu percentile: 2ms
90th gpu percentile: 2ms
95th gpu percentile: 2ms
99th gpu percentile: 3ms
GPU HISTOGRAM: 1ms=0 2ms=243 3ms=8 4ms=1 5ms=0 6ms=0 7ms=0 8ms=0 9ms=0 10ms=0 11ms=0 12ms=0 13ms=0 14ms=0 15ms=0 16ms=0 17ms=0 18ms=0 19ms=0 20ms=0 21ms=0 22ms=0 23ms=0 24ms=0 25ms=0 4950ms=0



---PROFILEDATA---
Flags,FrameTimelineVsyncId,IntendedVsync,Vsync,InputEventId,HandleInputStart,AnimationStart,PerformTraversalsStart,DrawStart,FrameDeadline,FrameInterval,FrameStartTime,SyncQueued,SyncStart,IssueDrawCommandsStart,SwapBuffers,FrameCompleted,DequeueBufferDuration,QueueBufferDuration,GpuCompleted,SwapBuffersCompleted,DisplayPresentTime,CommandSubmissionCompleted,
0,730879,17230278823811,17230278823811,0,17230279110516,17230279111350,17230279282860,17230279355829,17230299323811,17230279107027,11142548,17230279779110,17230279836871,17230279933641,17230281339475,17230283141610,22968,340104,17230283141610,17230282385204,17230309830363,17230281339475,
0,730887,17230289965194,17230289965194,0,17230290272132,17230290273382,17230290486976,17230290576924,17230310465194,17230290267965,11142447,17230291126976,17230291173018,17230291300153,17230292931924,17230294732237,21875,385989,17230294732237,17230294079945,17230320966614,17230292931924,
0,730895,17230301106926,17230301106926,0,17230301441091,17230301441977,17230301741977,17230301846977,17230321606926,17230301436508,11142360,17230302442654,17230302492550,17230302642446,17230304253019,17230306008488,22760,408489,17230306008488,17230305370311,17230332106147,17230304253019,
0,730903,17230312252101,17230312252101,0,17230312586145,17230312587395,17230312775259,17230312839895,17230332752101,17230312582811,11142569,17230313188593,17230313242186,17230313386613,17230315213384,17230318585677,25937,378021,17230318585677,17230316402603,17230343255679,17230315213384,
0,730918,17230323397015,17230323397015,0,17230323644323,17230323644896,17230323902292,17230324003750,17230343897015,17230323641562,11142741,17230324651250,17230325221771,17230325299636,17230326347865,17230328041042,17291,279323,17230328041042,17230327160782,17230354384534,17230326347865,
0,730933,17230334539798,17230334539798,0,17230335816043,17230335817189,17230336041199,17230336120730,17230355039798,17230335812137,11142765,17230336561199,17230336613282,17230336781251,17230338659324,17230340520522,24219,402344,17230340520522,17230339798752,17230365535160,17230338659324,
0,730941,17230345681268,17230345681268,0,17230345981044,17230345982242,17230346147346,17230346215888,17230366181268,17230345978127,11142689,17230346699742,17230346739846,17230346845367,17230348273857,17230349999898,17135,323854,17230349999898,17230349228388,17230376666203,17230348273857,
0,730949,17230356824079,17230356824079,0,17230357155524,17230357156670,17230357340680,17230357419482,17230377324079,17230357151670,11142678,17230357960420,17230358006358,17230358120160,17230359431410,17230361104795,19531,341666,17230361104795,17230360371201,17230387804121,17230359431410,
0,730957,17230367964399,17230367964399,0,17230368357452,17230368358963,17230368581567,17230368669952,17230388464399,17230368352973,11142556,17230369251827,17230369308442,17230369438546,17230370968078,17230372654692,24583,510886,17230372654692,17230372116203,17230398948132,17230370968078,
0,730965,17230379105657,17230379105657,0,17230379754381,17230379755318,17230379931151,17230380002401,17230399605657,17230379751099,11142445,17230380412037,17230380448495,17230380544745,17230381917141,17230383610370,15938,340781,17230383610370,17230382864693,17230410098394,17230381917141,
0,730973,17230390244871,17230390244871,0,17230390532298,17230390533236,17230390718913,17230390791569,17230410744871,17230390528496,11142244,17230391277038,17230391324694,17230391428080,17230392853965,17230394595997,19167,360365,17230394595997,17230393834382,17230421237770,17230392853965,
0,730981,17230401384346,17230401384346,0,17230402760789,17230402761831,17230402940477,17230402998393,17230421884346,17230402757924,11142105,17230403312664,17230403365425,17230403495008,17230405002248,17230406789644,20990,367552,17230406789644,17230406031414,17230432366886,17230405002248,
0,730989,17230412523285,17230412523285,0,17230412783446,17230412784436,17230412956415,17230413026259,17230433023285,17230412780373,11141890,17230413476676,17230413522353,17230413631884,17230415112353,17230416944853,23854,352187,17230416944853,17230416375270,17230443516054,17230415112353,
0,730997,17230423665001,17230423665001,0,17230423990166,17230423991364,17230424183760,17230424263708,17230444165001,17230423986104,11141866,17230424814333,17230424854489,17230424998031,17230426537771,17230428363969,20104,395417,17230428363969,17230427561312,17230454661107,17230426537771,
0,731005,17230434805615,17230434805615,0,17230435055792,17230435056834,17230435302407,17230435362511,17230455305615,17230435053188,11141530,17230435728917,17230435772459,17230435885584,17230437188449,17230438836574,20677,327083,17230438836574,17230438101105,17230465802097,17230437188449,
0,731013,17230445943720,17230445943720,0,17230446213762,17230446214700,17230446389804,17230446456418,17230466443720,17230446210741,11141530,17230446867668,17230446911418,17230447020793,17230448189335,17230449891262,17448,343906,17230449891262,17230449154700,17230476936317,17230448189335,
0,731021,17230457083727,17230457083727,0,17230457706836,17230457708242,17230457891524,17230457974909,17230477583727,17230457703347,11141411,17230458407045,17230458467149,17230458611263,17230459839180,17230461530118,21719,340781,17230461530118,17230460761993,17230488076735,17230459839180,
0,731029,17230468224681,17230468224681,0,17230468651056,17230468652775,17230468897983,17230468995796,17230488724681,17230468645848,11141352,17230469020483,17230469088296,17230469208921,17230470805587,17230472506473,26458,979479,17230472506473,17230472467306,17230499222622,17230470805587,
0,731037,17230479364943,17230479364943,0,17230479666474,17230479667880,17230479839755,17230479913140,17230499864943,17230479661526,11141012,17230480491838,17230480527568,17230480629755,17230481865432,17230483451683,20260,332657,17230483451683,17230482764860,17230510359237,17230481865432,
0,731045,17230490503424,17230490503424,0,17230490875850,17230490877725,17230491086735,17230491521423,17230511003424,17230490871215,11141012,17230492973038,17230493048923,17230493218663,17230494852152,17230496650694,25729,424739,17230496650694,17230496026319,17230521503509,17230494852152,
0,731053,17230501643240,17230501643240,0,17230502301684,17230502303039,17230502445539,17230502522726,17230522143240,17230502297726,11140930,17230503251320,17230503289757,17230503412726,17230504860435,17230506534601,20938,324219,17230506534601,17230505827935,17230532647729,17230504860435,
0,731061,17230512783560,17230512783560,0,17230513128665,17230513129550,17230513329550,17230513414081,17230533283560,17230513124446,11140851,17230513892206,17230513939342,17230514060175,17230515498821,17230517166790,21614,344844,17230517166790,17230516442467,17230543782939,17230515498821,
0,731069,17230523923304,17230523923304,0,17230524237312,17230524238249,17230524425020,17230524509968,17230544423304,17230524233249,11140760,17230525080280,17230525126114,17230525254499,17230526633145,17230528295437,19219,328593,17230528295437,17230527577104,17230554928304,17230526633145,
0,731077,17230535064806,17230535064806,0,17230535363459,17230535364656,17230535550959,17230535627834,17230555564806,17230535360021,11140809,17230536046167,17230536089917,17230536185125,17230537717365,17230539360021,18698,401927,17230539360021,17230538724396,17230566067889,17230537717365,
0,731085,17230546207591,17230546207591,0,17230546462053,17230546463095,17230546660543,17230546745751,17230566707591,17230546457574,11140951,17230547256116,17230547295960,17230547403303,17230548764345,17230550386533,17916,315000,17230550386533,17230549659762,17230577213306,17230548764345,
0,731093,17230557348258,17230557348258,0,17230557698200,17230557699346,17230557855023,17230557917002,17230577848258,17230557694919,11140940,17230558412263,17230558455075,17230558565232,17230559741846,17230561376117,18125,311719,17230561376117,17230560626951,17230588355026,17230559741846,
0,731101,17230568489812,17230568489812,0,17230568759816,17230568760910,17230568956847,17230569049608,17230588989812,17230568755545,11141117,17230569547212,17230569587524,17230569692056,17230571021535,17230572707681,19635,489427,17230572707681,17230572118566,17230599510444,17230571021535,
0,731109,17230579632366,17230579632366,0,17230579963619,17230579965130,17230580182994,17230580261484,17230600132366,17230579959869,11141117,17230580866796,17230580920963,17230581042265,17230582623984,17230584353463,22187,407136,17230584353463,17230583689922,17230610660862,17230582623984,
0,731117,17230590774183,17230590774183,0,17230591126485,17230591127527,17230591351485,17230591434714,17230611274183,17230591122162,11141145,17230592166433,17230592739662,17230592806433,17230593735756,17230595374662,16719,294687,17230595374662,17230594516329,17230621776384,17230593735756,
0,731125,17230601917552,17230601917552,0,17230602289299,17230602290549,17230602498413,17230602588205,17230622417552,17230602285340,11141321,17230603124194,17230603188778,17230603321903,17230604801070,17230606609768,23698,364427,17230606609768,17230605823570,17230632926437,17230604801070,
0,731133,17230613062815,17230613062815,0,17230613691643,17230613692529,17230613837529,17230613908571,17230633562815,17230613687998,11141547,17230614282685,17230614322216,17230614422737,17230615630498,17230617252894,18489,284636,17230617252894,17230616422373,17230644059511,17230615630498,
0,731141,17230624209364,17230624209364,0,17230624924457,17230624926176,17230625227478,17230625331176,17230644709364,17230624919509,11141822,17230625881124,17230625933520,17230626081436,17230627623311,17230629449405,23333,442656,17230629449405,17230628759614,17230655202168,17230627623311,
0,731149,17230635349468,17230635349468,0,17230635696541,17230635697375,17230635834406,17230635893469,17230655849468,17230635694510,11141725,17230636245656,17230636290448,17230636390448,17230637651281,17230639330500,23593,386823,17230639330500,17230638593313,17230666353732,17230637651281,
0,731157,17230646493124,17230646493124,0,17230646770501,17230646771699,17230646952740,17230647026126,17230666993124,17230646767011,11141892,17230647553574,17230647597897,17230647701491,17230649069095,17230650805605,19323,324062,17230650805605,17230650000866,17230677485296,17230649069095,
0,731165,17230657634414,17230657634414,0,17230658249460,17230658250346,17230658450867,17230658532533,17230678134414,17230658246856,11141907,17230658963627,17230659003158,17230659105033,17230660285763,17230661993002,19792,288021,17230661993002,17230661116596,17230688636547,17230660285763,
0,731173,17230668774139,17230668774139,0,17230669054045,17230669054930,17230669223836,17230669292378,17230689274139,17230669050972,11141756,17230669727014,17230669774670,17230669884722,17230671165139,17230672867170,20000,325677,17230672867170,17230672116441,17230699777017,17230671165139,
0,731181,17230679917454,17230679917454,0,17230681120556,17230681121858,17230681288681,17230681340556,17230700417454,17230681118265,11141862,17230681672327,17230681711859,17230681867900,17230683623994,17230685304359,23855,405156,17230685304359,17230684700557,17230710921393,17230683623994,
0,731189,17230691058772,17230691058772,0,17230691423474,17230691424568,17230691686860,17230691771443,17230711558772,17230691419307,11141870,17230692312745,17230692901443,17230692964672,17230693843370,17230695439829,16823,279167,17230695439829,17230694596964,17230722062019,17230693843370,
0,731197,17230702202506,17230702202506,0,17230702954048,17230702955871,17230703189413,17230703295142,17230722702506,17230702949569,11142019,17230703738840,17230703823632,17230703983475,17230705394569,17230707064361,20000,342344,17230707064361,17230706333632,17230733206291,17230705394569,
0,731205,17230713344703,17230713344703,0,17230713629258,17230713630924,17230713808216,17230713894414,17230733844703,17230713626133,11142031,17230713914466,17230713965247,17230714071653,17230715353945,17230717000560,17031,300469,17230717000560,17230716213893,17230744342906,17230715353945,
0,731213,17230724487206,17230724487206,0,17230724783634,17230724784675,17230725134988,17230725208946,17230744987206,17230724779832,11142051,17230725696863,17230725739727,17230725846811,17230727076603,17230728709103,20989,350833,17230728709103,17230728030353,17230755486605,17230727076603,
0,731221,17230735629905,17230735629905,0,17230735923322,17230735924781,17230736108843,17230736187176,17230756129905,17230735918426,11142105,17230737128843,17230737185770,17230737316708,17230738667906,17230740332541,18542,322500,17230740332541,17230739587906,17230766630409,17230738667906,
0,731229,17230746772298,17230746772298,0,17230747098532,17230747100355,17230747278428,17230747353063,17230767272298,17230747093792,11142108,17230748019261,17230748059261,17230748185042,17230749614626,17230751282803,18282,309531,17230751282803,17230750551813,17230777800774,17230749614626,
0,731237,17230757913620,17230757913620,0,17230758198533,17230758199939,17230758418012,17230758493220,17230778413620,17230758194366,11142060,17230758915616,17230758955147,17230759058533,17230760332179,17230761962544,18698,306354,17230761962544,17230761206919,17230788934421,17230760332179,
0,731245,17230769055712,17230769055712,0,17230769318846,17230769320513,17230769502753,17230769588586,17230789555712,17230769314159,11142071,17230770056763,17230770094524,17230770207857,17230771553222,17230773279576,17240,411458,17230773279576,17230772689107,17230800073797,17230771553222,
0,731253,17230780197168,17230780197168,0,17230780548691,17230780549889,17230780783014,17230780878066,17230800697168,17230780543223,11142003,17230781425566,17230781480410,17230781669264,17230783395150,17230785215619,25052,423906,17230785215619,17230784569577,17230811218434,17230783395150,
0,731261,17230791345907,17230791345907,0,17230791844369,17230791845567,17230792052547,17230792138849,17230811845907,17230791839630,11142382,17230792649838,17230792705932,17230792799057,17230794105828,17230795819266,19167,373281,17230795819266,17230795095203,17230822359216,17230794105828,
0,731269,17230802491570,17230802491570,0,17230802858225,17230802859318,17230803083641,17230803181662,17230822991570,17230802852235,11142555,17230803825100,17230803876662,17230804005881,17230805496506,17230807251715,22552,345990,17230807251715,17230806487079,17230833505988,17230805496506,
0,731277,17230813636605,17230813636605,0,17230813977913,17230813979007,17230814139007,17230814229424,17230834136605,17230813974684,11142704,17230814687184,17230814730518,17230814840934,17230816309007,17230818036560,19635,332865,17230818036560,17230817277497,17230844643854,17230816309007,
0,731285,17230824781815,17230824781815,0,17230825973904,17230825974998,17230826161560,17230826222185,17230845281815,17230825969842,11142855,17230826525675,17230826573123,17230826702602,17230828200571,17230830059321,22344,705000,17230830059321,17230829647029,17230855789428,17230828200571,
0,731293,17230835928451,17230835928451,0,17230836241613,17230836242655,17230836429166,17230836510416,17230856428451,17230836236978,11143166,17230837019426,17230837068384,17230837217655,17230838911197,17230840695989,21928,366771,17230840695989,17230839978801,17230866937137,17230838911197,
0,731301,17230847077445,17230847077445,0,17230847363281,17230847364063,17230847536302,17230847622188,17230867577445,17230847359479,11143665,17230848124323,17230848165781,17230848320573,17230849672865,17230851424011,20833,331562,17230851424011,17230850639271,17230878079951,17230849672865,
0,731309,17230858221007,17230858221007,0,17230858624584,17230858625418,17230858786043,17230858860939,17230878721007,17230858621407,11143679,17230859319064,17230859406043,17230859507814,17230860869168,17230862590106,31407,415625,17230862590106,17230861908179,17230889219640,17230860869168,
0,731317,17230869366195,17230869366195,0,17230870073752,17230870075159,17230870283179,17230870394794,17230889866195,17230870069273,11143830,17230870979117,17230871029169,17230871154065,17230872635575,17230874426409,19688,384635,17230874426409,17230873678180,17230900367870,17230872635575,
0,731325,17230880510846,17230880510846,0,17230880953024,17230880954066,17230881154170,17230881239691,17230901010846,17230880949483,11143887,17230881833806,17230881887087,17230881993545,17230883248858,17230885505108,19531,322344,17230885505108,17230884151045,17230911503704,17230883248858,
0,731333,17230891655032,17230891655032,0,17230892898338,17230892899432,17230893086515,17230893154692,17230912155032,17230892895213,11143909,17230893495109,17230893551255,17230893719536,17230895557713,17230897871151,29167,446198,17230897871151,17230896763495,17230922645737,17230895557713,
0,731341,17230902799462,17230902799462,0,17230903106620,17230903107453,17230903305526,17230903381464,17230923299462,17230903102089,11143993,17230903865735,17230903910943,17230904034641,17230905590839,17230907414589,21718,364844,17230907414589,17230906628912,17230933792092,17230905590839,
0,731349,17230913943171,17230913943171,0,17230914288132,17230914289382,17230914472142,17230914561100,17230934443171,17230914284746,11143962,17230915163028,17230915204382,17230915335476,17230916747038,17230918525528,19635,349479,17230918525528,17230917755424,17230944933812,17230916747038,
0,731357,17230925086016,17230925086016,0,17230925791570,17230925792872,17230925977300,17230926069695,17230945586016,17230925787091,11143924,17230926621050,17230926663966,17230926789175,17230928316623,17230930056050,20052,367813,17230930056050,17230929347248,17230956075115,17230928316623,
0,731365,17230936228089,17230936228089,0,17230937451415,17230937452509,17230937631832,17230937693967,17230956728089,17230937448446,11143823,17230938019644,17230938066728,17230938206676,17230939765895,17230941555791,23438,395365,17230941555791,17230940895270,17230967225585,17230939765895,
0,731373,17230947371003,17230947371003,0,17230947683500,17230947684437,17230947882354,17230947970531,17230967871003,17230947679958,11143777,17230948394229,17230948454073,17230948632458,17230950183031,17230951946885,24792,390156,17230951946885,17230951296677,17230978364857,17230950183031,
0,731381,17230958513013,17230958513013,0,17230958854699,17230958856001,17230959074282,17230959174699,17230979013013,17230958849855,11143660,17230959202772,17230959261678,17230959377876,17230960939647,17230962709074,23750,438698,17230962709074,17230962098136,17230989519910,17230960939647,
0,731389,17230969654578,17230969654578,0,17230969931991,17230969933033,17230970123918,17230970201262,17230990154578,17230969928033,11143375,17230970804023,17230970841939,17230970952200,17230972273502,17230974001158,17864,364687,17230974001158,17230973275481,17231000644911,17230972273502,
0,731397,17230980796741,17230980796741,0,17230981535222,17230981536732,17230981753659,17230981862045,17231001296741,17230981531472,11143375,17230983040743,17230983122305,17230983280691,17230984835535,17230986626576,24427,410729,17230986626576,17230986033555,17231011787100,17230984835535,
0,731405,17230991937643,17230991937643,0,17230992379598,17230992381837,17230992587306,17230992691629,17231012437643,17230992373973,11143152,17230993456056,17230993498296,17230993629285,17230995373192,17230997103973,20937,377344,17230997103973,17230996449234,17231022944184,17230995373192,
0,731413,17231003081241,17231003081241,0,17231003444859,17231003446630,17231003647932,17231003749807,17231023581241,17231003438661,11143087,17231004354078,17231004396891,17231004524807,17231006034651,17231007809651,20260,345729,17231007809651,17231007022047,17231034069862,17231006034651,
0,731421,17231014224338,17231014224338,0,17231014509287,17231014510121,17231014676996,17231014744965,17231034724338,17231014505694,11143153,17231015185902,17231015230850,17231015354079,17231016728819,17231018435590,20885,344583,17231018435590,17231017694027,17231045222051,17231016728819,
0,731429,17231025366013,17231025366013,0,17231025715695,17231025716684,17231025882101,17231025955955,17231045866013,17231025711997,11143082,17231026362778,17231026453299,17231026585278,17231028094497,17231029893247,23386,381875,17231029893247,17231029209445,17231056361792,17231028094497,
0,731437,17231036510681,17231036510681,0,17231036790019,17231036791217,17231036987102,17231037079863,17231057010681,17231036786477,11143167,17231037624602,17231037668665,17231037802675,17231039498040,17231041244238,23906,369011,17231041244238,17231040604394,17231067503616,17231039498040,
0,731445,17231047651200,17231047651200,0,17231048412885,17231048413978,17231048646114,17231048764655,17231068151200,17231048408666,11143015,17231049358301,17231049402885,17231049547572,17231051088874,17231052826687,23594,367657,17231052826687,17231052208770,17231078659346,17231051088874,
0,731453,17231058793761,17231058793761,0,17231059071115,17231059071688,17231059208407,17231059274657,17231079293761,17231059067677,11142972,17231059667104,17231059707886,17231059832469,17231061182157,17231062909084,19791,366406,17231062909084,17231062203303,17231089789087,17231061182157,
0,731461,17231069936092,17231069936092,0,17231070620751,17231070622106,17231070847106,17231070952418,17231090436092,17231070616637,11142938,17231071483668,17231071530491,17231071710491,17231073361585,17231075176064,22813,427656,17231075176064,17231074529502,17231100930390,17231073361585,
0,731469,17231081077379,17231081077379,0,17231081970492,17231081972211,17231082211690,17231082315700,17231101577379,17231081966586,11142812,17231082884086,17231082932992,17231083057628,17231084663930,17231086507159,24896,394427,17231086507159,17231085800493,17231112076953,17231084663930,
0,731477,17231092222171,17231092222171,0,17231092905493,17231092906431,17231093127160,17231093216847,17231112722171,17231092902368,11142908,17231093722837,17231093765910,17231093884400,17231095374973,17231097182108,20104,404531,17231097182108,17231096528879,17231123217267,17231095374973,
0,731485,17231103364324,17231103364324,0,17231104583411,17231104584557,17231104755859,17231104819349,17231123864324,17231104580390,11142875,17231105223515,17231105272994,17231105417682,17231107049193,17231108871693,24167,401458,17231108871693,17231108191224,17231134367685,17231107049193,
0,731493,17231114506198,17231114506198,0,17231115239766,17231115240964,17231115429245,17231115530027,17231135006198,17231115234870,11142827,17231116055808,17231116103360,17231116233881,17231117750183,17231119533673,22969,385417,17231119533673,17231118859975,17231145511488,17231117750183,
0,731501,17231125648590,17231125648590,0,17231126344507,17231126346122,17231126540653,17231126641226,17231146148590,17231126340757,11142792,17231127171226,17231127214142,17231127340549,17231128905028,17231130713570,21250,376771,17231130713570,17231129974195,17231156637479,17231128905028,
0,731509,17231136791236,17231136791236,0,17231138054039,17231138055081,17231138226748,17231138322789,17231157291236,17231138051019,11142805,17231138633571,17231138679352,17231138827789,17231140433519,17231142299873,24271,382969,17231142299873,17231141560342,17231167798261,17231140433519,
0,731517,17231147934732,17231147934732,0,17231149157790,17231149159249,17231149332374,17231149391176,17231168434732,17231149155030,11142827,17231149716957,17231149768103,17231149937061,17231151580291,17231153570343,26771,434896,17231153570343,17231152896489,17231178931283,17231151580291,
0,731525,17231159078182,17231159078182,0,17231159385448,17231159386542,17231159558937,17231159618260,17231179578182,17231159382479,11142839,17231160032219,17231160076333,17231160175135,17231161483417,17231163432688,18125,432917,17231163432688,17231162791177,17231190086857,17231161483417,
0,731533,17231170217926,17231170217926,0,17231170557845,17231170559303,17231170798886,17231170898991,17231190717926,17231170553366,11142652,17231171457532,17231171508626,17231171693001,17231173280657,17231175051856,36667,393542,17231175051856,17231174354251,17231201214983,17231173280657,
0,731541,17231181362093,17231181362093,0,17231181767690,17231181768992,17231181982429,17231182085554,17231201862093,17231181762742,11142722,17231182602273,17231182647065,17231182764304,17231184177794,17231185982482,22084,465833,17231185982482,17231185363211,17231212363526,17231184177794,
0,731549,17231192503458,17231192503458,0,17231192809878,17231192811701,17231192980087,17231193059357,17231213003458,17231192806232,11142615,17231193835191,17231193900451,17231194047847,17231195491233,17231197346910,24428,377553,17231197346910,17231196545347,17231223498892,17231195491233,
0,731557,17231203649167,17231203649167,0,17231203971702,17231203972744,17231204137119,17231204223525,17231224149167,17231203967275,11142811,17231204244202,17231205237848,17231205300921,17231206226286,17231207892796,17083,290729,17231207892796,17231207037640,17231234634362,17231206226286,
0,731565,17231214790648,17231214790648,0,17231215269932,17231215271912,17231215505349,17231215608787,17231235290648,17231215263318,11142735,17231216350297,17231216428370,17231216558266,17231218088266,17231219877277,23490,392500,17231219877277,17231219240714,17231245781758,17231218088266,
0,731573,17231225935623,17231225935623,0,17231226240923,17231226242694,17231226455298,17231226958267,17231246435623,17231226235350,11142942,17231228074725,17231228126444,17231228270142,17231229652069,17231231374361,18073,300989,17231231374361,17231230534049,17231256924885,17231229652069,
0,731581,17231237076149,17231237076149,0,17231237454674,17231237456549,17231237614101,17231237707174,17231257576149,17231237450039,11142781,17231238563893,17231238604258,17231238731862,17231240107070,17231241865977,18438,294948,17231241865977,17231240972591,17231268072438,17231240107070,
0,731589,17231248214840,17231248214840,0,17231248533686,17231248535040,17231248731967,17231248825925,17231268714840,17231248528321,11142509,17231249350665,17231249392853,17231249499467,17231250951603,17231252721655,17500,418177,17231252721655,17231252027436,17231279204678,17231250951603,
0,731597,17231259357150,17231259357150,0,17231259733427,17231259734520,17231259954729,17231260052854,17231279857150,17231259728635,11142541,17231260606656,17231260666864,17231260785562,17231262294885,17231264061864,21928,371615,17231264061864,17231263312073,17231290349784,17231262294885,
0,731605,17231270497121,17231270497121,0,17231270910719,17231270912230,17231271156396,17231271255823,17231290997121,17231270905251,11142335,17231271903480,17231271953115,17231272074834,17231273466188,17231275179834,20104,351250,17231275179834,17231274434470,17231301500462,17231273466188,
0,731613,17231281639788,17231281639788,0,17231282400460,17231282401970,17231282641762,17231282750773,17231302139788,17231282396137,11142346,17231283322075,17231283367543,17231283472179,17231284726294,17231286461606,20000,326146,17231286461606,17231285653012,17231312630046,17231284726294,
0,731621,17231292779516,17231292779516,0,17231293124940,17231293125930,17231293323117,17231293407076,17231313279516,17231293120982,11142167,17231293940461,17231293996711,17231294115930,17231295484524,17231297180670,18594,327448,17231297180670,17231296395878,17231323774839,17231295484524,
0,731629,17231303919908,17231303919908,0,17231304235879,17231304237337,17231304458796,17231304553118,17231324419908,17231304230410,11142025,17231305224941,17231305270306,17231305401556,17231306934160,17231308705098,22656,348802,17231308705098,17231307955775,17231334919424,17231306934160,
0,731637,17231315064528,17231315064528,0,17231315389474,17231315390567,17231315633901,17231315730307,17231335564528,17231315385411,11142215,17231316275568,17231316313536,17231316417390,17231317835307,17231319616974,18490,351563,17231319616974,17231318889943,17231346052081,17231317835307,
0,731645,17231326204105,17231326204105,0,17231326539423,17231326540464,17231326742912,17231326833642,17231346704105,17231326534683,11142032,17231327377392,17231327420621,17231327538485,17231329016454,17231330793486,20521,351562,17231330793486,17231330013746,17231357198749,17231329016454,
0,731653,17231337344236,17231337344236,0,17231337744580,17231337746038,17231337995986,17231338098851,17231357844236,17231337740049,11141877,17231338758018,17231338803903,17231338920309,17231340397185,17231342136768,22240,377344,17231342136768,17231341442705,17231368347448,17231340397185,
0,731661,17231348485630,17231348485630,0,17231348825154,17231348826404,17231349003175,17231349088644,17231368985630,17231348821717,11141823,17231349582446,17231349621717,17231349730831,17231351085727,17231352818436,21406,338437,17231352818436,17231352242498,17231379483595,17231351085727,
0,731669,17231359624441,17231359624441,0,17231359920728,17231359922343,17231360154374,17231360248541,17231380124441,17231359915520,11141606,17231360823957,17231360872134,17231361007603,17231362759791,17231364588645,23021,388125,17231364588645,17231363879635,17231390625367,17231362759791,
0,731677,17231370765873,17231370765873,0,17231371060573,17231371061719,17231371278802,17231371387552,17231391265873,17231371056146,11141597,17231372070886,17231372117031,17231372241406,17231373717292,17231375882761,23177,373958,17231375882761,17231374756511,17231401766566,17231373717292,
0,731685,17231381909399,17231381909399,0,17231382669168,17231382670678,17231382899012,17231382996980,17231402409399,17231382664272,11141725,17231383573960,17231383621512,17231383754168,17231385316720,17231387171825,21719,402500,17231387171825,17231386422397,17231412907817,17231385316720,
0,731693,17231393048964,17231393048964,0,17231393715732,17231393717034,17231393914794,17231394009950,17231413548964,17231393711825,11141522,17231394529117,17231394571044,17231394690107,17231396269794,17231398441982,21563,348646,17231398441982,17231397285784,17231424052401,17231396269794,
0,731701,17231404191426,17231404191426,0,17231404530628,17231404531774,17231404700733,17231404784378,17231424691426,17231404526253,11141604,17231405289118,17231405332139,17231405464431,17231406923181,17231408733650,22761,370937,17231408733650,17231407983181,17231435198496,17231406923181,
0,731709,17231415332489,17231415332489,0,17231415662400,17231415663442,17231415830630,17231415926932,17231435832489,17231415657400,11141552,17231416409692,17231416447296,17231416551515,17231417844484,17231419546307,18489,355989,17231419546307,17231418863078,17231446338081,17231417844484,
0,731717,17231426475684,17231426475684,0,17231427024954,17231427026099,17231427228391,17231427317610,17231446975684,17231427019902,11141711,17231427817089,17231427880891,17231427999225,17231429542454,17231431348860,27343,405417,17231431348860,17231430674589,17231457483550,17231429542454,
0,731725,17231437617621,17231437617621,0,17231437950423,17231437951413,17231438165476,17231438388392,17231458117621,17231437945996,11141716,17231438809330,17231438861413,17231439009330,17231440341257,17231442064851,21980,349063,17231442064851,17231441338132,17231468629489,17231440341257,
0,731733,17231448761679,17231448761679,0,17231449987768,17231449988810,17231450163810,17231450223029,17231469261679,17231449985060,11141887,17231450238550,17231450294175,17231450414227,17231451983758,17231453775738,22083,377291,17231453775738,17231453087092,17231479773084,17231451983758,
0,731741,17231459904164,17231459904164,0,17231460209644,17231460210426,17231460387249,17231460472405,17231480404164,17231460205634,11141926,17231461189488,17231461239957,17231461373290,17231462861832,17231464585895,24948,365365,17231464585895,17231463902666,17231490904700,17231462861832,
0,731749,17231471046449,17231471046449,0,17231471540583,17231471542198,17231471843656,17231471958552,17231491546449,17231471535687,11141913,17231473594958,17231473668604,17231473831417,17231475517823,17231477282250,26198,417709,17231477282250,17231476684959,17231502055899,17231475517823,
0,731757,17231482190374,17231482190374,0,17231482546730,17231482548032,17231482736001,17231482830949,17231502690374,17231482542407,11142027,17231483624907,17231483666730,17231483815740,17231485471418,17231487241626,25000,372500,17231487241626,17231486565168,17231513197462,17231485471418,
0,731765,17231493334728,17231493334728,0,17231493637148,17231493638658,17231493829491,17231493929804,17231513834728,17231493632044,11142171,17231494484335,17231494528398,17231494662512,17231496281158,17231498069231,22969,374375,17231498069231,17231497355846,17231524343140,17231496281158,
0,731773,17231504477286,17231504477286,0,17231504769180,17231504770847,17231505011993,17231505111888,17231524977286,17231504764180,11142241,17231505689232,17231505731732,17231505860899,17231507391680,17231509138660,23282,388333,17231509138660,17231508472566,17231535486371,17231507391680,
0,731781,17231515620657,17231515620657,0,17231515951265,17231515952150,17231516132775,17231516211733,17231536120657,17231515947567,11142301,17231516744650,17231516784494,17231516902723,17231518436629,17231520156161,22031,354479,17231520156161,17231519452150,17231546629497,17231518436629,
0,731789,17231526764188,17231526764188,0,17231527423766,17231527424755,17231527597620,17231527693974,17231547264188,17231527420068,11142386,17231528198714,17231528238297,17231528384287,17231529786005,17231531495224,23802,350729,17231531495224,17231530792151,17231557764550,17231529786005,
0,731797,17231537909873,17231537909873,0,17231538340173,17231538341163,17231538514288,17231538587152,17231558409873,17231538336579,11142649,17231539036944,17231539079288,17231539198298,17231540624809,17231542318663,19688,357500,17231542318663,17231541638507,17231568910176,17231540624809,
0,731805,17231549053782,17231549053782,0,17231549378924,17231549380226,17231549549185,17231549635018,17231569553782,17231549375643,11142730,17231550055174,17231550102414,17231550211685,17231551747935,17231553511060,20365,351094,17231553511060,17231552752258,17231580058563,17231551747935,
0,731813,17231560198095,17231560198095,0,17231560790279,17231560792311,17231561007102,17231561103509,17231580698095,17231560786581,11142847,17231561747467,17231561791894,17231561944394,17231563621946,17231565487572,25625,444271,17231565487572,17231564872676,17231591200647,17231563621946,
0,731821,17231571340838,17231571340838,0,17231572019656,17231572021062,17231572261687,17231572363458,17231591840838,17231572014291,11142883,17231573001791,17231573052729,17231573213354,17231574932000,17231576772937,26823,409844,17231576772937,17231576096791,17230265258275,17231574932000,
0,731829,17231582482824,17231582482824,0,17231582802886,17231582803615,17231582953302,17231583018355,17231602982824,17231582798563,11142815,17231583415698,17231583462053,17231583573198,17231585123511,17231586894970,22396,366563,17231586894970,17231586181740,17230276394891,17231585123511,
0,731837,17231593626773,17231593626773,0,17231593921949,17231593922679,17231594089033,17231594161116,17231614126773,17231593917887,11142886,17231594590074,17231594630491,17231594749970,17231596133668,17231597864919,19844,344271,17231597864919,17231597105439,17230287539788,17231596133668,
0,731845,17231604771418,17231604771418,0,17231605148565,17231605150753,17231605929503,17231606047888,17231625271418,17231605142471,11143033,17231606825440,17231606887055,17231607043774,17231609042263,17230272034005,31980,445625,17230272034005,17231610280441,17230298686716,17231609042263,
---PROFILEDATA---


View hierarchy:

  dev.polski.grammarmatrix.benchmark/dev.polski.grammarmatrix.GlassBenchmarkActivity/android.view.ViewRootImpl@86d155f
  6 views, 10.66 kB of render nodes


Total ViewRootImpl   : 1
Total attached Views : 6
Total RenderNode     : 10.66 kB (used) / 34.73 kB (capacity)