Applications Graphics Acceleration Info:
Uptime: 432919 Realtime: 432919

** Graphics info for pid 3816 [dev.polski.grammarmatrix] **

Stats since: 427305774827ns
Total frames rendered: 330
Janky frames: 7 (2.12%)
Janky frames (legacy): 0 (0.00%)
50th percentile: 17ms
90th percentile: 17ms
95th percentile: 18ms
99th percentile: 20ms
Number Missed Vsync: 0
Number High input latency: 323
Number Slow UI thread: 0
Number Slow bitmap uploads: 0
Number Slow issue draw commands: 7
Number Frame deadline missed: 7
Number Frame deadline missed (legacy): 0
HISTOGRAM: 5ms=13 6ms=0 7ms=0 8ms=0 9ms=0 10ms=1 11ms=0 12ms=0 13ms=0 14ms=0 15ms=0 16ms=97 17ms=190 18ms=15 19ms=10 20ms=3 21ms=0 22ms=0 23ms=0 24ms=0 25ms=0 26ms=0 27ms=0 28ms=1 29ms=0 30ms=0 31ms=0 32ms=0 34ms=0 36ms=0 38ms=0 40ms=0 42ms=0 44ms=0 46ms=0 48ms=0 53ms=0 57ms=0 61ms=0 65ms=0 69ms=0 73ms=0 77ms=0 81ms=0 85ms=0 89ms=0 93ms=0 97ms=0 101ms=0 105ms=0 109ms=0 113ms=0 117ms=0 121ms=0 125ms=0 129ms=0 133ms=0 150ms=0 200ms=0 250ms=0 300ms=0 350ms=0 400ms=0 450ms=0 500ms=0 550ms=0 600ms=0 650ms=0 700ms=0 750ms=0 800ms=0 850ms=0 900ms=0 950ms=0 1000ms=0 1050ms=0 1100ms=0 1150ms=0 1200ms=0 1250ms=0 1300ms=0 1350ms=0 1400ms=0 1450ms=0 1500ms=0 1550ms=0 1600ms=0 1650ms=0 1700ms=0 1750ms=0 1800ms=0 1850ms=0 1900ms=0 1950ms=0 2000ms=0 2050ms=0 2100ms=0 2150ms=0 2200ms=0 2250ms=0 2300ms=0 2350ms=0 2400ms=0 2450ms=0 2500ms=0 2550ms=0 2600ms=0 2650ms=0 2700ms=0 2750ms=0 2800ms=0 2850ms=0 2900ms=0 2950ms=0 3000ms=0 3050ms=0 3100ms=0 3150ms=0 3200ms=0 3250ms=0 3300ms=0 3350ms=0 3400ms=0 3450ms=0 3500ms=0 3550ms=0 3600ms=0 3650ms=0 3700ms=0 3750ms=0 3800ms=0 3850ms=0 3900ms=0 3950ms=0 4000ms=0 4050ms=0 4100ms=0 4150ms=0 4200ms=0 4250ms=0 4300ms=0 4350ms=0 4400ms=0 4450ms=0 4500ms=0 4550ms=0 4600ms=0 4650ms=0 4700ms=0 4750ms=0 4800ms=0 4850ms=0 4900ms=0 4950ms=0
50th gpu percentile: 14ms
90th gpu percentile: 15ms
95th gpu percentile: 16ms
99th gpu percentile: 17ms
GPU HISTOGRAM: 1ms=0 2ms=10 3ms=4 4ms=0 5ms=0 6ms=0 7ms=0 8ms=1 9ms=0 10ms=0 11ms=4 12ms=12 13ms=31 14ms=146 15ms=101 16ms=16 17ms=4 18ms=0 19ms=0 20ms=0 21ms=0 22ms=0 23ms=0 24ms=0 25ms=0 4950ms=1

Pipeline=Skia (OpenGL)
Memory policy:
  Max surface area: 2592000
  Max resource usage: 124.42MB (x48)
  Background retention: 50% (altUiHidden = true)
  GPU Context timeout: 10
Contexts: 1 (stopped = 0)
CPU Caches:
  Glyph Cache: 33.70 KB (1 entry)
  Glyph Count: 11 
Total CPU memory usage:
  34510 bytes, 33.70 KB (0.00 bytes is purgeable)
GPU Caches:
  Other:
    Other: 49.27 KB (1 entry)
    Buffer Object: 36.00 KB (1 entry)
  Scratch:
    RenderTarget: 11.88 MB (1 entry)
    Buffer Object: 110.00 KB (3 entries)
    Texture: 2.00 MB (1 entry)
Total GPU memory usage:
  14748944 bytes, 14.07 MB (68.00 KB is purgeable)

GraphicBufferAllocator buffers:
        Handle |        Size |     W (Stride) x H | Layers |   Format |      Usage | Requestor
0xb400007b2c426ab0 |     unknown | 1080 (   0) x 2400 |      1 |        1 | 0x     b00 | VRI[GlassBenchmarkActivity]#0(BLAST Consumer)0
0xb400007b2c427e60 |     unknown | 1080 (   0) x 2400 |      1 |        1 | 0x     b00 | VRI[GlassBenchmarkActivity]#0(BLAST Consumer)0
0xb400007b2c4282e0 |     unknown | 1080 (   0) x 2400 |      1 |        1 | 0x     b00 | VRI[GlassBenchmarkActivity]#0(BLAST Consumer)0
Total allocated by GraphicBufferAllocator (estimate): 0.00 KB
GoldfishAllocator::dumpDebugInfo is not implemented
Profile data in ms:

	dev.polski.grammarmatrix/dev.polski.grammarmatrix.GlassBenchmarkActivity/android.view.ViewRootImpl@6932836 (visibility=0)
Window: dev.polski.grammarmatrix/dev.polski.grammarmatrix.GlassBenchmarkActivity
Stats since: 427305774327ns
Total frames rendered: 330
Janky frames: 7 (2.12%)
Janky frames (legacy): 0 (0.00%)
50th percentile: 17ms
90th percentile: 17ms
95th percentile: 18ms
99th percentile: 20ms
Number Missed Vsync: 0
Number High input latency: 323
Number Slow UI thread: 0
Number Slow bitmap uploads: 0
Number Slow issue draw commands: 7
Number Frame deadline missed: 7
Number Frame deadline missed (legacy): 0
HISTOGRAM: 5ms=13 6ms=0 7ms=0 8ms=0 9ms=0 10ms=1 11ms=0 12ms=0 13ms=0 14ms=0 15ms=0 16ms=97 17ms=190 18ms=15 19ms=10 20ms=3 21ms=0 22ms=0 23ms=0 24ms=0 25ms=0 26ms=0 27ms=0 28ms=1 29ms=0 30ms=0 31ms=0 32ms=0 34ms=0 36ms=0 38ms=0 40ms=0 42ms=0 44ms=0 46ms=0 48ms=0 53ms=0 57ms=0 61ms=0 65ms=0 69ms=0 73ms=0 77ms=0 81ms=0 85ms=0 89ms=0 93ms=0 97ms=0 101ms=0 105ms=0 109ms=0 113ms=0 117ms=0 121ms=0 125ms=0 129ms=0 133ms=0 150ms=0 200ms=0 250ms=0 300ms=0 350ms=0 400ms=0 450ms=0 500ms=0 550ms=0 600ms=0 650ms=0 700ms=0 750ms=0 800ms=0 850ms=0 900ms=0 950ms=0 1000ms=0 1050ms=0 1100ms=0 1150ms=0 1200ms=0 1250ms=0 1300ms=0 1350ms=0 1400ms=0 1450ms=0 1500ms=0 1550ms=0 1600ms=0 1650ms=0 1700ms=0 1750ms=0 1800ms=0 1850ms=0 1900ms=0 1950ms=0 2000ms=0 2050ms=0 2100ms=0 2150ms=0 2200ms=0 2250ms=0 2300ms=0 2350ms=0 2400ms=0 2450ms=0 2500ms=0 2550ms=0 2600ms=0 2650ms=0 2700ms=0 2750ms=0 2800ms=0 2850ms=0 2900ms=0 2950ms=0 3000ms=0 3050ms=0 3100ms=0 3150ms=0 3200ms=0 3250ms=0 3300ms=0 3350ms=0 3400ms=0 3450ms=0 3500ms=0 3550ms=0 3600ms=0 3650ms=0 3700ms=0 3750ms=0 3800ms=0 3850ms=0 3900ms=0 3950ms=0 4000ms=0 4050ms=0 4100ms=0 4150ms=0 4200ms=0 4250ms=0 4300ms=0 4350ms=0 4400ms=0 4450ms=0 4500ms=0 4550ms=0 4600ms=0 4650ms=0 4700ms=0 4750ms=0 4800ms=0 4850ms=0 4900ms=0 4950ms=0
50th gpu percentile: 14ms
90th gpu percentile: 15ms
95th gpu percentile: 16ms
99th gpu percentile: 17ms
GPU HISTOGRAM: 1ms=0 2ms=10 3ms=4 4ms=0 5ms=0 6ms=0 7ms=0 8ms=1 9ms=0 10ms=0 11ms=4 12ms=12 13ms=31 14ms=146 15ms=101 16ms=16 17ms=4 18ms=0 19ms=0 20ms=0 21ms=0 22ms=0 23ms=0 24ms=0 25ms=0 4950ms=1



---PROFILEDATA---
Flags,FrameTimelineVsyncId,IntendedVsync,Vsync,InputEventId,HandleInputStart,AnimationStart,PerformTraversalsStart,DrawStart,FrameDeadline,FrameInterval,FrameStartTime,SyncQueued,SyncStart,IssueDrawCommandsStart,SwapBuffers,FrameCompleted,DequeueBufferDuration,QueueBufferDuration,GpuCompleted,SwapBuffersCompleted,DisplayPresentTime,CommandSubmissionCompleted,
0,101466,430893324682,430893324682,-1034647039,430894075454,430894583621,430894751246,430894774413,430926658014,430894069954,16666666,430894904288,430895291121,430895325996,430897276829,430910592163,3000,267958,430910592163,430899182746,0,430897276829,
0,101474,430909991348,430909991348,-554958870,430911183121,430911886371,430912440663,430912475788,430943324680,430911176996,16666666,430912616038,430912725538,430912758663,430913436579,430927255038,2083,211875,430927255038,430914232371,0,430913436579,
0,101482,430926658014,430926658014,-464476665,430927570413,430928498954,430928737204,430928771829,430959991346,430927564538,16666666,430928927288,430928942413,430928959996,430930236038,430944824704,2958,275959,430944824704,430931253454,0,430930236038,
0,101490,430943324680,430943324680,-360239303,430944975954,430945943454,430946190496,430946231496,430976658012,430944969663,16666666,430946426913,430946799621,430946842788,430947815746,430960707538,2042,289500,430960707538,430948944996,0,430947815746,
0,101498,430959991346,430959991346,-674252221,430960903329,430962046996,430962266788,430962886954,430993324678,430960895996,16666666,430963146413,430963376871,430963414413,430963981371,430977267788,2125,333625,430977267788,430965120746,0,430963981371,
0,101506,430976658012,430976658012,-85756359,430977639329,430978203204,430978429538,430978470871,431009991344,430977632204,16666666,430978882163,430978893163,430978913288,430979521454,430993775746,2542,255958,430993775746,430980206704,0,430979521454,
0,101514,430993324678,430993324678,-985260153,430994375663,430995185163,430995487371,430995536829,431026658010,430994369954,16666666,430996337246,430996460663,430996532788,430997486454,431010507496,3125,612750,431010507496,430998898579,0,430997486454,
0,101522,431009991344,431009991344,-346738352,431011322413,431012104496,431012328079,431012360246,431043324676,431011316746,16666666,431012509371,431012535913,431012574913,431013461079,431027158121,2125,171000,431027158121,431014211746,0,431013461079,
0,101530,431026658010,431026658010,-985955958,431027572704,431028622496,431029028121,431029057413,431059991342,431027566954,16666666,431029204704,431029309246,431029328913,431029960746,431043829371,1333,126416,431043829371,431030668663,0,431029960746,
0,101538,431043324676,431043324676,-600235464,431044408454,431044973579,431045229329,431045267288,431076658008,431044401329,16666666,431045708121,431045789913,431045816496,431046475121,431060627413,286583,124333,431060627413,431047428788,0,431046475121,
0,101546,431059991342,431059991342,-141927518,431061320704,431062244663,431062427288,431062461704,431093324674,431061313246,16666666,431062627454,431062781163,431062826954,431063656871,431077432954,2292,179792,431077432954,431064386288,0,431063656871,
0,101554,431076658008,431076658008,-629225662,431077902996,431078675871,431078996038,431079051579,431109991340,431077897288,16666666,431079735163,431079960829,431079997204,431080963538,431093963579,2250,307250,431093963579,431081852663,0,431080963538,
0,101562,431093324674,431093324674,-598074083,431094274871,431094929579,431095192829,431095234829,431126658006,431094268413,16666666,431095440329,431095744038,431095772454,431097214413,431110613913,3666,490583,431110613913,431098256996,0,431097214413,
0,101570,431109991340,431109991340,-504370251,431111221038,431111658121,431111826413,431111853288,431143324672,431111215329,16666666,431112225746,431112634663,431112689746,431113865454,431127118121,2083,154708,431127118121,431114589038,0,431113865454,
0,101578,431126658006,431126658006,-124882278,431127748621,431128801621,431129057788,431129095204,431159991338,431127743621,16666666,431129271913,431129296454,431129342621,431130345204,431143730954,1792,182708,431143730954,431131078246,0,431130345204,
0,101586,431143324672,431143324672,-666199058,431144337996,431144925746,431145121163,431145155996,431176658004,431144332579,16666666,431145317788,431145593204,431145634204,431146338454,431163031454,2458,150875,431163031454,431146996996,0,431146338454,
0,101594,431159991338,431159991338,-1033355116,431163291871,431164330038,431164961913,431165006663,431193324670,431163286163,16666666,431165192038,431165202871,431165501746,431166132538,431177274954,3334,232625,431177274954,431166843038,0,431166132538,
0,101602,431176658004,431176658004,-474786651,431177369996,431178428829,431178603413,431178628413,431209991336,431177364079,16666666,431178764621,431178904204,431178943163,431179630121,431180768329,2667,240709,431180728913,431180768329,0,431179630121,
0,101610,431193324670,431193324670,-348285371,431194517371,431194961579,431195112413,431195558996,431226658002,431194511746,16666666,431195741496,431196203663,431196227246,431197234371,431213216163,2167,279542,431213216163,431198143829,0,431197234371,
0,101618,431209991336,431209991336,-733395641,431213615413,431214069704,431214628579,431214653329,431243324668,431213609954,16666666,431215041621,431215440496,431215476579,431216181663,431228992788,1833,102875,431228992788,431217062871,0,431216181663,
0,101626,431226658002,431226658002,-119830453,431229321704,431230134996,431230324079,431230352121,431259991334,431229316496,16666666,431230681996,431230912204,431230956371,431231708121,431244597621,1875,113084,431244597621,431232608913,0,431231708121,
0,101634,431243324668,431243324668,-1044815498,431244744371,431244757413,431245159246,431245194204,431276658000,431244739038,16666666,431245333538,431246328663,431246432621,431247164746,431260582829,3750,226208,431260582829,431247933538,0,431247164746,
0,101642,431259991334,431259991334,0,431260867871,431260868913,431261263204,431261297454,431293324666,431260861579,16666666,431261421913,431261718746,431261781829,431262938954,431277424121,1166,94667,431277424121,431263507579,0,431262938954,
0,101650,431276658000,431276658000,0,431277788413,431277789538,431278586121,431278661246,431309991332,431277781163,16666666,431279095663,431279193204,431279237079,431279550121,431293713871,1875,95834,431293713871,431280623788,0,431279550121,
0,101658,431293324666,431293324666,0,431294116954,431294117954,431294938579,431294986454,431326657998,431294109454,16666666,431295220204,431295255121,431295356704,431295799371,431310490663,3541,361916,431310490663,431296800788,0,431295799371,
0,101673,431326657998,431326657998,-806269891,431327197079,431327619913,431327863913,431327885163,431343324664,431327191621,16666666,431328260621,431328399788,431328475413,431329065538,431344842871,2000,250250,431344842871,431329984121,0,431329065538,
0,101681,431343324664,431343324664,-1046841283,431345152996,431346283746,431347023871,431347072163,431376657996,431345148038,16666666,431347291163,431347419621,431347471288,431348134704,431360746829,1375,166709,431360746829,431348809538,0,431348134704,
0,101689,431359991330,431359991330,-829550241,431360741121,431361573788,431361873496,431361925871,431393324662,431360734204,16666666,431362819288,431362911371,431362944621,431363550621,431377100621,1875,254083,431377100621,431364279829,0,431363550621,
0,101697,431376657996,431376657996,-1008448736,431377315079,431378010079,431378187038,431378213871,431409991328,431377309621,16666666,431378384538,431378483579,431378699496,431380325121,431393775621,2333,163000,431393775621,431381051079,0,431380325121,
0,101705,431393324662,431393324662,-243047218,431394046204,431394652996,431395400621,431395443204,431426657994,431394040163,16666666,431395615954,431395789579,431395811579,431396645704,431410526996,1583,75625,431410526996,431397161413,0,431396645704,
0,101713,431409991328,431409991328,-198561672,431411075871,431411468329,431411616204,431411636954,431443324660,431411055454,16666666,431411768954,431412698788,431412720329,431413806204,431427311621,1917,92292,431427311621,431414425954,0,431413806204,
0,101721,431426657994,431426657994,-779049518,431427590121,431428163579,431428528996,431428589579,431459991326,431427584454,16666666,431428816996,431429028704,431429251579,431430110413,431443750746,1875,95000,431443750746,431430775204,0,431430110413,
0,101729,431443324660,431443324660,-369692300,431444470121,431445476038,431445738079,431445785079,431476657992,431444463204,16666666,431445988746,431446183871,431446243371,431447085454,431460606038,2042,164667,431460606038,431447817413,0,431447085454,
0,101737,431459991326,431459991326,-1021297342,431460962371,431461715079,431461918413,431461953204,431493324658,431460954996,16666666,431462109996,431462303413,431462648204,431463373788,431477101371,392959,536333,431477101371,431464740288,0,431463373788,
0,101745,431476657992,431476657992,-323073894,431477516496,431478086829,431478331121,431478365913,431509991324,431477510746,16666666,431478988579,431479204871,431479244788,431479867163,431493850371,1833,107166,431493850371,431480428954,0,431479867163,
0,101753,431493324658,431493324658,-742264498,431494039704,431494766454,431494956621,431494982913,431526657990,431494033871,16666666,431495549663,431496032413,431496147079,431496808579,431510526579,1708,173583,431510526579,431497397454,0,431496808579,
0,101761,431509991324,431509991324,-693118129,431511043371,431511591788,431512512496,431512558163,431543324656,431511036496,16666666,431512771413,431513002788,431513020621,431513566996,431527268663,2167,81000,431527268663,431514097496,0,431513566996,
0,101769,431526657990,431526657990,-93936736,431527518329,431528574038,431528851121,431529097454,431559991322,431527511246,16666666,431529327579,431529519288,431529610413,431530186121,431543771788,1958,267250,431543771788,431531180788,0,431530186121,
0,101777,431543324656,431543324656,-570084835,431544136121,431544604079,431544770079,431544794204,431576657988,431544131204,16666666,431544931163,431545105913,431545488996,431546362538,431560440288,1833,154708,431560440288,431546935788,0,431546362538,
0,101785,431559991322,431559991322,-382322043,431560970746,431561522538,431561693954,431561715329,431593324654,431560965538,16666666,431561845663,431562037288,431562068538,431562945996,431577153079,1750,102583,431577153079,431563571579,0,431562945996,
0,101793,431576657988,431576657988,-90031751,431577433413,431577899954,431578083954,431578112413,431609991320,431577427746,16666666,431578762371,431578893038,431578917121,431579738996,431593881496,1750,277958,431593881496,431580700329,0,431579738996,
0,101801,431593324654,431593324654,-846879160,431594052496,431594707913,431594969705,431595016413,431626657986,431594045288,16666666,431595624621,431595889246,431595914705,431596923496,431610545080,1834,308291,431610545080,431597763455,0,431596923496,
0,101809,431609991320,431609991320,-898702534,431610755705,431611183288,431611339038,431611359996,431643324652,431610750871,16666666,431611493455,431611664538,431611710288,431612762955,431615586913,2041,575125,431615548246,431615586913,0,431612762955,
0,101817,431626657986,431626657986,-214634522,431627555455,431628907288,431629387663,431629435246,431659991318,431627549496,16666666,431629620038,431629768871,431629881413,431630702788,431632359830,2708,936667,431632312038,431632359830,0,431630702788,
0,101825,431643324652,431643324652,-910654704,431644170955,431644659996,431644825663,431644848038,431676657984,431644165496,16666666,431644990871,431645188121,431645613246,431646342330,431660480330,1667,163541,431660480330,431646914663,0,431646342330,
0,101833,431659991318,431659991318,-614662704,431660875663,431661309038,431661593663,431662446580,431693324650,431660870205,16666666,431662725288,431662766288,431662788288,431663597371,431677244038,2042,197250,431677244038,431664581496,0,431663597371,
0,101841,431676657984,431676657984,-1000104471,431677557413,431677576038,431678104996,431678159580,431709991316,431677549830,16666666,431678631913,431678830830,431678913580,431679589538,431693743038,2291,377167,431693743038,431680404788,0,431679589538,
0,101849,431693324650,431693324650,0,431693949413,431693950330,431694718413,431694755913,431726657982,431693943663,16666666,431695341955,431695563830,431695679621,431696439038,431710559413,2167,211625,431710559413,431697118080,0,431696439038,
0,101857,431709991316,431709991316,0,431710747080,431710748038,431710748455,431710800246,431743324648,431710741163,16666666,431711365871,431711568663,431711735080,431713007996,431727451413,2417,162208,431727451413,431713806496,0,431713007996,
0,101865,431726657982,431726657982,0,431728977371,431728978288,431728978830,431729032538,431759991314,431728971705,16666666,431729359788,431729491038,431729526955,431730312663,431732562538,4417,1346875,431732500288,431732562538,0,431730312663,
0,101873,431743324648,431743324648,-510176509,431744340455,431744475496,431744475871,431744513288,431776657980,431744336371,16666666,431744912580,431745030580,431745182871,431746070830,431760718663,1625,83250,431760718663,431746832788,0,431746070830,
0,101881,431759991314,431759991314,-672889613,431760913705,431761782205,431761959746,431761986538,431793324646,431760908288,16666666,431763147913,431763208913,431763231830,431764329038,431777126080,1959,180958,431777126080,431765717121,0,431764329038,
0,101889,431776657980,431776657980,-718661454,431777870038,431778897288,431779125288,431779158580,431809991312,431777862580,16666666,431779304705,431779485038,431779523663,431780253288,431793688955,2625,170834,431793688955,431781228080,0,431780253288,
0,101897,431793324646,431793324646,-451252407,431794148288,431795066205,431795253163,431795280330,431826657978,431794142455,16666666,431795421788,431795662413,431795684580,431796846871,431810552288,3666,292959,431810552288,431797658871,0,431796846871,
0,101905,431809991312,431809991312,-98019594,431811040955,431811706246,431811976121,431812564413,431843324644,431811033871,16666666,431812822496,431812866038,431812896663,431813714955,431815053788,4291,729083,431814973413,431815053788,0,431813714955,
0,101913,431826657978,431826657978,-282506082,431827696080,431829048996,431829303205,431829348080,431859991310,431827688621,16666666,431829530913,431830066496,431830091746,431830991955,431832395246,2667,858291,431832349371,431832395246,0,431830991955,
0,101921,431843324644,431843324644,-55475267,431844187413,431844581163,431844730371,431844753621,431876657976,431844181746,16666666,431844896871,431845431538,431845453913,431847111205,431860448788,2417,154208,431860448788,431847794038,0,431847111205,
0,101929,431859991310,431859991310,-374383053,431860773913,431861197871,431861350205,431861372330,431893324642,431860766996,16666666,431861538913,431861557080,431861618455,431863234288,431877511330,2834,186166,431877511330,431864227246,0,431863234288,
0,101937,431876657976,431876657976,-675235105,431877640830,431878511371,431879064371,431879115705,431909991308,431877634371,16666666,431879339288,431879529288,431879630913,431880516246,431893901621,2416,305458,431893901621,431881426830,0,431880516246,
0,101945,431893324642,431893324642,-53942310,431893903996,431894480080,431894660163,431894686955,431926657974,431893898455,16666666,431894845496,431894984455,431895038496,431895697163,431910675455,2541,264875,431910675455,431896858913,0,431895697163,
0,101953,431909991308,431909991308,-17929072,431911150788,431911726788,431911952080,431911994538,431943324640,431911145121,16666666,431913028830,431913241246,431913266371,431914158871,431927241663,2375,287916,431927241663,431914974246,0,431914158871,
0,101961,431926657974,431926657974,-577102806,431928628413,431929120163,431929284913,431929307955,431959991306,431928623038,16666666,431929449705,431929599288,431929696038,431930411580,431943791913,2416,329708,431943791913,431931336121,0,431930411580,
0,101969,431943324640,431943324640,-907602257,431945005163,431946018788,431946239746,431946270371,431976657972,431944999121,16666666,431946413663,431946583455,431946603996,431947414580,431960526330,2125,113334,431960526330,431948277121,0,431947414580,
0,101977,431959991306,431959991306,-985327446,431960777913,431961473830,431961746621,431961789955,431993324638,431960772121,16666666,431961999246,431962722538,431962746580,431963937413,431977080996,1834,146125,431977080996,431964861205,0,431963937413,
0,101985,431976657972,431976657972,-737502635,431977288121,431978263246,431978479496,431978510788,432009991304,431977282663,16666666,431978828330,431978990955,431979010621,431979690330,431993743996,2709,303125,431993743996,431980740080,0,431979690330,
0,101993,431993324638,431993324638,-590051380,431994154580,431994614413,431994791455,431994968496,432026657970,431994148913,16666666,431995364871,431995601746,431995671246,431996588955,432010493496,2792,230792,432010493496,431997425121,0,431996588955,
0,102001,432009991304,432009991304,-329242163,432010965746,432012494288,432012735663,432012770913,432043324636,432010959163,16666666,432012919038,432013008413,432013107080,432013680746,432027278955,1792,245333,432027278955,432014405413,0,432013680746,
0,102009,432026657970,432026657970,-518553458,432027706705,432028602496,432029704246,432029769205,432059991302,432027699163,16666666,432030263746,432030406205,432030468413,432031294788,432043961205,2167,326875,432043961205,432032202788,0,432031294788,
0,102017,432043324636,432043324636,-811718372,432044503413,432045050413,432045201496,432045238496,432076657968,432044498080,16666666,432045383580,432045796788,432045833538,432047230746,432060587746,2417,218958,432060587746,432047982913,0,432047230746,
0,102025,432059991302,432059991302,-185340502,432060992330,432061447330,432061616621,432061655121,432093324634,432060986371,16666666,432061815413,432062188371,432062953413,432063663288,432065623830,1667,476875,432065590371,432065623830,0,432063663288,
0,102033,432076657968,432076657968,-783012814,432077703246,432078315788,432078615621,432079082163,432109991300,432077695538,16666666,432079350288,432079541413,432079603455,432080457871,432093828121,2542,157042,432093828121,432081137663,0,432080457871,
0,102041,432093324634,432093324634,-651287373,432094118246,432095198621,432096477038,432096546496,432126657966,432094113413,16666666,432096820871,432096971455,432097010871,432097535580,432110674455,2041,127167,432110674455,432098337746,0,432097535580,
0,102049,432109991300,432109991300,-249519390,432110865580,432111001246,432111678996,432111733205,432143324632,432110859955,16666666,432112357205,432112597163,432112640788,432113338330,432127247121,2416,191292,432127247121,432114121830,0,432113338330,
0,102057,432126657966,432126657966,0,432127618371,432127619080,432127983288,432128103121,432159991298,432127613121,16666666,432128231080,432128635413,432128672996,432129723746,432143809955,2708,200542,432143809955,432130501121,0,432129723746,
0,102065,432143324632,432143324632,0,432144447371,432144448746,432145488621,432145536496,432176657964,432144440288,16666666,432145857038,432145934413,432145980705,432146269705,432160712746,1958,156167,432160712746,432147142496,0,432146269705,
0,102073,432159991298,432159991298,0,432160774580,432160776038,432163103205,432163143996,432193324630,432160767121,16666666,432163385413,432163523746,432163579413,432163985288,432177357705,1667,137875,432177357705,432164935788,0,432163985288,
0,102088,432193324630,432193324630,-807989929,432193910080,432194480371,432194875371,432194922288,432209991296,432193903705,16666666,432195394455,432195667496,432195764538,432196183163,432210686121,2375,323167,432210686121,432197280663,0,432196183163,
0,102096,432209991296,432209991296,-440808988,432211065330,432211456996,432212350080,432212376246,432243324628,432211060080,16666666,432212489621,432212603871,432212662121,432213476955,432227221538,3083,400833,432227221538,432214349538,0,432213476955,
0,102104,432226657962,432226657962,-212520430,432227756788,432229320455,432229498580,432229525913,432259991294,432227751246,16666666,432229663455,432229899288,432229931246,432231192830,432243803288,1500,98458,432243803288,432231937580,0,432231192830,
0,102112,432243324628,432243324628,-831124755,432244195913,432244580913,432244724205,432244745455,432276657960,432244190371,16666666,432244889705,432245226746,432245335663,432246254288,432260714038,3334,264459,432260714038,432247279288,0,432246254288,
0,102120,432259991294,432259991294,-951388356,432260940205,432261460205,432261665330,432261696246,432293324626,432260933288,16666666,432261866663,432261892038,432262022663,432263159288,432277320455,1375,89709,432277320455,432263924496,0,432263159288,
0,102128,432276657960,432276657960,-409491005,432277643955,432278439288,432278979330,432279064496,432309991292,432277635163,16666666,432279353788,432279446663,432279824746,432281080121,432293850372,1667,200375,432293850372,432281738830,0,432281080121,
0,102136,432293324626,432293324626,-754901193,432294081705,432294959205,432295121413,432295151413,432326657958,432294074455,16666666,432295290622,432295578955,432295640247,432297166997,432310833747,1875,103417,432310833747,432297854413,0,432297166997,
0,102144,432309991292,432309991292,-72025380,432310910455,432311755122,432311987080,432312256872,432343324624,432310904080,16666666,432312729788,432312874122,432313169330,432314016413,432327274955,2083,189417,432327274955,432315020580,0,432314016413,
0,102152,432326657958,432326657958,-136460593,432327399580,432327911205,432328422497,432328447455,432359991290,432327394705,16666666,432328625788,432328865038,432329055288,432330141830,432343923372,1459,74417,432343923372,432330818955,0,432330141830,
0,102160,432343324624,432343324624,-508856400,432343990413,432345160247,432345762747,432345799372,432376657956,432343982913,16666666,432345934830,432346029538,432346078830,432346910622,432360635622,1834,299375,432360635622,432347782330,0,432346910622,
0,102168,432359991290,432359991290,-539786911,432360856163,432361799913,432362047663,432362094997,432393324622,432360850080,16666666,432362971580,432363082455,432363144705,432364151163,432377301913,1750,230166,432377301913,432364997288,0,432364151163,
0,102176,432376657956,432376657956,-220124649,432377460622,432377822205,432377970122,432377991788,432409991288,432377455872,16666666,432378127538,432378269413,432378357080,432379588788,432393709997,2125,326750,432393709997,432380927622,0,432379588788,
0,102184,432393324622,432393324622,-428210769,432394179747,432394595538,432394754413,432394776705,432426657954,432394174288,16666666,432394933830,432395178080,432395281455,432396586622,432410521288,1917,277209,432410521288,432397442622,0,432396586622,
0,102192,432409991288,432409991288,-280059518,432410910955,432411752955,432412309288,432412348288,432443324620,432410903580,16666666,432412516372,432412644747,432412735955,432413533038,432427168663,3500,270250,432427168663,432414290788,0,432413533038,
0,102200,432426657954,432426657954,-264139812,432427728830,432429227705,432429605538,432429663413,432459991286,432427721955,16666666,432429821080,432429971163,432430016372,432430711622,432443826538,2042,139084,432443826538,432431423288,0,432430711622,
0,102208,432443324620,432443324620,-767272464,432444151747,432445411080,432446118872,432446175247,432476657952,432444146330,16666666,432446402663,432446650455,432446700038,432447468247,432460792913,3584,431875,432460792913,432448504580,0,432447468247,
0,102216,432459991286,432459991286,-984398656,432461130830,432461910538,432462209497,432462259497,432493324618,432461125372,16666666,432462900330,432463062913,432463169122,432463864705,432478458663,2250,115417,432478458663,432464540830,0,432463864705,
0,102224,432476657952,432476657952,-900396339,432478933538,432479765038,432479933663,432479957913,432509991284,432478928455,16666666,432480438997,432480593413,432480629663,432481208830,432495677872,2500,555750,432495677872,432482600163,0,432481208830,
0,102232,432493324618,432493324618,-108613974,432496496538,432497055538,432497266455,432497295830,432526657950,432496490705,16666666,432497477413,432497922580,432498101705,432498989663,432510733705,259709,88375,432510733705,432499894955,0,432498989663,
0,102240,432509991284,432509991284,-191301077,432510930788,432512697455,432513010497,432513054913,432543324616,432510925580,16666666,432513244497,432513419122,432513459830,432514077955,432527672372,2917,278083,432527672372,432514927997,0,432514077955,
0,102248,432526657950,432526657950,-83674540,432527895872,432528957580,432529475830,432529536247,432559991282,432527890205,16666666,432529952163,432529986872,432530087413,432530894997,432544708705,98708,156458,432544708705,432531913080,0,432530894997,
0,102256,432543324616,432543324616,-936175060,432545240705,432545259372,432545706372,432545757705,432576657948,432545233872,16666666,432545949538,432546220830,432546293622,432547233538,432560444705,3125,617167,432560444705,432548388497,0,432547233538,
0,102264,432559991282,432559991282,0,432560810080,432560810788,432561439580,432561487288,432593324614,432560804455,16666666,432561992747,432562214497,432562265163,432562830788,432577118997,1916,143792,432577118997,432563472913,0,432562830788,
0,102272,432576657948,432576657948,0,432577731288,432577732122,432577732705,432577831955,432609991280,432577725830,16666666,432578339872,432578649413,432578691747,432579668955,432594113205,2000,439500,432594113205,432580675122,0,432579668955,
0,102280,432593324614,432593324614,0,432594528622,432594529705,432594530122,432594577538,432626657946,432594523705,16666666,432595084747,432595289663,432595373122,432596603913,432610647163,2583,106625,432610647163,432597175747,0,432596603913,
0,102288,432609991280,432609991280,0,432611267038,432611268455,432611269038,432611349997,432643324612,432611260038,16666666,432611789497,432612374163,432612527538,432613628538,432627545663,4000,311583,432627545663,432614713580,0,432613628538,
0,102296,432626657946,432626657946,0,432628147288,432628147913,432628148330,432628200663,432659991278,432628141538,16666666,432628569122,432628918622,432628958205,432629579622,432644475997,339167,139625,432644475997,432630696247,0,432629579622,
0,102304,432643324612,432643324612,0,432644932205,432644933247,432644933830,432644984913,432676657944,432644926372,16666666,432645290497,432645538663,432645746122,432646496122,432661361372,2750,307541,432661361372,432647552830,0,432646496122,
0,102312,432659991278,432659991278,0,432662857830,432662858705,432662859205,432662959747,432693324610,432662848663,16666666,432663866705,432664290330,432664319413,432665521038,432677261747,2250,170042,432677261747,432666378580,0,432665521038,
0,102320,432676657944,432676657944,0,432677578372,432677579622,432677580288,432677639455,432709991276,432677572455,16666666,432678600413,432678808663,432678874038,432680131538,432693768788,3042,393125,432693768788,432681563372,0,432680131538,
0,102328,432693324610,432693324610,0,432694328705,432694329497,432694329913,432694380038,432726657942,432694323413,16666666,432694982997,432695475497,432695671455,432696717205,432710554038,1583,132333,432710554038,432697299538,0,432696717205,
0,102336,432709991276,432709991276,0,432711017080,432711018247,432711018830,432711084663,432743324608,432711010538,16666666,432711658413,432712427788,432712530372,432713500205,432727486288,2208,247250,432727486288,432714437872,0,432713500205,
0,102344,432726657942,432726657942,0,432727859580,432727860413,432727860788,432727909913,432759991274,432727854455,16666666,432729161122,432729304538,432729338580,432729911622,432744612538,1500,95792,432744612538,432730387080,0,432729911622,
0,102352,432743324608,432743324608,0,432744958455,432744959747,432744960372,432745031163,432776657940,432744950955,16666666,432745763247,432746255622,432746301788,432747016455,432761530622,2292,154375,432761530622,432748790122,0,432747016455,
0,102360,432759991274,432759991274,0,432761676705,432761677872,432761678413,432761739163,432793324606,432761670663,16666666,432762177122,432762613413,432762667205,432763840330,432777079788,2792,2124083,432777079788,432767493997,0,432763840330,
0,102368,432776657940,432776657940,0,432777439872,432777440997,432777441580,432777498788,432809991272,432777434038,16666666,432777877455,432778514913,432778586080,432779465080,432794205997,2583,407083,432794205997,432780479330,0,432779465080,
0,102376,432793324606,432793324606,0,432794659622,432794660705,432794661247,432794723663,432826657938,432794653163,16666666,432795791622,432796187247,432796730080,432797473997,432811579622,2500,153083,432811579622,432798185872,0,432797473997,
0,102384,432809991272,432809991272,0,432811888080,432811888872,432811889288,432811955663,432843324604,432811881622,16666666,432812367997,432812662955,432812722580,432813867247,432827595872,1833,210500,432827595872,432815004538,0,432813867247,
0,102392,432826657938,432826657938,0,432828326497,432828327580,432828327997,432828384330,432859991270,432828320538,16666666,432828728038,432828864955,432828907205,432830343830,432845374122,3125,169709,432845374122,432831094872,0,432830343830,
0,102400,432843324604,432843324604,0,432845640538,432845641705,432845642372,432845711705,432876657936,432845633122,16666666,432846189372,432846556913,432846615163,432847667955,432860674497,4084,253958,432860674497,432848873580,0,432847667955,
0,102408,432859991270,432859991270,0,432860900622,432860901788,432860902455,432861034205,432893324602,432860893122,16666666,432861448830,432861861538,432861911705,432862700413,432877828372,1958,133292,432877828372,432863344580,0,432862700413,
0,102416,432876657936,432876657936,0,432878143247,432878144288,432878144705,432878203372,432909991268,432878137580,16666666,432878519788,432878749455,432878933497,432879901247,432893729497,1417,101167,432893729497,432880669872,0,432879901247,
0,102424,432893324602,432893324602,0,432893890872,432893891705,432893892247,432893942038,432926657934,432893884705,16666666,432894296705,432894870497,432894940830,432895961955,432910515747,2584,166458,432910515747,432897036205,0,432895961955,
0,102432,432909991268,432909991268,0,432910863830,432910864872,432910865247,432910912330,432926657934,432910857747,16666666,432913300413,432913920413,432914384038,432915731663,430894020121,1959,475500,430894020121,432917000205,0,432915731663,
---PROFILEDATA---


View hierarchy:

  dev.polski.grammarmatrix/dev.polski.grammarmatrix.GlassBenchmarkActivity/android.view.ViewRootImpl@6932836
  7 views, 12.02 kB of render nodes


Total ViewRootImpl   : 1
Total attached Views : 7
Total RenderNode     : 12.02 kB (used) / 36.09 kB (capacity)

