Applications Graphics Acceleration Info:
Uptime: 392381 Realtime: 392381

** Graphics info for pid 3816 [dev.polski.grammarmatrix] **

Stats since: 385831842766ns
Total frames rendered: 314
Janky frames: 40 (12.74%)
Janky frames (legacy): 187 (59.55%)
50th percentile: 21ms
90th percentile: 36ms
95th percentile: 48ms
99th percentile: 85ms
Number Missed Vsync: 6
Number High input latency: 479
Number Slow UI thread: 23
Number Slow bitmap uploads: 0
Number Slow issue draw commands: 38
Number Frame deadline missed: 40
Number Frame deadline missed (legacy): 34
HISTOGRAM: 5ms=9 6ms=1 7ms=1 8ms=0 9ms=0 10ms=0 11ms=0 12ms=0 13ms=1 14ms=0 15ms=3 16ms=16 17ms=76 18ms=11 19ms=11 20ms=24 21ms=40 22ms=18 23ms=15 24ms=8 25ms=5 26ms=4 27ms=4 28ms=4 29ms=5 30ms=3 31ms=0 32ms=7 34ms=8 36ms=10 38ms=3 40ms=4 42ms=4 44ms=1 46ms=1 48ms=2 53ms=3 57ms=1 61ms=3 65ms=0 69ms=1 73ms=2 77ms=0 81ms=1 85ms=1 89ms=1 93ms=0 97ms=0 101ms=1 105ms=0 109ms=0 113ms=0 117ms=0 121ms=0 125ms=0 129ms=1 133ms=0 150ms=0 200ms=0 250ms=0 300ms=0 350ms=0 400ms=0 450ms=0 500ms=0 550ms=0 600ms=0 650ms=0 700ms=0 750ms=0 800ms=0 850ms=0 900ms=0 950ms=0 1000ms=0 1050ms=0 1100ms=0 1150ms=0 1200ms=0 1250ms=0 1300ms=0 1350ms=0 1400ms=0 1450ms=0 1500ms=0 1550ms=0 1600ms=0 1650ms=0 1700ms=0 1750ms=0 1800ms=0 1850ms=0 1900ms=0 1950ms=0 2000ms=0 2050ms=0 2100ms=0 2150ms=0 2200ms=0 2250ms=0 2300ms=0 2350ms=0 2400ms=0 2450ms=0 2500ms=0 2550ms=0 2600ms=0 2650ms=0 2700ms=0 2750ms=0 2800ms=0 2850ms=0 2900ms=0 2950ms=0 3000ms=0 3050ms=0 3100ms=0 3150ms=0 3200ms=0 3250ms=0 3300ms=0 3350ms=0 3400ms=0 3450ms=0 3500ms=0 3550ms=0 3600ms=0 3650ms=0 3700ms=0 3750ms=0 3800ms=0 3850ms=0 3900ms=0 3950ms=0 4000ms=0 4050ms=0 4100ms=0 4150ms=0 4200ms=0 4250ms=0 4300ms=0 4350ms=0 4400ms=0 4450ms=0 4500ms=0 4550ms=0 4600ms=0 4650ms=0 4700ms=0 4750ms=0 4800ms=0 4850ms=0 4900ms=0 4950ms=0
50th gpu percentile: 16ms
90th gpu percentile: 25ms
95th gpu percentile: 4950ms
99th gpu percentile: 4950ms
GPU HISTOGRAM: 1ms=0 2ms=10 3ms=3 4ms=2 5ms=0 6ms=1 7ms=1 8ms=5 9ms=4 10ms=4 11ms=7 12ms=3 13ms=24 14ms=42 15ms=42 16ms=16 17ms=28 18ms=34 19ms=20 20ms=11 21ms=10 22ms=7 23ms=5 24ms=3 25ms=3 4950ms=29

Pipeline=Skia (OpenGL)
Memory policy:
  Max surface area: 2592000
  Max resource usage: 124.42MB (x48)
  Background retention: 50% (altUiHidden = true)
  GPU Context timeout: 10
Contexts: 1 (stopped = 0)
CPU Caches:
  Glyph Cache: 33.70 KB (1 entry)
  Glyph Count: 11 
Total CPU memory usage:
  34510 bytes, 33.70 KB (0.00 bytes is purgeable)
GPU Caches:
  Other:
    Other: 49.27 KB (1 entry)
    Buffer Object: 36.00 KB (1 entry)
  Scratch:
    RenderTarget: 11.88 MB (1 entry)
    Buffer Object: 110.00 KB (3 entries)
    Texture: 2.00 MB (1 entry)
Total GPU memory usage:
  14748944 bytes, 14.07 MB (11.94 MB is purgeable)

GraphicBufferAllocator buffers:
        Handle |        Size |     W (Stride) x H | Layers |   Format |      Usage | Requestor
0xb400007b2c426ab0 |     unknown | 1080 (   0) x 2400 |      1 |        1 | 0x     b00 | VRI[GlassBenchmarkActivity]#0(BLAST Consumer)0
0xb400007b2c427e60 |     unknown | 1080 (   0) x 2400 |      1 |        1 | 0x     b00 | VRI[GlassBenchmarkActivity]#0(BLAST Consumer)0
0xb400007b2c4282e0 |     unknown | 1080 (   0) x 2400 |      1 |        1 | 0x     b00 | VRI[GlassBenchmarkActivity]#0(BLAST Consumer)0
Total allocated by GraphicBufferAllocator (estimate): 0.00 KB
GoldfishAllocator::dumpDebugInfo is not implemented
Profile data in ms:

	dev.polski.grammarmatrix/dev.polski.grammarmatrix.GlassBenchmarkActivity/android.view.ViewRootImpl@6932836 (visibility=0)
Window: dev.polski.grammarmatrix/dev.polski.grammarmatrix.GlassBenchmarkActivity
Stats since: 385831841683ns
Total frames rendered: 314
Janky frames: 40 (12.74%)
Janky frames (legacy): 187 (59.55%)
50th percentile: 21ms
90th percentile: 36ms
95th percentile: 48ms
99th percentile: 85ms
Number Missed Vsync: 6
Number High input latency: 479
Number Slow UI thread: 23
Number Slow bitmap uploads: 0
Number Slow issue draw commands: 38
Number Frame deadline missed: 40
Number Frame deadline missed (legacy): 34
HISTOGRAM: 5ms=9 6ms=1 7ms=1 8ms=0 9ms=0 10ms=0 11ms=0 12ms=0 13ms=1 14ms=0 15ms=3 16ms=16 17ms=76 18ms=11 19ms=11 20ms=24 21ms=40 22ms=18 23ms=15 24ms=8 25ms=5 26ms=4 27ms=4 28ms=4 29ms=5 30ms=3 31ms=0 32ms=7 34ms=8 36ms=10 38ms=3 40ms=4 42ms=4 44ms=1 46ms=1 48ms=2 53ms=3 57ms=1 61ms=3 65ms=0 69ms=1 73ms=2 77ms=0 81ms=1 85ms=1 89ms=1 93ms=0 97ms=0 101ms=1 105ms=0 109ms=0 113ms=0 117ms=0 121ms=0 125ms=0 129ms=1 133ms=0 150ms=0 200ms=0 250ms=0 300ms=0 350ms=0 400ms=0 450ms=0 500ms=0 550ms=0 600ms=0 650ms=0 700ms=0 750ms=0 800ms=0 850ms=0 900ms=0 950ms=0 1000ms=0 1050ms=0 1100ms=0 1150ms=0 1200ms=0 1250ms=0 1300ms=0 1350ms=0 1400ms=0 1450ms=0 1500ms=0 1550ms=0 1600ms=0 1650ms=0 1700ms=0 1750ms=0 1800ms=0 1850ms=0 1900ms=0 1950ms=0 2000ms=0 2050ms=0 2100ms=0 2150ms=0 2200ms=0 2250ms=0 2300ms=0 2350ms=0 2400ms=0 2450ms=0 2500ms=0 2550ms=0 2600ms=0 2650ms=0 2700ms=0 2750ms=0 2800ms=0 2850ms=0 2900ms=0 2950ms=0 3000ms=0 3050ms=0 3100ms=0 3150ms=0 3200ms=0 3250ms=0 3300ms=0 3350ms=0 3400ms=0 3450ms=0 3500ms=0 3550ms=0 3600ms=0 3650ms=0 3700ms=0 3750ms=0 3800ms=0 3850ms=0 3900ms=0 3950ms=0 4000ms=0 4050ms=0 4100ms=0 4150ms=0 4200ms=0 4250ms=0 4300ms=0 4350ms=0 4400ms=0 4450ms=0 4500ms=0 4550ms=0 4600ms=0 4650ms=0 4700ms=0 4750ms=0 4800ms=0 4850ms=0 4900ms=0 4950ms=0
50th gpu percentile: 16ms
90th gpu percentile: 25ms
95th gpu percentile: 4950ms
99th gpu percentile: 4950ms
GPU HISTOGRAM: 1ms=0 2ms=10 3ms=3 4ms=2 5ms=0 6ms=1 7ms=1 8ms=5 9ms=4 10ms=4 11ms=7 12ms=3 13ms=24 14ms=42 15ms=42 16ms=16 17ms=28 18ms=34 19ms=20 20ms=11 21ms=10 22ms=7 23ms=5 24ms=3 25ms=3 4950ms=29



---PROFILEDATA---
Flags,FrameTimelineVsyncId,IntendedVsync,Vsync,InputEventId,HandleInputStart,AnimationStart,PerformTraversalsStart,DrawStart,FrameDeadline,FrameInterval,FrameStartTime,SyncQueued,SyncStart,IssueDrawCommandsStart,SwapBuffers,FrameCompleted,DequeueBufferDuration,QueueBufferDuration,GpuCompleted,SwapBuffersCompleted,DisplayPresentTime,CommandSubmissionCompleted,
0,83846,390143326312,390143326312,-147944512,390145817685,390146344351,390146543643,390146579351,390193326310,390145811351,16666666,390146763185,390147806560,390147888435,390148748310,390169227435,15079750,147750,390169227435,390164619018,0,390148748310,
0,83854,390159992978,390159992978,-680696095,390162485101,390163087393,390163656643,390163732560,390209992976,390162479185,16666666,390165052643,390165195726,390165245435,390167146476,390182157351,11065833,140042,390182157351,390180360393,0,390167146476,
0,83862,390176659644,390176659644,-456207923,390178322018,390179151768,390179382643,390179426851,390226659642,390178310810,16666666,390179659226,390180408851,390180451893,390181159601,390199782601,15617750,203083,390199782601,390197846935,0,390181159601,
0,83870,390193326310,390193326310,-668952337,390194622685,390195382310,390195565476,390195589768,390243326308,390194617268,16666666,390197311601,390197883976,390197904018,390198934351,390217768101,14971500,344000,390217768101,390214868185,0,390198934351,
0,83878,390209992976,390209992976,-735397834,390213678935,390214849101,390215104060,390215148976,390259992974,390213672393,16666666,390215342518,390215484018,390215714018,390217009518,390232127976,12441833,152333,390232127976,390230476601,0,390217009518,
0,83886,390226659642,390226659642,-435690669,390228938268,390229571060,390229723810,390229759560,390276659640,390228932518,16666666,390229909101,390230517560,390230539851,390231318101,390255567935,21119375,193875,390255567935,390253366435,0,390231318101,
0,83894,390243326308,390243326308,-663892651,390248993601,390251163560,390252567810,390252647643,390293326306,390248984851,16666666,390252922185,390253422476,390253450726,390255052310,390267593185,9930792,120208,390267593185,390265562351,0,390255052310,
0,83902,390259992974,390259992974,-815515181,390264514810,390265320435,390265506226,390265540851,390309992972,390264508643,16666666,390265795226,390265972810,390265994935,390266731351,390283585185,13859667,237542,390283585185,390281522268,0,390266731351,
0,83910,390276659640,390276659640,-824995523,390278715810,390279298935,390279532976,390279577143,390326659638,390278709226,16666666,390279803351,390281609560,390281667976,390282581185,390299378393,12175042,355667,390299378393,390295922601,0,390282581185,
0,83918,390293326306,390293326306,-41850800,390295438476,390295894018,390296251310,390296301226,390343326304,390295432476,16666666,390296473185,390296629143,390296670976,390298675226,390314783435,13411041,202125,390314783435,390312988101,0,390298675226,
0,83926,390309992972,390309992972,-1042988979,390311237393,390311839935,390312673643,390312722435,390359992970,390311231268,16666666,390312910268,390313027518,390313050601,390313893893,390331738976,14923875,170416,390331738976,390329785226,0,390313893893,
0,83934,390326659638,390326659638,-794791573,390327594935,390328396768,390328705351,390328757435,390376659636,390327589310,16666666,390328978226,390329860893,390329989018,390331185601,390352249602,14810959,593583,390352249602,390347223477,0,390331185601,
0,83942,390343326304,390343326304,-102655838,390345001393,390346004852,390346547393,390346599352,390393326302,390344996143,16666666,390346835810,390347266435,390347622893,390350374602,390368878727,14072083,1205375,390368878727,390366724560,0,390350374602,
0,83950,390359992970,390359992970,-314718816,390364367935,390365484393,390365906143,390365961685,390409992968,390364362393,16666666,390366367268,390366772935,390366808310,390367611018,390389921143,15772709,119583,390389921143,390384706102,0,390367611018,
0,83958,390376659636,390376659636,-394815833,390384511143,390385147060,390385424685,390385461352,390426659634,390384505227,16666666,390385762435,390385997435,390386041810,390387317310,390418688893,28674958,142166,390414475893,390418688893,0,390387317310,
0,83966,390393326302,390393326302,-380628065,390400585685,390401118518,390402077518,390402144560,390443326300,390400579227,16666666,390402449810,390418791227,390418824810,390421576185,390429561477,2167,135333,390429561477,390422461143,0,390421576185,
0,83974,390409992968,390409992968,-739331367,390419979727,390422870643,390423721018,390423758977,390459992966,390419976435,16666666,390424712685,390424945602,390424997893,390425964852,390446711102,2496750,94125,390446711102,390432353810,0,390425964852,
0,83990,390443326300,390443326300,-1055261002,390448800352,390449852560,390450680852,390450733893,390459992966,390448791977,16666666,390450858602,390451112060,390451165310,390452123977,388183969642,20497958,186250,388183969642,390474762935,0,390452123977,
0,83998,390459992966,390459992966,-494108203,390465591727,390466170727,390472931352,390474863518,390476659632,390465585227,16666666,390474873935,390475096893,390475156477,390475973935,390503760810,2500,185583,390503760810,390478994685,0,390475973935,
0,84013,390493326298,390493326298,-991922419,390505042852,390505044727,390509403685,390509449268,390526659630,390503908727,16666666,390510776352,390511909143,390511967143,390515708102,390530597685,1576125,96542,390530597685,390518808352,0,390515708102,
0,84021,390526659630,390526659630,0,390534125727,390534126435,390535741643,390535781893,390559992962,390534120268,16666666,390535888518,390536163102,390536216102,390536556268,390543820852,4321709,100209,390543820852,390542223602,0,390536556268,
0,84029,390543326296,390543326296,0,390549952893,390549954352,390552741602,390552792852,390576659628,390549944977,16666666,390552802352,390553883727,390554785518,390555159893,390561334977,2209,521875,390561334977,390559567560,0,390555159893,
0,84037,390559992962,390559992962,0,390561357268,390561358893,390563821227,390563860185,390593326294,390561346018,16666666,390565365060,390566239018,390566311477,390574079102,390579674143,1458,101417,390579674143,390576458268,0,390574079102,
0,84044,390576659628,390576659628,0,390577192852,390577194185,390577846477,390577894768,390609992960,390577186227,16666666,390578186018,390578351310,390578400768,390578861977,390634901352,33160625,161375,390634901352,390612922727,0,390578861977,
0,84052,390593326294,390609992960,0,390623580518,390623581852,390627810477,390627886977,390659992958,390623573102,16666666,390628274185,390629672227,390629721560,390634904560,390664831893,15946417,2480292,390664831893,390660190727,0,390634904560,
0,84060,390643326292,390643326292,0,390655489602,390655490435,390658231185,390658293185,390693326290,390655484060,16666666,390658305643,390660273268,390660312518,390661697102,390670078810,2963000,317584,390670078810,390668684810,0,390661697102,
0,84068,390659992958,390659992958,0,390664807852,390664809060,390667103018,390667136477,390709992956,390664802143,16666666,390667375977,390668739768,390668777768,390669193227,390683747685,11547709,94916,390683747685,390681721727,0,390669193227,
0,84076,390676659624,390676659624,0,390678159435,390678160602,390678800227,390678849810,390726659622,390678151935,16666666,390679517227,390681788560,390681977310,390682736310,390698391560,13090667,94541,390698391560,390696892560,0,390682736310,
0,84084,390693326290,390693326290,-928358249,390694125060,390694641727,390695192185,390695223768,390743326288,390694118518,16666666,390695415727,390697069977,390697143893,390697783852,390715246268,15048542,128291,390715246268,390713546185,0,390697783852,
0,84092,390709992956,390709992956,-390341156,390711469810,390711916810,390713233810,390713264560,390759992954,390711463143,16666666,390713364893,390713577935,390713603518,390714065185,390733906727,16297625,295209,390733906727,390731626477,0,390714065185,
0,84100,390726659622,390726659622,-1067208638,390728291643,390728644143,390728857643,390728886977,390776659620,390728284977,16666666,390729078018,390731778602,390731895727,390732922977,390752616852,14654291,255959,390752616852,390748643893,0,390732922977,
0,84108,390743326288,390743326288,-918933807,390747077935,390748580310,390748923227,390748965560,390793326286,390747072602,16666666,390749317852,390749424977,390749686393,390751527310,390765649310,11035708,338875,390765649310,390763706560,0,390751527310,
0,84116,390759992954,390759992954,-847119139,390761343810,390761797727,390762420852,390762443852,390809992952,390761337977,16666666,390762712810,390763737185,390763994518,390764778393,390781706435,14596041,105625,390781706435,390780401643,0,390764778393,
0,84124,390776659620,390776659620,-314574824,390777921018,390778378102,390779711227,390779745393,390826659618,390777914268,16666666,390779857185,390780436560,390780478852,390780854935,390799143185,15844375,119750,390799143185,390798095352,0,390780854935,
0,84132,390793326286,390793326286,-4270639,390794289852,390794892685,390795295477,390795337310,390843326284,390794283227,16666666,390795601935,390798167852,390798206268,390798521810,390815070643,14066125,92625,390815070643,390813288643,0,390798521810,
0,84140,390809992952,390809992952,-751365396,390810994185,390811475852,390811951768,390812134643,390859992950,390810987935,16666666,390813152643,390813367268,390813410185,390813833602,390834173768,17331000,371917,390834173768,390832474935,0,390813833602,
0,84148,390826659618,390826659618,-987548581,390829242893,390830040310,390832360310,390832414935,390876659616,390829237352,16666666,390832731477,390832835643,390832879643,390833346810,390848454643,12560459,147625,390848454643,390846782560,0,390833346810,
0,84156,390843326284,390843326284,-904990419,390844286268,390844867310,390845595060,390845630602,390893326282,390844279143,16666666,390845764352,390846828768,390846892060,390847381393,390865187227,14939375,222542,390865187227,390863449102,0,390847381393,
0,84164,390859992950,390859992950,-72520057,390861222935,390861847143,390862293435,390862336185,390909992948,390861217060,16666666,390863370435,390863477102,390863603060,390864195643,390881530102,14295125,277125,390881530102,390879543893,0,390864195643,
0,84172,390876659616,390876659616,-858118119,390877771310,390878400560,390878779810,390878829852,390926659614,390877765477,16666666,390879547393,390879581018,390879623518,390880485060,390897922393,14430250,257583,390897922393,390896191852,0,390880485060,
0,84180,390893326282,390893326282,-9332549,390894152518,390894545227,390895175185,390895539102,390943326280,390894146727,16666666,390895759602,390896220643,390896318602,390897316102,390914705768,15812709,87542,390914705768,390913781352,0,390897316102,
0,84188,390909992948,390909992948,-946296748,390910858352,390911239060,390911778435,390911802602,390959992946,390910851977,16666666,390911930018,390913822435,390913864727,390914162185,390931518893,15453000,80750,390931518893,390930211643,0,390914162185,
0,84196,390926659614,390926659614,-589459590,390927544518,390928640685,390929425768,390929461560,390976659612,390927538435,16666666,390929680185,390930248435,390930286518,390930866643,390947896185,15043208,118167,390947896185,390946611602,0,390930866643,
0,84204,390943326280,390943326280,-968121555,390944512685,390945529310,390945796727,390945824393,390993326278,390944507227,16666666,390946031268,390946633018,390946669060,390946951268,390965430268,15217917,402291,390965430268,390963193018,0,390946951268,
0,84212,390959992946,390959992946,-257950735,390961664560,390962985727,390963719268,390963764352,391009992944,390961659352,16666666,390963943352,390964078935,390964292268,390964934602,390981230685,14055542,80708,390981230685,390979567185,0,390964934602,
0,84220,390976659612,390976659612,-475603049,390977675935,390978370977,390978651102,390978892268,391026659610,390977668810,16666666,390979311560,390979622018,390979689643,390980571685,390999128227,15329541,159208,390999128227,390996622518,0,390980571685,
0,84228,390993326278,390993326278,-707652610,390995381852,390996308310,390996555352,390996599393,391043326276,390995374602,16666666,390996921560,390997101352,390997127518,390998475852,391014425560,13793292,94541,391014425560,391012971435,0,390998475852,
0,84236,391009992944,391009992944,-294277164,391010822310,391011220143,391011385768,391011407435,391059992942,391010816018,16666666,391011568018,391013002060,391013037435,391013778435,391031191102,15151333,186083,391031191102,391029756977,0,391013778435,
0,84244,391026659610,391026659610,-1030476307,391027603852,391028532935,391028741977,391028778727,391076659608,391027596018,16666666,391029389018,391029788685,391029809852,391030502977,391047869644,14729000,167333,391047869644,391045973935,0,391030502977,
0,84252,391043326276,391043326276,-658255812,391044716310,391045732185,391045917560,391045945019,391093326274,391044710685,16666666,391046081852,391046295227,391046314185,391047292269,391064302394,15217625,77750,391064302394,391063135977,0,391047292269,
0,84260,391059992942,391059992942,-1006794404,391061479644,391061495269,391061897227,391061937894,391109992940,391061473602,16666666,391062077727,391063171477,391063206352,391063700894,391080644769,15036750,80417,391080644769,391079438060,0,391063700894,
0,84268,391076659608,391076659608,0,391078130977,391078131602,391078633394,391078674519,391126659606,391078125102,16666666,391079118310,391079461727,391079495394,391080139560,391097463935,15173958,105292,391097463935,391095953935,0,391080139560,
0,84276,391093326274,391093326274,0,391094449019,391094450102,391094450727,391094509185,391143326272,391094442560,16666666,391095238935,391095996269,391096180685,391096888894,391114617560,15342791,184083,391114617560,391112882060,0,391096888894,
0,84284,391109992940,391109992940,0,391110978560,391110979352,391110980060,391111037435,391159992938,391110972644,16666666,391111388352,391112951602,391113019019,391113781935,391130105519,14372041,218792,391130105519,391129038144,0,391113781935,
0,84292,391126659606,391126659606,-721080581,391127625394,391127733810,391127734227,391127788727,391176659604,391127619352,16666666,391128393310,391129069935,391129105477,391129606602,391149763394,17221292,147958,391149763394,391147377185,0,391129606602,
0,84300,391143326272,391143326272,-312644355,391145906852,391146670810,391147358394,391147400185,391193326270,391145901394,16666666,391147572227,391147805060,391147926435,391148984644,391165481560,13489250,100083,391165481560,391163440060,0,391148984644,
0,84308,391159992938,391159992938,-770776186,391161693852,391162996102,391163258519,391163301144,391209992936,391161686685,16666666,391163481852,391163513227,391163624144,391164777935,391181146894,13916709,305000,391181146894,391179456019,0,391164777935,
0,84316,391176659604,391176659604,-1004197004,391177549810,391178124102,391178289394,391178315019,391226659602,391177544060,16666666,391178464435,391179486560,391179522560,391180334810,391199332977,16849500,401917,391199332977,391198063269,0,391180334810,
0,84324,391193326270,391193326270,-827465112,391195357894,391195900269,391196285269,391196336977,391243326268,391195351769,16666666,391196571102,391198129227,391198202935,391198785769,391214888060,14122709,177208,391214888060,391213523894,0,391198785769,
0,84332,391209992936,391209992936,-22101788,391211593894,391212803727,391213337227,391213380769,391259992934,391211587477,16666666,391213519977,391213547144,391213585810,391214281185,391231042019,14152500,203875,391231042019,391229140769,0,391214281185,
0,84340,391226659602,391226659602,-91231335,391227717602,391228994269,391229161602,391229193227,391276659600,391227710644,16666666,391229323935,391229419685,391229462935,391230527560,391249485727,16782625,73041,391249485727,391247893394,0,391230527560,
0,84348,391243326268,391243326268,-891740291,391245684852,391246302102,391246530810,391246573185,391293326266,391245677852,16666666,391246785227,391247954727,391247997352,391248749644,391265728185,14273792,189833,391265728185,391263888019,0,391248749644,
0,84356,391259992934,391259992934,-730644357,391261626435,391262207394,391262444102,391262483602,391309992932,391261620769,16666666,391262681894,391263968352,391264193144,391264891352,391281150560,13287541,315291,391281150560,391279090310,0,391264891352,
0,84364,391276659600,391276659600,-311496578,391277630894,391278396602,391278907435,391278951727,391326659598,391277624935,16666666,391279155019,391279286394,391279306519,391280578352,391298668477,15772459,129417,391298668477,391297035685,0,391280578352,
0,84372,391293326266,391293326266,-868775944,391294461352,391294994352,391295168394,391295193477,391343326264,391294456060,16666666,391295332769,391297120435,391297189352,391298128352,391316622310,15593917,108459,391316622310,391314373227,0,391298128352,
0,84380,391309992932,391309992932,-966307686,391312535185,391313804852,391314123394,391314189852,391359992930,391312527060,16666666,391314441102,391314745310,391314776269,391315405769,391333540602,14319625,357042,391333540602,391331035477,0,391315405769,
0,84388,391326659598,391326659598,-399028125,391328902602,391329658435,391329843144,391329869144,391376659596,391328897144,16666666,391330092435,391331102102,391331169269,391332720310,391348743144,13072417,304416,391348743144,391346719060,0,391332720310,
0,84396,391343326264,391343326264,-61623484,391345640602,391346288519,391346474685,391346522227,391393326262,391345633144,16666666,391346683894,391346765977,391346808144,391347845227,391364763060,14310500,204958,391364763060,391363112394,0,391347845227,
0,84404,391359992930,391359992930,-117386284,391361329560,391361973685,391362219727,391362265602,391409992928,391361322560,16666666,391362485560,391363166977,391363190060,391363858310,391382028477,15007458,220708,391382028477,391379864394,0,391363858310,
0,84412,391376659596,391376659596,-893887727,391378278352,391378786935,391378976519,391379011227,391426659594,391378271935,16666666,391379182894,391379912185,391379949435,391381219727,391397902477,13867792,238334,391397902477,391395944894,0,391381219727,
0,84420,391393326262,391393326262,-169416614,391394239227,391394953685,391395716602,391395766477,391443326260,391394230852,16666666,391395953060,391395981727,391396131685,391397018269,391418015310,18439875,299834,391418015310,391416459810,0,391397018269,
0,84428,391409992928,391409992928,-850587813,391412188810,391412757644,391413430644,391413555227,391459992926,391412183060,16666666,391413931810,391416520269,391416576394,391416886019,391431604102,12067292,361083,391431604102,391430138519,0,391416886019,
0,84436,391426659594,391426659594,-78158828,391427569310,391428926644,391429798977,391429833435,391476659592,391427563394,16666666,391430066019,391430163894,391430212102,391430723185,391450385394,17112334,181833,391450385394,391448770810,0,391430723185,
0,84444,391443326260,391443326260,-667311896,391445792935,391446333644,391448532977,391448594394,391493326258,391445786477,16666666,391448926685,391449045185,391449087394,391449640519,391465417560,12294041,156333,391465417560,391462794352,0,391449640519,
0,84452,391459992926,391459992926,-649430232,391461607727,391462615685,391463020644,391463087102,391509992924,391461600060,16666666,391463453894,391463578185,391463623394,391463993060,391481315685,13934333,146708,391481315685,391479407310,0,391463993060,
0,84460,391476659592,391476659592,-733613147,391477816810,391478262269,391479649144,391479698810,391526659590,391477811477,16666666,391479829185,391479962810,391480152102,391480687019,391510961852,16081792,67334,391510961852,391497469560,0,391480687019,
0,84476,391509992924,391509992924,-665448288,391511301644,391511302935,391512860477,391512901977,391543326256,391511294435,16666666,391512910269,391513053394,391513173685,391513781227,391527714227,7375,147875,391527714227,391514999144,0,391513781227,
0,84484,391526659590,391526659590,0,391527902560,391527903477,391529816102,391529857727,391559992922,391527895227,16666666,391530122310,391530291269,391530371644,391531208060,391544726977,2917,411708,391544726977,391533350310,0,391531208060,
0,84492,391543326256,391543326256,0,391544834144,391544835394,391545608435,391545677894,391576659588,391544827935,16666666,391546786935,391546907519,391546970810,391547421727,391560499685,1959,186334,391560499685,391548517144,0,391547421727,
0,84500,391559992922,391559992922,0,391560772019,391560773102,391562054185,391562105019,391593326254,391560766060,16666666,391562222144,391562455894,391562501102,391562869394,391577264977,3209,366167,391577264977,391563785394,0,391562869394,
0,84508,391576659588,391576659588,0,391577963602,391577964977,391579610144,391579651144,391609992920,391577956644,16666666,391579659394,391579859060,391579882852,391580697102,391594270894,2000,149459,391594270894,391581883935,0,391580697102,
0,84523,391609992920,391609992920,-888979357,391610555852,391611101019,391611574560,391611607977,391626659586,391610550102,16666666,391612708227,391612835977,391612903977,391613369394,391627359144,4167,441084,391627359144,391615239977,0,391613369394,
0,84531,391626659586,391626659586,-372954936,391627733810,391628749435,391629106310,391629141894,391659992918,391627728102,16666666,391629991227,391630228519,391630280269,391630769144,391644187560,2333,170167,391644187560,391631735435,0,391630769144,
0,84539,391643326252,391643326252,-338856747,391644225144,391645635310,391646999769,391647037602,391676659584,391644218227,16666666,391647471769,391647665769,391647756185,391648386727,391660718685,2167,268750,391660718685,391649453435,0,391648386727,
0,84547,391659992918,391659992918,-61990369,391661080019,391661782269,391662524060,391662555060,391693326250,391661074060,16666666,391662779102,391662858185,391662896977,391663382227,391677740352,1583,95708,391677740352,391664215019,0,391663382227,
0,84555,391676659584,391676659584,-554991431,391677959810,391678700852,391679029352,391679068019,391709992916,391677953685,16666666,391679461394,391679483519,391679506394,391680274477,391693738602,2416,299042,391693738602,391681222935,0,391680274477,
0,84563,391693326250,391693326250,-627279506,391694174727,391694885935,391696566602,391696603269,391726659582,391694168935,16666666,391696830102,391696920060,391696954394,391697251977,391710765394,1500,90375,391710765394,391698166060,0,391697251977,
0,84571,391709992916,391709992916,-793393912,391710969894,391711437102,391712578560,391712604644,391743326248,391710962727,16666666,391712687727,391712766060,391712805894,391713166894,391727453685,363792,131542,391727453685,391714433602,0,391713166894,
0,84579,391726659582,391726659582,-296113765,391728188685,391728896852,391729338935,391729388727,391759992914,391728182394,16666666,391729687227,391730096185,391730139060,391730445894,391744912477,1542,170792,391744912477,391731326977,0,391730445894,
0,84587,391743326248,391743326248,-245653946,391745211436,391746073561,391746389102,391746424769,391776659580,391745205811,16666666,391746971144,391747115144,391747153852,391747527769,391761050686,2084,298292,391761050686,391748557769,0,391747527769,
0,84595,391759992914,391759992914,-184236545,391761620436,391762442311,391763225394,391763261519,391793326246,391761613311,16666666,391764119519,391764355769,391764410811,391765574311,391777766102,2334,358417,391777766102,391766488561,0,391765574311,
0,84603,391776659580,391776659580,-374074621,391777758644,391778597561,391778906227,391778960061,391809992912,391777751061,16666666,391779470436,391779574686,391779615269,391780555144,391794560144,3625,643167,391794560144,391782092436,0,391780555144,
0,84611,391793326246,391793326246,-222797739,391794236186,391795033769,391795353394,391795395936,391826659578,391794230561,16666666,391795589144,391795806769,391795868894,391797648852,391810624561,1833,173333,391810624561,391799179977,0,391797648852,
0,84619,391809992912,391809992912,-486636752,391811090186,391812509519,391812695061,391812722269,391843326244,391811084144,16666666,391812871644,391813193727,391813230644,391814524311,391829267769,1792,192375,391829267769,391815674311,0,391814524311,
0,84627,391826659578,391826659578,-970893794,391830026144,391834021894,391834253894,391834300227,391859992910,391829963311,16666666,391834500936,391839119811,391839151394,391849482352,391875330602,4142833,1321208,391875330602,391864874811,0,391849482352,
0,84634,391843326244,391859992910,0,391866785769,391867650061,391867651436,391867748561,391893326242,391866779727,16666666,391868275686,391871574727,391871653269,391874764561,391886354602,8028917,167250,391886354602,391883413269,0,391874764561,
0,84642,391876659576,391876659576,-383208799,391878856936,391879345977,391879501477,391879533769,391909992908,391878850727,16666666,391879670977,391883483436,391883525686,391884932602,391907142477,16445291,190041,391907142477,391902875811,0,391884932602,
0,84650,391893326242,391893326242,-73077657,391901312061,391901960269,391902652936,391902684144,391926659574,391901306436,16666666,391902837102,391902906936,391903326519,391906010686,391956713269,18993125,138584,391956713269,391926215394,0,391906010686,
0,84658,391909992908,391909992908,-699250382,391912431102,391913363061,391913543102,391913598227,391976659572,391912425436,16666666,391913742436,391926289144,391926329852,391940995394,391975119102,17191333,141166,391971026602,391975119102,0,391940995394,
0,84666,391926659574,391943326240,-190345524,391959252311,391959917852,391960264727,391960302727,391993326238,391959244977,16666666,391960717602,391975205186,391975250769,391977605394,391987827561,4130042,121708,391987827561,391983681602,0,391977605394,
0,84674,391959992906,391976659572,-125313613,391977599269,391977606852,391978101436,391978134519,392009992904,391977592269,16666666,391978306477,391985077061,391985128311,391986223561,392000431186,10738833,203167,392000431186,391998707977,0,391986223561,
0,84682,391993326238,391993326238,0,391995580852,391995581894,391995582311,391995639894,392026659570,391995574769,16666666,391996957519,391998787061,391998843686,391999548227,392031519936,31024625,227375,392030392477,392031519936,0,391999548227,
0,84690,392009992904,392009992904,0,392017975311,392017976102,392017976644,392018033644,392059992902,392017968894,16666666,392018464019,392031616186,392031646977,392034719394,392055822436,19914875,143125,392053922977,392055822436,0,392034719394,
0,84698,392026659570,392026659570,0,392032622352,392032622644,392032622977,392032659686,392076659568,392032618352,16666666,392033637436,392055962186,392056049686,392057740269,392070786436,6611459,1345000,392070786436,392066575686,0,392057740269,
0,84706,392043326236,392043326236,0,392056543811,392056544394,392056544686,392056606269,392093326234,392056540019,16666666,392057062852,392066672102,392066736394,392069990436,392082483561,8224125,192417,392082483561,392079209186,0,392069990436,
0,84713,392059992902,392059992902,0,392068724811,392068725519,392068725769,392068776519,392109992900,392068718936,16666666,392069263227,392079287227,392079336352,392081810144,392097826852,13349625,117584,392097826852,392095922144,0,392081810144,
0,84721,392076659568,392076659568,0,392080507811,392080508102,392080508394,392080572644,392126659566,392080504394,16666666,392081527852,392096210311,392096250436,392097061019,392113826394,14598209,133750,392113826394,392112480394,0,392097061019,
0,84729,392093326234,392093326234,0,392096679936,392096680394,392096680811,392096722269,392143326232,392096675186,16666666,392097183394,392112547894,392112587186,392113147519,392131245227,15317084,90542,392131245227,392129340811,0,392113147519,
0,84737,392109992900,392109992900,0,392112998852,392112999394,392112999686,392113047477,392159992898,392112992811,16666666,392113539977,392129441227,392129510727,392130333144,392147069602,14352542,120375,392147069602,392145653394,0,392130333144,
0,84745,392126659566,392126659566,0,392130014561,392130014894,392130015269,392130064061,392176659564,392130010686,16666666,392130418602,392145718144,392145793477,392146414436,392166589811,17658166,136750,392166589811,392164800727,0,392146414436,
0,84753,392143326232,392143326232,0,392146084894,392146085144,392146085436,392146119644,392193326230,392146081269,16666666,392146494227,392164878352,392164920061,392165659394,392182907436,13215375,146584,392182907436,392179958852,0,392165659394,
0,84761,392159992898,392159992898,0,392165352561,392165352977,392165353269,392165398602,392209992896,392165349186,16666666,392165772311,392180384977,392180451936,392182126269,392202204519,13538875,156833,392202204519,392196503061,0,392182126269,
0,84769,392176659564,392176659564,0,392181293102,392181293477,392181293811,392181339644,392226659562,392181285519,16666666,392181651227,392196572561,392196614144,392200697269,392215262602,10827667,136458,392215262602,392213222144,0,392200697269,
0,84777,392193326230,392193326230,0,392199752602,392199753144,392199753394,392199790644,392243326228,392199746352,16666666,392200089436,392213305769,392213364019,392214358227,392232119769,14971000,193500,392232119769,392230288311,0,392214358227,
0,84785,392209992896,392209992896,0,392213716019,392213716436,392213716727,392213759352,392259992894,392213712269,16666666,392214089227,392230362811,392230404311,392231417394,392255193269,16591500,125375,392255193269,392248792436,0,392231417394,
0,84793,392226659562,392226659562,0,392231373102,392231373602,392231374144,392231413269,392276659560,392231368519,16666666,392231680769,392248886102,392249026852,392251608019,392265677227,7758000,166333,392265677227,392263015561,0,392251608019,
0,84801,392243326228,392243326228,0,392250304894,392250305311,392250305602,392250370977,392293326226,392250301019,16666666,392250858936,392263092811,392263137061,392264842227,392282647644,15587958,128209,392282647644,392281372061,0,392264842227,
0,84809,392259992894,392259992894,0,392263519894,392263520352,392263520644,392263568269,392309992892,392263516269,16666666,392263923977,392281447477,392281489561,392282065644,392303835602,19543958,116000,392303835602,392302261477,0,392282065644,
0,84817,392276659560,392276659560,0,392281927644,392281928436,392281928727,392281979394,392326659558,392281921394,16666666,392282357686,392302345269,392302403477,392302807352,392319323019,13192083,190250,392319323019,392317182769,0,392302807352,
0,84825,392293326226,392293326226,0,392303022894,392303023186,392303023477,392303068311,392343326224,392303019602,16666666,392303238686,392317277561,392317342227,392317966311,392351083436,16331375,202042,392351083436,392335714186,0,392317966311,
---PROFILEDATA---


View hierarchy:

  dev.polski.grammarmatrix/dev.polski.grammarmatrix.GlassBenchmarkActivity/android.view.ViewRootImpl@6932836
  7 views, 12.02 kB of render nodes


Total ViewRootImpl   : 1
Total attached Views : 7
Total RenderNode     : 12.02 kB (used) / 36.09 kB (capacity)

