Applications Graphics Acceleration Info:
Uptime: 472532 Realtime: 472532

** Graphics info for pid 3816 [dev.polski.grammarmatrix] **

Stats since: 466925041846ns
Total frames rendered: 331
Janky frames: 6 (1.81%)
Janky frames (legacy): 0 (0.00%)
50th percentile: 17ms
90th percentile: 17ms
95th percentile: 18ms
99th percentile: 19ms
Number Missed Vsync: 0
Number High input latency: 325
Number Slow UI thread: 0
Number Slow bitmap uploads: 0
Number Slow issue draw commands: 6
Number Frame deadline missed: 6
Number Frame deadline missed (legacy): 0
HISTOGRAM: 5ms=6 6ms=0 7ms=0 8ms=0 9ms=0 10ms=0 11ms=0 12ms=0 13ms=0 14ms=0 15ms=1 16ms=119 17ms=175 18ms=14 19ms=13 20ms=3 21ms=0 22ms=0 23ms=0 24ms=0 25ms=0 26ms=0 27ms=0 28ms=0 29ms=0 30ms=0 31ms=0 32ms=0 34ms=0 36ms=0 38ms=0 40ms=0 42ms=0 44ms=0 46ms=0 48ms=0 53ms=0 57ms=0 61ms=0 65ms=0 69ms=0 73ms=0 77ms=0 81ms=0 85ms=0 89ms=0 93ms=0 97ms=0 101ms=0 105ms=0 109ms=0 113ms=0 117ms=0 121ms=0 125ms=0 129ms=0 133ms=0 150ms=0 200ms=0 250ms=0 300ms=0 350ms=0 400ms=0 450ms=0 500ms=0 550ms=0 600ms=0 650ms=0 700ms=0 750ms=0 800ms=0 850ms=0 900ms=0 950ms=0 1000ms=0 1050ms=0 1100ms=0 1150ms=0 1200ms=0 1250ms=0 1300ms=0 1350ms=0 1400ms=0 1450ms=0 1500ms=0 1550ms=0 1600ms=0 1650ms=0 1700ms=0 1750ms=0 1800ms=0 1850ms=0 1900ms=0 1950ms=0 2000ms=0 2050ms=0 2100ms=0 2150ms=0 2200ms=0 2250ms=0 2300ms=0 2350ms=0 2400ms=0 2450ms=0 2500ms=0 2550ms=0 2600ms=0 2650ms=0 2700ms=0 2750ms=0 2800ms=0 2850ms=0 2900ms=0 2950ms=0 3000ms=0 3050ms=0 3100ms=0 3150ms=0 3200ms=0 3250ms=0 3300ms=0 3350ms=0 3400ms=0 3450ms=0 3500ms=0 3550ms=0 3600ms=0 3650ms=0 3700ms=0 3750ms=0 3800ms=0 3850ms=0 3900ms=0 3950ms=0 4000ms=0 4050ms=0 4100ms=0 4150ms=0 4200ms=0 4250ms=0 4300ms=0 4350ms=0 4400ms=0 4450ms=0 4500ms=0 4550ms=0 4600ms=0 4650ms=0 4700ms=0 4750ms=0 4800ms=0 4850ms=0 4900ms=0 4950ms=0
50th gpu percentile: 15ms
90th gpu percentile: 15ms
95th gpu percentile: 16ms
99th gpu percentile: 17ms
GPU HISTOGRAM: 1ms=0 2ms=6 3ms=0 4ms=0 5ms=0 6ms=0 7ms=0 8ms=0 9ms=0 10ms=1 11ms=0 12ms=10 13ms=25 14ms=117 15ms=146 16ms=17 17ms=9 18ms=0 19ms=0 20ms=0 21ms=0 22ms=0 23ms=0 24ms=0 25ms=0 4950ms=0

Pipeline=Skia (OpenGL)
Memory policy:
  Max surface area: 2592000
  Max resource usage: 124.42MB (x48)
  Background retention: 50% (altUiHidden = true)
  GPU Context timeout: 10
Contexts: 1 (stopped = 0)
CPU Caches:
  Glyph Cache: 33.70 KB (1 entry)
  Glyph Count: 11 
Total CPU memory usage:
  34510 bytes, 33.70 KB (0.00 bytes is purgeable)
GPU Caches:
  Other:
    Other: 49.27 KB (1 entry)
    Buffer Object: 36.00 KB (1 entry)
  Scratch:
    RenderTarget: 11.88 MB (1 entry)
    Buffer Object: 110.00 KB (3 entries)
    Texture: 2.00 MB (1 entry)
Total GPU memory usage:
  14748944 bytes, 14.07 MB (68.00 KB is purgeable)

GraphicBufferAllocator buffers:
        Handle |        Size |     W (Stride) x H | Layers |   Format |      Usage | Requestor
0xb400007b2c426ab0 |     unknown | 1080 (   0) x 2400 |      1 |        1 | 0x     b00 | VRI[GlassBenchmarkActivity]#0(BLAST Consumer)0
0xb400007b2c427e60 |     unknown | 1080 (   0) x 2400 |      1 |        1 | 0x     b00 | VRI[GlassBenchmarkActivity]#0(BLAST Consumer)0
0xb400007b2c4282e0 |     unknown | 1080 (   0) x 2400 |      1 |        1 | 0x     b00 | VRI[GlassBenchmarkActivity]#0(BLAST Consumer)0
Total allocated by GraphicBufferAllocator (estimate): 0.00 KB
GoldfishAllocator::dumpDebugInfo is not implemented
Profile data in ms:

	dev.polski.grammarmatrix/dev.polski.grammarmatrix.GlassBenchmarkActivity/android.view.ViewRootImpl@6932836 (visibility=0)
Window: dev.polski.grammarmatrix/dev.polski.grammarmatrix.GlassBenchmarkActivity
Stats since: 466925041513ns
Total frames rendered: 331
Janky frames: 6 (1.81%)
Janky frames (legacy): 0 (0.00%)
50th percentile: 17ms
90th percentile: 17ms
95th percentile: 18ms
99th percentile: 19ms
Number Missed Vsync: 0
Number High input latency: 325
Number Slow UI thread: 0
Number Slow bitmap uploads: 0
Number Slow issue draw commands: 6
Number Frame deadline missed: 6
Number Frame deadline missed (legacy): 0
HISTOGRAM: 5ms=6 6ms=0 7ms=0 8ms=0 9ms=0 10ms=0 11ms=0 12ms=0 13ms=0 14ms=0 15ms=1 16ms=119 17ms=175 18ms=14 19ms=13 20ms=3 21ms=0 22ms=0 23ms=0 24ms=0 25ms=0 26ms=0 27ms=0 28ms=0 29ms=0 30ms=0 31ms=0 32ms=0 34ms=0 36ms=0 38ms=0 40ms=0 42ms=0 44ms=0 46ms=0 48ms=0 53ms=0 57ms=0 61ms=0 65ms=0 69ms=0 73ms=0 77ms=0 81ms=0 85ms=0 89ms=0 93ms=0 97ms=0 101ms=0 105ms=0 109ms=0 113ms=0 117ms=0 121ms=0 125ms=0 129ms=0 133ms=0 150ms=0 200ms=0 250ms=0 300ms=0 350ms=0 400ms=0 450ms=0 500ms=0 550ms=0 600ms=0 650ms=0 700ms=0 750ms=0 800ms=0 850ms=0 900ms=0 950ms=0 1000ms=0 1050ms=0 1100ms=0 1150ms=0 1200ms=0 1250ms=0 1300ms=0 1350ms=0 1400ms=0 1450ms=0 1500ms=0 1550ms=0 1600ms=0 1650ms=0 1700ms=0 1750ms=0 1800ms=0 1850ms=0 1900ms=0 1950ms=0 2000ms=0 2050ms=0 2100ms=0 2150ms=0 2200ms=0 2250ms=0 2300ms=0 2350ms=0 2400ms=0 2450ms=0 2500ms=0 2550ms=0 2600ms=0 2650ms=0 2700ms=0 2750ms=0 2800ms=0 2850ms=0 2900ms=0 2950ms=0 3000ms=0 3050ms=0 3100ms=0 3150ms=0 3200ms=0 3250ms=0 3300ms=0 3350ms=0 3400ms=0 3450ms=0 3500ms=0 3550ms=0 3600ms=0 3650ms=0 3700ms=0 3750ms=0 3800ms=0 3850ms=0 3900ms=0 3950ms=0 4000ms=0 4050ms=0 4100ms=0 4150ms=0 4200ms=0 4250ms=0 4300ms=0 4350ms=0 4400ms=0 4450ms=0 4500ms=0 4550ms=0 4600ms=0 4650ms=0 4700ms=0 4750ms=0 4800ms=0 4850ms=0 4900ms=0 4950ms=0
50th gpu percentile: 15ms
90th gpu percentile: 15ms
95th gpu percentile: 16ms
99th gpu percentile: 17ms
GPU HISTOGRAM: 1ms=0 2ms=6 3ms=0 4ms=0 5ms=0 6ms=0 7ms=0 8ms=0 9ms=0 10ms=1 11ms=0 12ms=10 13ms=25 14ms=117 15ms=146 16ms=17 17ms=9 18ms=0 19ms=0 20ms=0 21ms=0 22ms=0 23ms=0 24ms=0 25ms=0 4950ms=0



---PROFILEDATA---
Flags,FrameTimelineVsyncId,IntendedVsync,Vsync,InputEventId,HandleInputStart,AnimationStart,PerformTraversalsStart,DrawStart,FrameDeadline,FrameInterval,FrameStartTime,SyncQueued,SyncStart,IssueDrawCommandsStart,SwapBuffers,FrameCompleted,DequeueBufferDuration,QueueBufferDuration,GpuCompleted,SwapBuffersCompleted,DisplayPresentTime,CommandSubmissionCompleted,
0,119105,470526656430,470526656430,-181239383,470527863765,470529227056,470529368640,470529393390,470559989762,470527856890,16666666,470529498181,470529784098,470529885390,470530434640,470543895931,1417,66416,470543895931,470531261015,0,470530434640,
0,119113,470543323096,470543323096,-1042505780,470544576306,470545302223,470545494265,470545927765,470576656428,470544569515,16666666,470546082598,470546307723,470546341890,470546957306,470560615931,1667,63375,470560615931,470547762848,0,470546957306,
0,119121,470559989762,470559989762,-108750976,470560859265,470561426390,470561501890,470561527056,470593323094,470560781598,16666666,470561615556,470561839681,470562551931,470563198473,470577242348,1875,140167,470577242348,470563759431,0,470563198473,
0,119129,470576656428,470576656428,-388193221,470577669348,470578249806,470578406306,470578430140,470609989760,470577664848,16666666,470578556223,470578605390,470578689640,470579523056,470593951598,1375,155041,470593951598,470580846348,0,470579523056,
0,119137,470593323094,470593323094,-828957501,470594328931,470594971848,470595208181,470595600973,470626656426,470594322473,16666666,470595862765,470595898848,470595916098,470596706306,470611636598,2458,178000,470611636598,470597477390,0,470596706306,
0,119145,470609989760,470609989760,-445337899,470611804848,470613031098,470613344306,470613370806,470643323092,470611799265,16666666,470613524848,470613708723,470613750806,470614577848,470627579181,2083,335416,470627579181,470615460015,0,470614577848,
0,119153,470626656426,470626656426,-907086902,470627989390,470628516265,470628642890,470628659390,470659989758,470627983098,16666666,470628763681,470628905140,470628940515,470629899931,470644616556,1750,245834,470644616556,470630833890,0,470629899931,
0,119161,470643323092,470643323092,-609889093,470645099598,470645685848,470645935431,470645974181,470676656424,470645092806,16666666,470646464223,470646569473,470646599515,470647464056,470661330598,5792,146084,470661330598,470648261556,0,470647464056,
0,119169,470659989758,470659989758,-844503446,470661373140,470662176056,470662298848,470662320931,470693323090,470661369515,16666666,470662421765,470662661681,470662708431,470663988598,470677480098,1791,279416,470677480098,470665106306,0,470663988598,
0,119177,470676656424,470676656424,-904665507,470677815556,470678563931,470678679306,470678697598,470709989756,470677811140,16666666,470678808681,470679305223,470679364098,470680556348,470693862431,1417,71625,470693862431,470681137015,0,470680556348,
0,119185,470693323090,470693323090,-619182418,470694090223,470694491806,470694630473,470694661223,470726656422,470694085598,16666666,470694785015,470694905931,470694944556,470695729806,470710517848,566458,366625,470710517848,470697417056,0,470695729806,
0,119193,470709989756,470709989756,-973691134,470710832390,470711447556,470711599473,470711622348,470743323088,470710827223,16666666,470711767890,470711863556,470712681431,470713814181,470727588390,2083,74375,470727588390,470714358890,0,470713814181,
0,119201,470726656422,470726656422,-351468320,470727781140,470728370140,470728506098,470728527973,470759989754,470727775556,16666666,470728662348,470729019431,470729069931,470729936348,470744565515,1625,74125,470744565515,470730496098,0,470729936348,
0,119209,470743323088,470743323088,-336374863,470744877307,470745199807,470745320182,470745338598,470776656420,470744872890,16666666,470745452765,470746084765,470746130265,470747022723,470761004390,1417,62542,470761004390,470747498473,0,470747022723,
0,119217,470759989754,470759989754,-151347513,470761075640,470761740390,470761960265,470762018473,470793323086,470761071348,16666666,470762719973,470763010098,470763064473,470763842265,470777377182,1375,57834,470777377182,470764659973,0,470763842265,
0,119225,470776656420,470776656420,-819552269,470777310723,470777755015,470777889765,470777909182,470809989752,470777306973,16666666,470778026890,470778300890,470778423140,470779763765,470793954348,1875,84625,470793954348,470780636807,0,470779763765,
0,119233,470793323086,470793323086,-981443085,470794232307,470794758807,470794920723,470794943973,470826656418,470794227432,16666666,470795074807,470795129973,470795270973,470796669223,470811543682,1917,75542,470811543682,470797507348,0,470796669223,
0,119241,470809989752,470809989752,-105641260,470811846515,470813069390,470813313557,470813338848,470843323084,470811841973,16666666,470813468598,470813484307,470813523932,470814517390,470827576515,1666,76500,470827576515,470815123598,0,470814517390,
0,119249,470826656418,470826656418,-50657298,470827873057,470828787557,470829021140,470829058723,470859989750,470827869015,16666666,470829228932,470829544098,470829563390,470830594682,470844605640,1458,80667,470844605640,470831229390,0,470830594682,
0,119257,470843323084,470843323084,-34384226,470844464932,470844475390,470844968432,470845004390,470876656416,470844459682,16666666,470845157515,470845388598,470845731098,470846986848,470861231848,1875,75792,470861231848,470847709973,0,470846986848,
0,119265,470859989750,470859989750,0,470861622598,470861623348,470862000223,470862034223,470893323082,470861617265,16666666,470862157682,470862301765,470862375515,470863318557,470877102765,2084,354292,470877102765,470864545057,0,470863318557,
0,119273,470876656416,470876656416,0,470877370265,470877370932,470877958265,470877993432,470909989748,470877365057,16666666,470878587307,470878776015,470878834848,470879166932,470893771640,1667,151209,470893771640,470879970265,0,470879166932,
0,119281,470893323082,470893323082,0,470894227890,470894228557,470894695140,470894729390,470926656414,470894222557,16666666,470895082723,470895285765,470895349973,470896153932,470910406807,1958,144125,470910406807,470896909890,0,470896153932,
0,119296,470926656414,470926656414,-345545370,470927503682,470928090765,470928318348,470928345682,470943323080,470927497682,16666666,470928559765,470928659765,470928701807,470929285390,470943842140,1458,80916,470943842140,470930092223,0,470929285390,
0,119304,470943323080,470943323080,-735044989,470944520598,470945039807,470945742098,470945793432,470976656412,470944515265,16666666,470945994723,470946021723,470946057640,470946794015,470960788348,1625,79334,470960788348,470947464307,0,470946794015,
0,119312,470959989746,470959989746,-122089170,470960844557,470961540682,470961714265,470961739390,470993323078,470960839932,16666666,470961875432,470962507015,470962526598,470963315973,470977267723,1542,74833,470977267723,470963810473,0,470963315973,
0,119320,470976656412,470976656412,-227068294,470977580682,470978343557,470978522682,470978544265,471009989744,470977575598,16666666,470978675348,470979124932,470979144723,470979730015,470993908432,2250,83792,470993908432,470980609348,0,470979730015,
0,119328,470993323078,470993323078,-1017815678,470994271348,470994689890,470994834640,470994854890,471026656410,470994265765,16666666,470995009682,470995267307,470995306348,470996548473,471010495682,1875,71667,471010495682,470997345890,0,470996548473,
0,119336,471009989744,471009989744,-251321259,471010767848,471011403807,471011545557,471011567432,471043323076,471010764307,16666666,471011681932,471011900223,471011967890,471012929598,471027657515,1417,56250,471027657515,471013667182,0,471012929598,
0,119344,471026656410,471026656410,-980527052,471027920098,471029067473,471029251640,471029280182,471059989742,471027915223,16666666,471029451807,471029694015,471029776973,471030500223,471044656932,1500,105834,471044656932,471031071807,0,471030500223,
0,119352,471043323076,471043323076,-386713582,471045069557,471045458640,471045607973,471045628682,471076656408,471045063932,16666666,471045784890,471046037057,471046230015,471047302432,471061330182,2291,171125,471061330182,471048132098,0,471047302432,
0,119360,471059989742,471059989742,-143332643,471061568015,471061969098,471062141015,471062165848,471093323074,471061562640,16666666,471062299223,471062599223,471062635182,471063478515,471077457890,1458,148083,471077457890,471064169598,0,471063478515,
0,119368,471076656408,471076656408,-86669144,471077556265,471078064932,471078230890,471078256348,471109989740,471077551307,16666666,471078390432,471078483223,471078601765,471079529223,471094762973,1875,74792,471094762973,471080727015,0,471079529223,
0,119376,471093323074,471093323074,-637369512,471095035098,471095865057,471096528890,471096556348,471126656406,471095029765,16666666,471096702182,471097035098,471097135182,471097880515,471110612348,2166,97041,471110612348,471098577932,0,471097880515,
0,119384,471109989740,471109989740,-643368910,471111086098,471111659723,471112631515,471112655848,471143323072,471111081057,16666666,471113030432,471113285057,471113362557,471114161932,471127395265,1792,143791,471127395265,471114879223,0,471114161932,
0,119392,471126656406,471126656406,-61584014,471129055390,471129912765,471130154515,471130202598,471159989738,471129049557,16666666,471130415682,471130546765,471130588057,471131487890,471143873348,2042,139500,471143873348,471132924973,0,471131487890,
0,119400,471143323072,471143323072,-622009284,471144563682,471145086307,471145247932,471145277265,471176656404,471144557473,16666666,471145855473,471145931848,471146026807,471146727223,471161184390,1750,100666,471161184390,471147366557,0,471146727223,
0,119408,471159989738,471159989738,-729147315,471161475765,471162242682,471162421348,471162450932,471193323070,471161470098,16666666,471162611765,471163005015,471163093140,471163742015,471177108932,1959,158625,471177108932,471164630723,0,471163742015,
0,119416,471176656404,471176656404,-661702261,471178633140,471179248598,471179464182,471179492723,471209989736,471178626390,16666666,471179631307,471179917223,471180207932,471181185890,471193774765,1541,112208,471193774765,471181843557,0,471181185890,
0,119424,471193323070,471193323070,-894666357,471194391182,471194787682,471194958265,471194979265,471226656402,471194385307,16666666,471195279598,471195401807,471195490348,471196524723,471210915807,1584,91292,471210915807,471197166348,0,471196524723,
0,119432,471209989736,471209989736,-396287970,471210910015,471211456598,471211614515,471211636432,471243323068,471210904390,16666666,471211765473,471211891557,471211936265,471213065723,471227517057,1792,87042,471227517057,471213792265,0,471213065723,
0,119440,471226656402,471226656402,-61201363,471227970807,471229446098,471229705265,471229753223,471259989734,471227964932,16666666,471229930848,471230173598,471230215682,471230871348,471244886723,1583,107042,471244886723,471231600140,0,471230871348,
0,119448,471243323068,471243323068,-747672437,471245027515,471245962557,471246136848,471246159848,471276656400,471245022265,16666666,471246289140,471246448223,471246849932,471248490890,471261212432,1625,84583,471261212432,471249267348,0,471248490890,
0,119456,471259989734,471259989734,-192106038,471261385557,471262185223,471262406057,471262481598,471293323066,471261378098,16666666,471262870723,471263021307,471263081557,471264203098,471276989598,2792,1024500,471276989598,471266156723,0,471264203098,
0,119464,471276656400,471276656400,-548195758,471277154140,471277169265,471277589640,471277630973,471309989732,471277148182,16666666,471277789598,471278065848,471278109848,471279061932,471293689057,1792,83292,471293689057,471279745682,0,471279061932,
0,119472,471293323066,471293323066,0,471293892640,471293893515,471294256598,471294445140,471326656398,471293887390,16666666,471294653307,471294942348,471295055140,471296580432,471310596973,2875,200375,471310596973,471297574223,0,471296580432,
0,119480,471309989732,471309989732,0,471311124807,471311125598,471311126182,471311171557,471343323064,471311119723,16666666,471311443390,471311857640,471311877307,471313429848,471327740723,2541,133416,471327740723,471314194765,0,471313429848,
0,119488,471326656398,471326656398,0,471327955723,471327956640,471327957223,471328179932,471359989730,471327948307,16666666,471328502682,471329065140,471329253848,471330260765,471343902723,4583,131625,471343902723,471331178223,0,471330260765,
0,119496,471343323064,471343323064,0,471343878807,471343880223,471343880765,471343951807,471376656396,471343871057,16666666,471345001765,471345233223,471345274598,471346196098,471347752432,1791,567375,471347719265,471347752432,0,471346196098,
0,119504,471359989730,471359989730,-573385207,471361598223,471362415598,471362721223,471362762015,471393323062,471361592432,16666666,471362920932,471363101057,471363234765,471364712348,471377146265,2375,232208,471377146265,471365606682,0,471364712348,
0,119512,471376656396,471376656396,-321559062,471377435057,471377737932,471377844057,471377862973,471409989728,471377431140,16666666,471377961348,471378368473,471378458057,471379539640,471381112890,3542,1108709,471381055015,471381112890,0,471379539640,
0,119520,471393323062,471393323062,-527271941,471393979015,471394438848,471394570140,471394589390,471426656394,471393974848,16666666,471394718598,471394848473,471394911682,471396531348,471410656265,2959,237708,471410656265,471397378307,0,471396531348,
0,119528,471409989728,471409989728,-473342636,471411071765,471411433973,471411575515,471411596723,471443323060,471411066640,16666666,471411724057,471412233015,471412266307,471413365390,471427245515,1875,222750,471427245515,471414455390,0,471413365390,
0,119536,471426656394,471426656394,-307408442,471427636223,471428230057,471428407098,471428435890,471459989726,471427630765,16666666,471428572848,471428886682,471428942057,471430166973,471443894432,1750,169584,471443894432,471430822932,0,471430166973,
0,119544,471443323060,471443323060,-608288583,471444416932,471445099099,471445332390,471445369224,471476656392,471444411432,16666666,471445901765,471446006765,471446138640,471446737765,471460950765,1292,61500,471460950765,471447504140,0,471446737765,
0,119552,471459989726,471459989726,-969485449,471460901432,471461630932,471461787557,471461813432,471493323058,471460895765,16666666,471461962099,471462106057,471462140765,471463734140,471477317224,2458,263500,471477317224,471464454515,0,471463734140,
0,119560,471476656392,471476656392,-994941465,471477568182,471478273932,471478577849,471478604265,471509989724,471477562765,16666666,471478746224,471478842849,471479085682,471480171390,471493769932,1250,68917,471493769932,471480883515,0,471480171390,
0,119568,471493323058,471493323058,-323609276,471494124765,471494435057,471494572515,471494590557,471526656390,471494120224,16666666,471494707557,471494988557,471495402974,471496731849,471510572474,1833,72333,471510572474,471497426307,0,471496731849,
0,119576,471509989724,471509989724,-942969238,471510773974,471511416974,471511671849,471511711224,471543323056,471510768807,16666666,471512513974,471512742765,471512784182,471513991682,471527311557,2292,199917,471527311557,471515209849,0,471513991682,
0,119584,471526656390,471526656390,-545695752,471527470724,471527832474,471527976974,471528744015,471559989722,471527465474,16666666,471529193390,471529270932,471529365849,471530249432,471543912099,1417,69834,471543912099,471530879682,0,471530249432,
0,119592,471543323056,471543323056,-808290099,471544300432,471544653265,471544789099,471544808432,471576656388,471544295390,16666666,471544931307,471546150390,471546198640,471546823182,471560616265,1250,74417,471560616265,471547460724,0,471546823182,
0,119600,471559989722,471559989722,-164254026,471560753307,471561330182,471561531640,471561562765,471593323054,471560747349,16666666,471561716307,471562605932,471562667474,471563732015,471577222182,1709,81208,471577222182,471564508599,0,471563732015,
0,119608,471576656388,471576656388,-377276963,471577618932,471578203182,471578456765,471578492099,471609989720,471577613515,16666666,471579023307,471579345890,471579369765,471580651057,471593854099,1250,89791,471593854099,471581218890,0,471580651057,
0,119616,471593323054,471593323054,-1011561424,471594091724,471594589849,471594740432,471594764432,471626656386,471594086932,16666666,471595287932,471595494140,471595528890,471596125265,471610698765,2667,151166,471610698765,471596934765,0,471596125265,
0,119624,471609989720,471609989720,-360579174,471611121640,471611464974,471611595890,471611614057,471643323052,471611116890,16666666,471611731224,471612231932,471612250349,471613298432,471627355140,1250,73084,471627355140,471613809640,0,471613298432,
0,119632,471626656386,471626656386,-350554934,471627357849,471627805432,471627935307,471627960182,471659989718,471627353057,16666666,471628507307,471629105765,471629144599,471629953099,471643854307,1458,68208,471643854307,471630430890,0,471629953099,
0,119640,471643323052,471643323052,-475272374,471644335349,471645565265,471645834849,471645870890,471676656384,471644329807,16666666,471646026974,471646319724,471646589682,471647449182,471660555932,1750,76416,471660555932,471647934182,0,471647449182,
0,119648,471659989718,471659989718,-951196734,471660960640,471661519057,471662050349,471662077974,471693323050,471660903557,16666666,471662223099,471662339224,471662357057,471663109515,471677350682,288667,89625,471677350682,471663954182,0,471663109515,
0,119656,471676656384,471676656384,-247922433,471677523015,471678065640,471678291765,471678325015,471709989716,471677515682,16666666,471678504099,471678653224,471678700432,471679455349,471695943640,1625,64750,471695943640,471679914140,0,471679455349,
0,119664,471693323050,471693323050,-556150386,471696138557,471696892557,471697320140,471697348682,471726656382,471696133432,16666666,471697493474,471697986557,471698018015,471698780265,471710652265,2917,116709,471710652265,471699639015,0,471698780265,
0,119672,471709989716,471709989716,-144176260,471711209390,471711220849,471712534015,471712573265,471743323048,471711204015,16666666,471712717224,471712871474,471712973390,471713815224,471727541599,1791,90792,471727541599,471714336640,0,471713815224,
0,119680,471726656382,471726656382,0,471728361515,471728362265,471728817182,471728851140,471759989714,471728356724,16666666,471729434515,471729539057,471729580599,471729861390,471743761765,1709,80167,471743761765,471730462057,0,471729861390,
0,119688,471743323048,471743323048,0,471744480307,471744481390,471745051557,471745239099,471776656380,471744472724,16666666,471745541265,471745706307,471745809974,471746113807,471761678515,1625,68917,471761678515,471746805515,0,471746113807,
0,119696,471759989714,471759989714,0,471762996182,471762997057,471763809515,471763856265,471793323046,471762990599,16666666,471764685224,471765180682,471765222099,471765652599,471777366265,1833,96833,471777366265,471766610432,0,471765652599,
0,119704,471776656380,471776656380,0,471777418015,471777419224,471778988849,471779029599,471809989712,471777411307,16666666,471779247724,471779331432,471779372474,471779672890,471793725140,1458,81834,471793725140,471780629849,0,471779672890,
0,119712,471793323046,471793323046,-554113629,471794043140,471794454599,471794699057,471794719932,471826656378,471794037099,16666666,471795313140,471795439890,471795480432,471795950307,471810486974,1792,61833,471810486974,471796751557,0,471795950307,
0,119720,471809989712,471809989712,-152008720,471811683807,471812621599,471813443890,471813480682,471843323044,471811677974,16666666,471813594349,471813715224,471813754474,471814146182,471827094224,1917,155083,471827094224,471815185849,0,471814146182,
0,119728,471826656378,471826656378,-326904846,471827476557,471828497015,471828855099,471828897057,471859989710,471827468724,16666666,471829277890,471829999432,471830068599,471830537099,471843937515,2042,165166,471843937515,471831440057,0,471830537099,
0,119736,471843323044,471843323044,-573750407,471844615474,471845766432,471846583349,471846639640,471876656376,471844608307,16666666,471846981932,471847141724,471847209224,471847908099,471860499515,1541,74875,471860499515,471848551432,0,471847908099,
0,119744,471859989710,471859989710,-951525175,471860828807,471861299474,471861593015,471861636182,471893323042,471860823599,16666666,471861845765,471862023890,471862868640,471863678599,471877084682,4042,301667,471877084682,471864805724,0,471863678599,
0,119752,471876656376,471876656376,-1042082320,471877500224,471878135765,471878793515,471878841932,471909989708,471877494682,16666666,471879042974,471879150265,471879204015,471880311932,471893989307,2125,230791,471893989307,471881337432,0,471880311932,
0,119760,471893323042,471893323042,-411525821,471894150849,471894923765,471895311890,471895346890,471926656374,471894145557,16666666,471895509682,471895815307,471895833724,471897005140,471910800390,2000,148833,471910800390,471897610890,0,471897005140,
0,119768,471909989708,471909989708,-989473156,471910978682,471911555140,471911726015,471911748807,471943323040,471910973599,16666666,471912882640,471913218099,471913469390,471914038515,471927610140,2042,94667,471927610140,471914587682,0,471914038515,
0,119776,471926656374,471926656374,-87365769,471928455307,471929204474,471929390640,471929417224,471959989706,471928448640,16666666,471929559724,471929676599,471929710557,471930394099,471944458057,1625,100875,471944458057,471930924432,0,471930394099,
0,119784,471943323040,471943323040,-521927716,471945176390,471945923765,471946079765,471946108432,471976656372,471945169765,16666666,471946239932,471946254640,471946287640,471947040057,471962984890,1542,84750,471962984890,471947634849,0,471947040057,
0,119792,471959989706,471959989706,-8554328,471963241224,471963925807,471964352890,471964389849,471993323038,471963235432,16666666,471964551557,471964701349,471964720640,471965558057,471977303974,1708,176500,471977303974,471966252099,0,471965558057,
0,119800,471976656372,471976656372,-842465679,471977638140,471978032849,471978190474,471978212515,472009989704,471977632599,16666666,471978737140,471978958682,471978978307,471979838849,471993821974,1917,241334,471993821974,471980875390,0,471979838849,
0,119808,471993323038,471993323038,-1009242415,471994237890,471994786474,471995531640,471995561099,472026656370,471994232182,16666666,471995723224,471995772515,471995805724,471996788765,472013110515,1916,250791,472013110515,471997788182,0,471996788765,
0,119816,472009989704,472009989704,-1050137838,472013529682,472014581974,472014829224,472014873849,472043323036,472013523265,16666666,472015081015,472015181765,472015282265,472015951724,472027422599,2042,259750,472027422599,472016725057,0,472015951724,
0,119824,472026656370,472026656370,-304377700,472027788599,472029070349,472029240557,472029265015,472059989702,472027783057,16666666,472029394474,472029599432,472029635099,472030272390,472047023265,2416,274959,472047023265,472031069307,0,472030272390,
0,119832,472043323036,472043323036,-857192539,472047392557,472048642640,472048832724,472048868390,472076656368,472047387182,16666666,472049003515,472049162682,472049195474,472049985890,472061203390,1875,73625,472061203390,472050496849,0,472049985890,
0,119840,472059989702,472059989702,-666314384,472061595224,472061984307,472062132015,472062153515,472093323034,472061589390,16666666,472062615390,472063054640,472063091140,472063868349,472077297265,1458,101917,472077297265,472064484474,0,472063868349,
0,119848,472076656368,472076656368,-1047269668,472077573140,472078038140,472078198182,472078221349,472109989700,472077563682,16666666,472078361057,472078601515,472078978557,472079646682,472094143974,361458,118250,472094143974,472080681390,0,472079646682,
0,119856,472093323034,472093323034,-613249768,472094219182,472094878765,472095386724,472095417349,472126656366,472094212057,16666666,472095557724,472095747224,472095766515,472097078307,472110829140,1875,129083,472110829140,472098175682,0,472097078307,
0,119864,472109989700,472109989700,-418627636,472110826140,472111399515,472111633099,472111666890,472143323032,472110820640,16666666,472111820307,472112149057,472112168599,472113012307,472127107182,399708,105292,472127107182,472114335765,0,472113012307,
0,119872,472126656366,472126656366,-440139911,472127824515,472128796515,472129004390,472129041265,472159989698,472127817307,16666666,472129214640,472129313515,472129351140,472130110516,472143815349,2667,138917,472143815349,472130999141,0,472130110516,
0,119880,472143323032,472143323032,-262838061,472144512849,472145002766,472145169974,472145201057,472176656364,472144506682,16666666,472145363057,472145497516,472145538057,472146513141,472160667266,2417,95083,472160667266,472147210641,0,472146513141,
0,119888,472159989698,472159989698,-705043535,472160843182,472160855141,472161316599,472161355516,472193323030,472160837682,16666666,472161495766,472161993641,472162052224,472162544182,472177383141,1584,68917,472177383141,472163051099,0,472162544182,
0,119896,472176656364,472176656364,0,472177910516,472177911766,472178502349,472178552224,472209989696,472177903391,16666666,472178701724,472178945307,472178967557,472179618641,472193748849,1917,81708,472193748849,472180236724,0,472179618641,
0,119904,472193323030,472193323030,0,472194103766,472194104474,472194105016,472194158391,472226656362,472194098057,16666666,472194576432,472194675474,472194758516,472195722224,472210737724,1541,68459,472210737724,472196269016,0,472195722224,
0,119912,472209989696,472209989696,0,472210965807,472210966641,472210967099,472211022224,472243323028,472210959266,16666666,472211355474,472211560516,472211633724,472213313016,472227192474,3291,81250,472227192474,472214045307,0,472213313016,
0,119920,472226656362,472226656362,0,472227834016,472227835182,472227835557,472227893307,472259989694,472227828557,16666666,472228518016,472228701307,472228740349,472229358432,472243695974,1584,75625,472243695974,472229929974,0,472229358432,
0,119928,472243323028,472243323028,0,472244822557,472244823724,472244824224,472244883224,472276656360,472244816432,16666666,472245195016,472245703016,472245745016,472246360182,472260593932,2125,104667,472260593932,472246975016,0,472246360182,
0,119936,472259989694,472259989694,0,472260848349,472260849016,472260849516,472260896891,472293323026,472260842349,16666666,472261283849,472261894099,472261939974,472262931891,472277181182,1625,98958,472277181182,472263558099,0,472262931891,
0,119944,472276656360,472276656360,0,472277589349,472277590266,472277590932,472277643141,472309989692,472277583057,16666666,472277974932,472278256932,472278421474,472279286849,472293857057,1958,284084,472293857057,472280350224,0,472279286849,
0,119952,472293323026,472293323026,0,472294237891,472294238641,472294239266,472294292307,472326656358,472294232682,16666666,472294862641,472295078974,472295120099,472295770766,472310607724,1459,138708,472310607724,472296454807,0,472295770766,
0,119960,472309989692,472309989692,0,472310954599,472310955474,472310956057,472311009557,472343323024,472310948724,16666666,472311339182,472311766307,472311875807,472312860766,472327210682,1584,68375,472327210682,472313498807,0,472312860766,
0,119968,472326656358,472326656358,0,472327641141,472327642182,472327642766,472327703016,472359989690,472327635557,16666666,472328442724,472328704557,472328750891,472329617516,472343779849,1500,76042,472343779849,472330109599,0,472329617516,
0,119976,472343323024,472343323024,0,472344341391,472344342349,472344342766,472344392349,472376656356,472344336307,16666666,472344711599,472344874141,472344927932,472345768891,472360457307,3375,77125,472360457307,472346663224,0,472345768891,
0,119984,472359989690,472359989690,0,472360737391,472360738307,472360738849,472360789182,472393323022,472360732307,16666666,472361204307,472361331682,472361371057,472362083141,472377238182,2167,262792,472377238182,472362826724,0,472362083141,
0,119992,472376656356,472376656356,0,472377443891,472377445266,472377445724,472377497557,472409989688,472377437557,16666666,472377873432,472378033141,472378152807,472379115141,472393817849,1833,99000,472393817849,472379989474,0,472379115141,
0,120000,472393323022,472393323022,0,472393982141,472393983099,472393983682,472394037807,472426656354,472393976391,16666666,472394351307,472394721474,472394910516,472395677432,472410579016,2000,122208,472410579016,472396926599,0,472395677432,
0,120008,472409989688,472409989688,0,472411278932,472411279766,472411280391,472411340891,472443323020,472411273099,16666666,472411745807,472412312974,472412336266,472413011057,472427262474,1250,79500,472427262474,472413497141,0,472413011057,
0,120016,472426656354,472426656354,0,472427543141,472427544099,472427544516,472427594516,472459989686,472427537891,16666666,472428370849,472428596516,472428645849,472429293349,472444179141,2000,104958,472444179141,472429946724,0,472429293349,
0,120024,472443323020,472443323020,0,472444563432,472444564474,472444564849,472444615057,472476656352,472444558099,16666666,472445052182,472445568182,472445852849,472447025099,472460531057,1459,164875,472460531057,472447974599,0,472447025099,
0,120032,472459989686,472459989686,0,472460898266,472460899016,472460899391,472460946724,472493323018,472460893057,16666666,472461748891,472462265557,472462304682,472462935641,472477397516,2083,91167,472477397516,472463874682,0,472462935641,
0,120040,472476656352,472476656352,0,472477623974,472477625141,472477625724,472477678974,472509989684,472477617516,16666666,472478120682,472478381682,472478443391,472479438807,472493731599,2125,417750,472493731599,472480556641,0,472479438807,
0,120048,472493323018,472493323018,0,472494007057,472494008099,472494008724,472494065182,472526656350,472494001057,16666666,472494378307,472494551932,472494651099,472495618891,472510759349,1583,326625,472510759349,472496356057,0,472495618891,
0,120056,472509989684,472509989684,0,472510948224,472510949266,472510949682,472511001807,472543323016,472510942391,16666666,472511316766,472511459766,472511578307,472512634099,472527338432,575208,103708,472527338432,472513927141,0,472512634099,
0,120064,472526656350,472526656350,0,472527381641,472527382682,472527383057,472527435766,472543323016,472527375682,16666666,472527899807,472528509849,472528580682,472530927474,470527553181,1500,174708,470527553181,472533520974,0,472530927474,
---PROFILEDATA---


View hierarchy:

  dev.polski.grammarmatrix/dev.polski.grammarmatrix.GlassBenchmarkActivity/android.view.ViewRootImpl@6932836
  7 views, 12.02 kB of render nodes


Total ViewRootImpl   : 1
Total attached Views : 7
Total RenderNode     : 12.02 kB (used) / 36.09 kB (capacity)

