Applications Graphics Acceleration Info:
Uptime: 487893 Realtime: 487893

** Graphics info for pid 3816 [dev.polski.grammarmatrix] **

Stats since: 482305328187ns
Total frames rendered: 328
Janky frames: 8 (2.44%)
Janky frames (legacy): 0 (0.00%)
50th percentile: 17ms
90th percentile: 17ms
95th percentile: 18ms
99th percentile: 19ms
Number Missed Vsync: 0
Number High input latency: 320
Number Slow UI thread: 0
Number Slow bitmap uploads: 0
Number Slow issue draw commands: 8
Number Frame deadline missed: 8
Number Frame deadline missed (legacy): 0
HISTOGRAM: 5ms=11 6ms=0 7ms=0 8ms=0 9ms=0 10ms=0 11ms=0 12ms=0 13ms=0 14ms=0 15ms=1 16ms=121 17ms=171 18ms=12 19ms=12 20ms=0 21ms=0 22ms=0 23ms=0 24ms=0 25ms=0 26ms=0 27ms=0 28ms=0 29ms=0 30ms=0 31ms=0 32ms=0 34ms=0 36ms=0 38ms=0 40ms=0 42ms=0 44ms=0 46ms=0 48ms=0 53ms=0 57ms=0 61ms=0 65ms=0 69ms=0 73ms=0 77ms=0 81ms=0 85ms=0 89ms=0 93ms=0 97ms=0 101ms=0 105ms=0 109ms=0 113ms=0 117ms=0 121ms=0 125ms=0 129ms=0 133ms=0 150ms=0 200ms=0 250ms=0 300ms=0 350ms=0 400ms=0 450ms=0 500ms=0 550ms=0 600ms=0 650ms=0 700ms=0 750ms=0 800ms=0 850ms=0 900ms=0 950ms=0 1000ms=0 1050ms=0 1100ms=0 1150ms=0 1200ms=0 1250ms=0 1300ms=0 1350ms=0 1400ms=0 1450ms=0 1500ms=0 1550ms=0 1600ms=0 1650ms=0 1700ms=0 1750ms=0 1800ms=0 1850ms=0 1900ms=0 1950ms=0 2000ms=0 2050ms=0 2100ms=0 2150ms=0 2200ms=0 2250ms=0 2300ms=0 2350ms=0 2400ms=0 2450ms=0 2500ms=0 2550ms=0 2600ms=0 2650ms=0 2700ms=0 2750ms=0 2800ms=0 2850ms=0 2900ms=0 2950ms=0 3000ms=0 3050ms=0 3100ms=0 3150ms=0 3200ms=0 3250ms=0 3300ms=0 3350ms=0 3400ms=0 3450ms=0 3500ms=0 3550ms=0 3600ms=0 3650ms=0 3700ms=0 3750ms=0 3800ms=0 3850ms=0 3900ms=0 3950ms=0 4000ms=0 4050ms=0 4100ms=0 4150ms=0 4200ms=0 4250ms=0 4300ms=0 4350ms=0 4400ms=0 4450ms=0 4500ms=0 4550ms=0 4600ms=0 4650ms=0 4700ms=0 4750ms=0 4800ms=0 4850ms=0 4900ms=0 4950ms=0
50th gpu percentile: 15ms
90th gpu percentile: 15ms
95th gpu percentile: 16ms
99th gpu percentile: 17ms
GPU HISTOGRAM: 1ms=0 2ms=9 3ms=2 4ms=0 5ms=0 6ms=0 7ms=0 8ms=0 9ms=0 10ms=1 11ms=1 12ms=8 13ms=19 14ms=111 15ms=154 16ms=15 17ms=8 18ms=0 19ms=0 20ms=0 21ms=0 22ms=0 23ms=0 24ms=0 25ms=0 4950ms=0

Pipeline=Skia (OpenGL)
Memory policy:
  Max surface area: 2592000
  Max resource usage: 124.42MB (x48)
  Background retention: 50% (altUiHidden = true)
  GPU Context timeout: 10
Contexts: 1 (stopped = 0)
CPU Caches:
  Glyph Cache: 33.70 KB (1 entry)
  Glyph Count: 11 
Total CPU memory usage:
  34510 bytes, 33.70 KB (0.00 bytes is purgeable)
GPU Caches:
  Other:
    Other: 49.27 KB (1 entry)
    Buffer Object: 36.00 KB (1 entry)
  Scratch:
    RenderTarget: 11.88 MB (1 entry)
    Buffer Object: 110.00 KB (3 entries)
    Texture: 2.00 MB (1 entry)
Total GPU memory usage:
  14748944 bytes, 14.07 MB (68.00 KB is purgeable)

GraphicBufferAllocator buffers:
        Handle |        Size |     W (Stride) x H | Layers |   Format |      Usage | Requestor
0xb400007b2c426ab0 |     unknown | 1080 (   0) x 2400 |      1 |        1 | 0x     b00 | VRI[GlassBenchmarkActivity]#0(BLAST Consumer)0
0xb400007b2c427e60 |     unknown | 1080 (   0) x 2400 |      1 |        1 | 0x     b00 | VRI[GlassBenchmarkActivity]#0(BLAST Consumer)0
0xb400007b2c4282e0 |     unknown | 1080 (   0) x 2400 |      1 |        1 | 0x     b00 | VRI[GlassBenchmarkActivity]#0(BLAST Consumer)0
Total allocated by GraphicBufferAllocator (estimate): 0.00 KB
GoldfishAllocator::dumpDebugInfo is not implemented
Profile data in ms:

	dev.polski.grammarmatrix/dev.polski.grammarmatrix.GlassBenchmarkActivity/android.view.ViewRootImpl@6932836 (visibility=0)
Window: dev.polski.grammarmatrix/dev.polski.grammarmatrix.GlassBenchmarkActivity
Stats since: 482305327979ns
Total frames rendered: 328
Janky frames: 8 (2.44%)
Janky frames (legacy): 0 (0.00%)
50th percentile: 17ms
90th percentile: 17ms
95th percentile: 18ms
99th percentile: 19ms
Number Missed Vsync: 0
Number High input latency: 320
Number Slow UI thread: 0
Number Slow bitmap uploads: 0
Number Slow issue draw commands: 8
Number Frame deadline missed: 8
Number Frame deadline missed (legacy): 0
HISTOGRAM: 5ms=11 6ms=0 7ms=0 8ms=0 9ms=0 10ms=0 11ms=0 12ms=0 13ms=0 14ms=0 15ms=1 16ms=121 17ms=171 18ms=12 19ms=12 20ms=0 21ms=0 22ms=0 23ms=0 24ms=0 25ms=0 26ms=0 27ms=0 28ms=0 29ms=0 30ms=0 31ms=0 32ms=0 34ms=0 36ms=0 38ms=0 40ms=0 42ms=0 44ms=0 46ms=0 48ms=0 53ms=0 57ms=0 61ms=0 65ms=0 69ms=0 73ms=0 77ms=0 81ms=0 85ms=0 89ms=0 93ms=0 97ms=0 101ms=0 105ms=0 109ms=0 113ms=0 117ms=0 121ms=0 125ms=0 129ms=0 133ms=0 150ms=0 200ms=0 250ms=0 300ms=0 350ms=0 400ms=0 450ms=0 500ms=0 550ms=0 600ms=0 650ms=0 700ms=0 750ms=0 800ms=0 850ms=0 900ms=0 950ms=0 1000ms=0 1050ms=0 1100ms=0 1150ms=0 1200ms=0 1250ms=0 1300ms=0 1350ms=0 1400ms=0 1450ms=0 1500ms=0 1550ms=0 1600ms=0 1650ms=0 1700ms=0 1750ms=0 1800ms=0 1850ms=0 1900ms=0 1950ms=0 2000ms=0 2050ms=0 2100ms=0 2150ms=0 2200ms=0 2250ms=0 2300ms=0 2350ms=0 2400ms=0 2450ms=0 2500ms=0 2550ms=0 2600ms=0 2650ms=0 2700ms=0 2750ms=0 2800ms=0 2850ms=0 2900ms=0 2950ms=0 3000ms=0 3050ms=0 3100ms=0 3150ms=0 3200ms=0 3250ms=0 3300ms=0 3350ms=0 3400ms=0 3450ms=0 3500ms=0 3550ms=0 3600ms=0 3650ms=0 3700ms=0 3750ms=0 3800ms=0 3850ms=0 3900ms=0 3950ms=0 4000ms=0 4050ms=0 4100ms=0 4150ms=0 4200ms=0 4250ms=0 4300ms=0 4350ms=0 4400ms=0 4450ms=0 4500ms=0 4550ms=0 4600ms=0 4650ms=0 4700ms=0 4750ms=0 4800ms=0 4850ms=0 4900ms=0 4950ms=0
50th gpu percentile: 15ms
90th gpu percentile: 15ms
95th gpu percentile: 16ms
99th gpu percentile: 17ms
GPU HISTOGRAM: 1ms=0 2ms=9 3ms=2 4ms=0 5ms=0 6ms=0 7ms=0 8ms=0 9ms=0 10ms=1 11ms=1 12ms=8 13ms=19 14ms=111 15ms=154 16ms=15 17ms=8 18ms=0 19ms=0 20ms=0 21ms=0 22ms=0 23ms=0 24ms=0 25ms=0 4950ms=0



---PROFILEDATA---
Flags,FrameTimelineVsyncId,IntendedVsync,Vsync,InputEventId,HandleInputStart,AnimationStart,PerformTraversalsStart,DrawStart,FrameDeadline,FrameInterval,FrameStartTime,SyncQueued,SyncStart,IssueDrawCommandsStart,SwapBuffers,FrameCompleted,DequeueBufferDuration,QueueBufferDuration,GpuCompleted,SwapBuffersCompleted,DisplayPresentTime,CommandSubmissionCompleted,
0,126057,485893322482,485893322482,-871552875,485894030355,485895062147,485895269230,485895452897,485926655814,485894024980,16666666,485895614772,485895745439,485895778980,485896592064,485910627730,1667,164541,485910627730,485897174189,0,485896592064,
0,126065,485909989148,485909989148,-884433728,485910668105,485911290772,485911464355,485911488439,485943322480,485910663147,16666666,485911622522,485912210439,485912250772,485913098230,485927187689,1833,148042,485927187689,485913684480,0,485913098230,
0,126073,485926655814,485926655814,-7281896,485927361230,485927989397,485928621480,485928648522,485959989146,485927355980,16666666,485929068439,485929216105,485929250772,485929838689,485943844147,1875,74708,485943844147,485930404564,0,485929838689,
0,126081,485943322480,485943322480,-261264669,485944485814,485945598272,485945825355,485945869022,485976655812,485944479272,16666666,485946013689,485946107772,485946162647,485946733647,485960630147,1542,91166,485960630147,485947221480,0,485946733647,
0,126089,485959989146,485959989146,-804220445,485960744855,485961374897,485961563272,485961587355,485993322478,485960739480,16666666,485961716355,485961756689,485961918147,485962759730,485977126939,3792,377583,485977126939,485963993314,0,485962759730,
0,126097,485976655812,485976655812,-660176670,485977365480,485977861522,485978024897,485978048689,486009989144,485977360105,16666666,485978210480,485978529855,485978565772,485979295605,485981515480,3500,1601583,485981457564,485981515480,0,485979295605,
0,126105,485993322478,485993322478,-1023635260,485993926939,485994527230,485994736689,485994770939,486026655810,485993921855,16666666,485994934897,485995054564,485995308397,485996641397,486010456939,2042,150875,486010456939,485997536939,0,485996641397,
0,126113,486009989144,486009989144,-122525525,486010858730,486011321564,486011493230,486011536480,486043322476,486010852814,16666666,486011688230,486012167980,486012189605,486012982355,486027263105,2667,297250,486027263105,486013723897,0,486012982355,
0,126121,486026655810,486026655810,-620858625,486027744480,486028691147,486028884522,486028912522,486059989142,486027739355,16666666,486029057064,486029130855,486029231605,486030300897,486043785772,2000,276958,486043785772,486031168022,0,486030300897,
0,126129,486043322476,486043322476,-739978410,486044228730,486044869480,486045028897,486045053022,486076655808,486044223939,16666666,486045193605,486045328689,486045395855,486046529105,486060546230,1709,194042,486060546230,486047161064,0,486046529105,
0,126137,486059989142,486059989142,-112631048,486060981647,486061398605,486061551980,486061575730,486093322474,486060976772,16666666,486061704189,486061959897,486061980939,486062674730,486077022730,242375,148166,486077022730,486063519314,0,486062674730,
0,126145,486076655808,486076655808,-812990474,486077686439,486078619397,486078810439,486078835564,486109989140,486077681064,16666666,486078979647,486079240855,486079303480,486080668439,486093809147,1500,90500,486093809147,486081213064,0,486080668439,
0,126153,486093322474,486093322474,-447376464,486094041605,486094810855,486094986022,486095036105,486126655806,486094035605,16666666,486095177730,486095384772,486095501022,486096982772,486110691897,1958,147417,486110691897,486097665730,0,486096982772,
0,126161,486109989140,486109989140,-405988940,486110819897,486111701022,486111861522,486111886064,486143322472,486110813939,16666666,486112358064,486112645189,486112679731,486113421439,486127655189,2250,401000,486127655189,486114271814,0,486113421439,
0,126169,486126655806,486126655806,-279490660,486127646272,486128300231,486128463522,486128486939,486159989138,486127641397,16666666,486128617647,486129220272,486129262897,486130051897,486144481731,1917,87875,486144481731,486130622064,0,486130051897,
0,126177,486143322472,486143322472,-580565814,486144920439,486145506106,486145736606,486145767981,486176655804,486144913731,16666666,486145918356,486146156814,486146444022,486147111772,486161578439,1625,97292,486161578439,486147650356,0,486147111772,
0,126185,486159989138,486159989138,-565452075,486161727689,486162483564,486162651272,486162674731,486193322470,486161721981,16666666,486162823564,486163200272,486163221897,486164162272,486177269272,1792,131750,486177269272,486164926481,0,486164162272,
0,126193,486176655804,486176655804,-1071147624,486177558147,486177931814,486178083897,486178104022,486209989136,486177552689,16666666,486178237647,486178653189,486178688606,486179620647,486194632897,1375,69042,486194632897,486180482481,0,486179620647,
0,126201,486193322470,486193322470,-283895278,486195055022,486195612689,486195818772,486195869564,486226655802,486195048897,16666666,486196682981,486196886772,486196935731,486197590272,486210904397,1583,87500,486210904397,486198553522,0,486197590272,
0,126209,486209989136,486209989136,-200912745,486211160981,486211676606,486211860439,486211892231,486243322468,486211154397,16666666,486213165689,486213309564,486213401647,486213942772,486227624272,2000,130500,486227624272,486214741397,0,486213942772,
0,126217,486226655802,486226655802,-580586245,486227993522,486228550564,486228955856,486228993939,486259989134,486227987522,16666666,486229125939,486229409064,486229792647,486230789106,486244815106,1917,95416,486244815106,486231371647,0,486230789106,
0,126225,486243322468,486243322468,0,486244843189,486244843897,486245317731,486245351897,486276655800,486244838064,16666666,486245474397,486245912022,486245986231,486246821939,486260675439,1583,74083,486260675439,486247802314,0,486246821939,
0,126233,486259989134,486259989134,0,486261089022,486261090022,486261503564,486261539981,486293322466,486261083814,16666666,486261924981,486261995231,486262048106,486262651106,486277280606,311833,100833,486277280606,486263667939,0,486262651106,
0,126241,486276655800,486276655800,0,486277503731,486277504856,486277989481,486278032439,486309989132,486277497397,16666666,486278465981,486278660981,486278698772,486279276814,486293745064,1792,143166,486293745064,486280557147,0,486279276814,
0,126249,486293322466,486293322466,0,486293884939,486293885522,486294237147,486294270481,486326655798,486293880814,16666666,486294487231,486294610981,486294690231,486295222397,486310832856,1100875,171084,486310832856,486297149481,0,486295222397,
0,126257,486309989132,486309989132,-359016456,486311157397,486311710439,486312814731,486312877522,486343322464,486311151397,16666666,486313237897,486313327481,486313372564,486313830064,486328696897,1750,125709,486328696897,486314376897,0,486313830064,
0,126265,486326655798,486326655798,-938916483,486328763106,486329044231,486329225022,486329244231,486359989130,486328759397,16666666,486329430481,486329446856,486329540439,486330135647,486346602897,1375,65916,486346602897,486331196731,0,486330135647,
0,126273,486343322464,486343322464,-833223701,486347096397,486347851772,486349284481,486349343981,486376655796,486347091481,16666666,486349539147,486349743064,486349808564,486350554022,486360913856,1416,133584,486360913856,486351324397,0,486350554022,
0,126281,486359989130,486359989130,-928339330,486361338397,486361739897,486361900147,486361921856,486393322462,486361335064,16666666,486362045939,486362315731,486362351397,486363398022,486377083314,1375,245541,486377083314,486364252522,0,486363398022,
0,126289,486376655796,486376655796,-800184097,486377469356,486377918814,486378495189,486378520106,486409989128,486377464731,16666666,486378648522,486378851564,486378869189,486379643981,486393853439,2167,276833,486393853439,486380527647,0,486379643981,
0,126297,486393322462,486393322462,-694359226,486393938897,486394446814,486394969314,486395375856,486426655794,486393935647,16666666,486395497397,486395671106,486395754731,486396834314,486410825689,1208,60333,486410825689,486397524439,0,486396834314,
0,126305,486409989128,486409989128,-864468049,486411224606,486411847106,486412443022,486412535356,486443322460,486411218064,16666666,486412816606,486412864981,486412891397,486413764564,486427787147,2250,168459,486427787147,486414340481,0,486413764564,
0,126313,486426655794,486426655794,-788120239,486428196814,486428689939,486428879856,486428912397,486459989126,486428191522,16666666,486429090439,486429615814,486429641689,486430882397,486447072314,3250,343333,486447072314,486431777856,0,486430882397,
0,126321,486443322460,486443322460,-227324082,486447110814,486447601897,486447846356,486447881981,486476655792,486447104814,16666666,486448628689,486448796689,486449187856,486450091772,486463073731,1667,150334,486463073731,486450911522,0,486450091772,
0,126329,486459989126,486459989126,-107662974,486463711356,486464073189,486464203147,486464222397,486493322458,486463707314,16666666,486464348314,486464851647,486464884522,486466117981,486477259314,2083,134000,486477259314,486466919606,0,486466117981,
0,126337,486476655792,486476655792,-292004664,486477735189,486478572314,486478777397,486479270564,486509989124,486477728647,16666666,486479631731,486479728022,486479760522,486480395856,486493964772,2250,165375,486493964772,486481049231,0,486480395856,
0,126345,486493322458,486493322458,-721914721,486494402606,486495059481,486495299606,486495336939,486526655790,486494396147,16666666,486495497731,486495617522,486495640814,486496911064,486510716189,1375,66291,486510716189,486497464439,0,486496911064,
0,126353,486509989124,486509989124,-569313051,486511060939,486511735814,486511898106,486512301981,486543322456,486511055772,16666666,486512547064,486512662522,486512681522,486513762814,486528313439,2333,168000,486528313439,486514360856,0,486513762814,
0,126361,486526655790,486526655790,-246714341,486528139356,486528711231,486528862856,486528887647,486559989122,486528134189,16666666,486529023231,486529226147,486529246272,486530314856,486544532689,1833,107625,486544532689,486530934814,0,486530314856,
0,126369,486543322456,486543322456,-582200148,486545027231,486545824606,486546304314,486546355689,486576655788,486545021106,16666666,486546599356,486546758731,486546801064,486547495147,486560681022,1875,206000,486560681022,486548178647,0,486547495147,
0,126377,486559989122,486559989122,-112090096,486561162481,486561560022,486561689439,486561709772,486593322454,486561157189,16666666,486561828981,486561850772,486561884356,486563034564,486577350522,2333,146500,486577350522,486563852814,0,486563034564,
0,126385,486576655788,486576655788,-281942501,486578697231,486579188981,486579338856,486579361564,486609989120,486578692147,16666666,486579486772,486579667064,486579724856,486580680189,486593826647,1750,100042,486593826647,486581511647,0,486580680189,
0,126393,486593322454,486593322454,-879537740,486594616272,486595057481,486595222106,486595245772,486626655786,486594611022,16666666,486595383147,486595458106,486595505272,486596699606,486613301272,4250,429333,486613301272,486597995231,0,486596699606,
0,126401,486609989120,486609989120,-25171216,486613515106,486613918939,486614074397,486614105356,486643322452,486613439356,16666666,486614235856,486614425689,486614489231,486615477606,486627457356,1125,89375,486627457356,486616890564,0,486615477606,
0,126409,486626655786,486626655786,-156274099,486627695356,486628234314,486628348397,486628366897,486659989118,486627691356,16666666,486628476731,486629010772,486629054439,486629825772,486644919772,2125,163250,486644919772,486630519314,0,486629825772,
0,126417,486643322452,486643322452,-494657170,486645110772,486645847356,486645986314,486646016814,486676655784,486645106564,16666666,486646135981,486646388689,486646435064,486647406939,486661274647,1667,351291,486661274647,486648345814,0,486647406939,
0,126425,486659989118,486659989118,-1030236706,486661491564,486661505522,486661823981,486661861856,486693322450,486661486147,16666666,486662001647,486662270772,486662312356,486663534606,486677114147,1791,84375,486677114147,486664336897,0,486663534606,
0,126433,486676655784,486676655784,0,486677543439,486677544814,486678013522,486678070064,486709989116,486677536439,16666666,486678280689,486678836064,486678881439,486679621689,486693974939,3000,148375,486693974939,486680363397,0,486679621689,
0,126441,486693322450,486693322450,0,486694176814,486694177564,486694177939,486694225856,486726655782,486694171481,16666666,486694588147,486694805147,486694841897,486696621772,486710687522,2084,72292,486710687522,486697312981,0,486696621772,
0,126449,486709989116,486709989116,0,486711136689,486711137772,486711138356,486711199272,486743322448,486711130606,16666666,486711655939,486711955731,486712239064,486713336272,486727128314,2041,177166,486727128314,486714277981,0,486713336272,
0,126457,486726655782,486726655782,-300327262,486727417606,486727599231,486727599606,486727636522,486759989114,486727413147,16666666,486727866856,486727984939,486728104189,486729457231,486744572897,1958,133750,486744572897,486730212606,0,486729457231,
0,126465,486743322448,486743322448,-683317432,486744757397,486745319939,486745525522,486745568939,486776655780,486744751814,16666666,486745700856,486745968814,486746017772,486747089606,486761184481,257250,153250,486761184481,486747925981,0,486747089606,
0,126473,486759989114,486759989114,-597536493,486761518772,486762075564,486762383106,486762438356,486793322446,486761371189,16666666,486763306147,486763438314,486763476356,486764301439,486777160397,1417,78500,486777160397,486764819064,0,486764301439,
0,126481,486776655780,486776655780,-607476027,486777390147,486778075147,486778403981,486779238856,486809989112,486777385356,16666666,486779416606,486779663689,486779695856,486780298564,486794017814,2417,161208,486794017814,486781049314,0,486780298564,
0,126489,486793322446,486793322446,-29321862,486794427814,486794920981,486795063897,486795084731,486826655778,486794422772,16666666,486795241397,486795365106,486795630731,486796414689,486810729773,192167,53125,486810729773,486797193731,0,486796414689,
0,126497,486809989112,486809989112,-977618022,486811193023,486811636439,486811771773,486811803481,486843322444,486811188439,16666666,486811921898,486812768606,486812816689,486813685231,486827669648,1666,66750,486827669648,486814256689,0,486813685231,
0,126505,486826655778,486826655778,-966756200,486828048981,486828255856,486828336148,486828350148,486859989110,486828045523,16666666,486828433939,486828960648,486829138523,486829823356,486844491898,1917,119334,486844491898,486830843648,0,486829823356,
0,126513,486843322444,486843322444,-603261467,486844851356,486845428314,486845568356,486845589523,486876655776,486844847314,16666666,486845707106,486846333314,486846389023,486847368814,486861384273,1625,90750,486861384273,486847977481,0,486847368814,
0,126521,486859989110,486859989110,-197889393,486861815564,486862763814,486863031231,486863076523,486893322442,486861809356,16666666,486863271148,486863397106,486863429564,486864061898,486877043731,1083,71250,486877043731,486864818189,0,486864061898,
0,126529,486876655776,486876655776,-7680044,486877569148,486877993606,486878153106,486878248939,486909989108,486877563023,16666666,486878426148,486878923939,486879004648,486879747023,486895406939,1459,70500,486895406939,486880682064,0,486879747023,
0,126537,486893322442,486893322442,-974678250,486895853814,486896849731,486897044898,486897089398,486926655774,486895847231,16666666,486897355523,486897456523,486897474398,486898232731,486910827398,2833,156042,486910827398,486898906023,0,486898232731,
0,126545,486909989108,486909989108,-383407257,486911331689,486912691231,486912949481,486912991856,486943322440,486911325523,16666666,486913236939,486913384689,486913421064,486913963814,486929376273,1375,125334,486929376273,486914601773,0,486913963814,
0,126553,486926655774,486926655774,-776962036,486929316648,486929993356,486930402523,486930463106,486959989106,486929312106,16666666,486930708898,486930923773,486931044981,486932738231,486944428064,1750,101541,486944428064,486933562398,0,486932738231,
0,126561,486943322440,486943322440,-589525047,486945261398,486945927189,486946079856,486946106023,486976655772,486945256564,16666666,486946254023,486946329564,486946480189,486947533898,486961330939,2416,372709,486961330939,486948429731,0,486947533898,
0,126569,486959989106,486959989106,-793731740,486961512939,486961869398,486962030856,486962051106,486993322438,486961508148,16666666,486962185064,486962507189,486962537814,486963770273,486977464814,1500,84750,486977464814,486964839231,0,486963770273,
0,126577,486976655772,486976655772,-950846068,486977830273,486978261398,486978406523,486978428939,487009989104,486977824981,16666666,486978554648,486979024481,486979105189,486980449689,486993722398,1458,76541,486993722398,486981111773,0,486980449689,
0,126585,486993322438,486993322438,-510535472,486994884314,486995516564,486995713856,486995745773,487026655770,486994824606,16666666,486995907439,486996469064,486996496273,486997423023,487011877939,1375,112125,487011877939,486998029939,0,486997423023,
0,126593,487009989104,487009989104,-708779925,487012300939,487012833898,487013213648,487013243564,487043322436,487012294606,16666666,487013408564,487013574439,487013593231,487014640273,487027274773,1875,84875,487027274773,487015288314,0,487014640273,
0,126601,487026655770,487026655770,-139752381,487027620398,487028449814,487028614564,487028640773,487059989102,487027615689,16666666,487028779981,487029079856,487029137731,487030550314,487044797606,1750,150541,487044797606,487031285856,0,487030550314,
0,126609,487043322436,487043322436,-670122764,487044997856,487045389064,487045546148,487045567648,487076655768,487044993064,16666666,487045692731,487045989231,487046156856,487047298023,487061322481,1750,75667,487061322481,487047894773,0,487047298023,
0,126617,487059989102,487059989102,-549111373,487061636648,487062008564,487062150898,487062171231,487093322434,487061631939,16666666,487062291523,487062544689,487062628981,487063866981,487077522439,1791,131958,487077522439,487064784481,0,487063866981,
0,126625,487076655768,487076655768,-1033194835,487077882398,487078331398,487078500481,487078520981,487109989100,487077878231,16666666,487078630314,487078820314,487079240023,487081234231,487093808981,2708,126625,487093808981,487082057356,0,487081234231,
0,126633,487093322434,487093322434,-30998156,487094137731,487094149481,487094639773,487094698939,487126655766,487094132731,16666666,487094856814,487095392314,487095482898,487096931814,487111580148,1417,68709,487111580148,487097758523,0,487096931814,
0,126641,487109989100,487109989100,0,487111981773,487111982523,487112533106,487112567648,487143322432,487111977064,16666666,487112721523,487112965273,487113001731,487113867314,487128540106,1625,81250,487128540106,487114396439,0,487113867314,
0,126649,487126655766,487126655766,0,487128767314,487128768148,487129248564,487129291856,487159989098,487128761564,16666666,487129780231,487130011023,487130151023,487130505606,487144581398,2375,86667,487144581398,487131060523,0,487130505606,
0,126657,487143322432,487143322432,0,487144900981,487144902148,487145425981,487145470773,487176655764,487144893856,16666666,487145774189,487146143689,487146184731,487146642356,487160902564,2375,62375,487160902564,487147304189,0,487146642356,
0,126672,487176655764,487176655764,-866582808,487177507939,487177943606,487178171731,487178193148,487193322430,487177502273,16666666,487178392273,487178489064,487178524814,487179054814,487193856148,2666,158250,487193856148,487179926648,0,487179054814,
0,126680,487193322430,487193322430,-317536925,487193867106,487194328189,487195014898,487195055814,487226655762,487193861939,16666666,487195218773,487195502023,487195536731,487196577523,487210669939,2375,181333,487210669939,487197372273,0,487196577523,
0,126688,487209989096,487209989096,-384836131,487210888314,487211281939,487211431439,487211462606,487243322428,487210882939,16666666,487211593148,487211631398,487211720481,487213038523,487227448314,2042,132000,487227448314,487213900814,0,487213038523,
0,126696,487226655762,487226655762,-715064210,487227734064,487228361023,487228586273,487228621023,487259989094,487227727898,16666666,487228803356,487229038648,487229080023,487230766231,487244349523,1625,99792,487244349523,487231361523,0,487230766231,
0,126704,487243322428,487243322428,-588293587,487245067439,487246013939,487246205064,487246232814,487276655760,487245061731,16666666,487246369481,487246519023,487246554689,487247228314,487261121523,2250,234667,487261121523,487247897981,0,487247228314,
0,126712,487259989094,487259989094,-174119727,487262456023,487262929023,487263174023,487263208648,487293322426,487262450648,16666666,487263371898,487263523523,487263598773,487265467314,487277192564,2166,189875,487277192564,487266117023,0,487265467314,
0,126720,487276655760,487276655760,-303552998,487278704023,487279176273,487279331898,487279366731,487309989092,487278698856,16666666,487279497731,487279659939,487279743689,487280483564,487293752189,1750,181583,487293752189,487281119481,0,487280483564,
0,126728,487293322426,487293322426,-670404738,487293993273,487294585814,487294740981,487294764523,487326655758,487293987564,16666666,487294907439,487295530398,487295549439,487296622814,487310549856,1833,184833,487310549856,487297214273,0,487296622814,
0,126736,487309989092,487309989092,-732879065,487310836273,487311242523,487311402439,487311427939,487343322424,487310830981,16666666,487311593814,487311809231,487311858481,487312946148,487327297314,1584,161375,487327297314,487313550106,0,487312946148,
0,126744,487326655758,487326655758,-719195046,487327688773,487328385481,487328583773,487328612356,487359989090,487327682106,16666666,487328747356,487328952773,487329018356,487329718398,487343820523,1792,151875,487343820523,487330264856,0,487329718398,
0,126752,487343322424,487343322424,-742540086,487344396898,487345243606,487345652439,487345679356,487376655756,487344391523,16666666,487345807773,487346050314,487346068564,487346672731,487360510648,2208,107959,487360510648,487347240564,0,487346672731,
0,126760,487359989090,487359989090,-743873225,487360854314,487361296439,487361453523,487361476564,487393322422,487360849189,16666666,487361700939,487362026064,487362062648,487362712606,487377264939,821667,83375,487377264939,487364347814,0,487362712606,
0,126768,487376655756,487376655756,-1023768293,487377708314,487378595773,487378805689,487378858314,487409989088,487377701064,16666666,487379020898,487379316564,487379335564,487380789356,487393836606,1958,103875,487393836606,487381356273,0,487380789356,
0,126776,487393322422,487393322422,-869758650,487394186606,487394825981,487395036981,487395071606,487426655754,487394179148,16666666,487395215231,487395236731,487395267523,487396481939,487410614856,2166,169583,487410614856,487397038898,0,487396481939,
0,126784,487409989088,487409989088,-971106937,487411001981,487411541231,487411735773,487411771189,487443322420,487410993898,16666666,487411986939,487412471064,487412809731,487413441356,487427220898,2208,185792,487427220898,487414046898,0,487413441356,
0,126792,487426655754,487426655754,-1000181660,487427651356,487428952856,487429165231,487429202689,487459989086,487427639564,16666666,487429357939,487429458564,487429609939,487430457439,487444121898,2500,303916,487444121898,487431526064,0,487430457439,
0,126800,487443322420,487443322420,-840470593,487444845314,487445398773,487445862023,487445894939,487476655752,487444839898,16666666,487446051606,487446275273,487446294314,487447249314,487460643106,1959,286584,487460643106,487448112106,0,487447249314,
0,126808,487459989086,487459989086,-353768818,487461023606,487461876398,487462066356,487462096773,487493322418,487461018689,16666666,487462237398,487462250856,487462302439,487463088439,487477186064,1667,160167,487477186064,487463665564,0,487463088439,
0,126816,487476655752,487476655752,-795145996,487477611398,487478227648,487478432023,487478469481,487509989084,487477606398,16666666,487478634023,487478800523,487478820314,487479968189,487493959481,2625,189959,487493959481,487480656356,0,487479968189,
0,126824,487493322418,487493322418,-227927774,487493899273,487494758273,487494913273,487494937606,487526655750,487493894064,16666666,487495071189,487495416648,487495436314,487496819939,487510556190,1458,84958,487510556190,487497338731,0,487496819939,
0,126832,487509989084,487509989084,-891749083,487511054481,487511647731,487511867981,487511908898,487543322416,487511047648,16666666,487512609190,487512845106,487512877981,487513744356,487527325648,1792,120042,487527325648,487514594690,0,487513744356,
0,126840,487526655750,487526655750,-218542711,487527372023,487527384773,487527854731,487527893731,487559989082,487527366815,16666666,487528459065,487528762981,487528798148,487529454065,487543762148,1625,68292,487543762148,487529952981,0,487529454065,
0,126848,487543322416,487543322416,0,487545565148,487545566148,487545900481,487545935190,487576655748,487545559981,16666666,487546069315,487546208106,487546241856,487546763398,487560669148,1875,182500,487560669148,487547527773,0,487546763398,
0,126856,487559989082,487559989082,0,487560633690,487560634523,487560635190,487560686148,487593322414,487560627565,16666666,487561169523,487561601398,487561657856,487562757315,487577114898,1666,119000,487577114898,487563426148,0,487562757315,
0,126864,487576655748,487576655748,0,487577775190,487577776190,487577776565,487577826606,487609989080,487577769565,16666666,487578176565,487578412481,487578458981,487579146565,487593819773,1667,98042,487593819773,487579834940,0,487579146565,
0,126872,487593322414,487593322414,0,487594020106,487594021231,487594021773,487594085106,487626655746,487594013440,16666666,487595250523,487595553148,487595598690,487596577356,487610511940,1666,101625,487610511940,487597153648,0,487596577356,
0,126880,487609989080,487609989080,0,487611080565,487611081440,487611082065,487611144898,487643322412,487611073190,16666666,487611576565,487611849940,487611948606,487613057940,487627252940,2292,154416,487627252940,487613710690,0,487613057940,
0,126888,487626655746,487626655746,0,487627555481,487627556440,487627556981,487627607398,487659989078,487627550023,16666666,487627948106,487628351690,487628371481,487629440690,487643845481,1583,64542,487643845481,487629877065,0,487629440690,
0,126896,487643322412,487643322412,0,487644154106,487644154815,487644155315,487644205606,487676655744,487644149190,16666666,487644508106,487645191940,487645231356,487646214898,487660703565,1542,72667,487660703565,487646710690,0,487646214898,
0,126904,487659989078,487659989078,0,487661004648,487661005315,487661005940,487661052648,487693322410,487660999481,16666666,487661457356,487661623065,487661657773,487662750731,487677424065,1292,64667,487677424065,487663212023,0,487662750731,
0,126912,487676655744,487676655744,0,487677389648,487677390315,487677390731,487677434398,487709989076,487677384440,16666666,487677704856,487678229190,487678266440,487679183190,487693937523,2208,72417,487693937523,487679649981,0,487679183190,
0,126920,487693322410,487693322410,0,487694390815,487694392148,487694392606,487694450023,487726655742,487694385315,16666666,487694773315,487694982523,487695072648,487696496023,487710696481,1791,85333,487710696481,487697384815,0,487696496023,
0,126928,487709989076,487709989076,0,487710956815,487710957773,487710958231,487711016606,487743322408,487710951023,16666666,487711337523,487711678356,487711733565,487713247231,487727389606,2042,114750,487727389606,487713943231,0,487713247231,
0,126936,487726655742,487726655742,0,487727774481,487727775731,487727776356,487727839481,487759989074,487727767440,16666666,487728456648,487728621606,487728703815,487729804315,487743813356,2333,123417,487743813356,487730390898,0,487729804315,
0,126944,487743322408,487743322408,0,487744166648,487744167940,487744168315,487744220898,487776655740,487744160815,16666666,487744621565,487744822690,487744880481,487746118231,487760664148,2125,117000,487760664148,487746751606,0,487746118231,
0,126952,487759989074,487759989074,0,487761116898,487761117815,487761118398,487761183356,487793322406,487761109981,16666666,487761561648,487761914606,487761967148,487762896606,487777254690,2291,143500,487777254690,487763509106,0,487762896606,
0,126960,487776655740,487776655740,0,487777566606,487777567565,487777567898,487777618356,487809989072,487777560731,16666666,487777962898,487778510190,487778608981,487779440231,487793934190,1542,141292,487793934190,487780239440,0,487779440231,
0,126968,487793322406,487793322406,0,487794184940,487794185981,487794186523,487794251690,487826655738,487794178731,16666666,487794591565,487794822106,487794966523,487796378481,487810572065,2083,184750,487810572065,487797280898,0,487796378481,
0,126976,487809989072,487809989072,0,487811222148,487811223606,487811224231,487811293148,487843322404,487811214648,16666666,487811889106,487812461065,487812555690,487813191856,487827496481,1500,84083,487827496481,487813790898,0,487813191856,
0,126984,487826655738,487826655738,0,487827865315,487827866231,487827866856,487827934106,487859989070,487827858440,16666666,487828914356,487829099606,487829142856,487829959356,487844146606,2416,162458,487844146606,487831209815,0,487829959356,
0,126992,487843322404,487843322404,0,487844334856,487844335773,487844336315,487844392815,487876655736,487844329690,16666666,487844722773,487845210690,487845255773,487846284648,487860824190,1500,68666,487860824190,487846903648,0,487846284648,
0,127000,487859989070,487859989070,0,487860901231,487860902023,487860902731,487860955231,487893322402,487860895065,16666666,487861431565,487861634606,487861718315,487862840731,487877446523,1875,117917,487877446523,487863640356,0,487862840731,
0,127008,487876655736,487876655736,0,487877466481,487877467565,487877467981,487877525606,487909989068,487877458773,16666666,487877828148,487877918023,487878298440,487880330856,487881589398,3791,630041,487881530315,487881589398,0,487880330856,
0,127016,487893322402,487893322402,0,487895420273,487895421731,487895422273,487895484148,487909989068,487895413398,16666666,487896574981,487896697606,487896742315,487897828731,485893827064,2458,138667,485893827064,487898710356,0,487897828731,
---PROFILEDATA---


View hierarchy:

  dev.polski.grammarmatrix/dev.polski.grammarmatrix.GlassBenchmarkActivity/android.view.ViewRootImpl@6932836
  7 views, 12.02 kB of render nodes


Total ViewRootImpl   : 1
Total attached Views : 7
Total RenderNode     : 12.02 kB (used) / 36.09 kB (capacity)

