Applications Graphics Acceleration Info:
Uptime: 409378 Realtime: 409378

** Graphics info for pid 3816 [dev.polski.grammarmatrix] **

Stats since: 402968437024ns
Total frames rendered: 318
Janky frames: 30 (9.43%)
Janky frames (legacy): 123 (38.68%)
50th percentile: 18ms
90th percentile: 34ms
95th percentile: 57ms
99th percentile: 117ms
Number Missed Vsync: 8
Number High input latency: 446
Number Slow UI thread: 11
Number Slow bitmap uploads: 0
Number Slow issue draw commands: 29
Number Frame deadline missed: 30
Number Frame deadline missed (legacy): 29
HISTOGRAM: 5ms=4 6ms=0 7ms=2 8ms=0 9ms=1 10ms=0 11ms=1 12ms=0 13ms=2 14ms=1 15ms=3 16ms=28 17ms=109 18ms=26 19ms=15 20ms=21 21ms=24 22ms=9 23ms=4 24ms=8 25ms=4 26ms=3 27ms=3 28ms=1 29ms=3 30ms=7 31ms=2 32ms=5 34ms=7 36ms=2 38ms=1 40ms=0 42ms=2 44ms=0 46ms=2 48ms=1 53ms=1 57ms=1 61ms=2 65ms=1 69ms=0 73ms=1 77ms=1 81ms=0 85ms=2 89ms=1 93ms=3 97ms=0 101ms=0 105ms=0 109ms=0 113ms=0 117ms=1 121ms=0 125ms=1 129ms=0 133ms=0 150ms=1 200ms=1 250ms=0 300ms=0 350ms=0 400ms=0 450ms=0 500ms=0 550ms=0 600ms=0 650ms=0 700ms=0 750ms=0 800ms=0 850ms=0 900ms=0 950ms=0 1000ms=0 1050ms=0 1100ms=0 1150ms=0 1200ms=0 1250ms=0 1300ms=0 1350ms=0 1400ms=0 1450ms=0 1500ms=0 1550ms=0 1600ms=0 1650ms=0 1700ms=0 1750ms=0 1800ms=0 1850ms=0 1900ms=0 1950ms=0 2000ms=0 2050ms=0 2100ms=0 2150ms=0 2200ms=0 2250ms=0 2300ms=0 2350ms=0 2400ms=0 2450ms=0 2500ms=0 2550ms=0 2600ms=0 2650ms=0 2700ms=0 2750ms=0 2800ms=0 2850ms=0 2900ms=0 2950ms=0 3000ms=0 3050ms=0 3100ms=0 3150ms=0 3200ms=0 3250ms=0 3300ms=0 3350ms=0 3400ms=0 3450ms=0 3500ms=0 3550ms=0 3600ms=0 3650ms=0 3700ms=0 3750ms=0 3800ms=0 3850ms=0 3900ms=0 3950ms=0 4000ms=0 4050ms=0 4100ms=0 4150ms=0 4200ms=0 4250ms=0 4300ms=0 4350ms=0 4400ms=0 4450ms=0 4500ms=0 4550ms=0 4600ms=0 4650ms=0 4700ms=0 4750ms=0 4800ms=0 4850ms=0 4900ms=0 4950ms=0
50th gpu percentile: 15ms
90th gpu percentile: 22ms
95th gpu percentile: 4950ms
99th gpu percentile: 4950ms
GPU HISTOGRAM: 1ms=0 2ms=6 3ms=4 4ms=0 5ms=3 6ms=4 7ms=3 8ms=4 9ms=1 10ms=3 11ms=12 12ms=17 13ms=26 14ms=64 15ms=51 16ms=21 17ms=19 18ms=24 19ms=10 20ms=10 21ms=3 22ms=5 23ms=2 24ms=1 25ms=3 4950ms=22

Pipeline=Skia (OpenGL)
Memory policy:
  Max surface area: 2592000
  Max resource usage: 124.42MB (x48)
  Background retention: 50% (altUiHidden = true)
  GPU Context timeout: 10
Contexts: 1 (stopped = 0)
CPU Caches:
  Glyph Cache: 33.70 KB (1 entry)
  Glyph Count: 11 
Total CPU memory usage:
  34510 bytes, 33.70 KB (0.00 bytes is purgeable)
GPU Caches:
  Other:
    Other: 49.27 KB (1 entry)
    Buffer Object: 36.00 KB (1 entry)
  Scratch:
    RenderTarget: 11.88 MB (1 entry)
    Buffer Object: 110.00 KB (3 entries)
    Texture: 2.00 MB (1 entry)
Total GPU memory usage:
  14748944 bytes, 14.07 MB (11.94 MB is purgeable)

GraphicBufferAllocator buffers:
        Handle |        Size |     W (Stride) x H | Layers |   Format |      Usage | Requestor
0xb400007b2c426ab0 |     unknown | 1080 (   0) x 2400 |      1 |        1 | 0x     b00 | VRI[GlassBenchmarkActivity]#0(BLAST Consumer)0
0xb400007b2c427e60 |     unknown | 1080 (   0) x 2400 |      1 |        1 | 0x     b00 | VRI[GlassBenchmarkActivity]#0(BLAST Consumer)0
0xb400007b2c4282e0 |     unknown | 1080 (   0) x 2400 |      1 |        1 | 0x     b00 | VRI[GlassBenchmarkActivity]#0(BLAST Consumer)0
Total allocated by GraphicBufferAllocator (estimate): 0.00 KB
GoldfishAllocator::dumpDebugInfo is not implemented
Profile data in ms:

	dev.polski.grammarmatrix/dev.polski.grammarmatrix.GlassBenchmarkActivity/android.view.ViewRootImpl@6932836 (visibility=0)
Window: dev.polski.grammarmatrix/dev.polski.grammarmatrix.GlassBenchmarkActivity
Stats since: 402968436691ns
Total frames rendered: 318
Janky frames: 30 (9.43%)
Janky frames (legacy): 123 (38.68%)
50th percentile: 18ms
90th percentile: 34ms
95th percentile: 57ms
99th percentile: 117ms
Number Missed Vsync: 8
Number High input latency: 446
Number Slow UI thread: 11
Number Slow bitmap uploads: 0
Number Slow issue draw commands: 29
Number Frame deadline missed: 30
Number Frame deadline missed (legacy): 29
HISTOGRAM: 5ms=4 6ms=0 7ms=2 8ms=0 9ms=1 10ms=0 11ms=1 12ms=0 13ms=2 14ms=1 15ms=3 16ms=28 17ms=109 18ms=26 19ms=15 20ms=21 21ms=24 22ms=9 23ms=4 24ms=8 25ms=4 26ms=3 27ms=3 28ms=1 29ms=3 30ms=7 31ms=2 32ms=5 34ms=7 36ms=2 38ms=1 40ms=0 42ms=2 44ms=0 46ms=2 48ms=1 53ms=1 57ms=1 61ms=2 65ms=1 69ms=0 73ms=1 77ms=1 81ms=0 85ms=2 89ms=1 93ms=3 97ms=0 101ms=0 105ms=0 109ms=0 113ms=0 117ms=1 121ms=0 125ms=1 129ms=0 133ms=0 150ms=1 200ms=1 250ms=0 300ms=0 350ms=0 400ms=0 450ms=0 500ms=0 550ms=0 600ms=0 650ms=0 700ms=0 750ms=0 800ms=0 850ms=0 900ms=0 950ms=0 1000ms=0 1050ms=0 1100ms=0 1150ms=0 1200ms=0 1250ms=0 1300ms=0 1350ms=0 1400ms=0 1450ms=0 1500ms=0 1550ms=0 1600ms=0 1650ms=0 1700ms=0 1750ms=0 1800ms=0 1850ms=0 1900ms=0 1950ms=0 2000ms=0 2050ms=0 2100ms=0 2150ms=0 2200ms=0 2250ms=0 2300ms=0 2350ms=0 2400ms=0 2450ms=0 2500ms=0 2550ms=0 2600ms=0 2650ms=0 2700ms=0 2750ms=0 2800ms=0 2850ms=0 2900ms=0 2950ms=0 3000ms=0 3050ms=0 3100ms=0 3150ms=0 3200ms=0 3250ms=0 3300ms=0 3350ms=0 3400ms=0 3450ms=0 3500ms=0 3550ms=0 3600ms=0 3650ms=0 3700ms=0 3750ms=0 3800ms=0 3850ms=0 3900ms=0 3950ms=0 4000ms=0 4050ms=0 4100ms=0 4150ms=0 4200ms=0 4250ms=0 4300ms=0 4350ms=0 4400ms=0 4450ms=0 4500ms=0 4550ms=0 4600ms=0 4650ms=0 4700ms=0 4750ms=0 4800ms=0 4850ms=0 4900ms=0 4950ms=0
50th gpu percentile: 15ms
90th gpu percentile: 22ms
95th gpu percentile: 4950ms
99th gpu percentile: 4950ms
GPU HISTOGRAM: 1ms=0 2ms=6 3ms=4 4ms=0 5ms=3 6ms=4 7ms=3 8ms=4 9ms=1 10ms=3 11ms=12 12ms=17 13ms=26 14ms=64 15ms=51 16ms=21 17ms=19 18ms=24 19ms=10 20ms=10 21ms=3 22ms=5 23ms=2 24ms=1 25ms=3 4950ms=22



---PROFILEDATA---
Flags,FrameTimelineVsyncId,IntendedVsync,Vsync,InputEventId,HandleInputStart,AnimationStart,PerformTraversalsStart,DrawStart,FrameDeadline,FrameInterval,FrameStartTime,SyncQueued,SyncStart,IssueDrawCommandsStart,SwapBuffers,FrameCompleted,DequeueBufferDuration,QueueBufferDuration,GpuCompleted,SwapBuffersCompleted,DisplayPresentTime,CommandSubmissionCompleted,
0,90961,407176658964,407176658964,0,407178057485,407178058401,407178058693,407178123110,407209992296,407178052193,16666666,407178719943,407178813318,407178854026,407179232568,407197038235,14862833,559875,407197038235,407195388151,0,407179232568,
0,90969,407193325630,407193325630,-874333925,407194061318,407194574110,407194575235,407194644485,407226658962,407194055235,16666666,407195190360,407195412651,407195480151,407196403276,407214993026,15937667,165750,407214993026,407213121901,0,407196403276,
0,90977,407209992296,407209992296,-690132537,407211173860,407211869776,407213011360,407213052151,407243325628,407211166901,16666666,407213254776,407213431568,407213488193,407214196276,407231522485,14448458,318709,407231522485,407229523235,0,407214196276,
0,90985,407226658962,407226658962,-410992542,407227653943,407229399193,407229624276,407229660651,407259992294,407227648235,16666666,407229822485,407230004110,407230042110,407230675318,407248313360,15207208,246959,407248313360,407246787735,0,407230675318,
0,90993,407243325628,407243325628,-285128591,407244185693,407245039651,407245298526,407245343985,407276658960,407244178318,16666666,407245577693,407246865526,407246910193,407247512901,407264313693,14494917,152541,407264313693,407262866651,0,407247512901,
0,91001,407259992294,407259992294,-279890038,407261000651,407261513693,407261838401,407261888651,407293325626,407260993985,16666666,407262134110,407262905526,407262957693,407263623318,407280755026,14609291,186125,407280755026,407279041318,0,407263623318,
0,91009,407276658960,407276658960,-47252974,407277407985,407278090193,407278320068,407278354235,407309992292,407277402110,16666666,407278516026,407279091985,407279115860,407279828443,407297965235,15177250,304291,407297965235,407295999693,0,407279828443,
0,91017,407293325626,407293325626,-499600343,407294878943,407295600651,407295820443,407295858360,407326658958,407294871985,16666666,407296205651,407296374818,407296448901,407297410193,407314601610,15243833,112334,407314601610,407313325943,0,407297410193,
0,91025,407309992292,407309992292,-765157996,407310886360,407311664110,407312294151,407312343776,407343325624,407310878776,16666666,407312637735,407313390901,407313465693,407313795151,407331140151,14953042,110791,407331140151,407329627068,0,407313795151,
0,91033,407326658958,407326658958,-669818575,407327876651,407328650485,407328881985,407328914693,407359992290,407327869526,16666666,407329121693,407329688735,407329747526,407330421235,407348158110,15538208,211459,407348158110,407346807360,0,407330421235,
0,91041,407343325624,407343325624,-773678274,407344897985,407345320735,407345566110,407345590693,407376658956,407344892526,16666666,407345818860,407346837985,407346874526,407347175693,407365765818,15314167,276750,407365765818,407363571401,0,407347175693,
0,91049,407359992290,407359992290,-144528169,407362549776,407363017526,407363813776,407363851318,407393325622,407362542360,16666666,407364483110,407364708110,407364747151,407365065735,407380891776,13536041,107375,407380891776,407379443568,0,407365065735,
0,91057,407376658956,407376658956,-1003752408,407377749360,407378199235,407379151193,407379212193,407409992288,407377742443,16666666,407379355276,407379499443,407379558568,407379914610,407399414526,15799750,244750,407399414526,407396765860,0,407379914610,
0,91065,407393325622,407393325622,-281884079,407395619610,407396467526,407397333318,407397376776,407426658954,407395613526,16666666,407397388693,407397478610,407397501901,407398359485,407415819943,14772791,183417,407415819943,407414277735,0,407398359485,
0,91073,407409992288,407409992288,-370557245,407411076318,407413058693,407413460651,407413503651,407443325620,407411065276,16666666,407413730443,407414351985,407414378610,407414939401,407436459443,16990208,142708,407436459443,407432891193,0,407414939401,
0,91081,407426658954,407426658954,-700669067,407427937318,407429183985,407430240735,407430299151,407459992286,407427928818,16666666,407430613110,407432971610,407433030193,407434629568,407450772068,12388375,574209,407450772068,407448931901,0,407434629568,
0,91089,407443325620,407443325620,-518441872,407448066443,407448489901,407449074901,407449098776,407476658952,407447998235,16666666,407449186985,407449409651,407449474318,407449886943,407465462693,12698292,323292,407465462693,407463640610,0,407449886943,
0,91097,407459992286,407459992286,-803247622,407461347318,407461905443,407462755235,407462789443,407493325618,407461341526,16666666,407462798776,407463679318,407463721693,407464568276,407482790110,15914333,105750,407482790110,407481445901,0,407464568276,
0,91105,407476658952,407476658952,-861793836,407477958193,407478649901,407479031818,407479081443,407509992284,407477950193,16666666,407479718193,407481523860,407481568526,407481978568,407498785360,13532500,176958,407498785360,407496392526,0,407481978568,
0,91113,407493325618,407493325618,-39017962,407494366193,407494946693,407497065693,407497127360,407526658950,407494359526,16666666,407497453193,407497583360,407497640485,407498147526,407515058943,14339583,140750,407515058943,407513178818,0,407498147526,
0,91121,407509992284,407509992284,-419553313,407511191735,407511766276,407513318735,407513356776,407543325616,407511185360,16666666,407513524776,407513869151,407513911818,407514341693,407532063401,15641166,155334,407532063401,407530763568,0,407514341693,
0,91129,407526658950,407526658950,-591581713,407527967360,407528801235,407529522401,407529580860,407559992282,407527956735,16666666,407529596485,407530807860,407530845735,407531286318,407548659818,14391375,241291,407548659818,407546595651,0,407531286318,
0,91137,407543325616,407543325616,-449880386,407545336401,407545800318,407546056651,407546080860,407576658948,407545329318,16666666,407546297443,407546625401,407546680735,407547198235,407577388901,13641000,353708,407577388901,407562365485,0,407547198235,
0,91153,407576658948,407576658948,0,407577629568,407577630651,407579223735,407579263693,407609992280,407577622151,16666666,407579510651,407579653526,407579698401,407580180693,407593962860,2791,347459,407593962860,407581436693,0,407580180693,
0,91161,407593325614,407593325614,0,407594239401,407594240318,407595634901,407595687276,407626658946,407594233485,16666666,407595821485,407595958110,407596115026,407596497485,407611700026,2625,249459,407611700026,407597558443,0,407596497485,
0,91169,407609992280,407609992280,0,407612540776,407612541818,407613706985,407613749526,407643325612,407612534776,16666666,407613758651,407613911318,407613951026,407614360860,407627285110,3417,295250,407627285110,407615971026,0,407614360860,
0,91177,407626658946,407626658946,0,407627452943,407627454110,407628341860,407628389068,407659992278,407627445985,16666666,407628709776,407629143651,407629194110,407629725901,407643730235,5959,208208,407643730235,407630931276,0,407629725901,
0,91185,407643325612,407643325612,-36144386,407644396235,407645005776,407645442568,407645466026,407676658944,407644390943,16666666,407645669318,407645687068,407645745776,407646240401,407660660360,2041,132667,407660660360,407646971901,0,407646240401,
0,91193,407659992278,407659992278,-954835860,407660892276,407661596026,407661950610,407662001860,407693325610,407660884818,16666666,407662455068,407662479193,407662500735,407662844735,407677380693,1459,162542,407677380693,407663704110,0,407662844735,
0,91201,407676658944,407676658944,-755333593,407677540235,407678233610,407679016860,407679053818,407709992276,407677532651,16666666,407679245360,407679332485,407679421318,407679864693,407693944318,4375,351125,407693944318,407680802568,0,407679864693,
0,91209,407693325610,407693325610,-287007097,407694368193,407694921026,407695434401,407695468443,407726658942,407694361318,16666666,407695741443,407695887151,407695919818,407696719735,407712117235,3042,289167,407712117235,407697590776,0,407696719735,
0,91217,407709992276,407709992276,-64231568,407712998735,407713812651,407714856610,407714907818,407743325608,407712991110,16666666,407715055068,407715107943,407715206526,407715623860,407730055818,2000,150542,407730055818,407716602360,0,407715623860,
0,91225,407726658942,407726658942,-135800116,407730519235,407731140735,407731488318,407731538235,407759992274,407730510693,16666666,407731867776,407731909818,407732158818,407732544610,407744651943,2208,173500,407744651943,407733238943,0,407732544610,
0,91233,407743325608,407743325608,-124564638,407745141318,407746122318,407746885485,407746916068,407776658940,407745135776,16666666,407747112651,407747274860,407747370235,407747770610,407762912860,2417,348292,407762912860,407749478110,0,407747770610,
0,91241,407759992274,407759992274,-388052943,407763464068,407764564026,407765190943,407765226610,407793325606,407763457151,16666666,407765444318,407765529651,407765565026,407765875276,407779604401,2041,127583,407779604401,407766547360,0,407765875276,
0,91249,407776658940,407776658940,-769112393,407780253985,407780930318,407782281026,407782337901,407809992272,407780244401,16666666,407782480235,407782631068,407782680943,407783088360,407796424068,2541,350000,407796424068,407784876318,0,407783088360,
0,91257,407793325606,407793325606,-693036056,407796741276,407797222651,407797495901,407797528443,407826658938,407796734110,16666666,407797808943,407797907693,407798110776,407798991860,407813578693,2958,192584,407813578693,407799797318,0,407798991860,
0,91265,407809992272,407809992272,-499513036,407814241860,407814887401,407815773860,407815810860,407843325604,407814234776,16666666,407816577485,407816743776,407816849902,407817252360,407827563318,1750,141917,407827563318,407818089152,0,407817252360,
0,91273,407826658938,407826658938,-813553713,407828666193,407829148402,407829916568,407829958235,407859992270,407828659735,16666666,407830384402,407830499235,407830550318,407830989610,407844933068,4042,785459,407844933068,407832627818,0,407830989610,
0,91281,407843325604,407843325604,-335673810,407844908777,407845701318,407846312527,407846341402,407876658936,407844903527,16666666,407846433568,407847057068,407847140777,407847592652,407848958318,2042,284167,407848920693,407848958318,0,407847592652,
0,91289,407859992270,407859992270,-820476856,407861676027,407862119318,407862615235,407862687402,407893325602,407861670193,16666666,407863639318,407864372402,407864432277,407866609235,407877325360,1500,175375,407877325360,407867422693,0,407866609235,
0,91297,407876658936,407876658936,-733822370,407877931735,407879558568,407880780902,407880834777,407909992268,407877920652,16666666,407881058860,407881142360,407881180068,407881584027,407895437068,2083,246500,407895437068,407882520485,0,407881584027,
0,91305,407893325602,407893325602,-892995600,407895921235,407897755027,407898216777,407898267860,407926658934,407895913777,16666666,407899424652,407899619068,407899658402,407899989693,407910982902,1584,191875,407910982902,407900770777,0,407899989693,
0,91313,407909992268,407909992268,-690322149,407911500277,407911998443,407912958527,407912988152,407943325600,407911493943,16666666,407913218277,407913589277,407913613152,407914018193,407927570860,2417,377917,407927570860,407915140568,0,407914018193,
0,91321,407926658934,407926658934,-543281930,407927924610,407928788610,407929064943,407929095110,407959992266,407927916610,16666666,407929401485,407929436193,407929499235,407930102860,407943800693,2500,369875,407943800693,407931118902,0,407930102860,
0,91329,407943325600,407943325600,-474258007,407946976652,407948215610,407948862735,407948900443,407976658932,407946968777,16666666,407949279860,407949479777,407949550068,407950726985,407961549402,2250,350000,407961549402,407951860527,0,407950726985,
0,91337,407959992266,407959992266,-272221818,407961420735,407962437652,407962785985,407962819068,407993325598,407961212652,16666666,407962979110,407963420818,407963471235,407964667568,407977573568,1875,172333,407977573568,407965438235,0,407964667568,
0,91345,407976658932,407976658932,-915627724,407977706652,407979478818,407979758110,407979806152,408009992264,407977699527,16666666,407983187110,407983950485,407984789277,407985841360,407993791110,244167,129875,407993791110,407987739610,0,407985841360,
0,91353,407993325598,407993325598,-972198698,407994353777,407994371318,407994918943,407994971693,408026658930,407994346652,16666666,407995173610,407995382777,407995756277,407997496568,408010712568,1625,267833,408010712568,407998725943,0,407997496568,
0,91361,408009992264,408009992264,0,408010915277,408010916068,408011489360,408011537777,408043325596,408010909443,16666666,408011714235,408012373777,408012415527,408013745152,408027433860,2375,285625,408027433860,408014512193,0,408013745152,
0,91369,408026658930,408026658930,0,408027740735,408027741860,408027742443,408027814027,408059992262,408027733485,16666666,408028843568,408028922652,408028950402,408030102235,408044122360,2667,384875,408044122360,408031065860,0,408030102235,
0,91377,408043325596,408043325596,0,408044257985,408044259193,408044259818,408044327985,408076658928,408044250277,16666666,408045334485,408046421152,408046617485,408047665068,408060752943,1542,110042,408060752943,408048675193,0,408047665068,
0,91385,408059992262,408059992262,0,408061128652,408061129777,408061130402,408061194902,408093325594,408061122235,16666666,408061759527,408062214818,408062268610,408063758860,408077524068,2834,786708,408077524068,408065577235,0,408063758860,
0,91393,408076658928,408076658928,-914436297,408079600652,408079601818,408079949360,408079988443,408109992260,408079595360,16666666,408080546735,408080689068,408080725985,408081666985,408093938443,1833,146334,408093938443,408082339360,0,408081666985,
0,91401,408093325594,408093325594,-1017603607,408094070902,408094752402,408095017652,408095065777,408126658926,408094063735,16666666,408095609027,408096383235,408096427652,408097307902,408110613152,2084,176708,408110613152,408098263110,0,408097307902,
0,91409,408109992260,408109992260,-456674982,408111015485,408111918777,408112466110,408112505277,408143325592,408111008652,16666666,408112865860,408113024068,408113077443,408114056443,408127421193,2875,323667,408127421193,408115216110,0,408114056443,
0,91417,408126658926,408126658926,-724415299,408127612902,408128306860,408128520443,408128554277,408159992258,408127606985,16666666,408128737818,408128769610,408128791152,408131690777,408144436318,1500,218125,408144436318,408132709110,0,408131690777,
0,91425,408143325592,408143325592,-524223445,408144767902,408145188110,408145461360,408145516527,408176658924,408144762402,16666666,408145730152,408145858485,408145965610,408146658818,408160654443,1875,128292,408160654443,408147443485,0,408146658818,
0,91433,408159992258,408159992258,-1033387185,408161059693,408161657735,408161875277,408161915902,408193325590,408161052152,16666666,408162418985,408162950735,408162985193,408163766610,408177470568,5583,339208,408177470568,408165115568,0,408163766610,
0,91441,408176658924,408176658924,-176732156,408177956652,408178733360,408179003568,408179048110,408209992256,408177949277,16666666,408179565568,408179589777,408179924235,408180995318,408194122318,2542,344375,408194122318,408181852235,0,408180995318,
0,91449,408193325590,408193325590,-884264274,408194489193,408195222193,408195463777,408195502652,408226658922,408194483068,16666666,408195678027,408196474902,408196536193,408197107402,408210776693,2084,208291,408210776693,408198160360,0,408197107402,
0,91457,408209992256,408209992256,-487347600,408211210235,408211792318,408212465610,408212498693,408243325588,408211204485,16666666,408212805193,408213120277,408213164693,408214196235,408227393527,2209,156458,408227393527,408215344527,0,408214196235,
0,91465,408226658922,408226658922,-396927896,408227708735,408228674693,408228905360,408229286068,408259992254,408227700235,16666666,408229585652,408229739943,408229764610,408230504777,408243924193,4208,465666,408243924193,408231540235,0,408230504777,
0,91473,408243325588,408243325588,-140960918,408244536110,408245501860,408245711110,408245745485,408276658920,408244528985,16666666,408245899985,408245963777,408246040902,408246797818,408262093485,2000,118500,408262093485,408247469610,0,408246797818,
0,91481,408259992254,408259992254,-327411257,408271277860,408274126152,408274438818,408274480652,408293325586,408271266860,16666666,408274649985,408275371235,408275409693,408279099277,408290857860,1417,101417,408290857860,408283287193,0,408279099277,
0,91488,408276658920,408276658920,0,408278425568,408278438943,408278439277,408278484902,408309992252,408278420693,16666666,408278904652,408283687943,408283979902,408285768110,408299519443,8245292,3730250,408291226860,408299519443,0,408285768110,
0,91496,408293325586,408293325586,-736884974,408296670818,408298011068,408298303110,408298350027,408326658918,408296664485,16666666,408298548402,408299617027,408299680652,408301066735,408371941277,69567958,267333,408362194860,408371941277,0,408301066735,
0,91504,408309992252,408309992252,-847259923,408316902360,408317276068,408317647152,408317673777,408393325582,408316896943,16666666,408317986943,408374222777,408374269443,408379681152,408396528110,2042,239000,408396528110,408381253068,0,408379681152,
0,91512,408326658918,408376658916,-989151693,408378013443,408381583402,408381935402,408381983485,408426658914,408378006527,16666666,408382264527,408382552860,408382606277,408383479818,408413511943,10980958,184834,408413511943,408407594277,0,408383479818,
0,91520,408393325582,408393325582,-415245607,408395466943,408397271318,408398240402,408398289485,408443325580,408395423402,16666666,408398534568,408407687277,408407754235,408412578318,408418669152,3955167,152416,408418669152,408417544443,0,408412578318,
0,91528,408409992248,408409992248,-110966710,408413079485,408413961777,408415163110,408415190318,408459992246,408413073735,16666666,408415401693,408417601693,408417644985,408417943818,408450346318,12959583,276416,408450346318,408431696985,0,408417943818,
0,91536,408426658914,408426658914,-31012785,408430566360,408431576943,408431869193,408431896652,408476658912,408430560193,16666666,408432740360,408434333568,408434403318,408446475652,408483746110,30635083,194333,408477207777,408483746110,0,408446475652,
0,91552,408509992244,408509992244,0,408511101527,408511102735,408512431402,408512600193,408526658910,408511093693,16666666,408512764943,408516421360,408516490194,408517873652,408527462319,4292,263708,408527462319,408519205235,0,408517873652,
0,91560,408526658910,408526658910,0,408528551610,408528552860,408529834735,408529892527,408559992242,408528543777,16666666,408529900694,408535174652,408535200819,408535710277,408539485110,799250,858416,408538636110,408539485110,0,408535710277,
0,91568,408543325576,408543325576,0,408546312444,408546313985,408548812360,408548888277,408576658908,408546301735,16666666,408549271402,408549466235,408549510694,408549899277,408561744027,1917,176334,408561744027,408551688610,0,408549899277,
0,91576,408559992242,408559992242,0,408561386319,408561387402,408566103360,408566159485,408593325574,408561380027,16666666,408566336735,408566536402,408566592360,408567646735,408577301444,3084,338500,408577301444,408569234319,0,408567646735,
0,91584,408576658908,408576658908,0,408579307444,408579308610,408580558527,408580602110,408609992240,408579301819,16666666,408580610694,408580767110,408580809777,408581540944,408593866777,1375,122708,408593866777,408582593152,0,408581540944,
0,91592,408593325574,408593325574,0,408595658360,408595659694,408596541152,408596597610,408626658906,408595651110,16666666,408596886735,408597108569,408597141944,408597588194,408610597860,1375,150208,408610597860,408598454777,0,408597588194,
0,91600,408609992240,408609992240,-604002437,408611027527,408611732110,408612853485,408612893485,408643325572,408611020819,16666666,408613151860,408613167402,408613265444,408613630777,408627294944,2833,177875,408627294944,408614627069,0,408613630777,
0,91608,408626658906,408626658906,-945867177,408627758277,408629396694,408629687735,408629731735,408659992238,408627751235,16666666,408629984860,408630003985,408630073902,408630658235,408644438360,1709,200959,408644438360,408632379194,0,408630658235,
0,91616,408643325572,408643325572,-175884375,408644178360,408644787944,408646031610,408646095152,408676658904,408644170527,16666666,408646395152,408646429069,408646897069,408647587569,408661409444,2042,286125,408661409444,408648951652,0,408647587569,
0,91624,408659992238,408659992238,-568881819,408661399110,408661887235,408663413527,408663445277,408693325570,408661393235,16666666,408663556444,408663773402,408663821235,408664802735,408678400402,2834,278666,408678400402,408665930652,0,408664802735,
0,91632,408676658904,408676658904,-21281394,408678947902,408679659777,408680448402,408680494152,408709992236,408678936110,16666666,408680769944,408681070194,408681106110,408681719819,408694122819,2125,128042,408694122819,408683218860,0,408681719819,
0,91640,408693325570,408693325570,-758642838,408694144819,408694806319,408695184444,408695231569,408726658902,408694139277,16666666,408695775735,408695958485,408696085319,408696946235,408710870694,1750,161791,408710870694,408698086360,0,408696946235,
0,91648,408709992236,408709992236,-1004575050,408711048444,408711665110,408713157610,408713215402,408743325568,408711042819,16666666,408713535694,408714248610,408714281985,408714900402,408727379194,4175708,145750,408727379194,408720520360,0,408714900402,
0,91656,408726658902,408726658902,-933056159,408727578735,408728886110,408730166652,408730206777,408759992234,408727572277,16666666,408730330194,408730492319,408730539277,408731076360,408744938694,1500,152667,408744938694,408731938985,0,408731076360,
0,91664,408743325568,408743325568,-281197431,408745617110,408746400444,408747521069,408747571027,408776658900,408745593235,16666666,408747904360,408748095944,408748138902,408748720902,408760798152,2208,182667,408760798152,408749643569,0,408748720902,
0,91672,408759992234,408759992234,-720664580,408761088402,408761734027,408762087110,408765239694,408793325566,408761080735,16666666,408765777069,408766020027,408766046277,408766535027,408778010277,1958,180541,408778010277,408767629152,0,408766535027,
0,91680,408776658900,408776658900,-329645443,408777986902,408779232944,408783248360,408783324069,408809992232,408777980610,16666666,408783751860,408783897694,408783999985,408784469944,408795354277,2292,187083,408795354277,408787242360,0,408784469944,
0,91688,408793325566,408793325566,-621111879,408795641152,408797998985,408800237152,408800270902,408826658898,408795635277,16666666,408800405610,408804874902,408804934777,408807393777,408815687860,4709,928209,408815687860,408812194819,0,408807393777,
0,91695,408809992232,408809992232,-477452794,408811525860,408812651652,408813124569,408813210902,408843325564,408811520444,16666666,408813915360,408814124694,408814161527,408814959652,408832438902,14223625,149416,408832438902,408830034360,0,408814959652,
0,91703,408826658898,408826658898,-440104822,408827851944,408829467902,408829844652,408829894069,408859992230,408827846027,16666666,408830212985,408830750444,408830783444,408831239110,408849950527,14040708,251583,408849950527,408846849444,0,408831239110,
0,91711,408843325564,408843325564,-354192834,408846125944,408846667902,408847590735,408847636569,408876658896,408846120277,16666666,408847789194,408847920235,408847977569,408849303902,408865367569,12990959,166958,408865367569,408862999902,0,408849303902,
0,91719,408859992230,408859992230,-803091666,408861660944,408862227735,408862795569,408862847569,408893325562,408861654860,16666666,408863062860,408863184652,408863227402,408863956944,408883550735,16393417,176125,408883550735,408881907235,0,408863956944,
0,91727,408876658896,408876658896,-511513107,408878298777,408878740235,408878981569,408879018069,408909992228,408878293527,16666666,408879186360,408881987235,408882093694,408882777152,408901139110,14780166,108666,408901139110,408898618569,0,408882777152,
0,91735,408893325562,408893325562,-786237599,408895294527,408895851402,408896262944,408896295610,408926658894,408895288944,16666666,408896464027,408898672777,408898714069,408899723402,408916633069,13335625,182875,408916633069,408914602110,0,408899723402,
0,91743,408909992228,408909992228,-26628455,408911748777,408913496110,408913700194,408913731569,408943325560,408911743110,16666666,408914335860,408914661152,408914774860,408915886319,408931800360,13026334,99125,408931800360,408929728860,0,408915886319,
0,91751,408926658894,408926658894,-230904237,408927627360,408928129402,408928312819,408928341069,408959992226,408927621194,16666666,408928484860,408929770944,408929810069,408930953819,408957905402,18446166,278208,408957905402,408950314319,0,408930953819,
0,91759,408943325560,408943325560,-711614892,408949399319,408950326985,408950617735,408950666777,408976658892,408949391985,16666666,408950884277,408951148569,408951300652,408956683444,408978080402,19651750,353334,408978080402,408977782402,0,408956683444,
0,91767,408959992226,408959992226,-447658154,408966160194,408966173402,408966820110,408966863360,409009992224,408966154485,16666666,408967048527,408977880444,408978605985,408981984694,408984793652,2167,179584,408984793652,408982980944,0,408981984694,
0,91775,408976658892,408976658892,0,408979114944,408979115277,408979435319,408979485527,409026658890,408979110944,16666666,408979622277,408983067819,408983126402,408983895652,408997431902,11122000,124667,408997431902,408995985610,0,408983895652,
0,91783,408993325558,408993325558,0,408994315069,408994316360,408994316985,408994377777,409043325556,408994308569,16666666,408994847652,408996243985,408996289444,408996922485,409014573902,15505833,116000,409014573902,409013023944,0,408996922485,
0,91791,409009992224,409009992224,0,409011083777,409011084777,409011085235,409011139985,409059992222,409011077860,16666666,409011640152,409013120194,409013163652,409013926694,409031517777,14934417,164250,409031517777,409029603485,0,409013926694,
0,91799,409026658890,409026658890,0,409027943444,409027944444,409027944902,409028057694,409076658888,409027937569,16666666,409028390069,409029642194,409029678069,409030483944,409048506027,15359042,220375,409048506027,409047006027,0,409030483944,
0,91807,409043325556,409043325556,0,409045154152,409045155402,409045156152,409045214027,409093325554,409045145027,16666666,409045854985,409047070319,409047120485,409047760402,409065183402,14973959,183250,409065183402,409063551819,0,409047760402,
0,91815,409059992222,409059992222,0,409062236319,409062237360,409062237777,409062301985,409109992220,409062230402,16666666,409062775319,409063610319,409063653444,409064412319,409081294527,14526709,103375,409081294527,409079758735,0,409064412319,
0,91823,409076658888,409076658888,0,409077955735,409077956694,409077957110,409078011985,409126658886,409077949944,16666666,409078605735,409079793319,409079829152,409080511819,409096932902,14112292,151000,409096932902,409095558360,0,409080511819,
0,91831,409093325554,409093325554,0,409094219444,409094220735,409094221110,409094285652,409143325552,409094213110,16666666,409094763527,409095590110,409095627777,409096427860,409129380194,32367750,97875,409128648485,409129380194,0,409096427860,
0,91839,409109992220,409109992220,0,409123054194,409123055985,409123056860,409123674944,409159992218,409123042735,16666666,409124432860,409129472069,409129534152,409134700985,409147044860,2917,293791,409147044860,409137551735,0,409134700985,
0,91847,409126658886,409126658886,0,409129897610,409129898027,409129898319,409129942277,409176658884,409129893944,16666666,409130577944,409137790860,409137876985,409139571069,409164160194,9991459,7711500,409153997110,409164160194,0,409139571069,
0,91855,409143325552,409159992218,0,409162349402,409162350652,409162351069,409162410485,409159992218,409162341402,16666666,409162841194,409164277069,409164355110,409171682069,406962015401,48256209,109125,406962015401,409223962777,0,409171682069,
0,91870,409176658884,409226658882,0,409230642319,409230642777,409230643069,409230703486,409193325550,409230636736,16666666,409230998736,409231851777,409231895444,409234664277,409244778694,1958,272375,409244778694,409237691902,0,409234664277,
0,91879,409243325548,409243325548,0,409253721319,409253722402,409253723236,409253791527,409276658880,409253714694,16666666,409254328611,409254447236,409254490277,409255465694,409260849611,2375,827666,409260849611,409256829944,0,409255465694,
0,91894,409259992214,409259992214,0,409261399861,409261401027,409261401694,409261472236,409293325546,409261392569,16666666,409261878736,409262064319,409262114486,409263174819,409277901277,1541,82666,409277901277,409264212402,0,409263174819,
0,91902,409276658880,409276658880,0,409278381486,409278382736,409278383111,409278448152,409309992212,409278374319,16666666,409279030277,409279582611,409279663819,409280568194,409296890152,3250,623375,409296890152,409282253777,0,409280568194,
0,91910,409293325546,409293325546,0,409296786111,409296787402,409296787986,409296864152,409326658878,409296777736,16666666,409301992736,409302051319,409302077069,409309963652,409314348694,2125,160667,409314348694,409312539486,0,409309963652,
0,91917,409309992212,409309992212,0,409311693777,409311694777,409311695194,409311758319,409343325544,409311687611,16666666,409312813611,409312951777,409313161444,409313821152,409331539611,15776958,139000,409331539611,409330247069,0,409313821152,
0,91925,409326658878,409326658878,0,409328556652,409328557777,409328558194,409328620986,409359992210,409328550944,16666666,409329088402,409330280902,409330329652,409330637986,409348556569,15272791,214917,409348556569,409346968736,0,409330637986,
0,91933,409343325544,409343325544,0,409345169652,409345170652,409345171194,409345235027,409376658876,409345162527,16666666,409345573444,409347045236,409347095111,409347510069,409364707111,14462583,396834,409364707111,409363164777,0,409347510069,
0,91941,409359992210,409359992210,0,409360982902,409360984402,409360985111,409361061611,409376658876,409360974819,16666666,409361401027,409363270902,409363350902,409363710486,407180459318,16375084,95667,407180459318,409381175402,0,409363710486,
---PROFILEDATA---


View hierarchy:

  dev.polski.grammarmatrix/dev.polski.grammarmatrix.GlassBenchmarkActivity/android.view.ViewRootImpl@6932836
  7 views, 12.02 kB of render nodes


Total ViewRootImpl   : 1
Total attached Views : 7
Total RenderNode     : 12.02 kB (used) / 36.09 kB (capacity)

