Applications Graphics Acceleration Info:
Uptime: 457046 Realtime: 457046

** Graphics info for pid 3816 [dev.polski.grammarmatrix] **

Stats since: 450688822589ns
Total frames rendered: 344
Janky frames: 27 (7.85%)
Janky frames (legacy): 94 (27.33%)
50th percentile: 17ms
90th percentile: 29ms
95th percentile: 36ms
99th percentile: 97ms
Number Missed Vsync: 3
Number High input latency: 462
Number Slow UI thread: 11
Number Slow bitmap uploads: 1
Number Slow issue draw commands: 25
Number Frame deadline missed: 27
Number Frame deadline missed (legacy): 18
HISTOGRAM: 5ms=2 6ms=1 7ms=0 8ms=1 9ms=1 10ms=0 11ms=0 12ms=0 13ms=0 14ms=2 15ms=1 16ms=60 17ms=150 18ms=26 19ms=11 20ms=11 21ms=4 22ms=5 23ms=7 24ms=6 25ms=3 26ms=7 27ms=5 28ms=4 29ms=4 30ms=5 31ms=0 32ms=6 34ms=3 36ms=4 38ms=2 40ms=2 42ms=1 44ms=0 46ms=0 48ms=0 53ms=1 57ms=1 61ms=0 65ms=0 69ms=1 73ms=1 77ms=0 81ms=1 85ms=0 89ms=0 93ms=1 97ms=1 101ms=1 105ms=0 109ms=1 113ms=0 117ms=1 121ms=0 125ms=0 129ms=0 133ms=0 150ms=0 200ms=0 250ms=0 300ms=0 350ms=0 400ms=0 450ms=0 500ms=0 550ms=0 600ms=0 650ms=0 700ms=0 750ms=0 800ms=0 850ms=0 900ms=0 950ms=0 1000ms=0 1050ms=0 1100ms=0 1150ms=0 1200ms=0 1250ms=0 1300ms=0 1350ms=0 1400ms=0 1450ms=0 1500ms=0 1550ms=0 1600ms=0 1650ms=0 1700ms=0 1750ms=0 1800ms=0 1850ms=0 1900ms=0 1950ms=0 2000ms=0 2050ms=0 2100ms=0 2150ms=0 2200ms=0 2250ms=0 2300ms=0 2350ms=0 2400ms=0 2450ms=0 2500ms=0 2550ms=0 2600ms=0 2650ms=0 2700ms=0 2750ms=0 2800ms=0 2850ms=0 2900ms=0 2950ms=0 3000ms=0 3050ms=0 3100ms=0 3150ms=0 3200ms=0 3250ms=0 3300ms=0 3350ms=0 3400ms=0 3450ms=0 3500ms=0 3550ms=0 3600ms=0 3650ms=0 3700ms=0 3750ms=0 3800ms=0 3850ms=0 3900ms=0 3950ms=0 4000ms=0 4050ms=0 4100ms=0 4150ms=0 4200ms=0 4250ms=0 4300ms=0 4350ms=0 4400ms=0 4450ms=0 4500ms=0 4550ms=0 4600ms=0 4650ms=0 4700ms=0 4750ms=0 4800ms=0 4850ms=0 4900ms=0 4950ms=0
50th gpu percentile: 15ms
90th gpu percentile: 19ms
95th gpu percentile: 25ms
99th gpu percentile: 4950ms
GPU HISTOGRAM: 1ms=0 2ms=4 3ms=2 4ms=0 5ms=1 6ms=2 7ms=5 8ms=8 9ms=4 10ms=5 11ms=6 12ms=14 13ms=31 14ms=81 15ms=97 16ms=18 17ms=12 18ms=9 19ms=11 20ms=3 21ms=3 22ms=3 23ms=2 24ms=5 25ms=2 4950ms=16

Pipeline=Skia (OpenGL)
Memory policy:
  Max surface area: 2592000
  Max resource usage: 124.42MB (x48)
  Background retention: 50% (altUiHidden = true)
  GPU Context timeout: 10
Contexts: 1 (stopped = 0)
CPU Caches:
  Glyph Cache: 33.70 KB (1 entry)
  Glyph Count: 11 
Total CPU memory usage:
  34510 bytes, 33.70 KB (0.00 bytes is purgeable)
GPU Caches:
  Other:
    Other: 49.27 KB (1 entry)
    Buffer Object: 36.00 KB (1 entry)
  Scratch:
    RenderTarget: 11.88 MB (1 entry)
    Buffer Object: 110.00 KB (3 entries)
    Texture: 2.00 MB (1 entry)
Total GPU memory usage:
  14748944 bytes, 14.07 MB (11.94 MB is purgeable)

GraphicBufferAllocator buffers:
        Handle |        Size |     W (Stride) x H | Layers |   Format |      Usage | Requestor
0xb400007b2c426ab0 |     unknown | 1080 (   0) x 2400 |      1 |        1 | 0x     b00 | VRI[GlassBenchmarkActivity]#0(BLAST Consumer)0
0xb400007b2c427e60 |     unknown | 1080 (   0) x 2400 |      1 |        1 | 0x     b00 | VRI[GlassBenchmarkActivity]#0(BLAST Consumer)0
0xb400007b2c4282e0 |     unknown | 1080 (   0) x 2400 |      1 |        1 | 0x     b00 | VRI[GlassBenchmarkActivity]#0(BLAST Consumer)0
Total allocated by GraphicBufferAllocator (estimate): 0.00 KB
GoldfishAllocator::dumpDebugInfo is not implemented
Profile data in ms:

	dev.polski.grammarmatrix/dev.polski.grammarmatrix.GlassBenchmarkActivity/android.view.ViewRootImpl@6932836 (visibility=0)
Window: dev.polski.grammarmatrix/dev.polski.grammarmatrix.GlassBenchmarkActivity
Stats since: 450688822047ns
Total frames rendered: 344
Janky frames: 27 (7.85%)
Janky frames (legacy): 94 (27.33%)
50th percentile: 17ms
90th percentile: 29ms
95th percentile: 36ms
99th percentile: 97ms
Number Missed Vsync: 3
Number High input latency: 462
Number Slow UI thread: 11
Number Slow bitmap uploads: 1
Number Slow issue draw commands: 25
Number Frame deadline missed: 27
Number Frame deadline missed (legacy): 18
HISTOGRAM: 5ms=2 6ms=1 7ms=0 8ms=1 9ms=1 10ms=0 11ms=0 12ms=0 13ms=0 14ms=2 15ms=1 16ms=60 17ms=150 18ms=26 19ms=11 20ms=11 21ms=4 22ms=5 23ms=7 24ms=6 25ms=3 26ms=7 27ms=5 28ms=4 29ms=4 30ms=5 31ms=0 32ms=6 34ms=3 36ms=4 38ms=2 40ms=2 42ms=1 44ms=0 46ms=0 48ms=0 53ms=1 57ms=1 61ms=0 65ms=0 69ms=1 73ms=1 77ms=0 81ms=1 85ms=0 89ms=0 93ms=1 97ms=1 101ms=1 105ms=0 109ms=1 113ms=0 117ms=1 121ms=0 125ms=0 129ms=0 133ms=0 150ms=0 200ms=0 250ms=0 300ms=0 350ms=0 400ms=0 450ms=0 500ms=0 550ms=0 600ms=0 650ms=0 700ms=0 750ms=0 800ms=0 850ms=0 900ms=0 950ms=0 1000ms=0 1050ms=0 1100ms=0 1150ms=0 1200ms=0 1250ms=0 1300ms=0 1350ms=0 1400ms=0 1450ms=0 1500ms=0 1550ms=0 1600ms=0 1650ms=0 1700ms=0 1750ms=0 1800ms=0 1850ms=0 1900ms=0 1950ms=0 2000ms=0 2050ms=0 2100ms=0 2150ms=0 2200ms=0 2250ms=0 2300ms=0 2350ms=0 2400ms=0 2450ms=0 2500ms=0 2550ms=0 2600ms=0 2650ms=0 2700ms=0 2750ms=0 2800ms=0 2850ms=0 2900ms=0 2950ms=0 3000ms=0 3050ms=0 3100ms=0 3150ms=0 3200ms=0 3250ms=0 3300ms=0 3350ms=0 3400ms=0 3450ms=0 3500ms=0 3550ms=0 3600ms=0 3650ms=0 3700ms=0 3750ms=0 3800ms=0 3850ms=0 3900ms=0 3950ms=0 4000ms=0 4050ms=0 4100ms=0 4150ms=0 4200ms=0 4250ms=0 4300ms=0 4350ms=0 4400ms=0 4450ms=0 4500ms=0 4550ms=0 4600ms=0 4650ms=0 4700ms=0 4750ms=0 4800ms=0 4850ms=0 4900ms=0 4950ms=0
50th gpu percentile: 15ms
90th gpu percentile: 19ms
95th gpu percentile: 25ms
99th gpu percentile: 4950ms
GPU HISTOGRAM: 1ms=0 2ms=4 3ms=2 4ms=0 5ms=1 6ms=2 7ms=5 8ms=8 9ms=4 10ms=5 11ms=6 12ms=14 13ms=31 14ms=81 15ms=97 16ms=18 17ms=12 18ms=9 19ms=11 20ms=3 21ms=3 22ms=3 23ms=2 24ms=5 25ms=2 4950ms=16



---PROFILEDATA---
Flags,FrameTimelineVsyncId,IntendedVsync,Vsync,InputEventId,HandleInputStart,AnimationStart,PerformTraversalsStart,DrawStart,FrameDeadline,FrameInterval,FrameStartTime,SyncQueued,SyncStart,IssueDrawCommandsStart,SwapBuffers,FrameCompleted,DequeueBufferDuration,QueueBufferDuration,GpuCompleted,SwapBuffersCompleted,DisplayPresentTime,CommandSubmissionCompleted,
0,112183,454959990386,454959990386,-153753481,454970195257,454971437841,454972980466,454973055424,454993323718,454970188716,16666666,454973782757,454978155882,454978244591,454990592174,454997838632,2083,172208,454997838632,454993227716,0,454990592174,
0,112190,454976657052,454976657052,0,454981346091,454981401966,454981402382,454981443757,455026657050,454981341882,16666666,454983035257,454993524216,454993569174,454996197591,455014673132,16728500,995792,454997851174,455014673132,0,454996197591,
0,112197,454993323718,454993323718,-974684736,454998037007,455005350632,455005686674,455005722049,455043323716,454998031049,16666666,455006247424,455014760299,455014836841,455015231257,455038302882,14867250,89459,455038302882,455030885882,0,455015231257,
0,112213,455026657050,455026657050,-113891293,455031186174,455031776049,455033134799,455033181341,455059990382,455031182841,16666666,455033565424,455033682716,455033944507,455037242091,455050607174,10273208,132333,455050607174,455048838841,0,455037242091,
0,112221,455043323716,455043323716,-1033966985,455045672924,455046341424,455047480924,455047530674,455076657048,455045667591,16666666,455047776007,455048887757,455048993924,455049353507,455072927132,20072458,94583,455072927132,455070732924,0,455049353507,
0,112229,455059990382,455059990382,-211389988,455068708507,455069544882,455070911716,455070949007,455093323714,455068701882,16666666,455070957341,455071216924,455071276091,455071581966,455083457757,7906291,418208,455083457757,455080896132,0,455071581966,
0,112237,455076657048,455076657048,-97954324,455078547216,455079600132,455079884257,455079910799,455109990380,455078540382,16666666,455080293507,455081004591,455081067716,455082266132,455098360007,13872292,179375,455098360007,455097414007,0,455082266132,
0,112245,455093323714,455093323714,-112318119,455094362424,455095408299,455096470424,455096504507,455126657046,455094357257,16666666,455096696674,455097443216,455097480466,455097793091,455117878799,16960541,87542,455117878799,455115379591,0,455097793091,
0,112253,455109990380,455109990380,-263392442,455113487382,455114696507,455115586799,455115635299,455143323712,455113480632,16666666,455115748841,455116144299,455116196299,455116787841,455134854341,13237375,380709,455134854341,455131190716,0,455116787841,
0,112261,455126657046,455126657046,-886617929,455128452799,455129356674,455130769507,455130829591,455159990378,455128445007,16666666,455130844716,455131238174,455131274757,455133529632,455153222341,12507333,194125,455153222341,455147472841,0,455133529632,
0,112269,455143323712,455143323712,-1032886592,455144721882,455145382257,455145688674,455145730049,455176657044,455144715174,16666666,455146046299,455147664257,455147724882,455150149174,455167273132,11379958,2202542,455167273132,455164691757,0,455150149174,
0,112277,455159990378,455159990378,-1046834471,455161650091,455162283632,455163127674,455163168507,455193323710,455161644674,16666666,455163411007,455164742591,455164788924,455165248549,455188526466,17981417,167333,455188526466,455185340716,0,455165248549,
0,112285,455176657044,455176657044,-391911926,455181696299,455182827049,455186577424,455186629257,455209990376,455181690632,16666666,455186795132,455186978132,455187030382,455187658549,455201087341,9183666,141708,455201087341,455197775924,0,455187658549,
0,112293,455193323710,455193323710,-142829506,455194503382,455197083466,455198426216,455198495382,455226657042,455194495591,16666666,455198512674,455198530466,455198577841,455199779882,455215988382,12453834,120167,455215988382,455213592132,0,455199779882,
0,112301,455209990376,455209990376,-246780957,455211288674,455212656882,455213317132,455213371091,455243323708,455211283174,16666666,455213694757,455213831757,455213868049,455214127841,455240676424,18098125,347542,455240676424,455234318257,0,455214127841,
0,112309,455226657042,455226657042,-428341610,455229185007,455231825966,455235046757,455235093382,455259990374,455229179466,16666666,455235672299,455235842382,455235999632,455237252466,455261102507,6878959,1244750,455261102507,455247671549,0,455237252466,
0,112325,455259990374,455259990374,-746234402,455266973507,455266975174,455268961091,455269136216,455293323706,455266961924,16666666,455269309049,455271419424,455271678591,455277474424,455283653882,408083,1100250,455283653882,455280298716,0,455277474424,
0,112332,455276657040,455276657040,0,455279993382,455279994091,455281122341,455281154091,455309990372,455279988674,16666666,455281160341,455281315924,455281415216,455282354799,455317957216,27339708,172375,455317957216,455311084341,0,455282354799,
0,112340,455293323706,455293323706,0,455295168799,455295169841,455295793257,455295831674,455343323704,455295161674,16666666,455296422591,455311169299,455311213257,455316645507,455327262674,3085958,80041,455327262674,455322761257,0,455316645507,
0,112348,455309990372,455309990372,0,455320326841,455320327549,455322095799,455322248799,455359990370,455320321507,16666666,455322500632,455322802382,455322853299,455326212757,455333561882,3434458,121458,455333561882,455330747549,0,455326212757,
0,112356,455326657038,455326657038,0,455328976466,455328977757,455329846757,455330232799,455376657036,455328970299,16666666,455330425299,455330782382,455330821341,455331311716,455351450049,13754250,90084,455351450049,455347369674,0,455331311716,
0,112364,455343323704,455343323704,0,455346200007,455346201257,455347949716,455347989216,455393323702,455346192257,16666666,455347998924,455348288382,455348326882,455349741716,455367819341,13524208,123375,455367819341,455365040716,0,455349741716,
0,112372,455359990370,455359990370,0,455363696258,455363697716,455365210924,455365262049,455409990368,455363688508,16666666,455366312841,455366433049,455366469591,455366794008,455393892966,11568583,263541,455393892966,455379442299,0,455366794008,
0,112388,455393323702,455393323702,-474102230,455394310508,455394994299,455395388383,455396175008,455426657034,455394301716,16666666,455396401133,455396448883,455396481966,455396928508,455410470424,1917,234708,455410470424,455397850216,0,455396928508,
0,112396,455409990368,455409990368,-250012941,455411342591,455411971216,455412454133,455412478466,455443323700,455411337216,16666666,455412706091,455412956049,455412986424,455413661758,455427134133,2542,164958,455427134133,455414732508,0,455413661758,
0,112404,455426657034,455426657034,-731917352,455427553091,455428183716,455429221091,455429253841,455459990366,455427547841,16666666,455429456466,455429635258,455429669549,455429979716,455443914341,1291,212083,455443914341,455430801341,0,455429979716,
0,112412,455443323700,455443323700,-699970932,455444264633,455445109466,455445694216,455445716883,455476657032,455444259049,16666666,455446147216,455446298299,455446321883,455446780799,455460702966,2417,140500,455460702966,455447568424,0,455446780799,
0,112420,455459990366,455459990366,-599113171,455461108133,455461853008,455462360508,455462409174,455493323698,455461100299,16666666,455462847674,455462859716,455463010383,455464249341,455477334716,2084,113209,455477334716,455465341299,0,455464249341,
0,112428,455476657032,455476657032,-92510557,455477839508,455478831466,455479445841,455479479341,455509990364,455477832841,16666666,455479487174,455479621966,455479654966,455479955549,455493926758,1458,82416,455493926758,455480558883,0,455479955549,
0,112436,455493323698,455493323698,-363559657,455494012424,455494889258,455496176383,455496210799,455526657030,455494007091,16666666,455496419133,455496525841,455496560508,455497016799,455510690633,2584,165042,455510690633,455498007424,0,455497016799,
0,112444,455509990364,455509990364,-83794340,455511159758,455511636008,455512758758,455512782799,455543323696,455511154174,16666666,455512862341,455512948508,455512984799,455513289091,455527248924,2000,83791,455527248924,455513926133,0,455513289091,
0,112452,455526657030,455526657030,-193631169,455527637674,455528268133,455528493008,455528514966,455559990362,455527632133,16666666,455528695383,455528960133,455529050216,455529851591,455544109591,1708,289709,455544109591,455530674799,0,455529851591,
0,112460,455543323696,455543323696,-483942191,455544441799,455545617883,455545892341,455545919508,455576657028,455544436049,16666666,455546218174,455546387924,455546424591,455546768924,455560690758,4000,482292,455560690758,455548349841,0,455546768924,
0,112468,455559990362,455559990362,-33922677,455560978591,455561475716,455562396508,455562422341,455593323694,455560973424,16666666,455562795174,455562891258,455562925008,455563198758,455577237591,2167,238041,455577237591,455564363299,0,455563198758,
0,112476,455576657028,455576657028,-417448646,455577324008,455577844966,455578770091,455578796383,455609990360,455577318049,16666666,455578885591,455579455091,455579507841,455580284216,455594603549,2083,154792,455594603549,455581166549,0,455580284216,
0,112484,455593323694,455593323694,-360296452,455595994299,455596766258,455597170716,455597207216,455626657026,455595988049,16666666,455597720508,455597927841,455597971799,455598564299,455610522424,2375,171833,455610522424,455599726133,0,455598564299,
0,112492,455609990360,455609990360,-1060284401,455610819549,455611268716,455612658008,455612686341,455643323692,455610814049,16666666,455612875258,455612973799,455613007799,455613282466,455627118633,1958,230500,455627118633,455614039591,0,455613282466,
0,112500,455626657026,455626657026,-804782616,455627697716,455628388841,455628624549,455628649383,455659990358,455627691924,16666666,455629216008,455629669216,455629688258,455630149091,455644422383,1833,87959,455644422383,455630833758,0,455630149091,
0,112508,455643323692,455643323692,-548902046,455644369716,455644932091,455646365258,455646411049,455676657024,455644363299,16666666,455646544924,455646559633,455647395883,455650506799,455662413091,2208,135791,455662413091,455651419841,0,455650506799,
0,112516,455659990358,455659990358,-1050297944,455661509674,455662898299,455664138841,455664176883,455693323690,455661503758,16666666,455664401674,455664571216,455664612716,455665545466,455678103883,2333,231750,455678103883,455667150799,0,455665545466,
0,112524,455676657024,455676657024,-807294204,455678479674,455679039466,455679393383,455679439549,455709990356,455678474299,16666666,455680636133,455680856841,455680935216,455681275549,455694237216,5459,185750,455694237216,455682716466,0,455681275549,
0,112532,455693323690,455693323690,-7454962,455695420424,455696446966,455697145716,455697210341,455726657022,455695414591,16666666,455697523508,455697678591,455697717591,455698096341,455711870591,1584,136125,455711870591,455698930883,0,455698096341,
0,112540,455709990356,455709990356,-724622584,455712361424,455712997508,455715060716,455715134424,455743323688,455712353674,16666666,455715696716,455715959466,455716442674,455716807883,455727620424,1834,96917,455727620424,455717669841,0,455716807883,
0,112548,455726657022,455726657022,-853542035,455728480174,455729272716,455729778299,455729836508,455759990354,455728472674,16666666,455730185883,455730424883,455730717424,455731126466,455744455633,3375,940583,455744455633,455735724174,0,455731126466,
0,112563,455759990354,455759990354,0,455762748508,455762749258,455763493591,455763536258,455776657020,455762743049,16666666,455763786758,455767437008,455767485674,455768957883,455777893841,2333,172625,455777893841,455770314341,0,455768957883,
0,112571,455776657020,455776657020,0,455781181591,455781182383,455784602758,455784678341,455809990352,455781176258,16666666,455784692633,455787533341,455787569091,455788556049,455795628174,3375,641917,455795628174,455790158841,0,455788556049,
0,112579,455793323686,455793323686,0,455797482633,455797483799,455797484383,455797563091,455826657018,455797475883,16666666,455798387174,455798836549,455798941883,455803717341,455811089341,2083,144084,455811089341,455805080633,0,455803717341,
0,112587,455809990352,455809990352,0,455811447091,455811448049,455811448591,455811507216,455843323684,455811440758,16666666,455811906091,455812616466,455812659591,455813559341,455827526258,1875,77083,455827526258,455814067841,0,455813559341,
0,112595,455826657018,455826657018,0,455831032341,455831033799,455831034383,455831099424,455859990350,455831025758,16666666,455831573549,455832069799,455832092549,455838600674,455844629758,1750,99250,455844629758,455840328424,0,455838600674,
0,112603,455843323684,455843323684,0,455846681133,455846682341,455846682716,455846751716,455876657016,455846674258,16666666,455847196008,455847327216,455847374799,455848791341,455860969049,1458,116917,455860969049,455849834883,0,455848791341,
0,112611,455859990350,455859990350,0,455861429091,455861429883,455861430424,455861525466,455893323682,455861424258,16666666,455862445508,455863030091,455863070966,455864526549,455877889966,2850833,125208,455877889966,455869982466,0,455864526549,
0,112619,455876657016,455876657016,-948465637,455878113216,455878114299,455878114633,455878152591,455909990348,455878108216,16666666,455878410299,455878582216,455878624133,455879689216,455894602508,1958,133125,455894602508,455880515258,0,455879689216,
0,112627,455893323682,455893323682,-47536377,455894693883,455895351674,455895665341,455895713674,455926657014,455894688466,16666666,455896795424,455896959799,455897003216,455897790841,455910624508,2416,218792,455910624508,455898742049,0,455897790841,
0,112635,455909990348,455909990348,-767648709,455910950133,455911379383,455911548591,455911574341,455943323680,455910944716,16666666,455912500299,455912656883,455912697841,455913270674,455927540466,2167,202833,455927540466,455914228299,0,455913270674,
0,112643,455926657014,455926657014,-816875090,455928368716,455928791549,455929186216,455929214591,455959990346,455928363091,16666666,455929532383,455929614799,455929635133,455930419841,455943807216,2416,179500,455943807216,455931427424,0,455930419841,
0,112651,455943323680,455943323680,-516331796,455944209424,455944628841,455944794758,455944819049,455976657012,455944204133,16666666,455944964091,455945122216,455945152424,455946409799,455961149508,1833,94292,455961149508,455947048383,0,455946409799,
0,112659,455959990346,455959990346,-66054287,455961981424,455962565466,455962753216,455962783591,455993323678,455961973966,16666666,455963623466,455963928341,455963983674,455964937216,455978811383,2084,138459,455978811383,455965855591,0,455964937216,
0,112667,455976657012,455976657012,-579613962,455978672466,455979812341,455980268008,455980324799,456009990344,455978667133,16666666,455980561383,455980798299,455980845758,455981918966,455993836966,1584,757000,455993836966,455983997716,0,455981918966,
0,112675,455993323678,455993323678,-474652554,455994403508,455995125383,455995438299,455995685633,456026657010,455994392799,16666666,455996357008,455997200383,455997255174,455998599799,456010747799,1708,104500,456010747799,455999859758,0,455998599799,
0,112683,456009990344,456009990344,-453800116,456011677549,456012102591,456012280174,456012314383,456043323676,456011672383,16666666,456012779008,456013344049,456013372799,456014324716,456027763549,2958,246750,456027763549,456015323674,0,456014324716,
0,112691,456026657010,456026657010,-487211575,456027850591,456029242841,456029531091,456029575674,456059990342,456027843674,16666666,456029766466,456030082758,456030147508,456030988591,456043756008,2458,341208,456043756008,456032167716,0,456030988591,
0,112699,456043323676,456043323676,-191134144,456044539508,456045269716,456045654091,456045695466,456076657008,456044532091,16666666,456045978424,456046266549,456046337008,456046850841,456061098300,6291,380584,456061098300,456048340049,0,456046850841,
0,112707,456059990342,456059990342,-875090979,456062368716,456062959508,456063199300,456063241258,456093323674,456062362133,16666666,456063453758,456063522633,456063570050,456064358633,456077442633,1833,135458,456077442633,456066122466,0,456064358633,
0,112715,456076657008,456076657008,-328210768,456079267050,456079716466,456079978133,456080173050,456109990340,456079261216,16666666,456080406633,456080444050,456080528091,456080834050,456093969091,3917,362417,456093969091,456081757383,0,456080834050,
0,112723,456093323674,456093323674,-91201367,456094014633,456094625675,456095299050,456095324383,456126657006,456094009050,16666666,456095504800,456095633508,456095678175,456096468883,456110618091,1583,81583,456110618091,456097153758,0,456096468883,
0,112731,456109990340,456109990340,-798341433,456110839466,456111320466,456112429383,456112457300,456143323672,456110833508,16666666,456112543800,456112690341,456112730216,456113018508,456127305258,1792,94084,456127305258,456113628675,0,456113018508,
0,112739,456126657006,456126657006,-996939597,456127666550,456128553341,456129503466,456129548466,456159990338,456127659091,16666666,456129560383,456129675841,456129712966,456130046675,456143785675,1542,98375,456143785675,456130826550,0,456130046675,
0,112747,456143323672,456143323672,-879743654,456144205966,456144597633,456144866925,456144895966,456176657004,456144200550,16666666,456145166841,456145296050,456145316883,456145699591,456160525966,1834,67125,456160525966,456146414091,0,456145699591,
0,112755,456159990338,456159990338,-825391596,456160889883,456161865300,456162697466,456162724591,456193323670,456160883925,16666666,456162909133,456163084050,456163118758,456163406925,456177199175,2542,149458,456177199175,456164313383,0,456163406925,
0,112763,456176657004,456176657004,-910952558,456177518216,456178184508,456179277133,456179301591,456209990336,456177512341,16666666,456179381550,456179464633,456179503175,456179789841,456193943550,1667,81334,456193943550,456180337883,0,456179789841,
0,112771,456193323670,456193323670,-217024203,456194043925,456194882050,456195419758,456195885841,456226657002,456194038091,16666666,456195893841,456195980341,456196068633,456196723008,456210624091,1875,151417,456210624091,456197333633,0,456196723008,
0,112779,456209990336,456209990336,-749938432,456210751925,456211312633,456211549508,456211571675,456243323668,456210746133,16666666,456211767550,456211803466,456211871258,456212518841,456227294716,2042,259667,456227294716,456213334758,0,456212518841,
0,112787,456226657002,456226657002,-348058546,456227731925,456228252841,456229063925,456229089550,456259990334,456227726341,16666666,456229269425,456229359675,456229378216,456229963841,456243733341,1459,84625,456243733341,456230576425,0,456229963841,
0,112802,456259990334,456259990334,-438806181,456260961841,456260962716,456261709591,456261739841,456276657000,456260955841,16666666,456261817216,456261906716,456261947050,456262262383,456277131591,1833,130459,456277131591,456263073966,0,456262262383,
0,112810,456276657000,456276657000,0,456277488050,456277488966,456278266091,456278297966,456309990332,456277481841,16666666,456278304341,456278413675,456278725550,456279198258,456293816258,1750,75666,456293816258,456279730091,0,456279198258,
0,112818,456293323666,456293323666,0,456293979508,456293980300,456294908383,456294951841,456326656998,456293973591,16666666,456295302216,456295573633,456295624175,456295949675,456310329216,675625,107791,456310329216,456297519550,0,456295949675,
0,112833,456326656998,456326656998,-17577407,456327273550,456327719550,456328221341,456328247425,456343323664,456327268091,16666666,456328460508,456328508133,456328527300,456329014800,456343886508,1625,109417,456343886508,456329983550,0,456329014800,
0,112841,456343323664,456343323664,-984287334,456344929925,456345848216,456346237050,456346294800,456376656996,456344923591,16666666,456346643050,456346739050,456346777716,456347073383,456360410800,1459,84209,456360410800,456347649841,0,456347073383,
0,112849,456359990330,456359990330,-144382801,456361124716,456361540800,456362162841,456362187966,456393323662,456361119091,16666666,456362368800,456362654925,456362692091,456362990300,456377087758,2625,181416,456377087758,456363856716,0,456362990300,
0,112857,456376656996,456376656996,-539270991,456377596383,456378116091,456378686675,456378710383,456409990328,456377590883,16666666,456378792466,456378899966,456378948050,456379244008,456393772300,3167,101750,456393772300,456379851300,0,456379244008,
0,112865,456393323662,456393323662,-14564921,456394102300,456394532341,456394765050,456394789258,456426656994,456394095966,16666666,456395058550,456395085091,456395266133,456395945383,456410575800,1667,91625,456410575800,456396656883,0,456395945383,
0,112873,456409990328,456409990328,-819190170,456410873341,456411273258,456411481966,456411504091,456443323660,456410867758,16666666,456411865216,456411998841,456412170091,456412566841,456427213341,352208,172833,456427213341,456413976133,0,456412566841,
0,112881,456426656994,456426656994,-785271700,456427740466,456428386258,456429053341,456429088550,456459990326,456427734883,16666666,456429545675,456429757633,456429800216,456430150508,456443774508,1334,94375,456443774508,456430811716,0,456430150508,
0,112889,456443323660,456443323660,-1067313095,456444299966,456444942091,456445534091,456445557133,456476656992,456444294216,16666666,456445639425,456445803633,456445855758,456446594466,456460734758,3125,162208,456460734758,456447425216,0,456446594466,
0,112897,456459990326,456459990326,-137574141,456461357591,456461831883,456462540716,456462570091,456493323658,456461351841,16666666,456462778216,456462948633,456462968258,456463470008,456477368716,1416,109000,456477368716,456464774341,0,456463470008,
0,112905,456476656992,456476656992,-587456610,456477787091,456478321883,456478560591,456478588508,456509990324,456477781841,16666666,456478808466,456479101466,456479221550,456479938883,456493758800,2125,117667,456493758800,456480699050,0,456479938883,
0,112913,456493323658,456493323658,-506940314,456493928258,456494698216,456495537050,456495565091,456526656990,456493922300,16666666,456495753550,456495850300,456495881550,456496657508,456510761175,1875,206792,456510761175,456497434550,0,456496657508,
0,112921,456509990324,456509990324,-1040229915,456511134341,456511899841,456513267716,456513306550,456543323656,456511127466,16666666,456513424758,456513507591,456513549091,456514129050,456527208508,2708,201459,456527208508,456515033716,0,456514129050,
0,112929,456526656990,456526656990,-161403036,456527852383,456529307550,456529606050,456529633925,456559990322,456527846383,16666666,456530011425,456530110633,456530146758,456530501425,456543859508,2000,130500,456543859508,456531269675,0,456530501425,
0,112937,456543323656,456543323656,-372442850,456544596758,456545251383,456545602716,456545641258,456576656988,456544591800,16666666,456545882383,456545994133,456546118550,456546846675,456560888300,1958,139125,456560888300,456547701883,0,456546846675,
0,112945,456559990322,456559990322,-742321056,456561301675,456562158633,456562812300,456562847258,456593323654,456561294383,16666666,456562967091,456563194508,456563248091,456564433841,456577306091,1833,129417,456577306091,456565096300,0,456564433841,
0,112953,456576656988,456576656988,-757801241,456577792966,456578559175,456578892841,456578943008,456609990320,456577787800,16666666,456579170091,456579283091,456579331800,456580814675,456593848341,2500,165292,456593848341,456581651300,0,456580814675,
0,112961,456593323654,456593323654,-552583653,456594192258,456594962925,456595187341,456595217883,456626656986,456594186508,16666666,456595512133,456595965008,456595986175,456597112050,456610767883,3459,346166,456610767883,456598231841,0,456597112050,
0,112969,456609990320,456609990320,-800473883,456611038841,456611816675,456612699300,456612752133,456643323652,456611032133,16666666,456613742425,456613830383,456614020008,456615041050,456627460383,2292,293083,456627460383,456615925216,0,456615041050,
0,112977,456626656986,456626656986,-694921449,456627468550,456628279841,456628465758,456628490008,456659990318,456627462675,16666666,456628622675,456628800216,456628899758,456630030591,456644173300,1792,160250,456644173300,456630714883,0,456630030591,
0,112985,456643323652,456643323652,-1060255462,456644152633,456645006050,456645307633,456645354466,456676656984,456644147216,16666666,456645573300,456645740008,456645944216,456646761508,456660601633,2583,253667,456660601633,456647488216,0,456646761508,
0,112993,456659990318,456659990318,-497045117,456661024800,456661758675,456662011300,456662051716,456693323650,456661017841,16666666,456662809633,456663031216,456663084841,456664600925,456677368258,1833,248417,456677368258,456665697633,0,456664600925,
0,113001,456676656984,456676656984,-217115797,456677714883,456677730258,456678188883,456678227050,456709990316,456677708675,16666666,456678384675,456678806091,456678851216,456679547008,456693820841,6375,348041,456693820841,456681009383,0,456679547008,
0,113009,456693323650,456693323650,0,456694190716,456694191716,456694760800,456694809758,456726656982,456694184591,16666666,456695020633,456695306925,456695394925,456696151966,456710548050,1459,90792,456710548050,456696919175,0,456696151966,
0,113017,456709990316,456709990316,0,456711158508,456711159466,456711160091,456711211466,456743323648,456711152966,16666666,456711514216,456711650966,456711700758,456713559175,456727158675,1417,86750,456727158675,456714189508,0,456713559175,
0,113025,456726656982,456726656982,0,456727521425,456727522341,456727522716,456727573216,456759990314,456727516175,16666666,456728321008,456728749758,456728815175,456729673466,456743833258,1750,96750,456743833258,456730385258,0,456729673466,
0,113033,456743323648,456743323648,0,456744555508,456744556466,456744556925,456744613216,456776656980,456744550216,16666666,456744948050,456745105091,456745143966,456745812883,456760422717,1833,68333,456760422717,456746346008,0,456745812883,
0,113041,456759990314,456759990314,0,456760710675,456760711383,456760711925,456760767758,456793323646,456760704717,16666666,456761487133,456761673133,456761809342,456762685508,456777319467,1417,78959,456777319467,456763226342,0,456762685508,
0,113049,456776656980,456776656980,0,456777444967,456777446258,456777446675,456777504675,456809990312,456777438925,16666666,456778217008,456778332342,456778384008,456779088592,456793852383,1584,73625,456793852383,456779559008,0,456779088592,
0,113057,456793323646,456793323646,0,456794137383,456794138175,456794138592,456794202133,456826656978,456794132175,16666666,456794505883,456794793008,456794985967,456795504175,456810556258,1708,74542,456810556258,456795978425,0,456795504175,
0,113065,456809990312,456809990312,0,456810908425,456810909425,456810910008,456810959050,456843323644,456810903467,16666666,456811260008,456811452425,456811517092,456812534717,456827239050,2333,126000,456827239050,456813230508,0,456812534717,
0,113073,456826656978,456826656978,0,456827478008,456827478967,456827479592,456827532258,456859990310,456827469342,16666666,456827835133,456827973967,456828056508,456828884217,456843929175,1583,71792,456843929175,456829635925,0,456828884217,
0,113081,456843323644,456843323644,0,456844317717,456844318633,456844319050,456844373050,456876656976,456844312092,16666666,456844691383,456844871092,456844910092,456846038050,456860524383,1666,101917,456860524383,456846585633,0,456846038050,
0,113089,456859990310,456859990310,0,456860912800,456860913592,456860913967,456860963008,456893323642,456860907967,16666666,456861383008,456861644592,456861680633,456862236717,456877139300,1375,72208,456877139300,456862744883,0,456862236717,
0,113097,456876656976,456876656976,0,456877395342,456877396092,456877396717,456877453550,456909990308,456877389967,16666666,456877851258,456877961675,456878028300,456878785383,456893954092,1416,66958,456893954092,456879260675,0,456878785383,
0,113105,456893323642,456893323642,0,456894008467,456894009383,456894010092,456894058883,456926656974,456894003675,16666666,456894424883,456894574258,456894673925,456895543342,456910456092,1500,70500,456910456092,456896485300,0,456895543342,
0,113113,456909990308,456909990308,0,456910669050,456910669758,456910670342,456910722258,456943323640,456910662675,16666666,456911083675,456911514050,456911647467,456912800842,456927293217,4000,263875,456927293217,456913746633,0,456912800842,
0,113121,456926656974,456926656974,0,456927528008,456927529258,456927529800,456927584300,456959990306,456927522425,16666666,456928347967,456928590675,456928658550,456929566717,456943834842,2125,131041,456943834842,456930191675,0,456929566717,
0,113129,456943323640,456943323640,0,456944237883,456944238758,456944239133,456944291467,456976656972,456944232717,16666666,456944702550,456944878633,456944959675,456946090092,456960512342,1792,68333,456960512342,456946619633,0,456946090092,
0,113137,456959990306,456959990306,0,456960944508,456960945425,456960945800,456960997300,456993323638,456960939383,16666666,456961651133,456961854175,456961940133,456962516717,456977236967,1583,73833,456977236967,456962993050,0,456962516717,
0,113145,456976656972,456976656972,0,456977715092,456977715967,456977716342,456977765175,457009990304,456977710050,16666666,456978170383,456978601967,456978650425,456979653425,456993890383,2416,143125,456993890383,456980330175,0,456979653425,
0,113153,456993323638,456993323638,0,456993893467,456993894383,456993894967,456993959508,457026656970,456993887758,16666666,456994693425,456994968425,456995021133,456996103342,457010552967,1792,88667,457010552967,456997003300,0,456996103342,
0,113161,457009990304,457009990304,0,457010845133,457010846467,457010847050,457010910758,457043323636,457010838425,16666666,457011500967,457011836175,457011994508,457012982550,457027223217,2541,166209,457027223217,457013753217,0,457012982550,
0,113169,457026656970,457026656970,0,457027640342,457027641425,457027642008,457027712967,457059990302,457027635217,16666666,457028297717,457028589675,457028612300,457029563967,457043689633,1417,68250,457043689633,457030065550,0,457029563967,
0,113177,457043323636,457043323636,0,457044383550,457044384633,457044385217,457044438592,457059990302,457044377300,16666666,457044729717,457044939133,457044986008,457045554508,454969785091,436458,178416,454969785091,457046701133,0,457045554508,
---PROFILEDATA---


View hierarchy:

  dev.polski.grammarmatrix/dev.polski.grammarmatrix.GlassBenchmarkActivity/android.view.ViewRootImpl@6932836
  7 views, 12.02 kB of render nodes


Total ViewRootImpl   : 1
Total attached Views : 7
Total RenderNode     : 12.02 kB (used) / 36.09 kB (capacity)

