Applications Graphics Acceleration Info:
Uptime: 480254 Realtime: 480254

** Graphics info for pid 3816 [dev.polski.grammarmatrix] **

Stats since: 474616809308ns
Total frames rendered: 335
Janky frames: 3 (0.90%)
Janky frames (legacy): 0 (0.00%)
50th percentile: 17ms
90th percentile: 17ms
95th percentile: 18ms
99th percentile: 19ms
Number Missed Vsync: 0
Number High input latency: 332
Number Slow UI thread: 0
Number Slow bitmap uploads: 0
Number Slow issue draw commands: 3
Number Frame deadline missed: 3
Number Frame deadline missed (legacy): 0
HISTOGRAM: 5ms=9 6ms=0 7ms=1 8ms=0 9ms=1 10ms=0 11ms=0 12ms=0 13ms=0 14ms=1 15ms=2 16ms=121 17ms=174 18ms=19 19ms=7 20ms=0 21ms=0 22ms=0 23ms=0 24ms=0 25ms=0 26ms=0 27ms=0 28ms=0 29ms=0 30ms=0 31ms=0 32ms=0 34ms=0 36ms=0 38ms=0 40ms=0 42ms=0 44ms=0 46ms=0 48ms=0 53ms=0 57ms=0 61ms=0 65ms=0 69ms=0 73ms=0 77ms=0 81ms=0 85ms=0 89ms=0 93ms=0 97ms=0 101ms=0 105ms=0 109ms=0 113ms=0 117ms=0 121ms=0 125ms=0 129ms=0 133ms=0 150ms=0 200ms=0 250ms=0 300ms=0 350ms=0 400ms=0 450ms=0 500ms=0 550ms=0 600ms=0 650ms=0 700ms=0 750ms=0 800ms=0 850ms=0 900ms=0 950ms=0 1000ms=0 1050ms=0 1100ms=0 1150ms=0 1200ms=0 1250ms=0 1300ms=0 1350ms=0 1400ms=0 1450ms=0 1500ms=0 1550ms=0 1600ms=0 1650ms=0 1700ms=0 1750ms=0 1800ms=0 1850ms=0 1900ms=0 1950ms=0 2000ms=0 2050ms=0 2100ms=0 2150ms=0 2200ms=0 2250ms=0 2300ms=0 2350ms=0 2400ms=0 2450ms=0 2500ms=0 2550ms=0 2600ms=0 2650ms=0 2700ms=0 2750ms=0 2800ms=0 2850ms=0 2900ms=0 2950ms=0 3000ms=0 3050ms=0 3100ms=0 3150ms=0 3200ms=0 3250ms=0 3300ms=0 3350ms=0 3400ms=0 3450ms=0 3500ms=0 3550ms=0 3600ms=0 3650ms=0 3700ms=0 3750ms=0 3800ms=0 3850ms=0 3900ms=0 3950ms=0 4000ms=0 4050ms=0 4100ms=0 4150ms=0 4200ms=0 4250ms=0 4300ms=0 4350ms=0 4400ms=0 4450ms=0 4500ms=0 4550ms=0 4600ms=0 4650ms=0 4700ms=0 4750ms=0 4800ms=0 4850ms=0 4900ms=0 4950ms=0
50th gpu percentile: 14ms
90th gpu percentile: 15ms
95th gpu percentile: 16ms
99th gpu percentile: 16ms
GPU HISTOGRAM: 1ms=0 2ms=10 3ms=0 4ms=1 5ms=0 6ms=0 7ms=1 8ms=1 9ms=0 10ms=1 11ms=5 12ms=7 13ms=28 14ms=134 15ms=128 16ms=16 17ms=2 18ms=1 19ms=0 20ms=0 21ms=0 22ms=0 23ms=0 24ms=0 25ms=0 4950ms=0

Pipeline=Skia (OpenGL)
Memory policy:
  Max surface area: 2592000
  Max resource usage: 124.42MB (x48)
  Background retention: 50% (altUiHidden = true)
  GPU Context timeout: 10
Contexts: 1 (stopped = 0)
CPU Caches:
  Glyph Cache: 33.70 KB (1 entry)
  Glyph Count: 11 
Total CPU memory usage:
  34510 bytes, 33.70 KB (0.00 bytes is purgeable)
GPU Caches:
  Other:
    Other: 49.27 KB (1 entry)
    Buffer Object: 36.00 KB (1 entry)
  Scratch:
    RenderTarget: 11.88 MB (1 entry)
    Buffer Object: 110.00 KB (3 entries)
    Texture: 2.00 MB (1 entry)
Total GPU memory usage:
  14748944 bytes, 14.07 MB (68.00 KB is purgeable)

GraphicBufferAllocator buffers:
        Handle |        Size |     W (Stride) x H | Layers |   Format |      Usage | Requestor
0xb400007b2c426ab0 |     unknown | 1080 (   0) x 2400 |      1 |        1 | 0x     b00 | VRI[GlassBenchmarkActivity]#0(BLAST Consumer)0
0xb400007b2c427e60 |     unknown | 1080 (   0) x 2400 |      1 |        1 | 0x     b00 | VRI[GlassBenchmarkActivity]#0(BLAST Consumer)0
0xb400007b2c4282e0 |     unknown | 1080 (   0) x 2400 |      1 |        1 | 0x     b00 | VRI[GlassBenchmarkActivity]#0(BLAST Consumer)0
Total allocated by GraphicBufferAllocator (estimate): 0.00 KB
GoldfishAllocator::dumpDebugInfo is not implemented
Profile data in ms:

	dev.polski.grammarmatrix/dev.polski.grammarmatrix.GlassBenchmarkActivity/android.view.ViewRootImpl@6932836 (visibility=0)
Window: dev.polski.grammarmatrix/dev.polski.grammarmatrix.GlassBenchmarkActivity
Stats since: 474616809100ns
Total frames rendered: 335
Janky frames: 3 (0.90%)
Janky frames (legacy): 0 (0.00%)
50th percentile: 17ms
90th percentile: 17ms
95th percentile: 18ms
99th percentile: 19ms
Number Missed Vsync: 0
Number High input latency: 332
Number Slow UI thread: 0
Number Slow bitmap uploads: 0
Number Slow issue draw commands: 3
Number Frame deadline missed: 3
Number Frame deadline missed (legacy): 0
HISTOGRAM: 5ms=9 6ms=0 7ms=1 8ms=0 9ms=1 10ms=0 11ms=0 12ms=0 13ms=0 14ms=1 15ms=2 16ms=121 17ms=174 18ms=19 19ms=7 20ms=0 21ms=0 22ms=0 23ms=0 24ms=0 25ms=0 26ms=0 27ms=0 28ms=0 29ms=0 30ms=0 31ms=0 32ms=0 34ms=0 36ms=0 38ms=0 40ms=0 42ms=0 44ms=0 46ms=0 48ms=0 53ms=0 57ms=0 61ms=0 65ms=0 69ms=0 73ms=0 77ms=0 81ms=0 85ms=0 89ms=0 93ms=0 97ms=0 101ms=0 105ms=0 109ms=0 113ms=0 117ms=0 121ms=0 125ms=0 129ms=0 133ms=0 150ms=0 200ms=0 250ms=0 300ms=0 350ms=0 400ms=0 450ms=0 500ms=0 550ms=0 600ms=0 650ms=0 700ms=0 750ms=0 800ms=0 850ms=0 900ms=0 950ms=0 1000ms=0 1050ms=0 1100ms=0 1150ms=0 1200ms=0 1250ms=0 1300ms=0 1350ms=0 1400ms=0 1450ms=0 1500ms=0 1550ms=0 1600ms=0 1650ms=0 1700ms=0 1750ms=0 1800ms=0 1850ms=0 1900ms=0 1950ms=0 2000ms=0 2050ms=0 2100ms=0 2150ms=0 2200ms=0 2250ms=0 2300ms=0 2350ms=0 2400ms=0 2450ms=0 2500ms=0 2550ms=0 2600ms=0 2650ms=0 2700ms=0 2750ms=0 2800ms=0 2850ms=0 2900ms=0 2950ms=0 3000ms=0 3050ms=0 3100ms=0 3150ms=0 3200ms=0 3250ms=0 3300ms=0 3350ms=0 3400ms=0 3450ms=0 3500ms=0 3550ms=0 3600ms=0 3650ms=0 3700ms=0 3750ms=0 3800ms=0 3850ms=0 3900ms=0 3950ms=0 4000ms=0 4050ms=0 4100ms=0 4150ms=0 4200ms=0 4250ms=0 4300ms=0 4350ms=0 4400ms=0 4450ms=0 4500ms=0 4550ms=0 4600ms=0 4650ms=0 4700ms=0 4750ms=0 4800ms=0 4850ms=0 4900ms=0 4950ms=0
50th gpu percentile: 14ms
90th gpu percentile: 15ms
95th gpu percentile: 16ms
99th gpu percentile: 16ms
GPU HISTOGRAM: 1ms=0 2ms=10 3ms=0 4ms=1 5ms=0 6ms=0 7ms=1 8ms=1 9ms=0 10ms=1 11ms=5 12ms=7 13ms=28 14ms=134 15ms=128 16ms=16 17ms=2 18ms=1 19ms=0 20ms=0 21ms=0 22ms=0 23ms=0 24ms=0 25ms=0 4950ms=0



---PROFILEDATA---
Flags,FrameTimelineVsyncId,IntendedVsync,Vsync,InputEventId,HandleInputStart,AnimationStart,PerformTraversalsStart,DrawStart,FrameDeadline,FrameInterval,FrameStartTime,SyncQueued,SyncStart,IssueDrawCommandsStart,SwapBuffers,FrameCompleted,DequeueBufferDuration,QueueBufferDuration,GpuCompleted,SwapBuffersCompleted,DisplayPresentTime,CommandSubmissionCompleted,
0,122598,478259989454,478259989454,-349395916,478261064393,478261680768,478261954227,478261992352,478293322786,478261058852,16666666,478262167352,478262371227,478262407435,478263186560,478277055768,1750,76875,478277055768,478263684977,0,478263186560,
0,122606,478276656120,478276656120,-1028301831,478277390810,478277966977,478278153018,478278178310,478309989452,478277384477,16666666,478278322852,478278337393,478278374810,478279208685,478294174518,509250,98709,478294174518,478280405602,0,478279208685,
0,122614,478293322786,478293322786,-552929046,478294224810,478295226727,478295452727,478295494352,478326656118,478294218893,16666666,478295884018,478295928643,478295950102,478296798185,478310536893,1917,181750,478310536893,478297408143,0,478296798185,
0,122622,478309989452,478309989452,-962324346,478310728893,478311612852,478311904602,478312164518,478343322784,478310655935,16666666,478312346435,478312688268,478312720893,478313267060,478328598352,1625,171208,478328598352,478313843143,0,478313267060,
0,122630,478326656118,478326656118,-486177241,478329691727,478330445727,478330614435,478330639810,478359989450,478329686143,16666666,478333035352,478333279310,478333379435,478334513477,478344112560,1750,101000,478344112560,478335509227,0,478334513477,
0,122638,478343322784,478343322784,-366624066,478344324643,478344756435,478344907643,478344929477,478376656116,478344318727,16666666,478345080727,478345742268,478345803935,478346610435,478360666310,1542,88500,478360666310,478347179310,0,478346610435,
0,122646,478359989450,478359989450,-118466545,478360810893,478361213727,478361364393,478361385977,478393322782,478360805185,16666666,478361509893,478361686768,478361730352,478362669227,478377023685,1667,61750,478377023685,478363311935,0,478362669227,
0,122654,478376656116,478376656116,-573331115,478377338185,478378094935,478378269477,478378294977,478409989448,478377332435,16666666,478378415810,478378509143,478378554602,478379194602,478393747185,389209,86792,478393747185,478380608393,0,478379194602,
0,122662,478393322782,478393322782,-15324819,478394097685,478394539227,478394688435,478394710977,478426656114,478394092477,16666666,478394836060,478395272852,478395400893,478396680227,478410492852,1916,169208,478410492852,478397593018,0,478396680227,
0,122670,478409989448,478409989448,-522315810,478410810727,478411272185,478411427143,478411452393,478443322780,478410805810,16666666,478411816727,478412272352,478412294018,478413195602,478427640602,1500,81375,478427640602,478413724435,0,478413195602,
0,122678,478426656114,478426656114,-537977297,478427682977,478428611852,478428806144,478428832935,478459989446,478427677394,16666666,478428970102,478428984852,478429285269,478430636852,478443765810,1667,131666,478443765810,478431537602,0,478430636852,
0,122686,478443322780,478443322780,-760850040,478444176269,478444578644,478444721227,478444742852,478476656112,478444171060,16666666,478444916102,478445528519,478445600769,478446799644,478460536519,2000,90042,478460536519,478447691394,0,478446799644,
0,122694,478459989446,478459989446,-847738149,478460998727,478462254602,478462567519,478462616644,478493322778,478460993352,16666666,478463045394,478463068644,478463220352,478464380394,478477284269,2083,171041,478477284269,478465521185,0,478464380394,
0,122702,478476656112,478476656112,-534784288,478477578310,478478122310,478478398352,478478451769,478509989444,478477571685,16666666,478478624852,478479030060,478479069727,478480198352,478496103394,3125,504334,478496103394,478481772977,0,478480198352,
0,122710,478493322778,478493322778,-1005698739,478497065227,478497531685,478497701727,478497730852,478526656110,478497058769,16666666,478497899810,478498342227,478498403102,478500116435,478510442269,1875,157084,478510442269,478501509727,0,478500116435,
0,122718,478509989444,478509989444,-613432323,478510820185,478511285019,478511436435,478511460769,478543322776,478510814935,16666666,478511596977,478511711060,478511744310,478513003477,478517456060,418958,1082875,478516984935,478517456060,0,478513003477,
0,122726,478526656110,478526656110,-345450187,478527456727,478529220769,478529549477,478529598644,478559989442,478527450310,16666666,478529813852,478530183227,478530297810,478530995477,478543891852,2583,707042,478543891852,478532394060,0,478530995477,
0,122734,478543322776,478543322776,-79550081,478544501269,478545454144,478545636852,478545663810,478576656108,478544496102,16666666,478545863935,478545987269,478546108269,478547193560,478560730185,1750,121125,478560730185,478548725935,0,478547193560,
0,122742,478559989442,478559989442,-173255392,478561128227,478561146019,478561610185,478561653560,478593322774,478561121852,16666666,478561836894,478562066810,478562126644,478563001727,478577730144,1625,67875,478577730144,478563812935,0,478563001727,
0,122750,478576656108,478576656108,0,478578239602,478578240310,478578904310,478578960477,478609989440,478578234519,16666666,478579125810,478579374019,478579520269,478580726602,478593927310,2083,160875,478593927310,478581491769,0,478580726602,
0,122758,478593322774,478593322774,0,478593991769,478593992894,478594592144,478594648977,478626656106,478593984352,16666666,478595223477,478595504519,478595675894,478596091269,478610566852,1333,81750,478610566852,478596662560,0,478596091269,
0,122766,478609989440,478609989440,0,478610823769,478610824852,478611262310,478611297560,478643322772,478610817269,16666666,478611582352,478611745852,478611784394,478612343685,478627184352,395167,101667,478627184352,478613433144,0,478612343685,
0,122774,478626656106,478626656106,0,478627418894,478627419769,478627923144,478627959185,478659989438,478627413019,16666666,478628291310,478628844810,478628867019,478629361102,478643828560,2416,160750,478643828560,478630172185,0,478629361102,
0,122782,478643322772,478643322772,-156023441,478644204269,478644754310,478644977060,478645007352,478676656104,478644199477,16666666,478645404477,478645763894,478646314394,478646862810,478660942935,2167,184041,478660942935,478647761977,0,478646862810,
0,122790,478659989438,478659989438,-210156524,478660935227,478661325144,478661531227,478663064810,478693322770,478660929894,16666666,478663480644,478663723519,478663745560,478664092352,478677302102,524917,135625,478677302102,478665834144,0,478664092352,
0,122798,478676656104,478676656104,-527974985,478677908144,478678559769,478679386185,478679425435,478709989436,478677901394,16666666,478679613310,478679747685,478679780935,478680326060,478693953852,2125,138958,478693953852,478681003185,0,478680326060,
0,122806,478693322770,478693322770,-634717319,478694397477,478695197810,478696314185,478696346102,478726656102,478694389477,16666666,478696464935,478696552310,478696627685,478697282852,478710803269,2125,236125,478710803269,478698031060,0,478697282852,
0,122814,478709989436,478709989436,-86779194,478710768060,478711409935,478711698727,478711742310,478743322768,478710762810,16666666,478711966477,478712301352,478712852435,478713883935,478727172477,1958,136958,478727172477,478714681727,0,478713883935,
0,122822,478726656102,478726656102,-432315976,478727438435,478728203560,478728451894,478728505560,478759989434,478727432810,16666666,478728707269,478729343977,478729384352,478730066352,478743723102,4041,428167,478743723102,478730975852,0,478730066352,
0,122830,478743322768,478743322768,-845344437,478744643144,478745447352,478745620019,478745646977,478776656100,478744637060,16666666,478745809935,478745891727,478745926769,478746991519,478760607727,2625,752958,478760607727,478748442769,0,478746991519,
0,122838,478759989434,478759989434,-1027508051,478760974852,478761321644,478761483644,478761505102,478793322766,478760969769,16666666,478761629060,478761970519,478761999685,478763100477,478777269227,2375,261791,478777269227,478763892935,0,478763100477,
0,122846,478776656100,478776656100,-925078464,478777724060,478778381227,478778755310,478778783310,478809989432,478777719144,16666666,478779003310,478779250352,478779296602,478780123435,478793752060,1959,128666,478793752060,478781023894,0,478780123435,
0,122854,478793322766,478793322766,-529489250,478794096269,478794901310,478795085185,478795112477,478826656098,478794091060,16666666,478795251185,478795624269,478795690435,478796655060,478810598185,1875,278834,478810598185,478797623060,0,478796655060,
0,122862,478809989432,478809989432,-1018035256,478810939102,478811338727,478811481394,478811502227,478843322764,478810933435,16666666,478811651310,478812157602,478812176185,478813409602,478827281352,1500,224750,478827281352,478814387144,0,478813409602,
0,122870,478826656098,478826656098,-73348370,478827491477,478828353935,478828538935,478828566227,478859989430,478827486060,16666666,478828871977,478828977977,478829016685,478829944769,478843794185,4125,336708,478843794185,478830835769,0,478829944769,
0,122878,478843322764,478843322764,-831928035,478844226894,478844743019,478844922644,478844952810,478876656096,478844220227,16666666,478845100602,478845441227,478845463852,478846400519,478860498102,1708,79875,478860498102,478847044060,0,478846400519,
0,122886,478859989430,478859989430,-329714607,478860657935,478861430185,478861623394,478861647269,478893322762,478860651852,16666666,478861801519,478861935019,478861954144,478863230310,478877225102,2541,140625,478877225102,478864184185,0,478863230310,
0,122894,478876656096,478876656096,-1069859769,478877622185,478878160394,478878318352,478878341810,478909989428,478877617352,16666666,478878481935,478878872519,478878891310,478879619227,478893719019,2834,176750,478893719019,478880330852,0,478879619227,
0,122902,478893322762,478893322762,-683831123,478894132227,478894707894,478894929894,478894970644,478926656094,478894124394,16666666,478895179769,478895423102,478895463060,478896831060,478912518435,2292,161042,478912518435,478897395477,0,478896831060,
0,122910,478909989428,478909989428,-506677108,478912801102,478913316560,478913475310,478913499394,478943322760,478912794977,16666666,478913652644,478913670435,478913718852,478914795727,478927105185,196958,142042,478927105185,478915691310,0,478914795727,
0,122918,478926656094,478926656094,-792749274,478927346019,478927793310,478927958602,478927983269,478959989426,478927340769,16666666,478928203019,478928456019,478928482185,478929570060,478944086477,2250,77500,478944086477,478930264060,0,478929570060,
0,122926,478943322760,478943322760,-429773843,478944339394,478945139060,478945351894,478945393310,478976656092,478944316644,16666666,478945557269,478945856352,478946247477,478947031102,478960604269,2209,226083,478960604269,478947674102,0,478947031102,
0,122934,478959989426,478959989426,-145663842,478961191144,478961869060,478962068727,478962102977,478993322758,478961185394,16666666,478962253644,478962403269,478962446185,478963349310,478977180727,2084,293667,478977180727,478964194602,0,478963349310,
0,122942,478976656092,478976656092,-342865141,478977285102,478977750435,478977920352,478977944685,479009989424,478977279519,16666666,478978077644,478978316185,478978549769,478979452435,478993740852,2625,481708,478993740852,478980738435,0,478979452435,
0,122950,478993322758,478993322758,-272469412,478993944769,478994502019,478994666227,478994690977,479026656090,478993939519,16666666,478994868519,478995180227,478995201144,478995937227,479010512894,1542,74083,479010512894,478996803269,0,478995937227,
0,122958,479009989424,479009989424,-1059672161,479011165977,479011181102,479011676269,479011715352,479043322756,479011160269,16666666,479011922727,479012578894,479012616477,479013373560,479027141435,1542,178333,479027141435,479013980977,0,479013373560,
0,122966,479026656090,479026656090,0,479027457727,479027458602,479027942519,479027978435,479059989422,479027452685,16666666,479028586894,479028821644,479029050727,479029659394,479043893769,1792,167583,479043893769,479030291685,0,479029659394,
0,122974,479043322756,479043322756,0,479044765977,479044767352,479044767769,479044821560,479076656088,479044759144,16666666,479045223394,479045332394,479045402352,479046334185,479060470477,1958,194584,479060470477,479047130477,0,479046334185,
0,122982,479059989422,479059989422,0,479060888977,479060889894,479060890477,479060945519,479093322754,479060883477,16666666,479061398810,479061625019,479061669185,479062833269,479077441144,2334,339958,479077441144,479066613060,0,479062833269,
0,122990,479076656088,479076656088,0,479077422352,479077423477,479077423977,479077479477,479109989420,479077416269,16666666,479077780102,479078024810,479079163394,479080609352,479093807019,1056625,103583,479093807019,479082316060,0,479080609352,
0,122998,479093322754,479093322754,-430807804,479094209102,479094986435,479095145560,479095168477,479126656086,479094203977,16666666,479095300644,479095544185,479095562935,479096593060,479110700435,2666,324959,479110700435,479097693769,0,479096593060,
0,123006,479109989420,479109989420,-699183874,479111221435,479111803435,479112243977,479112290102,479143322752,479111216269,16666666,479112539310,479112631394,479112714894,479113540352,479127341602,280459,242500,479127341602,479114713810,0,479113540352,
0,123014,479126656086,479126656086,-833745394,479127723977,479128930061,479129305102,479129340519,479159989418,479127716852,16666666,479129488686,479129650561,479129748644,479130349061,479144156102,2125,193625,479144156102,479131066352,0,479130349061,
0,123022,479143322752,479143322752,-134423075,479144514102,479144903602,479145062352,479145083019,479176656084,479144508561,16666666,479145209602,479145435269,479145600102,479146834644,479160496436,2708,439208,479160496436,479147726436,0,479146834644,
0,123030,479159989418,479159989418,-676644844,479160973269,479161388977,479162094352,479162150019,479193322750,479160967936,16666666,479162557811,479162716769,479162775769,479163482811,479178234061,2708,349167,479178234061,479164389561,0,479163482811,
0,123038,479176656084,479176656084,-758440620,479178548602,479179071061,479179268269,479179294019,479209989416,479178543186,16666666,479179431227,479179656477,479179675561,479181251352,479193960477,1500,62750,479193960477,479182025644,0,479181251352,
0,123046,479193322750,479193322750,-357355328,479194092936,479195028852,479195382561,479195420561,479226656082,479194085561,16666666,479195808144,479195992769,479196082686,479196938352,479210768019,1667,80667,479210768019,479197544186,0,479196938352,
0,123054,479209989416,479209989416,-716553882,479211246852,479212751936,479212927227,479212961352,479243322748,479211239561,16666666,479213099144,479213385561,479213433602,479214197352,479227439894,1500,93666,479227439894,479214823227,0,479214197352,
0,123062,479226656082,479226656082,-941991301,479227478977,479228145186,479228301311,479228329394,479259989414,479227472186,16666666,479228458061,479228679477,479228713102,479229830144,479243883811,1917,70084,479243883811,479230377061,0,479229830144,
0,123070,479243322748,479243322748,-380206586,479244207811,479244809102,479245305769,479245337602,479276656080,479244202477,16666666,479245488186,479245658144,479245697019,479246413602,479260831686,2250,138875,479260831686,479247214977,0,479246413602,
0,123078,479259989414,479259989414,-578895437,479260932852,479261818769,479262007394,479262035769,479293322746,479260926227,16666666,479262599102,479262769936,479262818602,479263776936,479277205061,1834,90542,479277205061,479264366686,0,479263776936,
0,123086,479276656080,479276656080,-405172392,479277408061,479278086186,479278330561,479278373144,479309989412,479277400686,16666666,479278580061,479278884352,479278920561,479279725102,479294074686,1542,74208,479294074686,479280311352,0,479279725102,
0,123094,479293322746,479293322746,-715187316,479294261144,479294718519,479294874811,479294900686,479326656078,479294256019,16666666,479295033852,479295394936,479295438186,479297013727,479310821269,1417,54625,479310821269,479297507394,0,479297013727,
0,123102,479309989412,479309989412,-169230642,479310893436,479311393061,479311541852,479311567102,479343322744,479310888311,16666666,479311696769,479312237811,479312255144,479313152644,479327454852,2833,144584,479327454852,479314015727,0,479313152644,
0,123110,479326656078,479326656078,-345199073,479327539102,479328617602,479329064269,479329093602,479359989410,479327533936,16666666,479329236811,479329387061,479329424269,479330292061,479343903352,1625,71334,479343903352,479330857727,0,479330292061,
0,123118,479343322744,479343322744,-393835237,479344480227,479345324227,479345554019,479345589602,479376656076,479344473019,16666666,479345729019,479346209977,479346227644,479346959311,479360855811,1958,186292,479360855811,479347746394,0,479346959311,
0,123126,479359989410,479359989410,-849507800,479362235019,479362899561,479363057602,479363081727,479393322742,479362229144,16666666,479363210102,479363376644,479363449061,479364511686,479377331227,1958,134458,479377331227,479365177186,0,479364511686,
0,123134,479376656076,479376656076,-746333359,479378682727,479379289102,479379440311,479379470311,479409989408,479378676144,16666666,479379607769,479379693061,479379712144,479380741311,479393701477,2500,174458,479393701477,479381669644,0,479380741311,
0,123142,479393322742,479393322742,-236655203,479394289352,479395258686,479395407061,479395431102,479426656074,479394284061,16666666,479395555144,479395953352,479395989186,479397263269,479410621686,2167,215667,479410621686,479398261644,0,479397263269,
0,123150,479409989408,479409989408,-205281161,479411007102,479411537477,479411686811,479411719144,479443322740,479411000727,16666666,479411863102,479412448644,479412506477,479413347561,479427358852,1792,161042,479427358852,479414081686,0,479413347561,
0,123158,479426656074,479426656074,-292518598,479427543019,479428341436,479428591394,479428637686,479459989406,479427537727,16666666,479428848227,479429838727,479430160852,479431264019,479443843894,4750,185333,479443843894,479432337144,0,479431264019,
0,123166,479443322740,479443322740,-138548431,479444391394,479444411311,479444969144,479445022811,479476656072,479444383894,16666666,479445490936,479445641477,479445709894,479446292436,479460734102,1291,159625,479460734102,479447080769,0,479446292436,
0,123174,479459989406,479459989406,0,479461466894,479461468186,479462427102,479462526144,479493322738,479461459936,16666666,479462856936,479462983061,479463057936,479463450602,479477442227,2292,192958,479477442227,479464325936,0,479463450602,
0,123182,479476656072,479476656072,0,479477807519,479477808936,479478536102,479478589394,479509989404,479477800644,16666666,479479449811,479479712519,479479861769,479480607186,479494247894,1375,147209,479494247894,479481434894,0,479480607186,
0,123190,479493322738,479493322738,0,479494581686,479494582561,479495437019,479495505144,479526656070,479494576561,16666666,479496105686,479496172394,479496253852,479496741186,479510825811,1086041,88083,479510825811,479498756227,0,479496741186,
0,123198,479509989404,479509989404,0,479510761727,479510762519,479511816394,479511852311,479543322736,479510756352,16666666,479512763727,479513337811,479513428144,479514645144,479527265727,2125,315875,479527265727,479515496019,0,479514645144,
0,123206,479526656070,479526656070,-5282511,479527445811,479528965686,479529588186,479529634686,479559989402,479527440644,16666666,479529927394,479530133936,479530184769,479530650894,479545580769,2250,246791,479545580769,479531742644,0,479530650894,
0,123214,479543322736,479543322736,-36810536,479545819727,479546205394,479546684186,479546718602,479576656068,479545814477,16666666,479546808227,479547096727,479547132727,479547629227,479560459769,1583,93958,479560459769,479548534436,0,479547629227,
0,123222,479559989402,479559989402,-206777365,479560831352,479561535394,479562032186,479562320269,479593322734,479560825686,16666666,479562737394,479562843186,479562877894,479563192311,479577306269,3500,152792,479577306269,479563906102,0,479563192311,
0,123230,479576656068,479576656068,-265173196,479577701311,479578775602,479579318227,479579347269,479609989400,479577695519,16666666,479579458061,479579558727,479579604686,479580256602,479593920852,2083,138625,479593920852,479581086644,0,479580256602,
0,123238,479593322734,479593322734,-508224872,479594197061,479594623269,479594779852,479594800561,479626656066,479594178477,16666666,479594935436,479595169852,479595355311,479596432227,479610664019,2416,183250,479610664019,479597418519,0,479596432227,
0,123246,479609989400,479609989400,-918504077,479610897686,479611352477,479611513602,479611536686,479643322732,479610891936,16666666,479611681227,479611729477,479611756894,479613375686,479627259144,1875,76084,479627259144,479613928769,0,479613375686,
0,123254,479626656066,479626656066,-312910250,479627695269,479628592977,479628826352,479628868561,479659989398,479627689686,16666666,479629035852,479629183144,479629207894,479630785102,479644385102,1625,76542,479644385102,479631597852,0,479630785102,
0,123262,479643322732,479643322732,-768100688,479644595686,479645006352,479645150019,479645171186,479676656064,479644589811,16666666,479645298269,479645525186,479645651227,479646473519,479660526977,1625,72000,479660526977,479647034144,0,479646473519,
0,123270,479659989398,479659989398,-2285383,479660813394,479661290977,479661444894,479662119894,479693322730,479660808019,16666666,479662272936,479662472061,479662611061,479663400394,479677172686,5291,151000,479677172686,479664424269,0,479663400394,
0,123278,479676656064,479676656064,-972833275,479677565477,479679059852,479679235977,479679265186,479709989396,479677559977,16666666,479679407352,479679492477,479679529769,479680289936,479693953311,2625,170084,479693953311,479681081477,0,479680289936,
0,123286,479693322730,479693322730,-295819134,479694004686,479694775477,479694950977,479694975561,479726656062,479693999352,16666666,479695148811,479695492852,479695556727,479696932852,479710530519,2083,397708,479710530519,479698179519,0,479696932852,
0,123294,479709989396,479709989396,-375314590,479710709936,479711138269,479711300269,479711323811,479743322728,479710703811,16666666,479711452936,479711660269,479711748561,479713305727,479729578269,3208,227917,479729578269,479714053852,0,479713305727,
0,123302,479726656062,479726656062,-396507859,479729936977,479730504477,479730685811,479730712311,479759989394,479729931436,16666666,479730854061,479731109811,479731203311,479732872311,479743853811,1708,84833,479743853811,479733435102,0,479732872311,
0,123310,479743322728,479743322728,-1073594027,479744333227,479744711227,479744863727,479744884977,479776656060,479744327352,16666666,479745390061,479745764269,479745919436,479746786477,479760581436,2166,94750,479760581436,479747333561,0,479746786477,
0,123318,479759989394,479759989394,-599166091,479761385936,479762238561,479762418394,479762447144,479793322726,479761379352,16666666,479762576769,479762786394,479762898894,479763712561,479777098061,1834,241875,479777098061,479764416811,0,479763712561,
0,123326,479776656060,479776656060,-870207272,479777599769,479778306102,479778477727,479778529144,479809989392,479777593894,16666666,479778673186,479778756727,479778775894,479779642894,479793806852,2084,199667,479793806852,479780340936,0,479779642894,
0,123334,479793322726,479793322726,-10917251,479793992686,479794874936,479795059727,479795087436,479826656058,479793985977,16666666,479795218936,479795437602,479795560977,479796622936,479810473477,1958,197250,479810473477,479797265186,0,479796622936,
0,123342,479809989392,479809989392,-540998730,479810689727,479811616769,479811810561,479811835977,479843322724,479810684727,16666666,479811960852,479812323019,479812450186,479813279602,479827274186,1625,77542,479827274186,479813746894,0,479813279602,
0,123350,479826656058,479826656058,-874729774,479827438686,479827835269,479828265561,479828326811,479859989390,479827433186,16666666,479828585561,479828819561,479828844561,479830334103,479843847561,1417,97334,479843847561,479831197394,0,479830334103,
0,123358,479843322724,479843322724,-696368406,479844179269,479845715353,479845993186,479846047228,479876656056,479844172269,16666666,479846235311,479846362019,479846384311,479848397353,479860902186,1958,97333,479860902186,479849145686,0,479848397353,
0,123366,479859989390,479859989390,-376837270,479860970644,479861595436,479861896103,479861942186,479893322722,479860965311,16666666,479862168853,479862430228,479862545394,479863753936,479877174686,2625,304083,479877174686,479865062894,0,479863753936,
0,123374,479876656056,479876656056,-920939034,479877402394,479878070811,479878292686,479878342603,479909989388,479877396019,16666666,479878543478,479878975686,479879013311,479879722644,479893762519,2375,160625,479893762519,479880566186,0,479879722644,
0,123382,479893322722,479893322722,-699545868,479894392769,479894408144,479894850103,479894912603,479926656054,479894386978,16666666,479895104061,479895371269,479895429478,479896450769,479910848769,2917,166166,479910848769,479897144269,0,479896450769,
0,123390,479909989388,479909989388,0,479911177353,479911178353,479911575269,479911619478,479943322720,479911171394,16666666,479911919478,479912206103,479912229686,479913366311,479927471061,2000,153458,479927471061,479914064186,0,479913366311,
0,123398,479926656054,479926656054,0,479927662436,479927663561,479927664103,479927722228,479959989386,479927656603,16666666,479928884603,479929062061,479929151186,479929849936,479943947394,1667,72583,479943947394,479930475436,0,479929849936,
0,123406,479943322720,479943322720,0,479944436061,479944436978,479944437519,479944490603,479976656052,479944431019,16666666,479945071936,479945194061,479945242436,479946744728,479960591436,2042,150083,479960591436,479947402478,0,479946744728,
0,123414,479959989386,479959989386,0,479962372019,479962372728,479962373144,479962419853,479993322718,479962366853,16666666,479962955186,479962972519,479962992269,479963711561,479977359103,2541,151333,479977359103,479964814019,0,479963711561,
0,123422,479976656052,479976656052,0,479978341436,479978342353,479978342894,479978403853,480009989384,479978335228,16666666,479979207186,479979536103,479979581644,479982940978,479993833061,1570542,134250,479993833061,479986251103,0,479982940978,
0,123430,479993322718,479993322718,0,479994339019,479994339853,479994340436,479994504436,480026656050,479994333394,16666666,479995090144,479995455978,479995501978,479996748853,480010678519,2792,142708,480010678519,479997396269,0,479996748853,
0,123438,480009989384,480009989384,0,480010992644,480010993311,480010993853,480011043519,480043322716,480010987644,16666666,480011341894,480011451144,480011489186,480012703311,480027194228,1292,79084,480027194228,480013603478,0,480012703311,
0,123446,480026656050,480026656050,0,480027594019,480027594769,480027595186,480027641228,480059989382,480027589019,16666666,480027954936,480028252019,480028604436,480029372228,480043798353,1417,69500,480043798353,480029959311,0,480029372228,
0,123454,480043322716,480043322716,0,480044486311,480044487186,480044487603,480044547894,480076656048,480044480978,16666666,480044854353,480045074019,480045221311,480045986061,480060918728,1459,70000,480060918728,480046450853,0,480045986061,
0,123462,480059989382,480059989382,0,480060636936,480060637728,480060638103,480060685394,480093322714,480060632186,16666666,480061322519,480061554978,480061601853,480062430894,480077457228,207000,96292,480077457228,480063246728,0,480062430894,
0,123470,480076656048,480076656048,0,480077704144,480077704894,480077705478,480077757019,480109989380,480077699353,16666666,480078459436,480078926561,480078971436,480080535186,480093722436,2167,153709,480093722436,480081967686,0,480080535186,
0,123478,480093322714,480093322714,0,480094281519,480094282811,480094283228,480094336144,480126656046,480094276228,16666666,480094721978,480095220936,480095261353,480096071103,480110931019,1208,81083,480110931019,480096679103,0,480096071103,
0,123486,480109989380,480109989380,0,480110971353,480110972144,480110972686,480111027269,480143322712,480110965353,16666666,480111360103,480111571894,480111608311,480112867269,480127468686,1375,70167,480127468686,480113407894,0,480112867269,
0,123494,480126656046,480126656046,0,480127952353,480127953519,480127954144,480128216019,480159989378,480127946769,16666666,480128522894,480128869311,480129065811,480129839603,480144355894,1875,136542,480144355894,480130397686,0,480129839603,
0,123502,480143322712,480143322712,0,480145389353,480145390394,480145391019,480145457436,480176656044,480145382811,16666666,480145932228,480146300478,480146336394,480146845144,480161244769,4708,115625,480161244769,480147400019,0,480146845144,
0,123510,480159989378,480159989378,0,480161807644,480161808478,480161809061,480161874103,480193322710,480161801769,16666666,480162247186,480162585978,480162617228,480163305186,480177293144,1625,76375,480177293144,480163868019,0,480163305186,
0,123518,480176656044,480176656044,0,480177575436,480177576186,480177576769,480177629311,480209989376,480177570228,16666666,480177987019,480178179894,480178218811,480179252103,480193844978,1750,73292,480193844978,480179749353,0,480179252103,
0,123526,480193322710,480193322710,0,480194010603,480194011894,480194012311,480194072103,480226656042,480194004353,16666666,480194384811,480194548353,480194587519,480195894603,480211102561,1834,81667,480211102561,480196491519,0,480195894603,
0,123534,480209989376,480209989376,0,480211298144,480211298853,480211299436,480211349353,480243322708,480211293186,16666666,480211659228,480212302894,480212477144,480213516478,480227756644,2791,148833,480227756644,480214170728,0,480213516478,
0,123542,480226656042,480226656042,0,480228182103,480228182853,480228183228,480228227936,480259989374,480228176936,16666666,480228515394,480228811894,480228913269,480230106644,480244334978,1875,117375,480244334978,480230740603,0,480230106644,
0,123550,480243322708,480243322708,0,480245105519,480245106644,480245107353,480245168686,480259989374,480245099894,16666666,480245713353,480245939269,480246033353,480247059228,478252678852,2125,143750,478252648143,480247825228,0,480247059228,
---PROFILEDATA---


View hierarchy:

  dev.polski.grammarmatrix/dev.polski.grammarmatrix.GlassBenchmarkActivity/android.view.ViewRootImpl@6932836
  7 views, 12.02 kB of render nodes


Total ViewRootImpl   : 1
Total attached Views : 7
Total RenderNode     : 12.02 kB (used) / 36.09 kB (capacity)

