Applications Graphics Acceleration Info:
Uptime: 383485 Realtime: 383485

** Graphics info for pid 3816 [dev.polski.grammarmatrix] **

Stats since: 373366869927ns
Total frames rendered: 148
Janky frames: 54 (36.49%)
Janky frames (legacy): 75 (50.68%)
50th percentile: 22ms
90th percentile: 125ms
95th percentile: 150ms
99th percentile: 250ms
Number Missed Vsync: 27
Number High input latency: 155
Number Slow UI thread: 36
Number Slow bitmap uploads: 0
Number Slow issue draw commands: 53
Number Frame deadline missed: 54
Number Frame deadline missed (legacy): 52
HISTOGRAM: 5ms=1 6ms=1 7ms=0 8ms=1 9ms=0 10ms=1 11ms=0 12ms=0 13ms=3 14ms=3 15ms=3 16ms=5 17ms=28 18ms=15 19ms=3 20ms=6 21ms=4 22ms=4 23ms=0 24ms=2 25ms=1 26ms=1 27ms=1 28ms=1 29ms=2 30ms=0 31ms=3 32ms=4 34ms=4 36ms=1 38ms=0 40ms=3 42ms=1 44ms=1 46ms=3 48ms=3 53ms=2 57ms=1 61ms=3 65ms=0 69ms=1 73ms=2 77ms=1 81ms=2 85ms=1 89ms=2 93ms=3 97ms=1 101ms=2 105ms=1 109ms=0 113ms=0 117ms=1 121ms=1 125ms=1 129ms=0 133ms=2 150ms=7 200ms=3 250ms=1 300ms=0 350ms=1 400ms=0 450ms=0 500ms=0 550ms=0 600ms=0 650ms=0 700ms=0 750ms=0 800ms=0 850ms=0 900ms=0 950ms=0 1000ms=0 1050ms=0 1100ms=0 1150ms=0 1200ms=0 1250ms=0 1300ms=0 1350ms=0 1400ms=0 1450ms=0 1500ms=0 1550ms=0 1600ms=0 1650ms=0 1700ms=0 1750ms=0 1800ms=0 1850ms=0 1900ms=0 1950ms=0 2000ms=0 2050ms=0 2100ms=0 2150ms=0 2200ms=0 2250ms=0 2300ms=0 2350ms=0 2400ms=0 2450ms=0 2500ms=0 2550ms=0 2600ms=0 2650ms=0 2700ms=0 2750ms=0 2800ms=0 2850ms=0 2900ms=0 2950ms=0 3000ms=0 3050ms=0 3100ms=0 3150ms=0 3200ms=0 3250ms=0 3300ms=0 3350ms=0 3400ms=0 3450ms=0 3500ms=0 3550ms=0 3600ms=0 3650ms=0 3700ms=0 3750ms=0 3800ms=0 3850ms=0 3900ms=0 3950ms=0 4000ms=0 4050ms=0 4100ms=0 4150ms=0 4200ms=0 4250ms=0 4300ms=0 4350ms=0 4400ms=0 4450ms=0 4500ms=0 4550ms=0 4600ms=0 4650ms=0 4700ms=0 4750ms=0 4800ms=0 4850ms=0 4900ms=0 4950ms=0
50th gpu percentile: 14ms
90th gpu percentile: 4950ms
95th gpu percentile: 4950ms
99th gpu percentile: 4950ms
GPU HISTOGRAM: 1ms=1 2ms=2 3ms=2 4ms=2 5ms=5 6ms=4 7ms=5 8ms=4 9ms=4 10ms=5 11ms=2 12ms=7 13ms=14 14ms=20 15ms=9 16ms=4 17ms=5 18ms=2 19ms=1 20ms=3 21ms=3 22ms=1 23ms=3 24ms=0 25ms=3 4950ms=37

Pipeline=Skia (OpenGL)
Memory policy:
  Max surface area: 2592000
  Max resource usage: 124.42MB (x48)
  Background retention: 50% (altUiHidden = true)
  GPU Context timeout: 10
Contexts: 1 (stopped = 0)
CPU Caches:
  Glyph Cache: 33.70 KB (1 entry)
  Glyph Count: 11 
Total CPU memory usage:
  34510 bytes, 33.70 KB (0.00 bytes is purgeable)
GPU Caches:
  Other:
    Other: 49.27 KB (1 entry)
    Buffer Object: 36.00 KB (1 entry)
  Scratch:
    RenderTarget: 11.88 MB (1 entry)
    Buffer Object: 110.00 KB (3 entries)
    Texture: 2.00 MB (1 entry)
Total GPU memory usage:
  14748944 bytes, 14.07 MB (68.00 KB is purgeable)

GraphicBufferAllocator buffers:
        Handle |        Size |     W (Stride) x H | Layers |   Format |      Usage | Requestor
0xb400007b2c426ab0 |     unknown | 1080 (   0) x 2400 |      1 |        1 | 0x     b00 | VRI[GlassBenchmarkActivity]#0(BLAST Consumer)0
0xb400007b2c427e60 |     unknown | 1080 (   0) x 2400 |      1 |        1 | 0x     b00 | VRI[GlassBenchmarkActivity]#0(BLAST Consumer)0
0xb400007b2c4282e0 |     unknown | 1080 (   0) x 2400 |      1 |        1 | 0x     b00 | VRI[GlassBenchmarkActivity]#0(BLAST Consumer)0
Total allocated by GraphicBufferAllocator (estimate): 0.00 KB
GoldfishAllocator::dumpDebugInfo is not implemented
Profile data in ms:

	dev.polski.grammarmatrix/dev.polski.grammarmatrix.GlassBenchmarkActivity/android.view.ViewRootImpl@6932836 (visibility=0)
Window: dev.polski.grammarmatrix/dev.polski.grammarmatrix.GlassBenchmarkActivity
Stats since: 373366868802ns
Total frames rendered: 148
Janky frames: 54 (36.49%)
Janky frames (legacy): 75 (50.68%)
50th percentile: 22ms
90th percentile: 125ms
95th percentile: 150ms
99th percentile: 250ms
Number Missed Vsync: 27
Number High input latency: 155
Number Slow UI thread: 36
Number Slow bitmap uploads: 0
Number Slow issue draw commands: 53
Number Frame deadline missed: 54
Number Frame deadline missed (legacy): 52
HISTOGRAM: 5ms=1 6ms=1 7ms=0 8ms=1 9ms=0 10ms=1 11ms=0 12ms=0 13ms=3 14ms=3 15ms=3 16ms=5 17ms=28 18ms=15 19ms=3 20ms=6 21ms=4 22ms=4 23ms=0 24ms=2 25ms=1 26ms=1 27ms=1 28ms=1 29ms=2 30ms=0 31ms=3 32ms=4 34ms=4 36ms=1 38ms=0 40ms=3 42ms=1 44ms=1 46ms=3 48ms=3 53ms=2 57ms=1 61ms=3 65ms=0 69ms=1 73ms=2 77ms=1 81ms=2 85ms=1 89ms=2 93ms=3 97ms=1 101ms=2 105ms=1 109ms=0 113ms=0 117ms=1 121ms=1 125ms=1 129ms=0 133ms=2 150ms=7 200ms=3 250ms=1 300ms=0 350ms=1 400ms=0 450ms=0 500ms=0 550ms=0 600ms=0 650ms=0 700ms=0 750ms=0 800ms=0 850ms=0 900ms=0 950ms=0 1000ms=0 1050ms=0 1100ms=0 1150ms=0 1200ms=0 1250ms=0 1300ms=0 1350ms=0 1400ms=0 1450ms=0 1500ms=0 1550ms=0 1600ms=0 1650ms=0 1700ms=0 1750ms=0 1800ms=0 1850ms=0 1900ms=0 1950ms=0 2000ms=0 2050ms=0 2100ms=0 2150ms=0 2200ms=0 2250ms=0 2300ms=0 2350ms=0 2400ms=0 2450ms=0 2500ms=0 2550ms=0 2600ms=0 2650ms=0 2700ms=0 2750ms=0 2800ms=0 2850ms=0 2900ms=0 2950ms=0 3000ms=0 3050ms=0 3100ms=0 3150ms=0 3200ms=0 3250ms=0 3300ms=0 3350ms=0 3400ms=0 3450ms=0 3500ms=0 3550ms=0 3600ms=0 3650ms=0 3700ms=0 3750ms=0 3800ms=0 3850ms=0 3900ms=0 3950ms=0 4000ms=0 4050ms=0 4100ms=0 4150ms=0 4200ms=0 4250ms=0 4300ms=0 4350ms=0 4400ms=0 4450ms=0 4500ms=0 4550ms=0 4600ms=0 4650ms=0 4700ms=0 4750ms=0 4800ms=0 4850ms=0 4900ms=0 4950ms=0
50th gpu percentile: 14ms
90th gpu percentile: 4950ms
95th gpu percentile: 4950ms
99th gpu percentile: 4950ms
GPU HISTOGRAM: 1ms=1 2ms=2 3ms=2 4ms=2 5ms=5 6ms=4 7ms=5 8ms=4 9ms=4 10ms=5 11ms=2 12ms=7 13ms=14 14ms=20 15ms=9 16ms=4 17ms=5 18ms=2 19ms=1 20ms=3 21ms=3 22ms=1 23ms=3 24ms=0 25ms=3 4950ms=37



---PROFILEDATA---
Flags,FrameTimelineVsyncId,IntendedVsync,Vsync,InputEventId,HandleInputStart,AnimationStart,PerformTraversalsStart,DrawStart,FrameDeadline,FrameInterval,FrameStartTime,SyncQueued,SyncStart,IssueDrawCommandsStart,SwapBuffers,FrameCompleted,DequeueBufferDuration,QueueBufferDuration,GpuCompleted,SwapBuffersCompleted,DisplayPresentTime,CommandSubmissionCompleted,
0,80183,377726660142,377843326804,-290569708,377859785762,377860520679,377861309054,377861339137,377859993470,377858239221,16666666,377861626512,377861655762,377861700721,377865465179,377902935054,10129833,274333,377902935054,377877829887,0,377865465179,
0,80197,377859993470,377876660136,-707434596,377888219971,377889927387,377894027554,377894057221,377876660136,377888212679,16666666,377894311929,377894525554,377894566721,377895529721,362118063546,141637375,1943417,362118063546,378046469846,0,377895529721,
0,80213,377959993466,378076660128,-239158939,378126858554,378174485221,378194071679,378194115471,377976660132,378079671512,16666666,378194424679,378196278804,378196350262,378205573596,378248778137,2375,183708,378248778137,378214415262,0,378205573596,
0,80235,378276660120,378276660120,-822652086,378291715012,378291717096,378291717971,378291810262,378293326786,378291703929,16666666,378300558471,378301704346,378301750262,378303836554,378385237679,4000,470042,378385237679,378310083346,0,378303836554,
0,80243,378726660102,378759993434,-343937875,378763807304,378765722471,378767062888,378767099929,378743326768,378763798179,16666666,378767727638,378768805638,378768864638,378776760471,378812733846,3000,518791,378812733846,378795361596,0,378776760471,
0,80258,378826660098,378876660096,-338905072,378883955429,378884514763,378963222346,378963306013,378843326764,378883947471,16666666,378963918513,379050893888,379050930763,379080581763,379108494804,1583,209333,379108494804,379081856096,0,379080581763,
0,80265,378976660092,379076660088,-35778397,379082330388,379082860846,379091194263,379091234138,379126660086,379081695346,16666666,379093583096,379099429888,379099481513,379116080221,379168887721,547500,133958,379168887721,379120472138,0,379116080221,
0,80297,379193326750,379193326750,-571150694,379202184513,379202185638,379202186096,379202251305,379209993416,379202178263,16666666,379202503763,379202534555,379202555596,379221545680,379289712805,1245416,5748041,379289712805,379246601763,0,379221545680,
0,80305,379626660066,379626660066,-299390485,379630269096,379630910471,379648687055,379648725471,379643326732,379630263263,16666666,379648961680,379650504305,379650566305,379653379555,379721300138,3125,151250,379721300138,379657960346,0,379653379555,
0,80320,379726660062,379726660062,-138090997,379740378846,379740872221,379744725805,379744776013,379743326728,379740372680,16666666,379745174680,379747261763,379747301971,379770486055,379789453680,1875,146459,379789453680,379776702221,0,379770486055,
0,80327,379743326728,379759993394,-848823427,379760078138,379760439221,379763067388,379763108388,379809993392,379760072763,16666666,379765756763,379776808805,379776845305,379779737930,379826327971,36791084,410458,379824473221,379826327971,0,379779737930,
0,80334,379759993394,379793326726,-934986523,379793414055,379793913846,379795676596,379795721055,379843326724,379793405471,16666666,379795884096,379826421346,379826469555,379902199805,379923454430,5041,2888917,379923454430,379917682388,0,379902199805,
0,80343,379826660058,379893326722,-729982467,379897549597,379898695055,379901197680,379901230972,379943326720,379897545847,16666666,379901240930,379917784388,379917855638,379918245972,379962174097,8419917,154750,379962174097,379932456763,0,379918245972,
0,80366,379943326720,379943326720,-799049218,379955426388,379955427638,379955428055,379955496722,379959993386,379955419680,16666666,379955754388,379956682472,379956736972,379974460513,363821026922,138370834,127333,363821026922,380121219972,0,379974460513,
0,80374,380726660022,380759993354,-1019385343,380768899014,380769536639,380875063555,380875305430,380743326688,380768890139,16666666,380876799180,380903151264,380903225555,380931209972,380958066972,2708,422000,380958066972,380935137055,0,380931209972,
0,80396,381276660000,381276660000,-573677248,381289534514,381290534847,381291365056,381291400222,381293326666,381289522722,16666666,381291627181,381291802431,381291883306,381294009764,381318822264,2000,153583,381318822264,381296563472,0,381294009764,
0,80411,381309993332,381309993332,-588140935,381323449139,381326127764,381327317722,381327362264,381343326664,381323442472,16666666,381327587139,381327854431,381327879722,381353495806,381388249681,2500,158334,381388249681,381354956389,0,381353495806,
0,80418,381326659998,381343326664,-227725789,381350211222,381364340639,381365283847,381365334722,381409993328,381350207347,16666666,381365348264,381370642431,381370673889,381387494931,381425798556,34872542,118083,381417994222,381425798556,0,381387494931,
0,80426,381393326662,381393326662,-160822506,381406261472,381419885347,381421560264,381421603056,381443326660,381406250472,16666666,381421904097,381428631264,381428710722,381429854972,381442956972,2005459,130167,381440881306,381442956972,0,381429854972,
0,80442,381443326660,381443326660,-880202613,381444595764,381445041556,381446274306,381446329056,381459993326,381444589597,16666666,381447462514,381451585472,381451681306,381457242056,381482798556,3875,3008000,381482798556,381463367389,0,381457242056,
0,80449,381459993326,381459993326,-10952794,381469724556,381470616097,381474993347,381475067139,381509993324,381469716639,16666666,381475087847,381475954972,381476244639,381479544306,381508547222,16719416,195292,381501875264,381508547222,0,381479544306,
0,80465,381493326658,381493326658,-869078965,381504322139,381504873472,381509138764,381509181681,381526659990,381504314806,16666666,381509416347,381509688347,381509738181,381515903222,381523087806,3069500,2612542,381519943597,381523087806,0,381515903222,
0,80480,381526659990,381526659990,-182392698,381542401806,381545282222,381548970639,381549044556,381543326656,381542395806,16666666,381550076764,381550695806,381550760556,381554275556,381560998722,14291,124708,381560998722,381555237139,0,381554275556,
0,80495,381559993322,381559993322,-298657451,381561347556,381562851222,381566001306,381566047389,381593326654,381561338264,16666666,381566334181,381567483889,381567536097,381568229722,381569996181,2333,469541,381569919431,381569996181,0,381568229722,
0,80503,381576659988,381576659988,-387653074,381580681972,381582215931,381582996514,381583037556,381609993320,381580675639,16666666,381583433597,381583668514,381583695889,381586766139,381594583347,1814708,164334,381594583347,381590213431,0,381586766139,
0,80511,381593326654,381593326654,-306508554,381595732056,381596938222,381598055722,381598084514,381626659986,381595711847,16666666,381598092681,381598933181,381598957972,381599297597,381615098472,1010000,321875,381615098472,381603241889,0,381599297597,
0,80526,381626659986,381626659986,-279230190,381632225972,381632228222,381634829722,381634880681,381643326652,381632214639,16666666,381637718097,381637933222,381637992764,381641035222,381656201222,2417,173584,381656201222,381642911514,0,381641035222,
0,80534,381643326652,381643326652,0,381656726056,381656727139,381658175972,381658212514,381676659984,381656720181,16666666,381658341389,381658845306,381659333056,381659777097,381669205181,2166,2065167,381669114806,381669205181,0,381659777097,
0,80541,381659993318,381659993318,0,381667995431,381667996264,381669878847,381669928306,381693326650,381667990139,16666666,381669938722,381670114139,381670162639,381671533889,381684533389,9790666,298041,381674683889,381684533389,0,381671533889,
0,80549,381676659984,381676659984,0,381683071931,381683073014,381683643597,381683694931,381709993316,381683064389,16666666,381684319972,381684619264,381684656264,381685438264,381708341556,12420209,263208,381708341556,381699032014,0,381685438264,
0,80557,381693326650,381693326650,0,381697959764,381697960889,381701590639,381701666889,381726659982,381697952639,16666666,381704647889,381704939931,381704988306,381706221222,381725505389,14491292,347792,381725505389,381722914639,0,381706221222,
0,80565,381709993316,381709993316,0,381716099931,381716100722,381716874097,381716916347,381743326648,381716094514,16666666,381717173972,381723074264,381723180139,381724435972,381737483181,10047542,122083,381737483181,381735634222,0,381724435972,
0,80573,381726659982,381726659982,0,381729890972,381729891931,381733256764,381733299847,381759993314,381729885431,16666666,381733391764,381735708806,381735779431,381736472764,381760649181,9431792,182167,381760649181,381746969597,0,381736472764,
0,80589,381759993314,381759993314,-693391501,381761786472,381762802847,381765152389,381765203431,381793326646,381761778472,16666666,381765217389,381765559889,381765747681,381767788972,381778001639,2458,193166,381778001639,381768853389,0,381767788972,
0,80597,381776659980,381776659980,-855315564,381778487722,381779127597,381780779764,381780882389,381809993312,381778479681,16666666,381782614639,381782633806,381782655847,381783434972,381795414222,4292,1529459,381795414222,381785979264,0,381783434972,
0,80605,381793326646,381793326646,-189170302,381796760597,381797508472,381798270139,381798295347,381826659978,381796754806,16666666,381798384139,381798407681,381798435931,381801589597,381812279389,2358458,206250,381812279389,381806335014,0,381801589597,
0,80613,381809993312,381809993312,-371963368,381817223806,381819771014,381820610722,381820653639,381843326644,381817216847,16666666,381820862847,381821554806,381821707681,381822960222,381827156056,1708,166833,381827156056,381825527972,0,381822960222,
0,80621,381826659978,381826659978,-418243578,381827808014,381829894722,381831574306,381831624472,381859993310,381827801639,16666666,381831852639,381832719514,381832742514,381834208139,381845736139,1699792,214292,381845736139,381837568472,0,381834208139,
0,80629,381843326644,381843326644,-776247873,381846241389,381846848514,381847509806,381847535056,381876659976,381846235597,16666666,381847627097,381848531972,381848557431,381849096514,381855217264,1887000,3378416,381853265931,381855217264,0,381849096514,
0,80637,381859993310,381859993310,-508529384,381861187806,381863297139,381864454889,381864532847,381893326642,381861181222,16666666,381864915431,381869740097,381869956764,381870425556,381877918556,2750,270292,381877918556,381871461514,0,381870425556,
0,80645,381876659976,381876659976,-244022177,381879023431,381879889139,381880351972,381880380389,381909993308,381879017222,16666666,381880616056,381882192764,381882257597,381883021306,381895015306,3958,219542,381895015306,381885754431,0,381883021306,
0,80653,381893326642,381893326642,-381097253,381896692431,381898611056,381899576306,381899623097,381926659974,381896686389,16666666,381899864306,381900553431,381901037514,381902060056,381910748389,2042,115750,381910748389,381903790389,0,381902060056,
0,80661,381909993308,381909993308,-908426952,381910865097,381912528306,381913751181,381913778306,381943326640,381910859389,16666666,381913870264,381914024222,381914082472,381914466597,381928434764,1750,99584,381928434764,381915122847,0,381914466597,
0,80669,381926659974,381926659974,-1029979916,381930614597,381931474639,381932827556,381932886097,381959993306,381930607472,16666666,381933183056,381936671264,381936703181,381939126639,381943855764,2875,362959,381943855764,381940768097,0,381939126639,
0,80677,381943326640,381943326640,-973873122,381944406639,381944899722,381945124931,381945151931,381976659972,381944400806,16666666,381945354222,381945819347,381945852806,381949671097,381962058973,2187709,304667,381962058973,381953468973,0,381949671097,
0,80685,381959993306,381959993306,-202802645,381962962806,381964243598,381966046223,381966099348,381993326638,381962957056,16666666,381966558181,381966668723,381966702764,381967012681,381979619139,2959,380375,381979619139,381968642181,0,381967012681,
0,80693,381976659972,381976659972,-535492471,381983958806,381987482264,381988268348,381988301806,382009993304,381983953431,16666666,381988409806,381989019431,381989044639,381989469556,381998892139,2166,143500,381998892139,381990852556,0,381989469556,
0,80708,382009993304,382009993304,-874903457,382010906473,382011837556,382012259223,382012303973,382026659970,382010900306,16666666,382012519723,382012916181,382012936306,382013633514,382029114473,2042,159583,382029114473,382023419848,0,382013633514,
0,80716,382026659970,382026659970,-799276365,382029436431,382030980973,382032566014,382032618431,382059993302,382029431056,16666666,382033598473,382035477764,382035545598,382038313306,382044482098,2417,254375,382044482098,382040358514,0,382038313306,
0,80724,382043326636,382043326636,-2539700,382046078556,382046929723,382047501431,382047532473,382076659968,382046072556,16666666,382047638056,382048420181,382048452348,382048966931,382063161014,2250,139250,382063161014,382050113973,0,382048966931,
0,80732,382059993302,382059993302,-898574474,382061957139,382062608931,382062948056,382062991598,382093326634,382061948764,16666666,382063291556,382066413181,382066463681,382067636639,382077505014,920917,520417,382077505014,382069926639,0,382067636639,
0,80740,382076659968,382076659968,-185900856,382077676098,382078289639,382078606223,382078646889,382109993300,382077669223,16666666,382079170848,382079374223,382079395681,382079749723,382095064431,1833,88208,382095064431,382080823431,0,382079749723,
0,80748,382093326634,382093326634,-908856142,382095886181,382096501639,382097149723,382097175639,382126659966,382095880556,16666666,382097857639,382097892098,382097955264,382098378223,382112124306,262041,204709,382112124306,382099937264,0,382098378223,
0,80756,382109993300,382109993300,-751428979,382112741389,382112757014,382113573764,382113622264,382143326632,382112735514,16666666,382113767389,382114437848,382114479848,382114954348,382127321139,1791,103041,382127321139,382115904973,0,382114954348,
0,80764,382126659966,382126659966,0,382127788598,382127789681,382129001556,382129045514,382159993298,382127782598,16666666,382129435889,382129628931,382129758306,382130076223,382143858806,1375,104750,382143858806,382130739806,0,382130076223,
0,80772,382143326632,382143326632,0,382144699848,382144701473,382145944931,382145990806,382176659964,382144692348,16666666,382146103764,382146345973,382146410848,382146971181,382160706723,1791,127750,382160706723,382147613306,0,382146971181,
0,80780,382159993298,382159993298,0,382161530098,382161531264,382162292056,382162332348,382193326630,382161523348,16666666,382162556681,382162690098,382162885264,382163869264,382177306556,4500,231292,382177306556,382164933764,0,382163869264,
0,80788,382176659964,382176659964,0,382177693639,382177694598,382179106264,382179146514,382209993296,382177688348,16666666,382179353598,382179520389,382179539598,382179966181,382194145139,1875,198917,382194145139,382180830639,0,382179966181,
0,80796,382193326630,382193326630,0,382194286264,382194287264,382194765181,382194804556,382226659962,382194280514,16666666,382195077223,382195094431,382195113848,382195829306,382210696389,577417,97166,382210696389,382197246306,0,382195829306,
0,80804,382209993296,382209993296,-627042721,382212599723,382213675806,382214008056,382214030348,382243326628,382212592806,16666666,382214215556,382214230931,382214250514,382214785973,382228725764,6209,835208,382228725764,382216500431,0,382214785973,
0,80812,382226659962,382226659962,-326565334,382228763973,382229650223,382230258139,382230291348,382259993294,382228757056,16666666,382230375639,382230393556,382230412931,382231126848,382244551139,3458,559166,382244551139,382232507806,0,382231126848,
0,80820,382243326628,382243326628,-80978831,382244952931,382245644598,382246179973,382246205639,382276659960,382244945598,16666666,382246212098,382246358931,382246405056,382246993889,382260762139,4084,205750,382260762139,382247777014,0,382246993889,
0,80828,382259993294,382259993294,-260947407,382260982639,382262132723,382263024306,382263075764,382293326626,382260976014,16666666,382263088764,382263115514,382263220056,382263603848,382277274764,2042,281416,382277274764,382264976431,0,382263603848,
0,80836,382276659960,382276659960,-441870760,382277692348,382278833764,382279699431,382279736723,382309993292,382277685223,16666666,382280378973,382280625931,382280683473,382281151848,382294998556,2500,192541,382294998556,382281981931,0,382281151848,
0,80844,382293326626,382293326626,-995417729,382295397014,382296420223,382297365848,382297412973,382326659958,382295390098,16666666,382297533723,382297645014,382297693056,382298006348,382310800889,3584,186041,382310800889,382298793681,0,382298006348,
0,80852,382309993292,382309993292,-557167286,382311234098,382312263181,382312953598,382312985931,382343326624,382311226639,16666666,382312994306,382313156264,382313175181,382313554056,382327427389,202375,108959,382327427389,382314588014,0,382313554056,
0,80860,382326659958,382326659958,-260127910,382327681139,382328349014,382329327806,382329365223,382359993290,382327675056,16666666,382329939098,382330089264,382330138223,382330579389,382344527056,1667,150417,382344527056,382331572264,0,382330579389,
0,80868,382343326624,382343326624,-7796682,382344579806,382345008973,382345261181,382345283931,382376659956,382344573764,16666666,382345585181,382345679598,382345769848,382346183931,382362230639,1666,92875,382362230639,382346773973,0,382346183931,
0,80876,382359993290,382359993290,-576604455,382362192056,382367378598,382370044681,382370114306,382393326622,382362186514,16666666,382370284181,382370537306,382370571181,382372319598,382378561889,2263709,176375,382378561889,382376375139,0,382372319598,
0,80884,382376659956,382376659956,-67466874,382380692473,382381377806,382382235098,382382284681,382409993288,382380687264,16666666,382382298764,382386171639,382386218389,382388571639,382393958389,2250,132208,382393958389,382390433514,0,382388571639,
0,80892,382393326622,382393326622,-904352188,382394984598,382395545973,382399029098,382399075514,382426659954,382394977806,16666666,382399339848,382399565806,382399601931,382403321848,382418042223,2125,121625,382418042223,382406269389,0,382403321848,
0,80900,382409993288,382409993288,-915672437,382420348181,382420772764,382421043681,382421074139,382443326620,382420342473,16666666,382421455098,382421731098,382421755056,382423791598,382457881181,30846208,132375,382457115348,382457881181,0,382423791598,
0,80915,382443326620,382476659952,-628485017,382491532889,382492284014,382493313348,382493400806,382476659952,382491523639,16666666,382493651389,382498211223,382498242181,382500881514,382523520306,1542,105250,382523520306,382505145139,0,382500881514,
0,80930,382509993284,382526659950,-974317451,382530675431,382532690389,382534023431,382534059681,382543326616,382530668056,16666666,382534317848,382538112556,382538143056,382546516431,382565889598,5948750,5605292,382565889598,382561513848,0,382546516431,
0,80937,382543326616,382543326616,-636180740,382552823889,382557422556,382562374514,382562423848,382593326614,382552817306,16666666,382565005848,382570018098,382570060764,382570671264,382583149556,675708,78667,382583149556,382572784848,0,382570671264,
0,80953,382576659948,382576659948,-819079,382580182306,382580183431,382580183848,382580255181,382609993280,382580176889,16666666,382581105556,382581369056,382581412223,382582206431,382594496806,900541,209958,382594496806,382587529473,0,382582206431,
0,80968,382709993276,382709993276,-497884268,382712971140,382713697640,382715343056,382715395306,382726659942,382712965181,16666666,382715546723,382716065515,382716129473,382716763848,382729261390,1333,144500,382729261390,382717883890,0,382716763848,
0,80976,382726659942,382726659942,-748275170,382729465265,382730126806,382730493890,382730536223,382759993274,382729458848,16666666,382731218431,382731497848,382731537181,382732294640,382745551473,175541,128750,382745551473,382734173931,0,382732294640,
0,80984,382743326608,382743326608,-895533546,382745897223,382746445848,382746767431,382746805973,382776659940,382745891223,16666666,382747105390,382747304681,382747350681,382747992015,382761162098,1389458,242166,382761162098,382752458223,0,382747992015,
0,80992,382759993274,382759993274,-727019923,382761526431,382762014015,382762757890,382762785223,382793326606,382761520306,16666666,382762987473,382763168140,382763285098,382763807223,382778023515,883125,184250,382778023515,382766110598,0,382763807223,
0,81000,382776659940,382776659940,-715595915,382778450181,382778949848,382780699265,382780735640,382809993272,382778444598,16666666,382780854806,382781022515,382781089598,382781547515,382794018890,2375,182875,382794018890,382782489473,0,382781547515,
0,81008,382793326606,382793326606,-548654374,382794515265,382795400473,382795730265,382795771598,382826659938,382794503890,16666666,382796286640,382797169848,382797202098,382798272765,382801168515,4166,351666,382801102056,382801168515,0,382798272765,
0,81016,382809993272,382809993272,-760803263,382811431931,382815494348,382815820056,382815861723,382843326604,382811426598,16666666,382816614765,382816864473,382816919223,382818700681,382831806306,1667,160708,382831806306,382820973848,0,382818700681,
0,81024,382826659938,382826659938,-593155097,382833172765,382834834723,382835896640,382835938890,382859993270,382833167306,16666666,382837725431,382838124015,382838151098,382841418890,382846538348,2611167,434167,382846538348,382845707890,0,382841418890,
0,81032,382843326604,382843326604,-583473009,382847651181,382848267473,382849062431,382849105473,382876659936,382847644056,16666666,382849240598,382850189140,382850241473,382851248515,382860580431,361666,217292,382860580431,382853501473,0,382851248515,
0,81040,382859993270,382859993270,-913981983,382861041806,382861580390,382861914515,382861958140,382893326602,382861033931,16666666,382862252640,382863744223,382863826431,382865308598,382877455973,1917,156875,382877455973,382866291140,0,382865308598,
0,81048,382876659936,382876659936,-451194357,382877922390,382878660473,382879177806,382879231223,382909993268,382877913306,16666666,382879537098,382879575390,382879665223,382880673765,382894412598,479042,176750,382894412598,382883219056,0,382880673765,
0,81056,382893326602,382893326602,-53973890,382894461306,382895037056,382895915015,382895956765,382926659934,382894455515,16666666,382896359848,382896580015,382896811973,382897191140,382910713931,3083,253709,382910713931,382898867515,0,382897191140,
0,81064,382909993268,382909993268,-823580098,382912717223,382913332265,382915226056,382915261390,382943326600,382912711473,16666666,382915364806,382916223306,382916246640,382916800306,382928812140,5458,468125,382928812140,382919099556,0,382916800306,
0,81072,382926659934,382926659934,-858041656,382929920306,382930712265,382931084306,382931133140,382959993266,382929913056,16666666,382931542056,382934737140,382934788806,382936626515,382944624556,3542,989917,382944624556,382938629015,0,382936626515,
0,81080,382943326600,382943326600,-121095840,382946401431,382946985890,382947214556,382947237015,382976659932,382946396015,16666666,382947887140,382948096390,382948264640,382949077223,382960691681,2917,213500,382960691681,382950168181,0,382949077223,
0,81088,382959993266,382959993266,-228669453,382960976431,382962087515,382962979556,382963030806,382993326598,382960893765,16666666,382963284890,382964225140,382964335348,382965562806,382978526556,1875,142750,382978526556,382966524515,0,382965562806,
0,81096,382976659932,382976659932,-103709653,382979013640,382979526931,382980496306,382980542515,383009993264,382979006806,16666666,382980683265,382982122181,382982169306,382982945890,382995561806,1875,805084,382995561806,382984833098,0,382982945890,
0,81104,382993326598,382993326598,-207195225,382998081265,382998595473,382998922556,382998962223,383026659930,382998074306,16666666,382999261181,383000957723,383001253181,383002160098,383012148181,2167,182500,383012148181,383003702598,0,383002160098,
0,81112,383009993264,383009993264,-440071608,383013779765,383014729015,383015044598,383015087056,383043326596,383013774015,16666666,383015347306,383015373556,383015426556,383015837723,383027821806,5000,288541,383027821806,383016949265,0,383015837723,
0,81120,383026659930,383026659930,-317810134,383030070223,383030900306,383034749390,383034791640,383059993262,383030064056,16666666,383034999348,383035762848,383035858140,383038881140,383047690306,1958,573625,383047690306,383040250931,0,383038881140,
0,81128,383043326596,383043326596,-360986994,383045979515,383045997890,383046812181,383046869015,383076659928,383045973515,16666666,383047048015,383047787681,383047908015,383048652056,383062257056,5277375,132292,383062257056,383058311098,0,383048652056,
0,81136,383059993262,383059993262,0,383063033306,383063034098,383064557973,383064598431,383093326594,383063027473,16666666,383064715223,383065198348,383065225598,383065811181,383077486765,398584,363584,383077486765,383067195515,0,383065811181,
0,81144,383076659928,383076659928,0,383077690390,383077691640,383078659973,383078732890,383109993260,383077683681,16666666,383079181306,383079301265,383079341223,383079676640,383094386306,3000,273791,383094386306,383080773181,0,383079676640,
0,81152,383093326594,383093326594,0,383095043140,383095043890,383095874473,383095943098,383126659926,383095037348,16666666,383096531556,383096830223,383096885890,383097368056,383110678098,2458,375416,383110678098,383098324265,0,383097368056,
0,81160,383109993260,383109993260,0,383111178931,383111179931,383112665723,383112700890,383143326592,383111172556,16666666,383112902140,383112995931,383113028473,383113435556,383114440015,4000,365833,383114395890,383114440015,0,383113435556,
0,81168,383126659926,383126659926,0,383128373431,383128374265,383129654765,383129696056,383159993258,383128367973,16666666,383129801890,383129925015,383130015098,383130538473,383147452140,2583,362666,383147452140,383131563431,0,383130538473,
0,81176,383143326592,383143326592,0,383157507848,383157508723,383160225056,383160282431,383176659924,383157501890,16666666,383160540556,383163163723,383163196890,383169561723,383178471140,188625,1061792,383178471140,383171846765,0,383169561723,
0,81183,383159993258,383159993258,0,383173261640,383173262598,383173730390,383173795056,383209993256,383173256223,16666666,383174229681,383174940056,383174993848,383176622515,383183306390,1826417,2337541,383181420723,383183306390,0,383176622515,
0,81191,383176659924,383176659924,0,383179679306,383179680223,383182200931,383182256640,383226659922,383179673973,16666666,383182540681,383183378806,383183454265,383184249265,383219160223,33957584,225917,383214633306,383219160223,0,383184249265,
0,81199,383193326590,383193326590,0,383200422890,383200424056,383202182306,383202238223,383243326588,383200417265,16666666,383202508598,383219264931,383219315681,383220587681,383255185931,17491459,280500,383251969223,383255185931,0,383220587681,
0,81207,383209993256,383209993256,0,383223575640,383223576806,383236462098,383236535806,383276659920,383223568181,16666666,383237073640,383255272223,383255304431,383258893265,383265531640,2234041,119083,383265531640,383263244931,0,383258893265,
0,81215,383243326588,383243326588,0,383259694431,383259694890,383262007723,383262054390,383293326586,383259690848,16666666,383262413723,383263300140,383263346140,383263951598,383303199181,36789958,246417,383303199181,383302400015,0,383263951598,
0,81223,383276659920,383276659920,0,383281101806,383281102765,383282610306,383282831556,383326659918,383281095431,16666666,383283284556,383302527598,383302956598,383305632806,383311052015,2417,172750,383311052015,383307095015,0,383305632806,
0,81231,383293326586,383293326586,0,383304857390,383304858140,383305347723,383305386973,383343326584,383304852223,16666666,383305629556,383307189098,383307253681,383307657098,383316408515,4528500,790166,383311450890,383316408515,0,383307657098,
0,81239,383309993252,383309993252,0,383312251473,383312252473,383313047056,383313084306,383359993250,383312245681,16666666,383313091806,383316487640,383316533598,383317443806,383363775223,45287042,183750,383359301640,383363775223,0,383317443806,
0,81247,383326659918,383326659918,0,383333161223,383333162431,383333163098,383333238681,383376659916,383333153848,16666666,383334823140,383363874890,383363944140,383367006848,383370054098,4125,874875,383369985682,383370054098,0,383367006848,
0,81255,383343326584,383359993250,0,383365575348,383365576098,383365576390,383365619057,383393326582,383365569348,16666666,383365922432,383370151973,383370212848,383374813973,383383086015,5276417,235500,383383086015,383381461932,0,383374813973,
0,81263,383376659916,383376659916,0,383379803682,383379804390,383379804848,383379855682,383409993248,383379798348,16666666,383380689432,383381507098,383381554848,383382332640,383398339640,13307916,134500,383398339640,383396456515,0,383382332640,
0,81271,383393326582,383393326582,0,383393847848,383393848890,383393849473,383393912432,383426659914,383393842140,16666666,383394827307,383396532182,383396634223,383397428390,383428565390,30156625,106167,383427921598,383428565390,0,383397428390,
0,81279,383409993248,383409993248,0,383424108932,383424110307,383424110807,383424265640,383459993246,383424102890,16666666,383425476432,383428722140,383428865890,383429838848,383435349890,488083,848542,383435349890,383431826432,0,383429838848,
0,81287,383426659914,383426659914,0,383429527723,383429528515,383429528807,383429607515,383476659912,383429516932,16666666,383430433640,383431902682,383431944973,383432992307,383449053973,11378667,170333,383449053973,383446835682,0,383432992307,
0,81295,383443326580,383443326580,0,383444573890,383444574848,383444575265,383444642098,383493326578,383444568057,16666666,383445699265,383446895515,383446950223,383447836723,383464731723,13430542,149750,383464731723,383462570307,0,383447836723,
0,81303,383459993246,383459993246,0,383460849765,383460850890,383460851390,383460903765,383509993244,383460843807,16666666,383461266973,383462650307,383462723557,383463620432,383483905932,15425000,199000,383483905932,383480262223,0,383463620432,
0,81311,383476659912,383476659912,0,383478289390,383478290473,383478290890,383478347682,383493326578,383478282890,16666666,383478745390,383480962515,383481020057,383482284973,377843490137,11502417,178333,377829824429,383495529932,0,383482284973,
---PROFILEDATA---


View hierarchy:

  dev.polski.grammarmatrix/dev.polski.grammarmatrix.GlassBenchmarkActivity/android.view.ViewRootImpl@6932836
  7 views, 12.02 kB of render nodes


Total ViewRootImpl   : 1
Total attached Views : 7
Total RenderNode     : 12.02 kB (used) / 36.09 kB (capacity)

