Applications Graphics Acceleration Info:
Uptime: 440549 Realtime: 440549

** Graphics info for pid 3816 [dev.polski.grammarmatrix] **

Stats since: 434972604956ns
Total frames rendered: 327
Janky frames: 8 (2.45%)
Janky frames (legacy): 0 (0.00%)
50th percentile: 17ms
90th percentile: 17ms
95th percentile: 18ms
99th percentile: 20ms
Number Missed Vsync: 0
Number High input latency: 319
Number Slow UI thread: 0
Number Slow bitmap uploads: 0
Number Slow issue draw commands: 8
Number Frame deadline missed: 8
Number Frame deadline missed (legacy): 0
HISTOGRAM: 5ms=10 6ms=0 7ms=1 8ms=0 9ms=0 10ms=0 11ms=0 12ms=0 13ms=0 14ms=0 15ms=1 16ms=109 17ms=179 18ms=21 19ms=1 20ms=3 21ms=0 22ms=2 23ms=0 24ms=0 25ms=0 26ms=0 27ms=0 28ms=0 29ms=0 30ms=0 31ms=0 32ms=0 34ms=0 36ms=0 38ms=0 40ms=0 42ms=0 44ms=0 46ms=0 48ms=0 53ms=0 57ms=0 61ms=0 65ms=0 69ms=0 73ms=0 77ms=0 81ms=0 85ms=0 89ms=0 93ms=0 97ms=0 101ms=0 105ms=0 109ms=0 113ms=0 117ms=0 121ms=0 125ms=0 129ms=0 133ms=0 150ms=0 200ms=0 250ms=0 300ms=0 350ms=0 400ms=0 450ms=0 500ms=0 550ms=0 600ms=0 650ms=0 700ms=0 750ms=0 800ms=0 850ms=0 900ms=0 950ms=0 1000ms=0 1050ms=0 1100ms=0 1150ms=0 1200ms=0 1250ms=0 1300ms=0 1350ms=0 1400ms=0 1450ms=0 1500ms=0 1550ms=0 1600ms=0 1650ms=0 1700ms=0 1750ms=0 1800ms=0 1850ms=0 1900ms=0 1950ms=0 2000ms=0 2050ms=0 2100ms=0 2150ms=0 2200ms=0 2250ms=0 2300ms=0 2350ms=0 2400ms=0 2450ms=0 2500ms=0 2550ms=0 2600ms=0 2650ms=0 2700ms=0 2750ms=0 2800ms=0 2850ms=0 2900ms=0 2950ms=0 3000ms=0 3050ms=0 3100ms=0 3150ms=0 3200ms=0 3250ms=0 3300ms=0 3350ms=0 3400ms=0 3450ms=0 3500ms=0 3550ms=0 3600ms=0 3650ms=0 3700ms=0 3750ms=0 3800ms=0 3850ms=0 3900ms=0 3950ms=0 4000ms=0 4050ms=0 4100ms=0 4150ms=0 4200ms=0 4250ms=0 4300ms=0 4350ms=0 4400ms=0 4450ms=0 4500ms=0 4550ms=0 4600ms=0 4650ms=0 4700ms=0 4750ms=0 4800ms=0 4850ms=0 4900ms=0 4950ms=0
50th gpu percentile: 14ms
90th gpu percentile: 15ms
95th gpu percentile: 16ms
99th gpu percentile: 17ms
GPU HISTOGRAM: 1ms=0 2ms=11 3ms=0 4ms=0 5ms=0 6ms=0 7ms=0 8ms=0 9ms=1 10ms=0 11ms=3 12ms=3 13ms=17 14ms=136 15ms=139 16ms=12 17ms=3 18ms=1 19ms=0 20ms=1 21ms=0 22ms=0 23ms=0 24ms=0 25ms=0 4950ms=0

Pipeline=Skia (OpenGL)
Memory policy:
  Max surface area: 2592000
  Max resource usage: 124.42MB (x48)
  Background retention: 50% (altUiHidden = true)
  GPU Context timeout: 10
Contexts: 1 (stopped = 0)
CPU Caches:
  Glyph Cache: 33.70 KB (1 entry)
  Glyph Count: 11 
Total CPU memory usage:
  34510 bytes, 33.70 KB (0.00 bytes is purgeable)
GPU Caches:
  Other:
    Other: 49.27 KB (1 entry)
    Buffer Object: 36.00 KB (1 entry)
  Scratch:
    RenderTarget: 11.88 MB (1 entry)
    Buffer Object: 110.00 KB (3 entries)
    Texture: 2.00 MB (1 entry)
Total GPU memory usage:
  14748944 bytes, 14.07 MB (68.00 KB is purgeable)

GraphicBufferAllocator buffers:
        Handle |        Size |     W (Stride) x H | Layers |   Format |      Usage | Requestor
0xb400007b2c426ab0 |     unknown | 1080 (   0) x 2400 |      1 |        1 | 0x     b00 | VRI[GlassBenchmarkActivity]#0(BLAST Consumer)0
0xb400007b2c427e60 |     unknown | 1080 (   0) x 2400 |      1 |        1 | 0x     b00 | VRI[GlassBenchmarkActivity]#0(BLAST Consumer)0
0xb400007b2c4282e0 |     unknown | 1080 (   0) x 2400 |      1 |        1 | 0x     b00 | VRI[GlassBenchmarkActivity]#0(BLAST Consumer)0
Total allocated by GraphicBufferAllocator (estimate): 0.00 KB
GoldfishAllocator::dumpDebugInfo is not implemented
Profile data in ms:

	dev.polski.grammarmatrix/dev.polski.grammarmatrix.GlassBenchmarkActivity/android.view.ViewRootImpl@6932836 (visibility=0)
Window: dev.polski.grammarmatrix/dev.polski.grammarmatrix.GlassBenchmarkActivity
Stats since: 434972604706ns
Total frames rendered: 327
Janky frames: 8 (2.45%)
Janky frames (legacy): 0 (0.00%)
50th percentile: 17ms
90th percentile: 17ms
95th percentile: 18ms
99th percentile: 20ms
Number Missed Vsync: 0
Number High input latency: 319
Number Slow UI thread: 0
Number Slow bitmap uploads: 0
Number Slow issue draw commands: 8
Number Frame deadline missed: 8
Number Frame deadline missed (legacy): 0
HISTOGRAM: 5ms=10 6ms=0 7ms=1 8ms=0 9ms=0 10ms=0 11ms=0 12ms=0 13ms=0 14ms=0 15ms=1 16ms=109 17ms=179 18ms=21 19ms=1 20ms=3 21ms=0 22ms=2 23ms=0 24ms=0 25ms=0 26ms=0 27ms=0 28ms=0 29ms=0 30ms=0 31ms=0 32ms=0 34ms=0 36ms=0 38ms=0 40ms=0 42ms=0 44ms=0 46ms=0 48ms=0 53ms=0 57ms=0 61ms=0 65ms=0 69ms=0 73ms=0 77ms=0 81ms=0 85ms=0 89ms=0 93ms=0 97ms=0 101ms=0 105ms=0 109ms=0 113ms=0 117ms=0 121ms=0 125ms=0 129ms=0 133ms=0 150ms=0 200ms=0 250ms=0 300ms=0 350ms=0 400ms=0 450ms=0 500ms=0 550ms=0 600ms=0 650ms=0 700ms=0 750ms=0 800ms=0 850ms=0 900ms=0 950ms=0 1000ms=0 1050ms=0 1100ms=0 1150ms=0 1200ms=0 1250ms=0 1300ms=0 1350ms=0 1400ms=0 1450ms=0 1500ms=0 1550ms=0 1600ms=0 1650ms=0 1700ms=0 1750ms=0 1800ms=0 1850ms=0 1900ms=0 1950ms=0 2000ms=0 2050ms=0 2100ms=0 2150ms=0 2200ms=0 2250ms=0 2300ms=0 2350ms=0 2400ms=0 2450ms=0 2500ms=0 2550ms=0 2600ms=0 2650ms=0 2700ms=0 2750ms=0 2800ms=0 2850ms=0 2900ms=0 2950ms=0 3000ms=0 3050ms=0 3100ms=0 3150ms=0 3200ms=0 3250ms=0 3300ms=0 3350ms=0 3400ms=0 3450ms=0 3500ms=0 3550ms=0 3600ms=0 3650ms=0 3700ms=0 3750ms=0 3800ms=0 3850ms=0 3900ms=0 3950ms=0 4000ms=0 4050ms=0 4100ms=0 4150ms=0 4200ms=0 4250ms=0 4300ms=0 4350ms=0 4400ms=0 4450ms=0 4500ms=0 4550ms=0 4600ms=0 4650ms=0 4700ms=0 4750ms=0 4800ms=0 4850ms=0 4900ms=0 4950ms=0
50th gpu percentile: 14ms
90th gpu percentile: 15ms
95th gpu percentile: 16ms
99th gpu percentile: 17ms
GPU HISTOGRAM: 1ms=0 2ms=11 3ms=0 4ms=0 5ms=0 6ms=0 7ms=0 8ms=0 9ms=1 10ms=0 11ms=3 12ms=3 13ms=17 14ms=136 15ms=139 16ms=12 17ms=3 18ms=1 19ms=0 20ms=1 21ms=0 22ms=0 23ms=0 24ms=0 25ms=0 4950ms=0



---PROFILEDATA---
Flags,FrameTimelineVsyncId,IntendedVsync,Vsync,InputEventId,HandleInputStart,AnimationStart,PerformTraversalsStart,DrawStart,FrameDeadline,FrameInterval,FrameStartTime,SyncQueued,SyncStart,IssueDrawCommandsStart,SwapBuffers,FrameCompleted,DequeueBufferDuration,QueueBufferDuration,GpuCompleted,SwapBuffersCompleted,DisplayPresentTime,CommandSubmissionCompleted,
0,104928,438543324376,438543324376,-170344686,438544649916,438545156624,438545318499,438545341499,438576657708,438544644541,16666666,438545480499,438545708416,438545731499,438546910416,438561602333,2125,124208,438561602333,438547635166,0,438546910416,
0,104936,438559991042,438559991042,-264429621,438561969458,438562574916,438562799208,438562845291,438593324374,438561962791,16666666,438563574666,438563740041,438563857874,438564929333,438582748083,2208,156292,438582748083,438565803166,0,438564929333,
0,104944,438576657708,438576657708,-945514287,438577419458,438577998250,438578182250,438578218375,438593324374,438577412750,16666666,438578412083,438578621041,438578664041,438580941333,436560623999,8354375,8115584,436560623999,438598176791,0,438580941333,
0,104952,438593324374,438593324374,-848434476,438595058625,438596227041,438596449750,438596478041,438609991040,438595052458,16666666,438596624000,438598224958,438598258416,438598975541,438611430708,2458,317917,438611430708,438599982208,0,438598975541,
0,104960,438609991040,438609991040,-440459350,438612637000,438613323166,438613525500,438613562291,438643324372,438612629833,16666666,438613726791,438614206375,438614226083,438615039750,438629417250,1625,76417,438629417250,438615587833,0,438615039750,
0,104968,438626657706,438626657706,-392328723,438629360791,438629840041,438630044000,438630076333,438659991038,438629355541,16666666,438630244875,438630322250,438630365000,438631290541,438644322458,759833,95875,438644322458,438632639916,0,438631290541,
0,104976,438643324372,438643324372,-955591863,438644989166,438645758458,438645989875,438646032625,438676657704,438644982208,16666666,438646229125,438646336333,438646388125,438647499166,438661336000,1584,92667,438661336000,438648064083,0,438647499166,
0,104984,438659991038,438659991038,-732534578,438661706916,438662312541,438662608041,438662660583,438693324370,438661701583,16666666,438662892416,438663315625,438663336500,438664314208,438677146000,1958,121791,438677146000,438665044291,0,438664314208,
0,104992,438676657704,438676657704,-348590357,438677432833,438677909541,438678193541,438678238416,438709991036,438677427083,16666666,438678435500,438679121000,438679159541,438679768583,438693860791,2959,180333,438693860791,438680772750,0,438679768583,
0,105000,438693324370,438693324370,-691209062,438694226875,438695493083,438695681416,438695714875,438726657702,438694221583,16666666,438695854750,438696464416,438696553375,438697069375,438710834125,1750,84125,438710834125,438697620541,0,438697069375,
0,105008,438709991036,438709991036,-877047002,438711053583,438711593333,438711763208,438711793500,438743324368,438711046125,16666666,438711951500,438712816666,438712844125,438713778791,438727511500,2458,152083,438727511500,438714382000,0,438713778791,
0,105016,438726657702,438726657702,-1056454378,438727692708,438728373875,438728538000,438728563708,438759991034,438727686916,16666666,438728703833,438729494875,438729530250,438730157750,438744587833,1584,133167,438744587833,438730831875,0,438730157750,
0,105024,438743324368,438743324368,-411938338,438744940583,438746345541,438746606416,438746648916,438776657700,438744935500,16666666,438746873041,438747078166,438747198458,438747780625,438761186958,2083,156792,438761186958,438748708041,0,438747780625,
0,105032,438759991034,438759991034,-430730046,438761646791,438762269625,438762607083,438762660208,438793324366,438761639250,16666666,438762881916,438763178333,438763222708,438764108125,438777336541,1500,75583,438777336541,438764672791,0,438764108125,
0,105040,438776657700,438776657700,-825841991,438777681208,438778039208,438778439250,438778468166,438809991032,438777676458,16666666,438778634916,438778819250,438778855625,438780680333,438797450875,1584,76750,438797450875,438781189333,0,438780680333,
0,105048,438793324366,438793324366,-160253991,438797569375,438798315583,438798521750,438798570625,438826657698,438797563333,16666666,438798711500,438798964333,438799058708,438799737208,438812401833,1417,72250,438812401833,438800540166,0,438799737208,
0,105056,438809991032,438809991032,-636282759,438812682708,438813119166,438813304041,438813328750,438843324364,438812677458,16666666,438813465375,438813902416,438813940333,438814754291,438829370208,1958,90917,438829370208,438815294125,0,438814754291,
0,105064,438826657698,438826657698,-712302817,438830007625,438830751375,438830946291,438830978083,438859991030,438830000333,16666666,438831131541,438831242500,438831302291,438831894416,438844682541,1458,73500,438844682541,438832509666,0,438831894416,
0,105072,438843324364,438843324364,-387130829,438844890500,438845300166,438845451750,438845473583,438876657696,438844885333,16666666,438845611125,438845674125,438846108416,438846909125,438863619333,1625,66833,438863619333,438847332500,0,438846909125,
0,105080,438859991030,438859991030,-371519617,438864140625,438864537083,438864715541,438864740333,438893324362,438864134125,16666666,438865290875,438865579250,438865877708,438866693041,438877428583,1750,100292,438877428583,438867397833,0,438866693041,
0,105088,438876657696,438876657696,-210310784,438877747375,438877759625,438878193666,438878227625,438909991028,438877742041,16666666,438878357166,438878593416,438878629250,438879374083,438893701708,1500,76209,438893701708,438879840166,0,438879374083,
0,105096,438893324362,438893324362,0,438893966750,438893967583,438894382958,438894419666,438926657694,438893961333,16666666,438894557875,438894838166,438894939208,438895571333,438910668333,2167,124417,438910668333,438896359875,0,438895571333,
0,105104,438909991028,438909991028,0,438910890625,438910891416,438911325000,438911361166,438943324360,438910885166,16666666,438911647125,438911793333,438912119750,438913237041,438927542166,1708,78125,438927542166,438914003208,0,438913237041,
0,105112,438926657694,438926657694,0,438928484166,438928485166,438928933000,438928967875,438959991026,438928478166,16666666,438929203458,438929364041,438929402625,438929816291,438943886083,1334,82125,438943886083,438930397666,0,438929816291,
0,105127,438959991026,438959991026,-580222022,438960846166,438961290666,438961530541,438961552958,438976657692,438960840666,16666666,438961783541,438962058791,438962096000,438962435833,438977326583,1459,101250,438977326583,438963143666,0,438962435833,
0,105135,438976657692,438976657692,-968603825,438977804333,438978496083,438979095166,438979124958,439009991024,438977797875,16666666,438979231166,438979476291,438979523250,438980140500,438993792208,2083,211083,438993792208,438980968708,0,438980140500,
0,105143,438993324358,438993324358,-205359342,438994022125,438994583333,438994773625,438994800708,439026657690,438994016833,16666666,438994947541,438994963416,438994984750,438995852125,439010733166,1625,82667,439010733166,438996822416,0,438995852125,
0,105151,439009991024,439009991024,-504659758,439010729458,439011718041,439012606000,439012634625,439043324356,439010723625,16666666,439012769916,439012914875,439012952958,439013556375,439027312625,1417,179125,439027312625,439014157000,0,439013556375,
0,105159,439026657690,439026657690,-222432679,439027430500,439029351958,439029513958,439029546708,439059991022,439027424916,16666666,439029677041,439029688958,439029762958,439030407833,439043889291,1416,79625,439043889291,439030991375,0,439030407833,
0,105167,439043324356,439043324356,-211096823,439044363291,439044849583,439045478375,439045509416,439076657688,439044357791,16666666,439045662208,439045679750,439045702083,439046706833,439047989916,2209,513167,439047832166,439047989916,0,439046706833,
0,105175,439059991022,439059991022,-990777762,439060738000,439061260708,439061923791,439061952500,439093324354,439060732958,16666666,439062105875,439062190000,439062225708,439062989041,439077327833,1833,81958,439077327833,439063592791,0,439062989041,
0,105183,439076657688,439076657688,-131475821,439077616291,439078885500,439079100333,439079135625,439109991020,439077608625,16666666,439079282291,439079374916,439079407875,439079936125,439093708375,1875,143041,439093708375,439080712625,0,439079936125,
0,105191,439093324354,439093324354,-123039960,439094029333,439094407125,439094564916,439094602291,439126657686,439094023666,16666666,439094749833,439095197416,439095241916,439095896333,439110544875,1875,105041,439110544875,439096517833,0,439095896333,
0,105199,439109991020,439109991020,-570763926,439110890625,439111279541,439111427583,439111448625,439143324352,439110885000,16666666,439111581916,439112217083,439112326958,439113044541,439127075666,1834,195750,439127075666,439113642791,0,439113044541,
0,105207,439126657686,439126657686,-486931102,439127413500,439128176208,439128336000,439128359750,439159991018,439127408291,16666666,439128488833,439128983375,439129019500,439129847875,439143781125,1500,68958,439143781125,439130293916,0,439129847875,
0,105215,439143324352,439143324352,-845646508,439144242458,439144658541,439144822000,439144845750,439176657684,439144237166,16666666,439144983250,439145042375,439145343750,439146060666,439160810291,1959,123417,439160810291,439146775333,0,439146060666,
0,105223,439159991018,439159991018,-700364245,439160941958,439161811750,439161994125,439162221708,439193324350,439160936625,16666666,439162366125,439162493833,439162513041,439163372125,439177101125,1625,85209,439177101125,439163860458,0,439163372125,
0,105231,439176657684,439176657684,-657443841,439177603583,439178045250,439178192958,439178308208,439209991016,439177597833,16666666,439178567416,439178886583,439179243958,439179944791,439194742250,1500,162083,439194742250,439180580000,0,439179944791,
0,105239,439193324350,439193324350,-40396892,439195716375,439196460000,439196633833,439196657375,439226657682,439195710750,16666666,439196787958,439196880833,439196918666,439197657708,439210576958,2166,244875,439210576958,439198431916,0,439197657708,
0,105247,439209991016,439209991016,-698268376,439210789083,439211492666,439211647916,439211673791,439243324348,439210783958,16666666,439211815791,439212308375,439212341833,439213217458,439227131875,1958,254292,439227131875,439214088250,0,439213217458,
0,105255,439226657682,439226657682,-67211191,439227713875,439228524458,439228682916,439228708625,439259991014,439227708750,16666666,439228856833,439228947166,439228982125,439229693583,439243839791,1667,68209,439243839791,439230225000,0,439229693583,
0,105263,439243324348,439243324348,-292807618,439244153250,439244569833,439244734750,439244757083,439276657680,439244147416,16666666,439244906041,439245048291,439245151291,439246382208,439260680625,2000,203917,439260680625,439247564916,0,439246382208,
0,105271,439259991014,439259991014,-40054969,439260700625,439261267291,439261419125,439261441041,439293324346,439260695291,16666666,439261574125,439261968250,439262301416,439262827625,439277124000,1833,69833,439277124000,439263262041,0,439262827625,
0,105279,439276657680,439276657680,-717584039,439277267667,439277974875,439278716958,439278749375,439309991012,439277261417,16666666,439278915125,439279048208,439279101625,439279636875,439293978292,1833,267167,439293978292,439280277792,0,439279636875,
0,105287,439293324346,439293324346,-872359821,439294026625,439295283042,439295437083,439295459792,439326657678,439294021458,16666666,439295585292,439295689250,439295776417,439296572417,439310626708,2375,233708,439310626708,439297292000,0,439296572417,
0,105295,439309991012,439309991012,-936031008,439310755625,439310769375,439311299083,439311340875,439343324344,439310749708,16666666,439311503750,439312292375,439312523958,439314070083,439327171792,2292,166166,439327171792,439314788167,0,439314070083,
0,105303,439326657678,439326657678,0,439328821542,439328822292,439329192625,439329230208,439359991010,439328816375,16666666,439329375917,439329471500,439329562167,439330304292,439343852167,1792,164667,439343852167,439330909667,0,439330304292,
0,105311,439343324344,439343324344,0,439344405333,439344405917,439344406292,439344454458,439376657676,439344400083,16666666,439344758917,439345247625,439345291958,439346185250,439360527458,1834,89917,439360527458,439346882000,0,439346185250,
0,105319,439359991010,439359991010,0,439361011792,439361012500,439361012917,439361067500,439393324342,439361005958,16666666,439361393208,439362053750,439362159500,439363023292,439377057708,1667,84042,439377057708,439363537417,0,439363023292,
0,105327,439376657676,439376657676,-116509629,439377400542,439377573458,439377573833,439377630417,439409991008,439377395375,16666666,439377877583,439377986958,439378167458,439379032542,439393892417,1625,104542,439393892417,439379524542,0,439379032542,
0,105335,439393324342,439393324342,-872032973,439394057625,439394955500,439395144292,439395173292,439426657674,439394051792,16666666,439395303667,439395471958,439395540792,439396918000,439410611250,2042,74417,439410611250,439397416417,0,439396918000,
0,105343,439409991008,439409991008,-822711030,439410988042,439411410083,439411562625,439411585458,439443324340,439410982542,16666666,439411737708,439411994917,439412188208,439412757667,439427403125,3000,147500,439427403125,439413441708,0,439412757667,
0,105351,439426657674,439426657674,-866786253,439427824458,439428542458,439429184917,439429209708,439459991006,439427818750,16666666,439429351750,439429479583,439429512708,439430031000,439444773542,1916,73291,439444773542,439430504250,0,439430031000,
0,105359,439443324340,439443324340,-313706342,439444944625,439445774625,439445982042,439446013083,439476657672,439444937917,16666666,439446152083,439446380792,439446400500,439447320792,439461733542,2167,178167,439461733542,439447987625,0,439447320792,
0,105367,439459991006,439459991006,-278243872,439461901375,439462812833,439462974417,439462998583,439493324338,439461896292,16666666,439463416000,439463688917,439463706500,439464497583,439479993875,1708,58875,439479993875,439464981375,0,439464497583,
0,105375,439476657672,439476657672,-530217374,439480438708,439481436750,439481609958,439482162750,439509991004,439480433500,16666666,439482307542,439482453375,439482487250,439483082542,439494873750,1625,158041,439494873750,439483668292,0,439483082542,
0,105383,439493324338,439493324338,-968426914,439495336208,439495770625,439495925625,439496718417,439526657670,439495331000,16666666,439496869500,439496929833,439496948458,439497549042,439510577875,1333,69417,439510577875,439497999083,0,439497549042,
0,105391,439509991004,439509991004,-12914363,439510760750,439511340500,439511845708,439512317708,439543324336,439510755542,16666666,439512472792,439512631000,439512708125,439513237667,439527137292,2000,237167,439527137292,439513898792,0,439513237667,
0,105399,439526657670,439526657670,-154949600,439527465292,439528410417,439528655333,439528686208,439559991002,439527458917,16666666,439528824708,439528916375,439528934000,439529545500,439543730042,1875,148875,439543730042,439530158708,0,439529545500,
0,105407,439543324336,439543324336,-840971776,439544270167,439544817542,439544976542,439545001083,439576657668,439544264583,16666666,439545151167,439545550917,439545587667,439546184333,439560448750,1667,144166,439560448750,439546802083,0,439546184333,
0,105415,439559991002,439559991002,-906563319,439560660125,439561529083,439561687917,439561715792,439593324334,439560655208,16666666,439561848625,439561996208,439562029792,439562790708,439577062083,1416,66334,439577062083,439563373625,0,439562790708,
0,105423,439576657668,439576657668,-79220066,439577321500,439577865125,439578031875,439578054833,439609991000,439577316375,16666666,439578195167,439578359792,439578499833,439579202583,439593687792,2125,521958,439593687792,439580502667,0,439579202583,
0,105431,439593324334,439593324334,-272003330,439594260958,439594928708,439595254667,439595311125,439626657666,439594255375,16666666,439595531083,439595913208,439595957208,439597191375,439610562333,2125,214083,439610562333,439597849083,0,439597191375,
0,105439,439609991000,439609991000,-535202160,439610910375,439611280167,439611433333,439611454667,439643324332,439610904625,16666666,439611589750,439611740208,439611762042,439612719792,439627155208,1875,206250,439627155208,439613323833,0,439612719792,
0,105447,439626657666,439626657666,-706935963,439627430292,439627847750,439628435750,439628498792,439659990998,439627424792,16666666,439628723625,439629009417,439629045917,439629695083,439643653875,1416,72042,439643653875,439630271875,0,439629695083,
0,105455,439643324332,439643324332,-1019380213,439643922458,439644995042,439645173375,439645208792,439676657664,439643916792,16666666,439645342375,439645531500,439645674667,439646226333,439660497417,2625,310375,439660497417,439647017125,0,439646226333,
0,105463,439659990998,439659990998,-348242432,439660760625,439661195333,439661509000,439661554167,439693324330,439660755167,16666666,439661748042,439662030292,439662165417,439662885375,439676981167,1584,174750,439676981167,439663483500,0,439662885375,
0,105471,439676657664,439676657664,-916947464,439678035167,439678597167,439678784208,439678818208,439709990996,439678028083,16666666,439678996542,439679148625,439679172042,439679822042,439693658625,1625,106083,439693658625,439680429958,0,439679822042,
0,105479,439693324330,439693324330,-171671406,439693886625,439694670583,439694843125,439694868875,439726657662,439693880750,16666666,439695436500,439696125083,439696144417,439696700667,439710391375,1750,114375,439710391375,439697344167,0,439696700667,
0,105487,439709990996,439709990996,-791121729,439710786000,439711986625,439712477417,439712507292,439743324328,439710780917,16666666,439712656375,439712778792,439712910875,439713511875,439727119875,1666,129250,439727119875,439714117375,0,439713511875,
0,105495,439726657662,439726657662,-103757014,439727448292,439727965500,439728785083,439728816667,439759990994,439727443125,16666666,439729114708,439729289542,439729341167,439730061875,439743927167,1334,67125,439743927167,439730764667,0,439730061875,
0,105503,439743324328,439743324328,-64953735,439743910417,439743925042,439745071833,439745122792,439776657660,439743904875,16666666,439745308792,439745617250,439745656125,439746145625,439760495625,1667,107541,439760495625,439746622333,0,439746145625,
0,105511,439759990994,439759990994,0,439760724042,439760724917,439761114292,439761150833,439793324326,439760718167,16666666,439761292375,439761439333,439761476750,439762411708,439777314375,2375,274250,439777314375,439763145750,0,439762411708,
0,105519,439776657660,439776657660,0,439777596042,439777596875,439778056000,439778105042,439809990992,439777590375,16666666,439778996875,439779081958,439779125917,439779411333,439793748125,2000,396458,439793748125,439780396625,0,439779411333,
0,105527,439793324326,439793324326,0,439794748292,439794749333,439795790125,439795823542,439826657658,439794742833,16666666,439796404750,439796505125,439796539792,439796830208,439810514208,3292,316500,439810514208,439797715167,0,439796830208,
0,105535,439809990992,439809990992,-121916357,439810945333,439811339542,439811590375,439811610500,439843324324,439810939750,16666666,439812485042,439812656125,439812675458,439812961292,439829105750,2000,91458,439829105750,439813823125,0,439812961292,
0,105543,439826657658,439826657658,-635800629,439829015250,439829578542,439829819417,439829844000,439859990990,439829010250,16666666,439830033958,439830047833,439830086542,439830944917,439844936333,1667,86917,439844936333,439831673500,0,439830944917,
0,105551,439843324324,439843324324,-950081636,439845240333,439845963667,439847142333,439847166667,439876657656,439845235167,16666666,439847270625,439847468917,439847602250,439848400125,439861612875,1666,125625,439861612875,439848952500,0,439848400125,
0,105559,439859990990,439859990990,-793009733,439861714792,439862465542,439862746167,439862784292,439893324322,439861709750,16666666,439863289542,439863459875,439863502792,439864314417,439877154500,2542,234959,439877154500,439865016417,0,439864314417,
0,105567,439876657656,439876657656,-27486664,439877370042,439878015292,439878498792,439878546125,439909990988,439877365125,16666666,439879107500,439879268833,439879373167,439879930250,439893843708,2209,363042,439893843708,439880718833,0,439879930250,
0,105575,439893324322,439893324322,-622026538,439893948417,439895232458,439895408750,439895435292,439926657654,439893943042,16666666,439895566875,439895728208,439895766042,439896832708,439910705125,1375,82792,439910705125,439897390167,0,439896832708,
0,105583,439909990988,439909990988,-938478323,439910742417,439911211833,439911373583,439911394000,439943324320,439910737042,16666666,439911529208,439911601167,439911619833,439913343875,439927180625,1792,86875,439927180625,439913826625,0,439913343875,
0,105591,439926657654,439926657654,-1070024557,439927339833,439928279333,439928449417,439928472458,439959990986,439927334833,16666666,439928602542,439929156750,439929229417,439929794333,439944339958,1500,80292,439944339958,439930361875,0,439929794333,
0,105599,439943324320,439943324320,-519310505,439944294917,439944906208,439945083125,439945109667,439976657652,439944288542,16666666,439945260417,439945275458,439945319917,439947147625,439960458125,2209,116666,439960458125,439947811625,0,439947147625,
0,105607,439959990986,439959990986,-476766038,439960752083,439961845292,439962020875,439962045583,439993324318,439960746958,16666666,439962174292,439962189417,439962313208,439962994583,439977634750,1417,79167,439977634750,439963527208,0,439962994583,
0,105615,439976657652,439976657652,-618034024,439977635959,439978409500,439978708209,439978755834,440009990984,439977630584,16666666,439979453959,439979624250,439979667834,439981061042,439993750292,246125,349667,439993750292,439982164292,0,439981061042,
0,105623,439993324318,439993324318,-717733541,439993927375,439994547625,439994704000,439994726292,440026657650,439993921792,16666666,439994858000,439995176375,439995305334,439996725709,440010445584,1834,143750,440010445584,439997450750,0,439996725709,
0,105631,440009990984,440009990984,-451625054,440011626375,440012297209,440012449667,440012472042,440043324316,440011619875,16666666,440012598542,440012683167,440012795250,440013394042,440027203042,1875,115291,440027203042,440013900875,0,440013394042,
0,105639,440026657650,440026657650,-557561852,440027334875,440027842667,440028233250,440028293250,440059990982,440027328667,16666666,440028549667,440028577667,440028617584,440029594125,440043760834,1500,144625,440043760834,440030094834,0,440029594125,
0,105647,440043324316,440043324316,-290362590,440044296042,440044868500,440045152750,440045199625,440076657648,440044290625,16666666,440045397375,440045856417,440045877834,440047010875,440060619000,1500,128875,440060619000,440047658209,0,440047010875,
0,105655,440059990982,440059990982,-503466629,440060993209,440061588250,440061844709,440061889834,440093324314,440060987459,16666666,440062102500,440062721375,440062743667,440063539417,440077261167,1875,113958,440077261167,440064254292,0,440063539417,
0,105663,440076657648,440076657648,-251832341,440077508125,440078398667,440078621084,440078659500,440109990980,440077502250,16666666,440078822834,440079202334,440079225000,440079903834,440093900834,2000,207958,440093900834,440080696500,0,440079903834,
0,105671,440093324314,440093324314,-497812371,440094005750,440094438917,440094616667,440094640292,440126657646,440094000459,16666666,440094781459,440094814459,440094932750,440096603917,440110486209,2250,400000,440110486209,440097532875,0,440096603917,
0,105679,440109990980,440109990980,-783161006,440110818500,440111277792,440111437667,440111465209,440143324312,440110812834,16666666,440111604750,440111828209,440111898584,440113459000,440127188959,1542,104583,440127188959,440114068250,0,440113459000,
0,105687,440126657646,440126657646,-419168512,440127507542,440127971375,440128387125,440128418750,440159990978,440127500542,16666666,440128833084,440129486417,440129656084,440130305667,440143840917,1750,70125,440143840917,440130727792,0,440130305667,
0,105695,440143324312,440143324312,-896228311,440143946667,440144843750,440144991459,440145011459,440176657644,440143941834,16666666,440145167334,440145639500,440145767459,440146647792,440160523584,1750,140625,440160523584,440147204000,0,440146647792,
0,105703,440159990978,440159990978,-966362302,440160766709,440161416875,440161667917,440161705084,440193324310,440160759792,16666666,440161862959,440162121167,440162138250,440162845042,440177440459,4000,288750,440177440459,440163813375,0,440162845042,
0,105711,440176657644,440176657644,-657408433,440177810750,440177825000,440178285167,440178329042,440209990976,440177804542,16666666,440178489417,440178879917,440178921042,440179591000,440194138250,1750,471583,440194138250,440180444334,0,440179591000,
0,105719,440193324310,440193324310,0,440194477375,440194478334,440194862542,440194901959,440226657642,440194471625,16666666,440195041084,440195146500,440195238959,440195854417,440210683459,1750,152416,440210683459,440196654334,0,440195854417,
0,105727,440209990976,440209990976,0,440211611959,440211612959,440211613542,440211667667,440243324308,440211606042,16666666,440212213917,440212452167,440212487959,440213166792,440227201500,1291,81375,440227201500,440213771292,0,440213166792,
0,105735,440226657642,440226657642,0,440227701500,440227702667,440227703292,440227769584,440259990974,440227695459,16666666,440228468459,440228790209,440228831209,440229634292,440243864250,1959,196334,440243864250,440230290375,0,440229634292,
0,105743,440243324308,440243324308,0,440244235250,440244236417,440244236875,440244286500,440276657640,440244228917,16666666,440244856834,440245363625,440245431084,440246388459,440261112625,2041,146500,440261112625,440246969167,0,440246388459,
0,105751,440259990974,440259990974,0,440262318084,440262319500,440262320084,440262387584,440293324306,440262311375,16666666,440262954625,440263077834,440263121000,440263902375,440277345000,2291,519875,440277345000,440265452750,0,440263902375,
0,105759,440276657640,440276657640,0,440277955917,440277956667,440277957042,440278012292,440309990972,440277950542,16666666,440278533417,440278808542,440279039625,440279904250,440293943709,1417,73375,440293943709,440280578500,0,440279904250,
0,105767,440293324306,440293324306,0,440294277167,440294278709,440294279250,440294348417,440326657638,440294270000,16666666,440295125917,440295414292,440295462000,440296526000,440310790084,3833,257500,440310790084,440297392500,0,440296526000,
0,105775,440309990972,440309990972,0,440311123875,440311125084,440311125667,440311191000,440343324304,440311117459,16666666,440311604959,440311826042,440311867834,440313063625,440327194542,1791,98625,440327194542,440313558292,0,440313063625,
0,105783,440326657638,440326657638,0,440327615625,440327616459,440327616875,440327673292,440359990970,440327610125,16666666,440327993584,440328704000,440328723042,440329410875,440343952542,4125,258333,440343952542,440330115917,0,440329410875,
0,105791,440343324304,440343324304,0,440344440417,440344441292,440344441834,440344494042,440376657636,440344434959,16666666,440344804500,440345048709,440345109167,440346223917,440360662000,1542,73250,440360662000,440346747334,0,440346223917,
0,105799,440359990970,440359990970,0,440360669167,440360670042,440360670417,440360722667,440393324302,440360663875,16666666,440361112417,440361550834,440361602750,440362484000,440377400750,1709,165084,440377400750,440363166334,0,440362484000,
0,105807,440376657636,440376657636,0,440377571084,440377572209,440377572667,440377626584,440409990968,440377565667,16666666,440377950000,440378396875,440378569250,440379532084,440393862334,2083,220542,440393862334,440380295750,0,440379532084,
0,105815,440393324302,440393324302,0,440393890375,440393891417,440393891834,440393945959,440426657634,440393885084,16666666,440394313542,440394460459,440394497834,440395298167,440410824792,1583,97084,440410824792,440395888459,0,440395298167,
0,105823,440409990968,440409990968,0,440411010167,440411011125,440411011542,440411064584,440443324300,440411004417,16666666,440411404334,440411598917,440411718459,440412980625,440427180084,2125,82375,440427180084,440413847834,0,440412980625,
0,105831,440426657634,440426657634,0,440427661375,440427662292,440427662750,440427714084,440459990966,440427656084,16666666,440428117500,440428446209,440428484792,440429193667,440444125709,2292,282791,440444125709,440429926625,0,440429193667,
0,105839,440443324300,440443324300,0,440444254375,440444255084,440444255625,440444305542,440476657632,440444249084,16666666,440444629375,440444966959,440444987292,440445874500,440461438334,1292,90000,440461438334,440446774917,0,440445874500,
0,105847,440459990966,440459990966,0,440461343875,440461345292,440461345959,440461417417,440493324298,440461337209,16666666,440461901709,440462144542,440462198917,440463579000,440467620125,2489583,512125,440465082000,440467620125,0,440463579000,
0,105855,440476657632,440476657632,0,440477628084,440477629375,440477630042,440477701500,440509990964,440477620625,16666666,440480265709,440480449584,440480520625,440482727750,440493717667,1269792,381292,440493717667,440486092417,0,440482727750,
0,105863,440493324298,440493324298,0,440494151209,440494151875,440494152417,440494207459,440526657630,440494145542,16666666,440494521834,440494856334,440494963792,440495661334,440510586959,2000,159916,440510586959,440496388292,0,440495661334,
0,105871,440509990964,440509990964,0,440511243250,440511244042,440511244500,440511296292,440543324296,440511237209,16666666,440511608042,440511955709,440512249667,440513387667,440527225417,1208,83708,440527225417,440514007584,0,440513387667,
0,105879,440526657630,440526657630,0,440527384167,440527385167,440527385792,440527436875,440559990962,440527378292,16666666,440527741459,440527842459,440527878167,440529736500,440544272417,2334,152500,440544272417,440530414959,0,440529736500,
0,105887,440543324296,440543324296,0,440545683584,440545684792,440545685334,440546010625,440559990962,440545676084,16666666,440546515875,440546672250,440546765875,440547393042,438544590416,2084,693000,438544590416,440549025792,0,440547393042,
---PROFILEDATA---


View hierarchy:

  dev.polski.grammarmatrix/dev.polski.grammarmatrix.GlassBenchmarkActivity/android.view.ViewRootImpl@6932836
  7 views, 12.02 kB of render nodes


Total ViewRootImpl   : 1
Total attached Views : 7
Total RenderNode     : 12.02 kB (used) / 36.09 kB (capacity)

