Applications Graphics Acceleration Info:
Uptime: 400757 Realtime: 400757

** Graphics info for pid 3816 [dev.polski.grammarmatrix] **

Stats since: 394665075104ns
Total frames rendered: 318
Janky frames: 28 (8.81%)
Janky frames (legacy): 79 (24.84%)
50th percentile: 17ms
90th percentile: 30ms
95th percentile: 36ms
99th percentile: 65ms
Number Missed Vsync: 3
Number High input latency: 429
Number Slow UI thread: 12
Number Slow bitmap uploads: 0
Number Slow issue draw commands: 24
Number Frame deadline missed: 28
Number Frame deadline missed (legacy): 19
HISTOGRAM: 5ms=11 6ms=0 7ms=0 8ms=1 9ms=0 10ms=0 11ms=1 12ms=0 13ms=2 14ms=0 15ms=4 16ms=33 17ms=143 18ms=29 19ms=7 20ms=14 21ms=17 22ms=8 23ms=8 24ms=0 25ms=1 26ms=0 27ms=2 28ms=4 29ms=1 30ms=5 31ms=2 32ms=7 34ms=1 36ms=2 38ms=0 40ms=3 42ms=1 44ms=1 46ms=0 48ms=3 53ms=2 57ms=0 61ms=1 65ms=1 69ms=1 73ms=2 77ms=0 81ms=0 85ms=0 89ms=0 93ms=0 97ms=0 101ms=0 105ms=0 109ms=0 113ms=0 117ms=0 121ms=0 125ms=0 129ms=0 133ms=0 150ms=0 200ms=0 250ms=0 300ms=0 350ms=0 400ms=0 450ms=0 500ms=0 550ms=0 600ms=0 650ms=0 700ms=0 750ms=0 800ms=0 850ms=0 900ms=0 950ms=0 1000ms=0 1050ms=0 1100ms=0 1150ms=0 1200ms=0 1250ms=0 1300ms=0 1350ms=0 1400ms=0 1450ms=0 1500ms=0 1550ms=0 1600ms=0 1650ms=0 1700ms=0 1750ms=0 1800ms=0 1850ms=0 1900ms=0 1950ms=0 2000ms=0 2050ms=0 2100ms=0 2150ms=0 2200ms=0 2250ms=0 2300ms=0 2350ms=0 2400ms=0 2450ms=0 2500ms=0 2550ms=0 2600ms=0 2650ms=0 2700ms=0 2750ms=0 2800ms=0 2850ms=0 2900ms=0 2950ms=0 3000ms=0 3050ms=0 3100ms=0 3150ms=0 3200ms=0 3250ms=0 3300ms=0 3350ms=0 3400ms=0 3450ms=0 3500ms=0 3550ms=0 3600ms=0 3650ms=0 3700ms=0 3750ms=0 3800ms=0 3850ms=0 3900ms=0 3950ms=0 4000ms=0 4050ms=0 4100ms=0 4150ms=0 4200ms=0 4250ms=0 4300ms=0 4350ms=0 4400ms=0 4450ms=0 4500ms=0 4550ms=0 4600ms=0 4650ms=0 4700ms=0 4750ms=0 4800ms=0 4850ms=0 4900ms=0 4950ms=0
50th gpu percentile: 14ms
90th gpu percentile: 19ms
95th gpu percentile: 22ms
99th gpu percentile: 4950ms
GPU HISTOGRAM: 1ms=0 2ms=14 3ms=3 4ms=0 5ms=4 6ms=2 7ms=4 8ms=4 9ms=3 10ms=7 11ms=6 12ms=12 13ms=27 14ms=82 15ms=67 16ms=18 17ms=15 18ms=17 19ms=6 20ms=7 21ms=4 22ms=1 23ms=0 24ms=3 25ms=2 4950ms=10

Pipeline=Skia (OpenGL)
Memory policy:
  Max surface area: 2592000
  Max resource usage: 124.42MB (x48)
  Background retention: 50% (altUiHidden = true)
  GPU Context timeout: 10
Contexts: 1 (stopped = 0)
CPU Caches:
  Glyph Cache: 33.70 KB (1 entry)
  Glyph Count: 11 
Total CPU memory usage:
  34510 bytes, 33.70 KB (0.00 bytes is purgeable)
GPU Caches:
  Other:
    Other: 26.45 KB (1 entry)
    Buffer Object: 36.00 KB (1 entry)
  Scratch:
    RenderTarget: 11.88 MB (1 entry)
    Buffer Object: 110.00 KB (3 entries)
    Texture: 2.00 MB (1 entry)
Total GPU memory usage:
  14725584 bytes, 14.04 MB (11.94 MB is purgeable)

GraphicBufferAllocator buffers:
        Handle |        Size |     W (Stride) x H | Layers |   Format |      Usage | Requestor
0xb400007b2c426ab0 |     unknown | 1080 (   0) x 2400 |      1 |        1 | 0x     b00 | VRI[GlassBenchmarkActivity]#0(BLAST Consumer)0
0xb400007b2c427e60 |     unknown | 1080 (   0) x 2400 |      1 |        1 | 0x     b00 | VRI[GlassBenchmarkActivity]#0(BLAST Consumer)0
0xb400007b2c4282e0 |     unknown | 1080 (   0) x 2400 |      1 |        1 | 0x     b00 | VRI[GlassBenchmarkActivity]#0(BLAST Consumer)0
Total allocated by GraphicBufferAllocator (estimate): 0.00 KB
GoldfishAllocator::dumpDebugInfo is not implemented
Profile data in ms:

	dev.polski.grammarmatrix/dev.polski.grammarmatrix.GlassBenchmarkActivity/android.view.ViewRootImpl@6932836 (visibility=0)
Window: dev.polski.grammarmatrix/dev.polski.grammarmatrix.GlassBenchmarkActivity
Stats since: 394665074354ns
Total frames rendered: 318
Janky frames: 28 (8.81%)
Janky frames (legacy): 79 (24.84%)
50th percentile: 17ms
90th percentile: 30ms
95th percentile: 36ms
99th percentile: 65ms
Number Missed Vsync: 3
Number High input latency: 429
Number Slow UI thread: 12
Number Slow bitmap uploads: 0
Number Slow issue draw commands: 24
Number Frame deadline missed: 28
Number Frame deadline missed (legacy): 19
HISTOGRAM: 5ms=11 6ms=0 7ms=0 8ms=1 9ms=0 10ms=0 11ms=1 12ms=0 13ms=2 14ms=0 15ms=4 16ms=33 17ms=143 18ms=29 19ms=7 20ms=14 21ms=17 22ms=8 23ms=8 24ms=0 25ms=1 26ms=0 27ms=2 28ms=4 29ms=1 30ms=5 31ms=2 32ms=7 34ms=1 36ms=2 38ms=0 40ms=3 42ms=1 44ms=1 46ms=0 48ms=3 53ms=2 57ms=0 61ms=1 65ms=1 69ms=1 73ms=2 77ms=0 81ms=0 85ms=0 89ms=0 93ms=0 97ms=0 101ms=0 105ms=0 109ms=0 113ms=0 117ms=0 121ms=0 125ms=0 129ms=0 133ms=0 150ms=0 200ms=0 250ms=0 300ms=0 350ms=0 400ms=0 450ms=0 500ms=0 550ms=0 600ms=0 650ms=0 700ms=0 750ms=0 800ms=0 850ms=0 900ms=0 950ms=0 1000ms=0 1050ms=0 1100ms=0 1150ms=0 1200ms=0 1250ms=0 1300ms=0 1350ms=0 1400ms=0 1450ms=0 1500ms=0 1550ms=0 1600ms=0 1650ms=0 1700ms=0 1750ms=0 1800ms=0 1850ms=0 1900ms=0 1950ms=0 2000ms=0 2050ms=0 2100ms=0 2150ms=0 2200ms=0 2250ms=0 2300ms=0 2350ms=0 2400ms=0 2450ms=0 2500ms=0 2550ms=0 2600ms=0 2650ms=0 2700ms=0 2750ms=0 2800ms=0 2850ms=0 2900ms=0 2950ms=0 3000ms=0 3050ms=0 3100ms=0 3150ms=0 3200ms=0 3250ms=0 3300ms=0 3350ms=0 3400ms=0 3450ms=0 3500ms=0 3550ms=0 3600ms=0 3650ms=0 3700ms=0 3750ms=0 3800ms=0 3850ms=0 3900ms=0 3950ms=0 4000ms=0 4050ms=0 4100ms=0 4150ms=0 4200ms=0 4250ms=0 4300ms=0 4350ms=0 4400ms=0 4450ms=0 4500ms=0 4550ms=0 4600ms=0 4650ms=0 4700ms=0 4750ms=0 4800ms=0 4850ms=0 4900ms=0 4950ms=0
50th gpu percentile: 14ms
90th gpu percentile: 19ms
95th gpu percentile: 22ms
99th gpu percentile: 4950ms
GPU HISTOGRAM: 1ms=0 2ms=14 3ms=3 4ms=0 5ms=4 6ms=2 7ms=4 8ms=4 9ms=3 10ms=7 11ms=6 12ms=12 13ms=27 14ms=82 15ms=67 16ms=18 17ms=15 18ms=17 19ms=6 20ms=7 21ms=4 22ms=1 23ms=0 24ms=3 25ms=2 4950ms=10



---PROFILEDATA---
Flags,FrameTimelineVsyncId,IntendedVsync,Vsync,InputEventId,HandleInputStart,AnimationStart,PerformTraversalsStart,DrawStart,FrameDeadline,FrameInterval,FrameStartTime,SyncQueued,SyncStart,IssueDrawCommandsStart,SwapBuffers,FrameCompleted,DequeueBufferDuration,QueueBufferDuration,GpuCompleted,SwapBuffersCompleted,DisplayPresentTime,CommandSubmissionCompleted,
0,87272,398359992650,398359992650,-973750459,398361631105,398362365897,398362682314,398362732522,398393325982,398361623689,16666666,398363227564,398363328522,398363362189,398363655314,398377221439,1875,117959,398377221439,398364551022,0,398363655314,
0,87280,398376659316,398376659316,-193066499,398377534064,398378009730,398378990147,398379030439,398409992648,398377528480,16666666,398379280397,398379380272,398379470064,398380132689,398393726480,1417,92625,398393726480,398381267772,0,398380132689,
0,87288,398393325982,398393325982,-170064358,398394597564,398394612105,398395260605,398395313855,398426659314,398394591689,16666666,398395463022,398395580980,398395617730,398395956147,398397319605,2292,492708,398397202022,398397319605,0,398395956147,
0,87296,398409992648,398409992648,0,398410883105,398410884189,398411952314,398412093939,398443325980,398410877355,16666666,398412333064,398412464064,398412610939,398413235730,398427395980,1791,265459,398427395980,398414354439,0,398413235730,
0,87304,398426659314,398426659314,0,398427841730,398427842897,398428645189,398428694314,398459992646,398427835355,16666666,398429053855,398429294105,398429346480,398429986147,398444853397,1625,173042,398444853397,398430957855,0,398429986147,
0,87312,398443325980,398443325980,0,398445292272,398445293022,398446254939,398446310980,398476659312,398445286522,16666666,398446681105,398447043855,398447208397,398447523272,398460606689,1625,124208,398460606689,398448828522,0,398447523272,
0,87320,398459992646,398459992646,0,398460905730,398460906647,398461806230,398461842314,398493325978,398460900355,16666666,398462035314,398462551355,398462599772,398463262980,398477074105,3416,416792,398477074105,398464743980,0,398463262980,
0,87328,398476659312,398476659312,-1005108035,398477227980,398477359314,398477473439,398477518314,398509992644,398477220105,16666666,398477686272,398477892355,398477985397,398478640939,398494002605,2417,105917,398494002605,398480746022,0,398478640939,
0,87336,398493325978,398493325978,-271270759,398494241480,398495126147,398495549480,398495587897,398526659310,398494233814,16666666,398496357105,398496532272,398496586022,398497174355,398510616272,2416,188917,398510616272,398498241480,0,398497174355,
0,87344,398509992644,398509992644,-32306207,398511054855,398511468022,398512619439,398512655105,398543325976,398511049647,16666666,398512772355,398512913647,398512976314,398513315439,398527307147,1709,92500,398527307147,398514171522,0,398513315439,
0,87352,398526659310,398526659310,-525696722,398527835355,398528682064,398530092897,398530122605,398559992642,398527828855,16666666,398530130689,398530271064,398530331855,398530772397,398544408689,2083,466833,398544408689,398531996439,0,398530772397,
0,87360,398543325976,398543325976,-1042784914,398544769647,398545414439,398546504939,398546543647,398576659308,398544762647,16666666,398546789189,398547034272,398547055355,398547712230,398562065105,3666,230042,398562065105,398548665897,0,398547712230,
0,87368,398559992642,398559992642,-1032715370,398562924230,398563831647,398564809064,398564836605,398593325974,398562917980,16666666,398564921189,398565079897,398565192939,398565781147,398577200689,3875,439334,398577200689,398567396689,0,398565781147,
0,87376,398576659308,398576659308,-808816760,398577583522,398578692064,398579636397,398579677897,398609992640,398577577439,16666666,398579689980,398579843522,398579936814,398581069439,398593957439,2583,127458,398593957439,398581770480,0,398581069439,
0,87384,398593325974,398593325974,-538559641,398594187814,398594663355,398594927647,398594951480,398626659306,398594182022,16666666,398595501397,398595745439,398595795814,398596526147,398611900772,2291,372500,398611900772,398598045730,0,398596526147,
0,87392,398609992640,398609992640,-1047535009,398612284230,398612982355,398614055772,398614107730,398643325972,398612278022,16666666,398615155647,398615264522,398615308897,398615646230,398627486730,2084,120000,398627486730,398616550314,0,398615646230,
0,87400,398626659306,398626659306,-415086777,398627967814,398629082105,398630033605,398630065772,398659992638,398627960647,16666666,398630154189,398630304522,398630344480,398630714272,398645314564,1583,160125,398645314564,398631671522,0,398630714272,
0,87408,398643325972,398643325972,-1742239,398647883522,398650132272,398651419272,398651518689,398676659304,398647876730,16666666,398651527855,398651560272,398651581480,398653606022,398668557272,1792,140583,398668557272,398658397397,0,398653606022,
0,87415,398659992638,398659992638,-91001754,398662749772,398664216397,398664979689,398665023272,398693325970,398662738189,16666666,398665283939,398665756064,398665784022,398667081689,398682224564,12436750,172417,398682224564,398681049730,0,398667081689,
0,87423,398676659304,398676659304,-1001023225,398677609230,398678063980,398679753105,398679792022,398709992636,398677603605,16666666,398680435397,398681080064,398681116064,398681431772,398749898397,67084209,107917,398749898397,398749387647,0,398681431772,
0,87431,398693325970,398693325970,-694644078,398698112105,398698736647,398699481022,398699535855,398776659300,398698105939,16666666,398699772439,398757377147,398757412397,398762263606,398779477356,2583,543834,398779044022,398779477356,0,398762263606,
0,87440,398709992636,398743325968,-321995663,398757884689,398758660689,398759475606,398759506231,398809992632,398757880231,16666666,398759514856,398779568731,398779613939,398782663231,398805710189,5867250,1424875,398805710189,398792096939,0,398782663231,
0,87447,398759992634,398776659300,-444773457,398781549189,398782542064,398787730272,398787776022,398826659298,398781544064,16666666,398788172856,398792176772,398793601689,398794844897,398815179231,7568000,534875,398814065897,398815179231,0,398794844897,
0,87456,398793325966,398793325966,-966339123,398799400064,398800838147,398806473314,398806512189,398843325964,398799388814,16666666,398806536439,398815256772,398815326647,398816389814,398822251231,862375,105959,398822251231,398819756272,0,398816389814,
0,87464,398809992632,398809992632,-615229736,398815824564,398816841106,398820387231,398820439106,398859992630,398815820522,16666666,398820784647,398820923522,398820962564,398821288564,398833789231,7713667,436667,398833789231,398830393272,0,398821288564,
0,87472,398826659298,398826659298,-65428180,398827489022,398828751897,398829521689,398829558856,398876659296,398827481356,16666666,398829694647,398830419397,398830458606,398831415606,398861010564,24894667,137208,398861010564,398858772231,0,398831415606,
0,87488,398859992630,398859992630,-32949874,398861464439,398861465189,398862792481,398862859981,398893325962,398861458522,16666666,398862871439,398862904939,398862930064,398864716106,398878920856,794541,89250,398878920856,398871251231,0,398864716106,
0,87496,398876659296,398876659296,0,398878968856,398878969606,398882614772,398882648231,398909992628,398878963106,16666666,398883289897,398883386772,398883422397,398884260064,398894768856,3125,260500,398894768856,398885249731,0,398884260064,
0,87504,398893325962,398893325962,0,398895200314,398895201647,398897818106,398897880522,398926659294,398895192647,16666666,398898347481,398898691522,398898736689,398899606814,398912618897,6633792,926417,398912618897,398912595606,0,398899606814,
0,87512,398909992628,398909992628,0,398912745231,398912745939,398913848647,398913917856,398943325960,398912740522,16666666,398914170022,398914188731,398914214397,398915148772,398918789856,463708,860125,398917958397,398918789856,0,398915148772,
0,87520,398926659294,398926659294,0,398929088772,398929089981,398930414064,398930493147,398959992626,398929082397,16666666,398930503981,398930751856,398930994689,398931796064,398945610606,2792,327083,398945610606,398933588356,0,398931796064,
0,87528,398943325960,398943325960,0,398946011731,398946012856,398946452397,398946488689,398976659292,398946004772,16666666,398947095522,398947361897,398947382564,398947732522,398960681897,1625,106458,398960681897,398949560397,0,398947732522,
0,87543,398976659292,398976659292,-667219511,398977556481,398978193772,398978638064,398978684647,398993325958,398977548772,16666666,398979158231,398979256022,398979308814,398979629522,398993980106,1917,410375,398993980106,398981315147,0,398979629522,
0,87551,398993325958,398993325958,-55437893,398994417397,398995129481,398995487897,398995537356,399026659290,398994409564,16666666,398996496439,398996665981,398996800689,398997122397,399011264606,2833,343750,399011264606,398998091731,0,398997122397,
0,87559,399009992624,399009992624,-422978670,399014353064,399015074481,399015752856,399015781731,399043325956,399014345856,16666666,399016126064,399016411856,399016428981,399020503564,399027650647,1500,131750,399027650647,399021501814,0,399020503564,
0,87567,399026659290,399026659290,-929952643,399027716564,399028387314,399028953397,399028976981,399059992622,399027710189,16666666,399029059856,399029500147,399029545147,399030041272,399044411564,1875,157042,399044411564,399030813564,0,399030041272,
0,87575,399043325956,399043325956,-110507201,399044821147,399045727147,399046040314,399046079897,399076659288,399044814231,16666666,399047099397,399047131022,399047178522,399047828814,399061524856,2166,182666,399061524856,399049043564,0,399047828814,
0,87583,399059992622,399059992622,-405324285,399061505981,399062138272,399062493356,399062540981,399093325954,399061499147,16666666,399063254189,399063448314,399063490897,399064885022,399077278189,4417,357958,399077278189,399066179647,0,399064885022,
0,87591,399076659288,399076659288,-476148458,399079112314,399079809314,399081497106,399081553147,399109992620,399079104064,16666666,399081851189,399082008564,399082054772,399082421272,399093685147,2500,178917,399093685147,399083435564,0,399082421272,
0,87599,399093325954,399093325954,-1040678474,399095211897,399096584189,399098220356,399098260856,399126659286,399095204731,16666666,399098386314,399098500439,399098542106,399098882981,399111102189,2916,599209,399111102189,399100290647,0,399098882981,
0,87607,399109992620,399109992620,-584496574,399113332106,399115802981,399118450314,399118741314,399143325952,399113324522,16666666,399119856606,399120252772,399120322481,399120765564,399127194689,2209,172625,399127194689,399121689106,0,399120765564,
0,87615,399126659286,399126659286,-903603833,399129783231,399130373647,399130921814,399130948147,399159992618,399129777564,16666666,399134909147,399136212939,399136256356,399137991772,399143886064,2292,231916,399143886064,399139000689,0,399137991772,
0,87623,399143325952,399143325952,-234058876,399144276897,399145904606,399147604772,399147661189,399176659284,399144271022,16666666,399148567564,399148762189,399148805939,399149189689,399161268606,2417,188125,399161268606,399150382689,0,399149189689,
0,87631,399159992618,399159992618,-57836414,399161630272,399162106189,399164622022,399164670772,399193325950,399161624272,16666666,399164844606,399165183814,399165232981,399165751564,399178114856,1875,178625,399178114856,399166631606,0,399165751564,
0,87639,399176659284,399176659284,-447294232,399179189522,399184526731,399184871272,399184915147,399209992616,399179183231,16666666,399185662981,399187229564,399187306147,399193362897,399210579647,1618208,447792,399210579647,399197921522,0,399193362897,
0,87654,399209992616,399209992616,-702365730,399210816481,399211225231,399211446106,399211467106,399243325948,399210810189,16666666,399211774064,399212234897,399212261106,399212631481,399229371856,2708,254875,399229371856,399213779689,0,399212631481,
0,87662,399226659282,399226659282,-460238766,399230039522,399230637189,399232583356,399232638522,399259992614,399230031981,16666666,399232951272,399233770897,399233794064,399234244314,399243668606,828583,120083,399243668606,399236186814,0,399234244314,
0,87670,399243325948,399243325948,-866692502,399244548522,399245703897,399246295731,399246326897,399276659280,399244542731,16666666,399246426772,399246943106,399247052522,399247459689,399261064856,2084,151709,399261064856,399248534397,0,399247459689,
0,87678,399259992614,399259992614,-557324672,399261558064,399262323731,399262639064,399262680397,399293325946,399261551856,16666666,399262987397,399263419939,399263718939,399265237731,399277733231,11666,106625,399277733231,399272608106,0,399265237731,
0,87686,399276659280,399276659280,-811435463,399287574856,399288654189,399290119439,399290160147,399309992612,399287567772,16666666,399290382064,399290794314,399290994314,399291361522,399293876897,1709,289208,399293876897,399292715397,0,399291361522,
0,87694,399293325946,399293325946,0,399294160106,399294245981,399294254189,399294309731,399326659278,399294153439,16666666,399294548856,399295468897,399295524022,399295834772,399315441522,1667,87791,399315441522,399296761439,0,399295834772,
0,87702,399309992612,399309992612,-26194765,399325732564,399338098147,399340786856,399340866897,399343325944,399325725731,16666666,399341130564,399341212731,399341332481,399342350064,399363663689,3458,3071792,399363663689,399346448689,0,399342350064,
0,87717,399476659272,399476659272,-522202429,399482666398,399483121314,399483467189,399483485731,399493325938,399482660689,16666666,399483663189,399484519731,399484555606,399486090856,399494512939,2000,190417,399494512939,399491339064,0,399486090856,
0,87725,399493325938,399493325938,-1042529052,399497048564,399498521523,399499682773,399499746439,399526659270,399497041023,16666666,399500448106,399500576939,399500614356,399501035773,399527387731,4209,183083,399527387731,399524103939,0,399501035773,
0,87732,399509992604,399509992604,-892863016,399524452939,399524953106,399525533439,399525559939,399559992602,399524447189,16666666,399525651648,399526056773,399526082648,399527382314,399540830023,1973708,2926584,399538770481,399540830023,0,399527382314,
0,87748,399543325936,399559992602,-627798806,399562253731,399568288523,399569436648,399569486689,399576659268,399562245606,16666666,399569500314,399569923439,399569968189,399570935231,399577747773,2208,177334,399577747773,399571783731,0,399570935231,
0,87763,399576659268,399576659268,-975190224,399577909564,399578434564,399579507731,399579563064,399609992600,399577901523,16666666,399579887773,399582445231,399582525648,399583905689,399594377231,1899041,146125,399594377231,399586871856,0,399583905689,
0,87771,399593325934,399593325934,-159065270,399594276189,399594815523,399595696314,399595742648,399626659266,399594268481,16666666,399595757064,399596352398,399596672814,399598436981,399616993856,4167,260000,399616993856,399599542314,0,399598436981,
0,87779,399609992600,399609992600,-639536449,399625578106,399627186773,399627554731,399627604231,399643325932,399625571231,16666666,399627905148,399629149606,399629190481,399640806189,399661065731,4292,521417,399661065731,399654671023,0,399640806189,
0,87794,399676659264,399676659264,-513912834,399682807106,399683956731,399686466314,399687139314,399693325930,399682310689,16666666,399687862064,399688817939,399689113273,399690711856,399694860731,2167,1060750,399694860731,399693118439,0,399690711856,
0,87802,399693325930,399693325930,-301009627,399697323314,399697796064,399699739106,399699790773,399726659262,399697316189,16666666,399700257856,399700429814,399700475939,399701930398,399710677356,2375,177583,399710677356,399703204523,0,399701930398,
0,87810,399709992596,399709992596,-768507057,399711115564,399712869398,399714760356,399714810689,399743325928,399711110314,16666666,399715279439,399715652064,399715695231,399718347189,399727581064,1667,91334,399727581064,399719540606,0,399718347189,
0,87818,399726659262,399726659262,-552028279,399729142106,399731176981,399732310023,399732363523,399759992594,399729134731,16666666,399732378939,399732582731,399732631189,399733241356,399746398064,311083,910959,399746398064,399735255189,0,399733241356,
0,87826,399743325928,399743325928,-790631058,399746690648,399747263689,399751406773,399751483356,399776659260,399746684356,16666666,399752603189,399753144523,399753198189,399753896273,399761382606,3500,191750,399761382606,399754666689,0,399753896273,
0,87834,399759992594,399759992594,-698431196,399763548064,399765423773,399765872439,399765925814,399793325926,399763542773,16666666,399766315439,399766978773,399767045689,399768469689,399778478898,3334,363625,399778478898,399770827023,0,399768469689,
0,87842,399776659260,399776659260,-272368923,399778013939,399779714064,399781553898,399781598106,399809992592,399778007689,16666666,399781716564,399781824231,399781862981,399782409189,399794027981,2167,289292,399794027981,399783595939,0,399782409189,
0,87850,399793325926,399793325926,-966482816,399794335648,399795130064,399795866439,399795904606,399826659258,399794327981,16666666,399795916564,399796231648,399796364356,399796975023,399810783398,1488542,110667,399810783398,399799447606,0,399796975023,
0,87858,399809992592,399809992592,-175384326,399811439023,399812202939,399812698106,399812753814,399843325924,399811431398,16666666,399813580356,399814173273,399814218481,399814575064,399827207856,1917,179583,399827207856,399817187231,0,399814575064,
0,87873,399843325924,399843325924,0,399844779439,399844780773,399845864606,399845905273,399859992590,399844773106,16666666,399846120939,399846540606,399846584606,399847355689,399866669773,2333,211167,399866669773,399849119523,0,399847355689,
0,87881,399859992590,399859992590,0,399870471356,399870472731,399907608731,399907912231,399893325922,399870464939,16666666,399908380231,399909134398,399909208439,399913394023,399930625523,2750,259875,399930625523,399918032898,0,399913394023,
0,87888,399876659256,399909992588,0,399912468106,399912468564,399914620648,399914671356,399959992586,399912463481,16666666,399914968898,399918132856,399923078023,399924665773,399942013023,8420833,97625,399942013023,399939127773,0,399924665773,
0,87896,399926659254,399926659254,0,399934499814,399934500648,399937006273,399937066064,399976659252,399934494064,16666666,399937386439,399939199314,399939265356,399940000106,399964577856,21190084,175041,399964577856,399963441273,0,399940000106,
0,87904,399943325920,399943325920,0,399947931481,399947932606,399949304106,399949353523,399993325918,399947924689,16666666,399949498606,399963508273,399963546898,399965370564,399980815356,6733500,238291,399980815356,399973000606,0,399965370564,
0,87912,399959992586,399959992586,0,399970573856,399970574606,399971032231,399971074064,400009992584,399970567231,16666666,399971330481,399973550273,399973800731,399974386314,399990603398,9704916,4650792,399980826856,399990603398,0,399974386314,
0,87920,399976659252,399976659252,0,399982282439,399982283356,399984430356,399984489148,400026659250,399982276564,16666666,399985061939,399990720023,399990785356,399992787773,400009982939,9780916,249333,400009982939,400008364356,0,399992787773,
0,87928,399993325918,399993325918,0,400005046731,400005048773,400006533814,400006591814,400043325916,400005034773,16666666,400006894731,400008455106,400008670148,400009113189,400023318398,11643334,84459,400023318398,400021753731,0,400009113189,
0,87936,400009992584,400009992584,0,400011329731,400011331064,400011894189,400011938606,400059992582,400011322648,16666666,400012320773,400021828523,400021875731,400022230773,400034572106,9832709,122583,400034572106,400033279273,0,400022230773,
0,87944,400026659250,400026659250,-404164110,400028732189,400028821481,400028922648,400028970148,400076659248,400028726773,16666666,400029134731,400033362606,400033421314,400033768148,400048186398,11630792,135583,400048186398,400046288439,0,400033768148,
0,87952,400043325916,400043325916,-590285258,400044202773,400044990606,400046042523,400046094731,400093325914,400044196648,16666666,400046249273,400046345273,400046762481,400047242023,400066545648,16895458,302834,400066545648,400065139106,0,400047242023,
0,87960,400059992582,400059992582,-506618487,400063008523,400063484731,400063986398,400064540898,400109992580,400062988106,16666666,400064818398,400065172023,400065308314,400065740689,400082083189,12881334,322125,400082083189,400079488981,0,400065740689,
0,87968,400076659248,400076659248,-151770867,400078255564,400078993023,400079960273,400080197523,400126659246,400078249273,16666666,400080432356,400080522314,400080621856,400081229314,400097491314,13565291,111666,400097491314,400096361773,0,400081229314,
0,87976,400093325914,400093325914,-452487981,400094383814,400094898023,400095316606,400095361273,400143325912,400094377564,16666666,400095673106,400096399356,400096435314,400096760981,400116803481,17853250,170250,400116803481,400115408189,0,400096760981,
0,87984,400109992580,400109992580,-826712777,400113161773,400114204064,400114940064,400114977773,400159992578,400113153356,16666666,400115079648,400115437398,400115579356,400115887273,400131266065,13201709,105875,400131266065,400130059856,0,400115887273,
0,87992,400126659246,400126659246,-155420567,400127974773,400129393981,400129645815,400129693190,400176659244,400127968648,16666666,400129892773,400130085023,400130102440,400130445773,400148283731,15095250,86166,400148283731,400146415606,0,400130445773,
0,88000,400143325912,400143325912,-66363663,400144997023,400145988981,400146481565,400146533940,400193325910,400144989231,16666666,400146928856,400147037731,400147075940,400147501481,400164766273,14500125,94959,400164766273,400162959106,0,400147501481,
0,88008,400159992578,400159992578,-56521398,400161596815,400162003190,400163062148,400163116106,400209992576,400161591815,16666666,400163458940,400163601731,400163642315,400164119606,400182604273,15582625,115375,400182604273,400180405856,0,400164119606,
0,88016,400176659244,400176659244,-105991591,400178671023,400179165523,400180923106,400180964648,400226659242,400178664565,16666666,400181174106,400181345565,400181409190,400181902565,400197444981,13184166,103458,400197444981,400195898231,0,400181902565,
0,88024,400193325910,400193325910,-408179871,400194101481,400194682565,400194946815,400194972190,400243325908,400194094898,16666666,400195546940,400195970773,400196229940,400196759065,400217537106,18481834,89750,400217537106,400215981648,0,400196759065,
0,88032,400209992576,400209992576,-334823872,400213733648,400214685940,400214993315,400215029773,400259992574,400213726565,16666666,400215405440,400216209065,400216278481,400216578273,400232826898,13613000,160792,400232826898,400231217898,0,400216578273,
0,88040,400226659242,400226659242,-1027521441,400228889315,400229787106,400230919481,400230963106,400276659240,400228884106,16666666,400231343523,400231463856,400231500940,400232154231,400248727190,14595709,134500,400248727190,400247508898,0,400232154231,
0,88048,400243325908,400243325908,-202992099,400245655023,400246151731,400246857231,400246884981,400293325906,400245648773,16666666,400246996565,400247539981,400247583190,400247915315,400265630148,14138208,110666,400265630148,400263172440,0,400247915315,
0,88056,400259992574,400259992574,-926068252,400261158898,400262783815,400263535440,400263566023,400309992572,400261152481,16666666,400263786731,400263876440,400263911940,400264718606,400281541856,14010542,122375,400281541856,400279694981,0,400264718606,
0,88064,400276659240,400276659240,-271608005,400277871106,400278453981,400279855606,400279892481,400326659238,400277864940,16666666,400280204981,400280345856,400280407148,400280794065,400297868815,15097542,170875,400297868815,400296704106,0,400280794065,
0,88072,400293325906,400293325906,-784489162,400294061398,400294471481,400294916106,400294988231,400343325904,400294054356,16666666,400295317440,400296765398,400296803398,400297117023,400314389148,15268542,109167,400314389148,400313271898,0,400297117023,
0,88080,400309992572,400309992572,-181272550,400311167981,400312533606,400313150565,400313176731,400359992570,400311161731,16666666,400313260356,400313335648,400313387648,400313718231,400331499481,15487583,156083,400331499481,400329931065,0,400313718231,
0,88088,400326659238,400326659238,-896005325,400327870898,400328415481,400328637481,400328658773,400376659236,400327863731,16666666,400328845565,400329960481,400329980190,400330607523,400347045981,13963875,118333,400347045981,400345628148,0,400330607523,
0,88096,400343325904,400343325904,-164560561,400344159648,400344579148,400345271398,400345298940,400393325902,400344153815,16666666,400345306606,400345826148,400345872856,400346169815,400364631606,15631041,110750,400364631606,400362754273,0,400346169815,
0,88104,400359992570,400359992570,-1033193812,400361244481,400362132106,400363014106,400363060690,400409992568,400361238190,16666666,400363320898,400363456815,400363520023,400363869773,400381261023,14778334,119917,400381261023,400379508273,0,400363869773,
0,88112,400376659236,400376659236,-538958570,400377506690,400377958023,400378523315,400378556440,400426659234,400377500981,16666666,400378696315,400379543106,400379589856,400380503815,400410595606,14137583,149750,400410595606,400395490231,0,400380503815,
0,88128,400409992568,400409992568,-734238580,400410873148,400410873940,400411348690,400411383898,400443325900,400410866981,16666666,400411585440,400411779190,400411835481,400412685731,400427167106,298417,118583,400427167106,400413728440,0,400412685731,
0,88136,400426659234,400426659234,0,400427311440,400427312273,400427953273,400427999981,400459992566,400427305606,16666666,400428873565,400429148231,400429185315,400429489898,400443869023,1625,182625,400443869023,400430169815,0,400429489898,
0,88144,400443325900,400443325900,0,400444252731,400444253815,400446258148,400446294773,400476659232,400444247065,16666666,400446481898,400446644981,400446682606,400447059106,400460748356,1792,144584,400460748356,400447996106,0,400447059106,
0,88152,400459992566,400459992566,0,400461116523,400461117440,400461925606,400461959273,400493325898,400461109898,16666666,400462050856,400462591315,400462697356,400463053523,400477478898,2000,231250,400477478898,400463852106,0,400463053523,
0,88160,400476659232,400476659232,0,400479351565,400479352398,400479875481,400479908856,400509992564,400479344898,16666666,400480546065,400480575981,400480634398,400481045315,400493945356,1958,154583,400493945356,400481936856,0,400481045315,
0,88168,400493325898,400493325898,0,400493990773,400493992231,400494851648,400494902273,400526659230,400493983398,16666666,400495576898,400495890898,400495926231,400496486065,400510794773,1917,203125,400510794773,400497677981,0,400496486065,
0,88176,400509992564,400509992564,0,400510950106,400510951648,400513273190,400513334273,400543325896,400510942065,16666666,400513670190,400513856690,400513896856,400514187523,400527252190,1750,105083,400527252190,400514842481,0,400514187523,
0,88184,400526659230,400526659230,0,400527672690,400527673648,400528581731,400528966106,400559992562,400527667065,16666666,400529486856,400529598023,400529634773,400529913981,400544587606,3333,2199417,400544587606,400532647856,0,400529913981,
0,88192,400543325896,400543325896,0,400544242231,400544242898,400545331190,400545368856,400576659228,400544236148,16666666,400545460440,400545605565,400545645815,400546157731,400560876398,2792,84541,400560876398,400547169106,0,400546157731,
0,88200,400559992562,400559992562,0,400561016231,400561017148,400561639565,400561678231,400593325894,400561010690,16666666,400562232648,400562757356,400562890356,400563215190,400577209690,1541,112958,400577209690,400563887648,0,400563215190,
0,88208,400576659228,400576659228,0,400577573731,400577574773,400578746106,400578813315,400609992560,400577566815,16666666,400579580190,400579778023,400579864273,400580551106,400594001523,2250,347833,400594001523,400581435606,0,400580551106,
0,88216,400593325894,400593325894,0,400594383065,400594385606,400594913481,400594958273,400626659226,400594336856,16666666,400595622481,400595947231,400595988565,400596388106,400610534106,1666,274417,400610534106,400597211690,0,400596388106,
0,88224,400609992560,400609992560,0,400612532648,400612533731,400613419606,400613452565,400643325892,400612527148,16666666,400613633690,400613797981,400613833190,400614133356,400627289106,2125,230834,400627289106,400614985606,0,400614133356,
0,88232,400626659226,400626659226,0,400628491273,400628557648,400629149731,400629201273,400659992558,400628485940,16666666,400629876023,400630201231,400630238690,400630769106,400643960190,1208,227834,400643960190,400631585940,0,400630769106,
0,88240,400643325892,400643325892,0,400644656065,400644656898,400645381523,400645442106,400676659224,400644650898,16666666,400645828190,400645845565,400645976356,400646704523,400661711440,3250,468834,400661711440,400648093190,0,400646704523,
0,88248,400659992558,400659992558,0,400661649440,400661650315,400662629023,400662668065,400693325890,400661644315,16666666,400662764565,400663110523,400663230648,400664478648,400678180981,2125,113959,400678180981,400665266481,0,400664478648,
0,88256,400676659224,400676659224,0,400678231940,400678232940,400679120231,400679156565,400709992556,400678226231,16666666,400679590731,400679807023,400679851273,400680473981,400693968565,1708,169791,400693968565,400681104273,0,400680473981,
0,88264,400693325890,400693325890,0,400694250315,400694251190,400694678731,400694712481,400726659222,400694245065,16666666,400695637898,400695817981,400696354148,400697062398,400710941523,2208,290666,400710941523,400698022648,0,400697062398,
0,88272,400709992556,400709992556,0,400711340773,400711341773,400712344315,400712386440,400743325888,400711334606,16666666,400712714398,400712972606,400713055231,400713668106,400727018815,1917,196417,400727018815,400714708356,0,400713668106,
0,88280,400726659222,400726659222,0,400728831856,400728832773,400729607648,400729652856,400759992554,400728826481,16666666,400730093690,400730218690,400730254565,400730624023,400744247356,1834,351167,400744247356,400731452523,0,400730624023,
0,88288,400743325888,400743325888,0,400744324606,400744325356,400745096940,400745138356,400759992554,400744318815,16666666,400745907856,400745989398,400746030648,400746325315,400760748856,1958,186375,400760748856,400747257398,0,400746325315,
---PROFILEDATA---


View hierarchy:

  dev.polski.grammarmatrix/dev.polski.grammarmatrix.GlassBenchmarkActivity/android.view.ViewRootImpl@6932836
  7 views, 12.08 kB of render nodes


Total ViewRootImpl   : 1
Total attached Views : 7
Total RenderNode     : 12.08 kB (used) / 36.09 kB (capacity)

