Applications Graphics Acceleration Info:
Uptime: 351649 Realtime: 351649

** Graphics info for pid 3816 [dev.polski.grammarmatrix] **

Stats since: 345534012497ns
Total frames rendered: 316
Janky frames: 25 (7.91%)
Janky frames (legacy): 79 (25.00%)
50th percentile: 17ms
90th percentile: 32ms
95th percentile: 42ms
99th percentile: 81ms
Number Missed Vsync: 6
Number High input latency: 477
Number Slow UI thread: 9
Number Slow bitmap uploads: 1
Number Slow issue draw commands: 24
Number Frame deadline missed: 25
Number Frame deadline missed (legacy): 21
HISTOGRAM: 5ms=4 6ms=2 7ms=1 8ms=1 9ms=0 10ms=0 11ms=0 12ms=0 13ms=0 14ms=1 15ms=3 16ms=49 17ms=150 18ms=15 19ms=14 20ms=10 21ms=10 22ms=5 23ms=8 24ms=2 25ms=1 26ms=1 27ms=1 28ms=0 29ms=3 30ms=0 31ms=3 32ms=5 34ms=5 36ms=1 38ms=4 40ms=1 42ms=1 44ms=2 46ms=1 48ms=2 53ms=3 57ms=0 61ms=1 65ms=0 69ms=1 73ms=1 77ms=0 81ms=2 85ms=0 89ms=0 93ms=0 97ms=0 101ms=0 105ms=1 109ms=0 113ms=0 117ms=1 121ms=0 125ms=0 129ms=0 133ms=0 150ms=0 200ms=0 250ms=0 300ms=0 350ms=0 400ms=0 450ms=0 500ms=0 550ms=0 600ms=0 650ms=0 700ms=0 750ms=0 800ms=0 850ms=0 900ms=0 950ms=0 1000ms=0 1050ms=0 1100ms=0 1150ms=0 1200ms=0 1250ms=0 1300ms=0 1350ms=0 1400ms=0 1450ms=0 1500ms=0 1550ms=0 1600ms=0 1650ms=0 1700ms=0 1750ms=0 1800ms=0 1850ms=0 1900ms=0 1950ms=0 2000ms=0 2050ms=0 2100ms=0 2150ms=0 2200ms=0 2250ms=0 2300ms=0 2350ms=0 2400ms=0 2450ms=0 2500ms=0 2550ms=0 2600ms=0 2650ms=0 2700ms=0 2750ms=0 2800ms=0 2850ms=0 2900ms=0 2950ms=0 3000ms=0 3050ms=0 3100ms=0 3150ms=0 3200ms=0 3250ms=0 3300ms=0 3350ms=0 3400ms=0 3450ms=0 3500ms=0 3550ms=0 3600ms=0 3650ms=0 3700ms=0 3750ms=0 3800ms=0 3850ms=0 3900ms=0 3950ms=0 4000ms=0 4050ms=0 4100ms=0 4150ms=0 4200ms=0 4250ms=0 4300ms=0 4350ms=0 4400ms=0 4450ms=0 4500ms=0 4550ms=0 4600ms=0 4650ms=0 4700ms=0 4750ms=0 4800ms=0 4850ms=0 4900ms=0 4950ms=0
50th gpu percentile: 14ms
90th gpu percentile: 19ms
95th gpu percentile: 23ms
99th gpu percentile: 4950ms
GPU HISTOGRAM: 1ms=0 2ms=9 3ms=4 4ms=1 5ms=0 6ms=2 7ms=0 8ms=2 9ms=1 10ms=7 11ms=10 12ms=10 13ms=36 14ms=97 15ms=63 16ms=10 17ms=14 18ms=10 19ms=9 20ms=9 21ms=4 22ms=0 23ms=4 24ms=0 25ms=2 4950ms=12

Pipeline=Skia (OpenGL)
Memory policy:
  Max surface area: 2592000
  Max resource usage: 124.42MB (x48)
  Background retention: 50% (altUiHidden = true)
  GPU Context timeout: 10
Contexts: 1 (stopped = 0)
CPU Caches:
  Glyph Cache: 33.70 KB (1 entry)
  Glyph Count: 11 
Total CPU memory usage:
  34510 bytes, 33.70 KB (0.00 bytes is purgeable)
GPU Caches:
  Other:
    Other: 49.27 KB (1 entry)
    Buffer Object: 36.00 KB (1 entry)
  Scratch:
    RenderTarget: 11.88 MB (1 entry)
    Buffer Object: 110.00 KB (3 entries)
    Texture: 2.00 MB (1 entry)
Total GPU memory usage:
  14748944 bytes, 14.07 MB (11.94 MB is purgeable)

GraphicBufferAllocator buffers:
        Handle |        Size |     W (Stride) x H | Layers |   Format |      Usage | Requestor
0xb400007b2c426ab0 |     unknown | 1080 (   0) x 2400 |      1 |        1 | 0x     b00 | VRI[GlassBenchmarkActivity]#0(BLAST Consumer)0
0xb400007b2c427e60 |     unknown | 1080 (   0) x 2400 |      1 |        1 | 0x     b00 | VRI[GlassBenchmarkActivity]#0(BLAST Consumer)0
0xb400007b2c4282e0 |     unknown | 1080 (   0) x 2400 |      1 |        1 | 0x     b00 | VRI[GlassBenchmarkActivity]#0(BLAST Consumer)0
Total allocated by GraphicBufferAllocator (estimate): 0.00 KB
GoldfishAllocator::dumpDebugInfo is not implemented
Profile data in ms:

	dev.polski.grammarmatrix/dev.polski.grammarmatrix.GlassBenchmarkActivity/android.view.ViewRootImpl@6932836 (visibility=0)
Window: dev.polski.grammarmatrix/dev.polski.grammarmatrix.GlassBenchmarkActivity
Stats since: 345534011955ns
Total frames rendered: 316
Janky frames: 25 (7.91%)
Janky frames (legacy): 79 (25.00%)
50th percentile: 17ms
90th percentile: 32ms
95th percentile: 42ms
99th percentile: 81ms
Number Missed Vsync: 6
Number High input latency: 477
Number Slow UI thread: 9
Number Slow bitmap uploads: 1
Number Slow issue draw commands: 24
Number Frame deadline missed: 25
Number Frame deadline missed (legacy): 21
HISTOGRAM: 5ms=4 6ms=2 7ms=1 8ms=1 9ms=0 10ms=0 11ms=0 12ms=0 13ms=0 14ms=1 15ms=3 16ms=49 17ms=150 18ms=15 19ms=14 20ms=10 21ms=10 22ms=5 23ms=8 24ms=2 25ms=1 26ms=1 27ms=1 28ms=0 29ms=3 30ms=0 31ms=3 32ms=5 34ms=5 36ms=1 38ms=4 40ms=1 42ms=1 44ms=2 46ms=1 48ms=2 53ms=3 57ms=0 61ms=1 65ms=0 69ms=1 73ms=1 77ms=0 81ms=2 85ms=0 89ms=0 93ms=0 97ms=0 101ms=0 105ms=1 109ms=0 113ms=0 117ms=1 121ms=0 125ms=0 129ms=0 133ms=0 150ms=0 200ms=0 250ms=0 300ms=0 350ms=0 400ms=0 450ms=0 500ms=0 550ms=0 600ms=0 650ms=0 700ms=0 750ms=0 800ms=0 850ms=0 900ms=0 950ms=0 1000ms=0 1050ms=0 1100ms=0 1150ms=0 1200ms=0 1250ms=0 1300ms=0 1350ms=0 1400ms=0 1450ms=0 1500ms=0 1550ms=0 1600ms=0 1650ms=0 1700ms=0 1750ms=0 1800ms=0 1850ms=0 1900ms=0 1950ms=0 2000ms=0 2050ms=0 2100ms=0 2150ms=0 2200ms=0 2250ms=0 2300ms=0 2350ms=0 2400ms=0 2450ms=0 2500ms=0 2550ms=0 2600ms=0 2650ms=0 2700ms=0 2750ms=0 2800ms=0 2850ms=0 2900ms=0 2950ms=0 3000ms=0 3050ms=0 3100ms=0 3150ms=0 3200ms=0 3250ms=0 3300ms=0 3350ms=0 3400ms=0 3450ms=0 3500ms=0 3550ms=0 3600ms=0 3650ms=0 3700ms=0 3750ms=0 3800ms=0 3850ms=0 3900ms=0 3950ms=0 4000ms=0 4050ms=0 4100ms=0 4150ms=0 4200ms=0 4250ms=0 4300ms=0 4350ms=0 4400ms=0 4450ms=0 4500ms=0 4550ms=0 4600ms=0 4650ms=0 4700ms=0 4750ms=0 4800ms=0 4850ms=0 4900ms=0 4950ms=0
50th gpu percentile: 14ms
90th gpu percentile: 19ms
95th gpu percentile: 23ms
99th gpu percentile: 4950ms
GPU HISTOGRAM: 1ms=0 2ms=9 3ms=4 4ms=1 5ms=0 6ms=2 7ms=0 8ms=2 9ms=1 10ms=7 11ms=10 12ms=10 13ms=36 14ms=97 15ms=63 16ms=10 17ms=14 18ms=10 19ms=9 20ms=9 21ms=4 22ms=0 23ms=4 24ms=0 25ms=2 4950ms=12



---PROFILEDATA---
Flags,FrameTimelineVsyncId,IntendedVsync,Vsync,InputEventId,HandleInputStart,AnimationStart,PerformTraversalsStart,DrawStart,FrameDeadline,FrameInterval,FrameStartTime,SyncQueued,SyncStart,IssueDrawCommandsStart,SwapBuffers,FrameCompleted,DequeueBufferDuration,QueueBufferDuration,GpuCompleted,SwapBuffersCompleted,DisplayPresentTime,CommandSubmissionCompleted,
0,77271,349159994618,349159994618,-37116467,349161171332,349162555249,349162815332,349162857790,349193327950,349161163332,16666666,349163057540,349163221290,349163241457,349164484332,349180004249,2125,322125,349180004249,349165372082,0,349164484332,
0,77279,349176661284,349176661284,-1052670893,349178441749,349182304082,349182557665,349182604165,349209994616,349178433874,16666666,349182805415,349183486915,349189933165,349219547957,349233311207,3000,114792,349233311207,349221579624,0,349219547957,
0,77286,349193327950,349209994616,-465634177,349222278999,349222303249,349223006624,349223061457,349259994614,349222269915,16666666,349223225207,349224226165,349224263749,349236843999,349239556415,2375,321958,349239556415,349238011165,0,349236843999,
0,77294,349226661282,349226661282,0,349233741915,349233742790,349234108874,349234143790,349276661280,349233736415,16666666,349234301874,349238076957,349238114915,349238827124,349248188207,6707708,173917,349248188207,349246341165,0,349238827124,
0,77302,349243327948,349243327948,0,349244449040,349244450665,349244451290,349244525832,349293327946,349244442040,16666666,349245764124,349246410540,349246470957,349247354832,349263907124,14269167,240291,349263907124,349262538749,0,349247354832,
0,77310,349259994614,349259994614,0,349261062249,349261062999,349261063582,349261118999,349309994612,349261056749,16666666,349261452040,349262607749,349262670374,349263345957,349283096957,17751791,161209,349283096957,349281787249,0,349263345957,
0,77318,349276661280,349276661280,0,349278058665,349278059457,349278059915,349278115499,349326661278,349278052790,16666666,349278439290,349281858124,349281900874,349282538665,349298957457,13901250,102292,349298957457,349297062207,0,349282538665,
0,77326,349293327946,349293327946,0,349294770665,349294771582,349294772207,349294839957,349343327944,349294765957,16666666,349295236040,349297133499,349297175749,349298293249,349314474999,13608083,185500,349314474999,349312626165,0,349298293249,
0,77334,349309994612,349309994612,0,349310898332,349310899665,349310900249,349310968082,349359994610,349310891707,16666666,349311451124,349312695207,349312735832,349313436374,349332101874,14688208,141792,349332101874,349329229499,0,349313436374,
0,77342,349326661278,349326661278,-481631075,349327655207,349328269915,349328454124,349328483540,349376661276,349327648999,16666666,349328656540,349329261249,349329322624,349330977999,349350124790,15420125,364792,349350124790,349347622999,0,349330977999,
0,77350,349343327944,349343327944,-880459255,349344811874,349345862540,349346032374,349346061790,349393327942,349344805999,16666666,349346199540,349347759415,349347800290,349349228457,349367613374,13998750,244542,349367613374,349364182790,0,349349228457,
0,77358,349359994610,349359994610,-787882436,349362455832,349362890749,349363056374,349363083207,349409994608,349362449582,16666666,349363225249,349364212124,349364246915,349366647957,349385857749,16829792,279167,349385857749,349384501374,0,349366647957,
0,77366,349376661276,349376661276,-624761073,349380528832,349381467374,349381930999,349381971790,349426661274,349380521374,16666666,349382200165,349384554290,349384593290,349385270707,349397310124,9528791,122208,349397310124,349395442665,0,349385270707,
0,77374,349393327942,349393327942,-445012731,349394198332,349394734665,349394895915,349394919624,349443327940,349394192874,16666666,349395053374,349395464415,349395483332,349396424207,349418845165,19081791,273667,349418845165,349416454832,0,349396424207,
0,77382,349409994608,349409994608,-891879483,349411832540,349412409915,349412684124,349412713749,349459994606,349411826790,16666666,349412862749,349416509207,349416570290,349417155624,349436944665,14728042,232625,349436944665,349433664374,0,349417155624,
0,77390,349426661274,349426661274,-114525209,349431221207,349431836207,349432505415,349432540124,349476661272,349431215790,16666666,349432698665,349434092790,349434256749,349435244540,349447380040,10378584,649666,349436955290,349447380040,0,349435244540,
0,77398,349443327940,349443327940,-1062923366,349444711124,349445448790,349445655874,349445697540,349493327938,349444705457,16666666,349445855082,349447415790,349447457790,349448207207,349466611749,16350375,213084,349466611749,349465323707,0,349448207207,
0,77406,349459994606,349459994606,-349800774,349463902915,349464456874,349464637290,349464664082,349509994604,349463896790,16666666,349465343874,349465356457,349465399332,349466006624,349481375332,12504458,227166,349481375332,349479247290,0,349466006624,
0,77414,349476661272,349476661272,-497580287,349477575124,349478069749,349478965915,349479003124,349526661270,349477569665,16666666,349479378624,349479535457,349479591040,349480382540,349497950290,14983000,337417,349497950290,349496436957,0,349480382540,
0,77422,349493327938,349493327938,-20680521,349494586457,349495065540,349495267332,349495295915,349543327936,349494580707,16666666,349495974082,349496470249,349496511165,349497167290,349514673665,14977833,278958,349514673665,349512974915,0,349497167290,
0,77430,349509994604,349509994604,-212711547,349510910207,349511486999,349511695790,349511726040,349559994602,349510885332,16666666,349511879832,349513002082,349513035915,349513803165,349531464707,14930125,279791,349531464707,349529676707,0,349513803165,
0,77438,349526661270,349526661270,-482852039,349527881249,349528752332,349529450707,349529477249,349576661268,349527875290,16666666,349529615040,349529703207,349529739915,349530403624,349548201874,14973292,385958,349548201874,349546493540,0,349530403624,
0,77446,349543327936,349543327936,-1065109640,349545129749,349545677165,349546045499,349546103374,349593327934,349545124290,16666666,349546326582,349546843374,349546880790,349547420874,349566403374,17029917,277042,349566403374,349565284207,0,349547420874,
0,77454,349559994602,349559994602,-1025823554,349563231415,349563684499,349563895915,349563931040,349609994600,349563225540,16666666,349564496915,349565312957,349565346540,349565912249,349580577957,12668209,84666,349580577957,349579162415,0,349565912249,
0,77462,349576661268,349576661268,-2899351,349577859249,349578287332,349578821915,349578861540,349626661266,349577852874,16666666,349579016249,349579186957,349579209124,349579745707,349597862124,14832458,146083,349597862124,349595466665,0,349579745707,
0,77470,349593327934,349593327934,-196945183,349594121665,349594562624,349594723332,349594746915,349643327932,349594115707,16666666,349594883665,349595496707,349595516665,349596468290,349614470249,14818417,696750,349614470249,349612761624,0,349596468290,
0,77478,349609994600,349609994600,-943088525,349610893832,349611344749,349611501832,349611525040,349659994598,349610888249,16666666,349611667332,349612801582,349612840040,349613607707,349631136707,14931083,238125,349631136707,349629818874,0,349613607707,
0,77486,349626661266,349626661266,-1046484629,349627705124,349628366332,349628694540,349628725707,349676661264,349627699582,16666666,349629013540,349629858624,349629929957,349630242290,349648128790,15281792,108084,349648128790,349646469749,0,349630242290,
0,77494,349643327932,349643327932,-532640774,349644746124,349645170790,349645389624,349645411040,349693327930,349644740249,16666666,349645614457,349646497374,349646519957,349647084207,349663772499,14408833,328958,349663772499,349662590999,0,349647084207,
0,77502,349659994598,349659994598,-533497515,349661309332,349661749790,349662003499,349662029249,349709994596,349661303707,16666666,349662231207,349662618082,349662684707,349663026540,349681512332,15179166,104708,349681512332,349679061249,0,349663026540,
0,77510,349676661264,349676661264,-652449682,349677739790,349678556749,349679395457,349679428540,349726661262,349677732499,16666666,349679615874,349679903999,349679942415,349680605249,349710594124,14428166,281458,349710594124,349695994624,0,349680605249,
0,77526,349709994596,349709994596,-447047799,349710827249,349710828290,349711821249,349711874707,349743327928,349710820874,16666666,349711967665,349712283040,349712309582,349712697582,349714475124,2083,343542,349714435665,349714475124,0,349712697582,
0,77534,349726661262,349726661262,0,349728223915,349728224790,349729951332,349729999832,349759994594,349728217999,16666666,349730006832,349730138957,349730198457,349730632582,349744166374,1834,215708,349744166374,349731676499,0,349730632582,
0,77542,349743327928,349743327928,0,349744385415,349744386415,349744901290,349744939207,349776661260,349744379832,16666666,349745157582,349745196749,349745238624,349746071332,349761008582,1958,87250,349761008582,349746743249,0,349746071332,
0,77550,349759994594,349759994594,0,349761186290,349761187249,349762153374,349762192499,349793327926,349761180582,16666666,349762413374,349762701165,349762737624,349763230374,349777544415,1625,135541,349777544415,349764557624,0,349763230374,
0,77558,349776661260,349776661260,-501268124,349778797249,349779343499,349779699582,349779724207,349809994592,349778791332,16666666,349779951082,349780160999,349780250540,349780591582,349794048290,1792,139375,349794048290,349781450040,0,349780591582,
0,77566,349793327926,349793327926,-1016534952,349794222290,349795006874,349795628207,349795658124,349826661258,349794215832,16666666,349795745916,349796169374,349796349666,349796710166,349810631082,1333,103042,349810631082,349797529249,0,349796710166,
0,77574,349809994592,349809994592,-801103351,349811178041,349811630916,349811876166,349811898416,349843327924,349811170624,16666666,349812315582,349812476499,349812555374,349813022624,349827068666,1917,116458,349827068666,349813880374,0,349813022624,
0,77582,349826661258,349826661258,-387834160,349829057332,349829617207,349829969082,349830075457,349859994590,349829051291,16666666,349830546332,349830670291,349830781499,349831249707,349844312332,1750,174000,349844312332,349832667666,0,349831249707,
0,77590,349843327924,349843327924,-817631900,349845348166,349846212207,349847012957,349847056291,349876661256,349845341624,16666666,349847307207,349847332707,349847704541,349848222332,349862343541,1583,192625,349862343541,349849208582,0,349848222332,
0,77598,349859994590,349859994590,-1044472545,349862545041,349863179582,349864523666,349864561832,349893327922,349862537832,16666666,349865232832,349865346166,349865436541,349865773582,349877185916,1542,110667,349877185916,349866923832,0,349865773582,
0,77606,349876661256,349876661256,-524793893,349878689374,349879162082,349879450582,349879473999,349909994588,349878682957,16666666,349879663832,349879909832,349880308999,349880828791,349893964082,2875,321042,349893964082,349881961541,0,349880828791,
0,77614,349893327922,349893327922,-248394891,349894481457,349895148374,349895403291,349895437957,349926661254,349894475707,16666666,349895700332,349895821916,349895928749,349896619332,349910873707,1583,123833,349910873707,349897266124,0,349896619332,
0,77622,349909994588,349909994588,-705326627,349911271582,349911885499,349912743832,349912777041,349943327920,349911266666,16666666,349912897041,349912919957,349913117374,349913997874,349927727291,1959,152250,349927727291,349914706082,0,349913997874,
0,77630,349926661254,349926661254,-619328450,349929001791,349929807249,349930128749,349930180916,349959994586,349928994541,16666666,349931099916,349931340999,349931380374,349932505707,349944676082,2125,93958,349944676082,349933153457,0,349932505707,
0,77638,349943327920,349943327920,-886519477,349944863041,349946037124,349946315749,349946455374,349976661252,349944857874,16666666,349946775291,349946918249,349946962249,349947798541,349961398207,2875,136500,349961398207,349949363166,0,349947798541,
0,77646,349959994586,349959994586,-423557810,349961601041,349962270957,349962499332,349962547166,349993327918,349961594707,16666666,349962760749,349963293332,349963341582,349964348499,349977238832,2542,160208,349977238832,349965193499,0,349964348499,
0,77654,349976661252,349976661252,-1040932799,349978512332,349979211832,349979438916,349979477457,350009994584,349978505291,16666666,349979675624,349979894999,349979918291,349981152624,349993848874,2167,130333,349993848874,349982033332,0,349981152624,
0,77662,349993327918,349993327918,-957413968,349994386166,349995357541,349995594624,349995638916,350026661250,349994379832,16666666,349995838916,349996063582,349996105207,349997888124,350010992332,1750,231875,350010992332,349998607291,0,349997888124,
0,77670,350009994584,350009994584,-116361358,350011076999,350011783541,350012788457,350012833791,350043327916,350011070166,16666666,350012995749,350013138957,350013183082,350014002791,350027349291,1250,89041,350027349291,350014778291,0,350014002791,
0,77678,350026661250,350026661250,-695515437,350027604624,350028707082,350028884916,350028911416,350059994582,350027599582,16666666,350029058916,350029486499,350029538916,350030643666,350044139374,1750,82834,350044139374,350031420207,0,350030643666,
0,77686,350043327916,350043327916,-866949711,350044581874,350045415874,350045717916,350045758041,350076661248,350044575707,16666666,350046073749,350046376457,350046418207,350047494707,350060959832,2625,245417,350060959832,350049114582,0,350047494707,
0,77694,350059994582,350059994582,-950630304,350061175041,350061670291,350061867957,350061916832,350093327914,350061169457,16666666,350062103582,350062834832,350062881416,350063625124,350077278916,2042,146708,350077278916,350065135416,0,350063625124,
0,77702,350076661248,350076661248,-384945845,350077511416,350078092291,350078323207,350078363124,350109994580,350077504541,16666666,350078597291,350079128624,350079200166,350079863916,350093997582,2250,115916,350093997582,350081002541,0,350079863916,
0,77710,350093327914,350093327914,-482813368,350096433207,350096855874,350097006999,350097029416,350126661246,350096427666,16666666,350097156582,350097240624,350097279499,350098407166,350110685666,2000,275250,350110685666,350099499416,0,350098407166,
0,77718,350109994580,350109994580,-1051179551,350110831832,350111444332,350111754582,350111820541,350143327912,350110826207,16666666,350112504707,350112634124,350112657416,350113696332,350127765707,2333,267333,350127765707,350114599624,0,350113696332,
0,77726,350126661246,350126661246,-638480598,350128585999,350129171249,350129794499,350129856041,350159994578,350128580541,16666666,350130075207,350130275666,350130336416,350131146666,350143836666,2000,352708,350143836666,350132298124,0,350131146666,
0,77734,350143327912,350143327912,-1028753443,350144453374,350144472916,350144974166,350145048499,350176661244,350144446957,16666666,350145256666,350145722332,350145761957,350146669624,350160728582,2125,115042,350160728582,350147707874,0,350146669624,
0,77742,350159994578,350159994578,0,350161127749,350161128666,350161509124,350161556124,350193327910,350161122499,16666666,350161759291,350162096957,350162314499,350163170207,350177179082,1916,161000,350177179082,350164143166,0,350163170207,
0,77750,350176661244,350176661244,0,350178928124,350178929166,350178929832,350179083249,350209994576,350178921499,16666666,350179613666,350181404457,350181468457,350182376999,350194162374,4500,309958,350194162374,350183463624,0,350182376999,
0,77758,350193327910,350193327910,0,350194805041,350194806124,350194806541,350194861499,350226661242,350194799041,16666666,350195367166,350195687832,350195728082,350196461582,350212656999,1709,81625,350212656999,350196994291,0,350196461582,
0,77766,350209994576,350209994576,0,350214193541,350214194499,350214195041,350214316916,350243327908,350214186999,16666666,350215685291,350216455999,350216509707,350217689374,350227553499,1667,131667,350227553499,350218864582,0,350217689374,
0,77774,350226661242,350226661242,0,350229165207,350229166207,350229167624,350229224916,350259994574,350229159624,16666666,350229659582,350229854124,350230129416,350231681666,350244354791,3792,204458,350244354791,350232883916,0,350231681666,
0,77782,350243327908,350243327908,-602280513,350248462291,350249162666,350249338416,350249370957,350276661240,350248454332,16666666,350249510999,350249639249,350249709832,350250710749,350262545874,2500,191542,350262545874,350251666291,0,350250710749,
0,77790,350259994574,350259994574,-455358011,350262546249,350263281749,350263595999,350263637249,350293327906,350262541082,16666666,350263975957,350265692082,350265759999,350266994166,350279843374,694750,214375,350279843374,350268640499,0,350266994166,
0,77798,350276661240,350276661240,-712472812,350280838999,350281834041,350282034082,350282064791,350309994572,350280832624,16666666,350282213999,350282630082,350282650374,350283994166,350295662124,155958,349167,350295662124,350286108624,0,350283994166,
0,77806,350293327906,350293327906,-551935930,350298787082,350299438416,350299662457,350299705124,350326661238,350298780457,16666666,350299897541,350299984457,350300172666,350301493207,350310849832,1791,272500,350310849832,350302904041,0,350301493207,
0,77814,350309994572,350309994572,-736619487,350311650749,350312469666,350312635374,350312703166,350343327904,350311645457,16666666,350312987207,350313652582,350313677207,350314743207,350316794666,2167,542209,350316756624,350316794666,0,350314743207,
0,77822,350326661238,350326661238,-87402992,350327642582,350329512332,350329762332,350329800624,350359994570,350327636666,16666666,350330267041,350330756457,350330811416,350333837916,350343923166,2833,355667,350343923166,350334896291,0,350333837916,
0,77830,350343327904,350343327904,-904480825,350344531832,350345074874,350345305416,350345345707,350376661236,350344526541,16666666,350345521291,350346113124,350346175916,350347177916,350361566999,1583,144708,350361566999,350348944666,0,350347177916,
0,77838,350359994570,350359994570,-46144415,350362463624,350369041291,350369562582,350369659166,350393327902,350362328874,16666666,350369848749,350370097541,350370159374,350379777832,350387956041,27083,391958,350387956041,350381201207,0,350379777832,
0,77845,350376661236,350376661236,-855459947,350378952457,350379414291,350379602374,350379628957,350409994568,350378946874,16666666,350379827707,350381454291,350381543749,350382938541,350407668707,14890750,378375,350407668707,350402955582,0,350382938541,
0,77853,350393327902,350393327902,-609991762,350394471124,350400690666,350401895124,350401958124,350426661234,350394463041,16666666,350402803499,350403015541,350403066541,350406153332,350419785624,8579458,257875,350419785624,350416423457,0,350406153332,
0,77861,350409994568,350409994568,-257126162,350411726916,350415098207,350415673457,350415838499,350443327900,350411717082,16666666,350416434666,350416487457,350416745707,350418934541,350433075999,10249833,312875,350433075999,350430093207,0,350418934541,
0,77869,350426661234,350426661234,-1060746196,350428186374,350428671749,350428916957,350428945541,350459994566,350428165624,16666666,350429120249,350430122832,350430174666,350430820916,350450129957,13158583,165875,350450129957,350446288916,0,350430820916,
0,77877,350443327900,350443327900,-52185280,350443953791,350444813666,350445036457,350445079999,350476661232,350443948541,16666666,350445232582,350446314624,350446350207,350448267749,350467441582,14705000,98833,350467441582,350464903707,0,350448267749,
0,77885,350459994566,350459994566,-294979316,350461005707,350461403166,350461586832,350461615291,350493327898,350460999832,16666666,350461751374,350465015416,350465039874,350465905249,350486162124,15960250,103042,350486162124,350483461749,0,350465905249,
0,77893,350476661232,350476661232,-46168644,350477836207,350478487374,350478755291,350478790624,350509994564,350477830666,16666666,350479757249,350483525499,350483619582,350484783999,350503507458,15277375,242084,350503507458,350501496374,0,350484783999,
0,77901,350493327898,350493327898,-979453582,350496912333,350498308916,350499187708,350499360583,350526661230,350496906791,16666666,350500209499,350501564749,350501639083,350502681999,350529938124,15328167,95166,350529938124,350519051416,0,350502681999,
0,77909,350509994564,350509994564,-812978864,350512261708,350518605916,350519344499,350519389666,350559994562,350512254999,16666666,350519563249,350519799249,350520246624,350522728124,350533262291,3260959,131209,350529948916,350533262291,0,350522728124,
0,77917,350526661230,350526661230,-916432625,350530546374,350531981208,350532867541,350532928416,350576661228,350530540749,16666666,350533228291,350533304416,350533348874,350533937624,350560917291,18461375,111875,350560917291,350553605499,0,350533937624,
0,77925,350543327896,350543327896,-928518791,350545950374,350546679416,350549160291,350549733249,350593327894,350545942374,16666666,350551929083,350553788208,350553953749,350558561458,350576601166,6404791,324500,350576601166,350567805666,0,350558561458,
0,77933,350559994562,350559994562,-546068377,350567008666,350568775208,350569997791,350570035208,350609994560,350567002958,16666666,350571092499,350572116291,350572170833,350573679624,350594185749,7172000,119542,350594185749,350583981624,0,350573679624,
0,77941,350576661228,350576661228,-985326638,350579298916,350582785166,350588491249,350588538791,350626661226,350579290166,16666666,350588811041,350588918083,350588962833,350591684249,350610773291,5741625,150166,350610773291,350600380458,0,350591684249,
0,77957,350609994560,350609994560,-284009466,350613886416,350613887708,350615327124,350615383249,350643327892,350613878583,16666666,350615617374,350615679791,350615725333,350616624833,350627802791,666917,73709,350627802791,350619659416,0,350616624833,
0,77965,350626661226,350626661226,0,350627438499,350627439541,350630412416,350630537083,350659994558,350627432458,16666666,350630765041,350631279874,350631579291,350634517041,350644790708,1917,168833,350644790708,350635747041,0,350634517041,
0,77973,350643327892,350643327892,0,350646788583,350646789833,350648209708,350648458458,350676661224,350646780791,16666666,350648471708,350649138458,350649197416,350649582833,350661216416,2584,339250,350661216416,350650491749,0,350649582833,
0,77981,350659994558,350659994558,0,350663001499,350663002791,350666773499,350667386208,350693327890,350662995124,16666666,350667876333,350668459666,350668502166,350668861749,350679195041,2041,123417,350679195041,350669570249,0,350668861749,
0,77989,350676661224,350676661224,0,350679384666,350679385333,350681469249,350681981999,350709994556,350679379541,16666666,350682639958,350683152624,350683186624,350683641499,350694576916,2583,1271875,350694576916,350687809916,0,350683641499,
0,77997,350693327890,350693327890,0,350694495624,350694496666,350696415708,350696503874,350726661222,350694489291,16666666,350696730958,350699538458,350699573291,350700583833,350710592999,1625,91750,350710592999,350701667124,0,350700583833,
0,78012,350726661222,350726661222,-530023422,350729383208,350729993041,350733181249,350733224791,350743327888,350729376166,16666666,350733484916,350733926916,350734164416,350734853374,350743944583,3083,332584,350743944583,350736213208,0,350734853374,
0,78020,350743327888,350743327888,-554500634,350744150374,350745050291,350745637874,350745664749,350776661220,350744144666,16666666,350745756374,350747369583,350747432791,350747865416,350760689166,1750,114042,350760689166,350748595166,0,350747865416,
0,78028,350759994554,350759994554,-157173091,350760943166,350761474333,350762321916,350762360958,350793327886,350760936291,16666666,350762765583,350763278999,350763331458,350763723374,350777327249,2583,268583,350777327249,350764872124,0,350763723374,
0,78036,350776661220,350776661220,-969954323,350777612958,350777980791,350778226124,350778248833,350809994552,350777607791,16666666,350778456499,350778511916,350778538583,350778986541,350795887666,127291,213208,350795887666,350779839499,0,350778986541,
0,78044,350793327886,350793327886,-912597950,350795791624,350797407291,350799004416,350799070166,350826661218,350795786041,16666666,350799378833,350801049749,350801076833,350801954083,350818824583,13816583,251292,350813894249,350818824583,0,350801954083,
0,78059,350826661218,350826661218,-86253746,350827209999,350827650374,350828541624,350828567999,350843327884,350827204583,16666666,350828662374,350829214166,350829259499,350830047999,350846965958,1333,101625,350846965958,350833044624,0,350830047999,
0,78067,350843327884,350843327884,-294771118,350847247041,350851050083,350852618624,350852677833,350876661216,350847241208,16666666,350853814374,350855818708,350855889583,350859799916,350877324874,9573625,1048084,350877324874,350875318666,0,350859799916,
0,78074,350859994550,350876661216,-869343327,350877061124,350878087208,350879996833,350883537166,350909994548,350877052791,16666666,350884412874,350896628499,350896744541,350927226666,350946561166,3445958,2018500,350946561166,350933874291,0,350927226666,
0,78082,350893327882,350893327882,-702277811,350898946583,350932415583,350932659374,350932758041,350976661212,350898942041,16666666,350933142874,350933909833,350933929499,350941932999,350974870541,13666708,135292,350974870541,350967922791,0,350941932999,
0,78090,350943327880,350943327880,-565341321,350955564499,350960762499,350960974166,350961024791,350993327878,350955558791,16666666,350961173083,350968079583,350968280583,350970090416,350989497624,8148458,3020958,350989497624,350983179333,0,350970090416,
0,78098,350976661212,350976661212,-291377931,350979236666,350980138416,350980457666,350980492041,351009994544,350979230666,16666666,350981421708,350983272499,350983318208,350985525458,351008318541,18732875,2140042,350989517083,351008318541,0,350985525458,
0,78106,350993327878,350993327878,-809448939,350996326208,350997853749,350998490333,350998534083,351026661210,350996319999,16666666,350999151999,351008399333,351008447249,351010323583,351026927333,9389084,147792,351026927333,351021198708,0,351010323583,
0,78114,351009994544,351009994544,-316769086,351013682541,351015319916,351019408249,351019469958,351059994542,351013677416,16666666,351020389416,351021239874,351021274958,351024666958,351046865249,11175166,103834,351046865249,351038179374,0,351024666958,
0,78122,351026661210,351026661210,-259511584,351029946499,351031812499,351032751416,351032832791,351076661208,351029938499,16666666,351033101583,351038282958,351038442333,351042816416,351074693166,12475250,168375,351074693166,351069596291,0,351042816416,
0,78130,351043327876,351043327876,-1011145360,351053162541,351054986458,351063990208,351064221624,351093327874,351053156499,16666666,351065310291,351069680999,351069713541,351073321833,351088763249,14009750,115542,351087517749,351088763249,0,351073321833,
0,78138,351059994542,351059994542,0,351076300791,351076448374,351076448791,351076499416,351109994540,351076295458,16666666,351076805708,351088838374,351088883124,351094520916,351111280124,5450375,659292,351111280124,351104179541,0,351094520916,
0,78146,351076661208,351076661208,-821146173,351089746416,351090260333,351090515541,351090559874,351143327872,351089741499,16666666,351090782999,351104257416,351104283041,351106926124,351129064916,9537333,118417,351129064916,351120879958,0,351106926124,
0,78153,351093327874,351109994540,-154854058,351117092999,351117105624,351117105958,351117144916,351159994538,351117087416,16666666,351118176583,351120930374,351120969708,351132431666,351164435958,12112791,1432541,351164435958,351154108291,0,351132431666,
0,78162,351126661206,351126661206,0,351138867208,351138868874,351138869833,351138959708,351193327870,351138855874,16666666,351146126499,351154193874,351154256166,351158273458,351189764999,8128542,116500,351189764999,351185150791,0,351158273458,
0,78170,351159994538,351159994538,0,351162581416,351162582124,351162582708,351162639666,351209994536,351162575249,16666666,351163016333,351185235708,351185395708,351188422208,351204189250,11007959,312708,351204189250,351200853458,0,351188422208,
0,78177,351176661204,351176661204,0,351187395166,351187395583,351187395916,351187435916,351226661202,351187391083,16666666,351188573541,351200924375,351201442666,351203006208,351223162958,14217792,330166,351223162958,351218581458,0,351203006208,
0,78185,351193327870,351193327870,0,351202021875,351202022250,351202022541,351202082875,351243327868,351202018625,16666666,351202395666,351218660916,351218704375,351221362583,351233054833,9830834,394875,351223174916,351233054833,0,351221362583,
0,78193,351209994536,351209994536,0,351221727458,351221733250,351221733833,351221836541,351259994534,351221648041,16666666,351222487791,351233123208,351233222583,351233912041,351265709875,18173292,129792,351265709875,351253210166,0,351233912041,
0,78201,351226661202,351226661202,0,351233602250,351233602625,351233602916,351233643666,351293327866,351233598208,16666666,351233981458,351254168375,351254467291,351265998666,351279772500,4060458,152709,351279772500,351275663250,0,351265998666,
0,78209,351243327868,351259994534,0,351260727958,351260728291,351260728583,351260771250,351309994532,351260723208,16666666,351261100041,351275788125,351275984000,351279322666,351310471416,27725083,1859917,351304122458,351310471416,0,351279322666,
0,78225,351276661200,351309994532,0,351312332750,351312333416,351312685958,351312749625,351326661198,351312316375,16666666,351313099666,351313844500,351313892833,351315403208,351326269916,4584,8739208,351326199375,351326269916,0,351315403208,
0,78234,351326661198,351326661198,0,351331306583,351331307916,351331308541,351337492791,351343327864,351331299125,16666666,351341516750,351341746500,351341787125,351347707083,351386936625,1667,158125,351386936625,351351351875,0,351347707083,
0,78248,351343327864,351393327862,0,351396510625,351396511625,351396512208,351396681958,351409994528,351396504791,16666666,351398198916,351399398166,351399823083,351403650166,351426028916,2792,327708,351426028916,351407399916,0,351403650166,
0,78257,351409994528,351426661194,0,351435019125,351435020500,351435021208,351435094666,351443327860,351435010083,16666666,351435624750,351438802500,351438900541,351447160250,351460844583,2834,348333,351460844583,351451010291,0,351447160250,
0,78264,351443327860,351443327860,0,351452281250,351452282541,351452283250,351452349666,351493327858,351452275000,16666666,351452569458,351452754833,351452810750,351455714625,351474614041,13490708,1269208,351461043458,351474614041,0,351455714625,
---PROFILEDATA---


View hierarchy:

  dev.polski.grammarmatrix/dev.polski.grammarmatrix.GlassBenchmarkActivity/android.view.ViewRootImpl@6932836
  7 views, 12.02 kB of render nodes


Total ViewRootImpl   : 1
Total attached Views : 7
Total RenderNode     : 12.02 kB (used) / 36.09 kB (capacity)

