Applications Graphics Acceleration Info:
Uptime: 368565 Realtime: 368565

** Graphics info for pid 3816 [dev.polski.grammarmatrix] **

Stats since: 355952218710ns
Total frames rendered: 72
Janky frames: 66 (91.67%)
Janky frames (legacy): 68 (94.44%)
50th percentile: 109ms
90th percentile: 250ms
95th percentile: 250ms
99th percentile: 500ms
Number Missed Vsync: 33
Number High input latency: 10
Number Slow UI thread: 47
Number Slow bitmap uploads: 3
Number Slow issue draw commands: 65
Number Frame deadline missed: 66
Number Frame deadline missed (legacy): 65
HISTOGRAM: 5ms=0 6ms=0 7ms=0 8ms=0 9ms=0 10ms=0 11ms=0 12ms=0 13ms=0 14ms=0 15ms=0 16ms=0 17ms=0 18ms=0 19ms=2 20ms=1 21ms=0 22ms=0 23ms=0 24ms=0 25ms=0 26ms=0 27ms=0 28ms=0 29ms=3 30ms=0 31ms=1 32ms=0 34ms=0 36ms=1 38ms=2 40ms=1 42ms=2 44ms=0 46ms=0 48ms=3 53ms=3 57ms=2 61ms=0 65ms=0 69ms=4 73ms=1 77ms=0 81ms=0 85ms=3 89ms=3 93ms=1 97ms=1 101ms=0 105ms=2 109ms=1 113ms=0 117ms=2 121ms=0 125ms=1 129ms=2 133ms=1 150ms=12 200ms=9 250ms=5 300ms=1 350ms=1 400ms=0 450ms=0 500ms=1 550ms=0 600ms=0 650ms=0 700ms=0 750ms=0 800ms=0 850ms=0 900ms=0 950ms=0 1000ms=0 1050ms=0 1100ms=0 1150ms=0 1200ms=0 1250ms=0 1300ms=0 1350ms=0 1400ms=0 1450ms=0 1500ms=0 1550ms=0 1600ms=0 1650ms=0 1700ms=0 1750ms=0 1800ms=0 1850ms=0 1900ms=0 1950ms=0 2000ms=0 2050ms=0 2100ms=0 2150ms=0 2200ms=0 2250ms=0 2300ms=0 2350ms=0 2400ms=0 2450ms=0 2500ms=0 2550ms=0 2600ms=0 2650ms=0 2700ms=0 2750ms=0 2800ms=0 2850ms=0 2900ms=0 2950ms=0 3000ms=0 3050ms=0 3100ms=0 3150ms=0 3200ms=0 3250ms=0 3300ms=0 3350ms=0 3400ms=0 3450ms=0 3500ms=0 3550ms=0 3600ms=0 3650ms=0 3700ms=0 3750ms=0 3800ms=0 3850ms=0 3900ms=0 3950ms=0 4000ms=0 4050ms=0 4100ms=0 4150ms=0 4200ms=0 4250ms=0 4300ms=0 4350ms=0 4400ms=0 4450ms=0 4500ms=0 4550ms=0 4600ms=0 4650ms=0 4700ms=0 4750ms=0 4800ms=0 4850ms=0 4900ms=0 4950ms=0
50th gpu percentile: 4950ms
90th gpu percentile: 4950ms
95th gpu percentile: 4950ms
99th gpu percentile: 4950ms
GPU HISTOGRAM: 1ms=0 2ms=0 3ms=0 4ms=0 5ms=0 6ms=0 7ms=0 8ms=1 9ms=1 10ms=0 11ms=2 12ms=1 13ms=2 14ms=1 15ms=1 16ms=1 17ms=0 18ms=1 19ms=0 20ms=3 21ms=2 22ms=1 23ms=2 24ms=1 25ms=1 4950ms=51

Pipeline=Skia (OpenGL)
Memory policy:
  Max surface area: 2592000
  Max resource usage: 124.42MB (x48)
  Background retention: 50% (altUiHidden = true)
  GPU Context timeout: 10
Contexts: 1 (stopped = 0)
CPU Caches:
  Glyph Cache: 33.70 KB (1 entry)
  Glyph Count: 11 
Total CPU memory usage:
  34510 bytes, 33.70 KB (0.00 bytes is purgeable)
GPU Caches:
  Other:
    Other: 32.80 KB (1 entry)
    Buffer Object: 36.00 KB (1 entry)
  Scratch:
    Buffer Object: 110.00 KB (3 entries)
    Texture: 2.00 MB (1 entry)
Total GPU memory usage:
  2280240 bytes, 2.17 MB (68.00 KB is purgeable)

GraphicBufferAllocator buffers:
        Handle |        Size |     W (Stride) x H | Layers |   Format |      Usage | Requestor
0xb400007b2c426ab0 |     unknown | 1080 (   0) x 2400 |      1 |        1 | 0x     b00 | VRI[GlassBenchmarkActivity]#0(BLAST Consumer)0
0xb400007b2c427e60 |     unknown | 1080 (   0) x 2400 |      1 |        1 | 0x     b00 | VRI[GlassBenchmarkActivity]#0(BLAST Consumer)0
0xb400007b2c4282e0 |     unknown | 1080 (   0) x 2400 |      1 |        1 | 0x     b00 | VRI[GlassBenchmarkActivity]#0(BLAST Consumer)0
Total allocated by GraphicBufferAllocator (estimate): 0.00 KB
GoldfishAllocator::dumpDebugInfo is not implemented
Profile data in ms:

	dev.polski.grammarmatrix/dev.polski.grammarmatrix.GlassBenchmarkActivity/android.view.ViewRootImpl@6932836 (visibility=0)
Window: dev.polski.grammarmatrix/dev.polski.grammarmatrix.GlassBenchmarkActivity
Stats since: 355952217793ns
Total frames rendered: 72
Janky frames: 66 (91.67%)
Janky frames (legacy): 68 (94.44%)
50th percentile: 109ms
90th percentile: 250ms
95th percentile: 250ms
99th percentile: 500ms
Number Missed Vsync: 33
Number High input latency: 10
Number Slow UI thread: 47
Number Slow bitmap uploads: 3
Number Slow issue draw commands: 65
Number Frame deadline missed: 66
Number Frame deadline missed (legacy): 65
HISTOGRAM: 5ms=0 6ms=0 7ms=0 8ms=0 9ms=0 10ms=0 11ms=0 12ms=0 13ms=0 14ms=0 15ms=0 16ms=0 17ms=0 18ms=0 19ms=2 20ms=1 21ms=0 22ms=0 23ms=0 24ms=0 25ms=0 26ms=0 27ms=0 28ms=0 29ms=3 30ms=0 31ms=1 32ms=0 34ms=0 36ms=1 38ms=2 40ms=1 42ms=2 44ms=0 46ms=0 48ms=3 53ms=3 57ms=2 61ms=0 65ms=0 69ms=4 73ms=1 77ms=0 81ms=0 85ms=3 89ms=3 93ms=1 97ms=1 101ms=0 105ms=2 109ms=1 113ms=0 117ms=2 121ms=0 125ms=1 129ms=2 133ms=1 150ms=12 200ms=9 250ms=5 300ms=1 350ms=1 400ms=0 450ms=0 500ms=1 550ms=0 600ms=0 650ms=0 700ms=0 750ms=0 800ms=0 850ms=0 900ms=0 950ms=0 1000ms=0 1050ms=0 1100ms=0 1150ms=0 1200ms=0 1250ms=0 1300ms=0 1350ms=0 1400ms=0 1450ms=0 1500ms=0 1550ms=0 1600ms=0 1650ms=0 1700ms=0 1750ms=0 1800ms=0 1850ms=0 1900ms=0 1950ms=0 2000ms=0 2050ms=0 2100ms=0 2150ms=0 2200ms=0 2250ms=0 2300ms=0 2350ms=0 2400ms=0 2450ms=0 2500ms=0 2550ms=0 2600ms=0 2650ms=0 2700ms=0 2750ms=0 2800ms=0 2850ms=0 2900ms=0 2950ms=0 3000ms=0 3050ms=0 3100ms=0 3150ms=0 3200ms=0 3250ms=0 3300ms=0 3350ms=0 3400ms=0 3450ms=0 3500ms=0 3550ms=0 3600ms=0 3650ms=0 3700ms=0 3750ms=0 3800ms=0 3850ms=0 3900ms=0 3950ms=0 4000ms=0 4050ms=0 4100ms=0 4150ms=0 4200ms=0 4250ms=0 4300ms=0 4350ms=0 4400ms=0 4450ms=0 4500ms=0 4550ms=0 4600ms=0 4650ms=0 4700ms=0 4750ms=0 4800ms=0 4850ms=0 4900ms=0 4950ms=0
50th gpu percentile: 4950ms
90th gpu percentile: 4950ms
95th gpu percentile: 4950ms
99th gpu percentile: 4950ms
GPU HISTOGRAM: 1ms=0 2ms=0 3ms=0 4ms=0 5ms=0 6ms=0 7ms=0 8ms=1 9ms=1 10ms=0 11ms=2 12ms=1 13ms=2 14ms=1 15ms=1 16ms=1 17ms=0 18ms=1 19ms=0 20ms=3 21ms=2 22ms=1 23ms=2 24ms=1 25ms=1 4950ms=51



---PROFILEDATA---
Flags,FrameTimelineVsyncId,IntendedVsync,Vsync,InputEventId,HandleInputStart,AnimationStart,PerformTraversalsStart,DrawStart,FrameDeadline,FrameInterval,FrameStartTime,SyncQueued,SyncStart,IssueDrawCommandsStart,SwapBuffers,FrameCompleted,DequeueBufferDuration,QueueBufferDuration,GpuCompleted,SwapBuffersCompleted,DisplayPresentTime,CommandSubmissionCompleted,
0,78797,356393327662,356393327662,-176180969,356401081877,356405512335,356410056752,356410103585,356409994328,356401070335,16666666,356412652294,356412907335,356413011002,356414509127,356423391377,4083,833209,356423167752,356423391377,0,356414509127,
0,78804,356409994328,356409994328,-464343725,356418983169,356419875752,356421382460,356421421585,356426660994,356418976294,16666666,356421696419,356423474960,356423516335,356424687419,355605298252,146263750,238208,355605298252,356588833127,0,356424687419,
0,78812,356426660994,356476660992,-257679976,356488708127,356489360252,356502606085,356502690794,356443327660,356488700960,16666666,356502936627,356588977919,356589045627,356616266210,356661701877,4250,986833,356661541335,356661701877,0,356616266210,
0,78820,356493327658,356626660986,-345001062,356661733502,356663039752,356670122419,356670185044,356693327650,356637550044,16666666,356670540085,356695352710,356695385502,356696354794,356759150835,51422375,220292,356731307085,356759150835,0,356696354794,
0,78835,356676660984,356709994316,-25210145,356715004002,356715023210,356729163294,356729238210,356759994314,356714997502,16666666,356730655835,356759290960,356760893502,356762270627,356961888627,198289208,314083,356802713794,356961888627,0,356762270627,
0,78844,357243327628,357243327628,-65982590,357246170752,357247849877,357249715002,357249769836,357259994294,357246159127,16666666,357249785377,357252577627,357252627544,357253626586,357277433836,1958,189333,357277433836,357255807627,0,357253626586,
0,78852,357259994294,357259994294,-350895992,357263538836,357264206877,357264997127,357265035669,357309994292,357263533252,16666666,357265190836,357265239752,357265273586,357267350711,357389792461,89983500,27319791,357299739252,357389792461,0,357267350711,
0,78860,357276660960,357276660960,-1003785023,357286824961,357287314752,357287569544,357287596002,357326660958,357286818086,16666666,357287889127,357389870877,357389936627,357399425752,357473547669,4750,32205375,357471710627,357473547669,0,357399425752,
0,78867,357293327626,357409994288,-652085623,357413550419,357416454836,357461726044,357461832919,357493327618,357413416461,16666666,357471861961,357473742961,357479687252,357500469878,357563213294,4833,39111292,357549677628,357563213294,0,357500469878,
0,78881,357443327620,357509994284,-311520123,357510853086,357607593961,357640373169,357640489586,357576660948,357510844169,16666666,357641360294,357642850669,357642891711,357647256919,357666550669,1417,209750,357666550669,357651889086,0,357647256919,
0,78898,357709994276,357709994276,-920142679,357717679294,357717680503,357717681086,357717742003,357726660942,357717672961,16666666,357718028503,357730504419,357730553086,357744580961,357772588586,1958,181416,357772588586,357755701794,0,357744580961,
0,78906,358726660902,358743327568,-965636618,358744063378,358745270003,358746876753,358746914961,358743327568,358744055711,16666666,358747176295,358753062753,358753201003,358754202836,358873718503,4250,95923875,358851700836,358873718503,0,358754202836,
0,78914,358759994234,358943327560,-734348696,358955189462,358958207045,358959634462,358959688587,358876660896,358955084003,16666666,359008412712,359008462212,359008483962,359024833462,359049677128,1459,127083,359049613545,359049677128,0,359024833462,
0,78928,358959994226,359059994222,-809969181,359067726378,359067750670,359083939878,359084105337,359076660888,359064447795,16666666,359084317128,359086582962,359086610378,359087518920,359243330045,138917209,5834125,359146892462,359243330045,0,359087518920,
0,78944,359476660872,359476660872,-879354088,359482166795,359483199628,359485578628,359485631920,359493327538,359482159670,16666666,359485786087,359485821295,359485864753,359496559045,359546301253,4250,41024042,359546236378,359546301253,0,359496559045,
0,78959,359559994202,359593327534,-458200452,359597003545,359599373545,359602509129,359602565920,359576660868,359596994545,16666666,359602914212,359603120420,359603155087,359603660712,359631999170,7534000,289916,359631999170,359629616212,0,359603660712,
0,78967,359609994200,359609994200,0,359611957004,359612250545,359612271754,359612336087,359659994198,359611951337,16666666,359612547920,359647081629,359649688170,359655121962,359719627795,43873583,422458,359719627795,359701387545,0,359655121962,
0,78974,359626660866,359709994196,-103363825,359711211379,359713902962,359720660379,359720703712,359743327528,359711204545,16666666,359722099837,359725330462,359725376587,359726172379,359881972837,128222166,339375,359835412670,359881972837,0,359726172379,
0,78983,359776660860,359826660858,-919493402,359835481545,359837003420,359870061629,359870111462,359859994190,359835474545,16666666,359870466087,359882074254,359882288712,359883543337,359920187045,2584,151291,359920187045,359891168587,0,359883543337,
0,78998,359943327520,359943327520,-304995712,359946237129,359946238212,359946238670,359946309962,359959994186,359946231129,16666666,359946851337,359947116212,359947174420,359959753004,360034367129,1792,167875,360034367129,359960674295,0,359959753004,
0,79006,360326660838,360326660838,-153358830,360331075296,360331720629,360333919837,360333968171,360343327504,360331068879,16666666,360334295921,360334339754,360335239587,360338711629,360355743587,3500,3373833,360355743587,360345799129,0,360338711629,
0,79014,360376660836,360376660836,-781520872,360389146171,360389759837,360390532129,360390563087,360393327502,360389139754,16666666,360390659504,360391356546,360391765379,360397137462,360431070171,5375,2177042,360431070171,360416345504,0,360397137462,
0,79022,360393327502,360609994160,-344090650,360617523796,360618042254,360619465504,360619511546,360459994166,360617434837,16666666,360619788629,360619831962,360619913629,360622171462,360632572629,2084,520167,360632572629,360626199004,0,360622171462,
0,79044,360659994158,360676660824,-919002177,360683209212,360686698004,360694684296,360694722462,360676660824,360683200337,16666666,360696901087,360708313171,360708356962,360713549629,360886044462,3875,1914542,360886044462,360795667046,0,360713549629,
0,79059,360843327484,360843327484,-619660133,360854598254,360854599629,360854600046,360854659421,360909994148,360854591421,16666666,360854955337,360927095629,360930834921,360933841004,360971574629,13421875,1691208,360971574629,360951178587,0,360933841004,
0,79067,361143327472,361143327472,-571163040,361147264754,361148141963,361148963421,361149000588,361159994138,361147257713,16666666,361149010296,361149239088,361149297796,361151353963,361163078921,8541,8152000,361162984671,361163078921,0,361151353963,
0,79082,361176660804,361176660804,-900340194,361191839546,361192889588,361193275379,361193308629,361193327470,361191833463,16666666,361193543796,361194619129,361194664296,361195505963,361216929754,4917,234166,361216929754,361197926379,0,361195505963,
0,79097,361209994136,361209994136,-818054304,361215939379,361216609629,361219779588,361219831213,361243327468,361215933129,16666666,361220232171,361221606963,361221688963,361222572879,361231852421,4424042,233625,361230353921,361231852421,0,361222572879,
0,79105,361226660802,361243327468,-165280593,361245825046,361246828046,361250643546,361250694504,361259994134,361245818213,16666666,361251008254,361251160129,361251199838,361251544129,361278243629,2333,195792,361278243629,361264538088,0,361251544129,
0,79120,361276660800,361276660800,-640682294,361281640004,361282082754,361282870088,361282895546,361309994132,361281633379,16666666,361283093254,361283117379,361283317546,361286619671,361318963213,2497834,376750,361318963213,361290478296,0,361286619671,
0,79128,361293327466,361293327466,-726246289,361299351921,361303338963,361305588921,361305640421,361343327464,361299345629,16666666,361306730046,361309740046,361309797046,361315472629,361443288463,121499750,301584,361443288463,361440558504,0,361315472629,
0,79136,361309994132,361309994132,-905726547,361315698046,361318369671,361323747713,361323795838,361459994126,361315691588,16666666,361336184171,361440653796,361440723754,361441367004,361499303254,54431750,453875,361499303254,361497826379,0,361441367004,
0,79144,361326660798,361509994124,-453323016,361524941629,361525394379,361526118838,361527033754,361526660790,361524752963,16666666,361527184963,361529873338,361529921213,361533197213,361548134963,2834,287708,361548134963,361535782963,0,361533197213,
0,79167,361743327448,361743327448,-757032581,361748440255,361749182046,361749816421,361749865713,361759994114,361748432630,16666666,361750188505,361751268130,361752122255,361760999505,361781872588,3000,1486958,361781872588,361767575338,0,361760999505,
0,79182,361776660780,361776660780,-694973832,361781574713,361782034838,361844084630,361844152963,361809994112,361781568921,16666666,361844520630,361845535296,361845602421,361857551380,361883506546,3958,3331709,361883506546,361871095796,0,361857551380,
0,79189,361793327446,361859994110,-729817971,361866814255,361878384755,361879990171,361880108213,361909994108,361866806088,16666666,361880235630,361882982546,361883053338,361899867630,361942943088,14511375,7780833,361942943088,361926362130,0,361899867630,
0,79197,361893327442,361893327442,-116910678,361900452380,361903789630,361907940755,361908299546,361959994106,361900443588,16666666,361912937046,361926463963,361926527088,361930230755,362118063546,47495833,368542,362118063546,362023769213,0,361930230755,
0,79204,361909994108,361926660774,-1028276926,361927094088,361927748630,361928595255,361928632255,362143327432,361927089380,16666666,361928751296,362023858380,362023918630,362024764171,362226234630,104233459,93362500,362121081213,362226234630,0,362024764171,
0,79213,362009994104,362026660770,-714997531,362033745296,362117846338,362119691505,362119730630,362159994098,362033737755,16666666,362119741546,362226323255,362228940005,362229503630,362282435296,3000,1268875,362282435296,362268759296,0,362229503630,
0,79237,362759994074,362759994074,-783729535,362762312422,362763049797,362763603505,362763643172,362776660740,362762304463,16666666,362764878547,362764926422,362764966963,362767005213,362779686672,2625,178625,362779686672,362770835172,0,362767005213,
0,79245,362776660740,362776660740,-148714160,362779992005,362781416672,362786474463,362786575547,362809994072,362779985297,16666666,362788167422,362788655005,362788715338,362790523755,362902926630,12580125,158167,362902926630,362817167672,0,362790523755,
0,79253,362809994072,362943327400,-206018262,362955600422,362956708463,362957430422,362957460130,362926660734,362951893755,16666666,362957553047,362957788505,362958360297,362959014172,362971065963,1833,251500,362971065963,362960609338,0,362959014172,
0,79268,362959994066,362976660732,-55443150,362979942130,362988282255,363019176172,363019221713,362993327398,362979934797,16666666,363019628547,363019839672,363020674172,363029529838,363049557338,2708,214459,363049557338,363032358755,0,363029529838,
0,79275,362976660732,363009994064,-692467487,363024255422,363027435047,363029730838,363029899505,363076660728,363024250172,16666666,363031212172,363032452547,363032485047,363034736880,363068542797,3318375,19641792,363065162297,363068542797,0,363034736880,
0,79290,363043327396,363043327396,-897213568,363047668088,363048178797,363048632380,363048663463,363093327394,363047658588,16666666,363049039172,363068887797,363068916297,363070818422,363232719297,98128667,40839625,363115747380,363232719297,0,363070818422,
0,79298,363059994062,363059994062,-1013488852,363071045880,363174995380,363191026422,363191091255,363143327392,363071041880,16666666,363191416797,363232812422,363232882422,363233583922,363260466714,24070000,231500,363260466714,363260264047,0,363233583922,
0,79321,363343327384,363359994050,-621722624,363370195714,363370196589,363370197255,363370253589,363359994050,363370188630,16666666,363371616755,363374958047,363375039964,363380535839,363457341214,2042,101584,363457341214,363395490380,0,363380535839,
0,79329,363759994034,363759994034,-485637288,363767337214,363768581339,363769727214,363769791755,363776660700,363767329839,16666666,363770737880,363771732714,363774507297,363774966755,363790419589,3708,198667,363790419589,363778089214,0,363774966755,
0,79336,363776660700,363776660700,-408142799,363783120881,363785884256,363787482964,363787551256,363809994032,363783115381,16666666,363787705172,363788808256,363789246172,363789743506,363821026922,16990834,109333,363821026922,363807476547,0,363789743506,
0,79352,363809994032,363809994032,-942714917,363825014381,363829282089,363831462881,363831510214,363843327364,363825008547,16666666,363831523047,363831632422,363831654214,363854766464,364023265589,138084042,149417,364023265589,363994894047,0,363854766464,
0,79360,363876660696,363976660692,-538838818,363990753006,363991659631,364037494756,364037538756,364043327356,363985988256,16666666,364037822131,364073292047,364073368672,364076542506,364095997172,2583,188166,364095997172,364078585006,0,364076542506,
0,79374,363993327358,364076660688,-70606262,364078113756,364081184131,364086089756,364086514214,364126660686,364078108714,16666666,364086957172,364087366089,364087438547,364089918881,364166915089,70537916,126792,364143963214,364166915089,0,364089918881,
0,79383,364093327354,364093327354,-765449428,364103445631,364104331506,364139102381,364139176422,364176660684,364103439672,16666666,364141166922,364167857964,364167889547,364169977756,364253129756,62724542,203292,364253129756,364234150797,0,364169977756,
0,79399,364176660684,364176660684,-980550793,364179117714,364179118589,364179119006,364179172047,364276660680,364179112131,16666666,364179400172,364234226631,364238998839,364283221381,364385956214,3542,388334,364385956214,364315217756,0,364283221381,
0,79408,364959993986,364959993986,-793437331,364967228964,364969387256,364970927839,364970960631,364976660652,364967222673,16666666,364971054631,364971310714,364971349923,364972861006,365030273923,1417,138000,365030273923,364974340423,0,364972861006,
0,79416,364976660652,365026660650,-150284200,365033286339,365034123506,365037164506,365037202798,365059993982,365033278631,16666666,365037436714,365037477964,365038515923,365039535589,365061716714,2000,398083,365061716714,365045873839,0,365039535589,
0,79424,365043327316,365059993982,-602982232,365074295673,365074976339,365079199881,365079246631,365093327314,365074287339,16666666,365079575798,365079600881,365079855756,365080541756,365148647089,3291,1273083,365148647089,365083532548,0,365080541756,
0,79432,365093327314,365109993980,-278017689,365125619673,365129968214,365130909464,365130949339,365176660644,365125613381,16666666,365131210423,365131247464,365131282798,365132742673,365297912006,103327959,21341041,365154923173,365297912006,0,365132742673,
0,79440,365126660646,365143327312,-999303983,365150680464,365154963214,365157767714,365157822173,365193327310,365150597839,16666666,365158180339,365298041090,365298087506,365300254798,365362583923,2209,129000,365362583923,365309264381,0,365300254798,
0,79448,365159993978,365293327306,-578548573,365415608381,365447906090,365501604965,365501806673,365393327302,365299990465,16666666,365502262423,365502749256,365502782923,365504569381,365517790215,2542,213667,365517790215,365507124923,0,365504569381,
0,79463,365509993964,365509993964,-747629035,365514778506,365514795423,365514803423,365514862173,365543327296,365514771840,16666666,365515106631,365515130215,365515478715,365515888631,365565203798,47331667,364833,365563658756,365565203798,0,365515888631,
0,79472,366059993942,366059993942,-69497070,366066493757,366071252382,366080743298,366080823673,366076660608,366066486715,16666666,366081223465,366081265757,366081292465,366087814632,366098710423,8791,196959,366098710423,366092625382,0,366087814632,
0,79479,366076660608,366076660608,-1057993216,366085913340,366086448007,366086786507,366086828215,366126660606,366085908882,16666666,366087140132,366092704923,366092767298,366095673757,366141053798,34882209,121333,366141053798,366136526548,0,366095673757,
0,79486,366093327274,366093327274,-704097619,366099090048,366099830090,366101761465,366101825840,366159993938,366099083382,16666666,366102461673,366136616007,366138266382,366139619507,366169408007,22479542,122208,366169408007,366163632090,0,366139619507,
0,79494,366109993940,366126660606,-275143482,366139126173,366141818548,366142734132,366142774423,366193327270,366139120090,16666666,366143248590,366163735590,366163823298,366166995590,366186189465,8404625,112459,366186189465,366178154382,0,366166995590,
0,79503,366143327272,366176660604,-911974525,366179959298,366180758840,366182022048,366182054757,366209993936,366179945382,16666666,366182063965,366183141465,366183191007,366184517882,366230393757,42670792,266000,366230393757,366228964423,0,366184517882,
0,79513,366193327270,366193327270,-691657235,366195950507,366196603965,366199789007,366199846007,366259993934,366195944715,16666666,366200295090,366229057590,366229090923,366229520673,366522223132,46993792,132291,366522223132,366278116923,0,366229520673,
0,79521,366209993936,366259993934,-183219164,366262927257,366263472048,366264296007,366264338507,366543327256,366262920882,16666666,366264350465,366278217507,366278247340,366295521507,366764610924,77941208,383129959,366686581049,366764610924,0,366295521507,
0,79545,367309993892,367326660558,-748885689,367333094174,367334046882,367342160966,367342227549,367326660558,367333085924,16666666,367346920549,367347888216,367347919341,367365135132,367429159757,1916,141166,367429159757,367366878799,0,367365135132,
0,79560,367426660554,367443327220,-526509930,367449696424,367450650341,367451158882,367451190549,367459993886,367449688007,16666666,367451523132,367454396966,367454470216,367454860174,367480258466,1639166,3780000,367480258466,367472482674,0,367454860174,
0,79575,367476660552,367493327218,-139106120,367506178966,367507916674,367514085049,367514136841,367509993884,367506170632,16666666,367514547632,367518755882,367518859966,367522262882,367552685591,2500,251792,367552685591,367530350632,0,367522262882,
0,79590,367559993882,367643327212,-656231575,367655627591,367657664841,367658857591,367658905924,367576660548,367655620549,16666666,367660475257,367661374674,367661432216,367662869716,367715075591,3583,229875,367715075591,367682831757,0,367662869716,
0,79605,367726660542,367809993872,-1041010492,367814449132,367814450966,367814451841,367814541174,367743327208,367814435257,16666666,367814912882,367828740257,367828803257,367830221841,367858570007,3042,629833,367858570007,367834510216,0,367830221841,
---PROFILEDATA---


View hierarchy:

  dev.polski.grammarmatrix/dev.polski.grammarmatrix.GlassBenchmarkActivity/android.view.ViewRootImpl@6932836
  7 views, 12.02 kB of render nodes


Total ViewRootImpl   : 1
Total attached Views : 7
Total RenderNode     : 12.02 kB (used) / 36.09 kB (capacity)

