Applications Graphics Acceleration Info:
Uptime: 343311 Realtime: 343311

** Graphics info for pid 3816 [dev.polski.grammarmatrix] **

Stats since: 337375009035ns
Total frames rendered: 307
Janky frames: 24 (7.82%)
Janky frames (legacy): 53 (17.26%)
50th percentile: 17ms
90th percentile: 25ms
95th percentile: 32ms
99th percentile: 65ms
Number Missed Vsync: 2
Number High input latency: 350
Number Slow UI thread: 5
Number Slow bitmap uploads: 0
Number Slow issue draw commands: 22
Number Frame deadline missed: 24
Number Frame deadline missed (legacy): 12
HISTOGRAM: 5ms=14 6ms=6 7ms=3 8ms=0 9ms=1 10ms=0 11ms=0 12ms=0 13ms=0 14ms=1 15ms=1 16ms=37 17ms=156 18ms=20 19ms=10 20ms=5 21ms=7 22ms=5 23ms=5 24ms=4 25ms=3 26ms=4 27ms=1 28ms=1 29ms=4 30ms=2 31ms=1 32ms=4 34ms=1 36ms=1 38ms=2 40ms=1 42ms=1 44ms=0 46ms=0 48ms=1 53ms=0 57ms=0 61ms=1 65ms=1 69ms=3 73ms=0 77ms=0 81ms=0 85ms=0 89ms=0 93ms=0 97ms=0 101ms=0 105ms=0 109ms=0 113ms=0 117ms=0 121ms=0 125ms=0 129ms=0 133ms=0 150ms=0 200ms=0 250ms=0 300ms=0 350ms=0 400ms=0 450ms=0 500ms=0 550ms=0 600ms=0 650ms=0 700ms=0 750ms=0 800ms=0 850ms=0 900ms=0 950ms=0 1000ms=0 1050ms=0 1100ms=0 1150ms=0 1200ms=0 1250ms=0 1300ms=0 1350ms=0 1400ms=0 1450ms=0 1500ms=0 1550ms=0 1600ms=0 1650ms=0 1700ms=0 1750ms=0 1800ms=0 1850ms=0 1900ms=0 1950ms=0 2000ms=0 2050ms=0 2100ms=0 2150ms=0 2200ms=0 2250ms=0 2300ms=0 2350ms=0 2400ms=0 2450ms=0 2500ms=0 2550ms=0 2600ms=0 2650ms=0 2700ms=0 2750ms=0 2800ms=0 2850ms=0 2900ms=0 2950ms=0 3000ms=0 3050ms=0 3100ms=0 3150ms=0 3200ms=0 3250ms=0 3300ms=0 3350ms=0 3400ms=0 3450ms=0 3500ms=0 3550ms=0 3600ms=0 3650ms=0 3700ms=0 3750ms=0 3800ms=0 3850ms=0 3900ms=0 3950ms=0 4000ms=0 4050ms=0 4100ms=0 4150ms=0 4200ms=0 4250ms=0 4300ms=0 4350ms=0 4400ms=0 4450ms=0 4500ms=0 4550ms=0 4600ms=0 4650ms=0 4700ms=0 4750ms=0 4800ms=0 4850ms=0 4900ms=0 4950ms=0
50th gpu percentile: 14ms
90th gpu percentile: 19ms
95th gpu percentile: 22ms
99th gpu percentile: 4950ms
GPU HISTOGRAM: 1ms=0 2ms=18 3ms=7 4ms=0 5ms=0 6ms=0 7ms=3 8ms=1 9ms=5 10ms=2 11ms=6 12ms=13 13ms=32 14ms=91 15ms=60 16ms=20 17ms=7 18ms=10 19ms=6 20ms=5 21ms=4 22ms=3 23ms=3 24ms=1 25ms=1 4950ms=9

Pipeline=Skia (OpenGL)
Memory policy:
  Max surface area: 2592000
  Max resource usage: 124.42MB (x48)
  Background retention: 50% (altUiHidden = true)
  GPU Context timeout: 10
Contexts: 1 (stopped = 0)
CPU Caches:
  Glyph Cache: 33.70 KB (1 entry)
  Glyph Count: 11 
Total CPU memory usage:
  34510 bytes, 33.70 KB (0.00 bytes is purgeable)
GPU Caches:
  Other:
    Other: 32.36 KB (1 entry)
    Buffer Object: 36.00 KB (1 entry)
  Scratch:
    RenderTarget: 11.88 MB (1 entry)
    Buffer Object: 110.00 KB (3 entries)
    Texture: 2.00 MB (1 entry)
Total GPU memory usage:
  14731632 bytes, 14.05 MB (11.94 MB is purgeable)

GraphicBufferAllocator buffers:
        Handle |        Size |     W (Stride) x H | Layers |   Format |      Usage | Requestor
0xb400007b2c426ab0 |     unknown | 1080 (   0) x 2400 |      1 |        1 | 0x     b00 | VRI[GlassBenchmarkActivity]#0(BLAST Consumer)0
0xb400007b2c427e60 |     unknown | 1080 (   0) x 2400 |      1 |        1 | 0x     b00 | VRI[GlassBenchmarkActivity]#0(BLAST Consumer)0
0xb400007b2c4282e0 |     unknown | 1080 (   0) x 2400 |      1 |        1 | 0x     b00 | VRI[GlassBenchmarkActivity]#0(BLAST Consumer)0
Total allocated by GraphicBufferAllocator (estimate): 0.00 KB
GoldfishAllocator::dumpDebugInfo is not implemented
Profile data in ms:

	dev.polski.grammarmatrix/dev.polski.grammarmatrix.GlassBenchmarkActivity/android.view.ViewRootImpl@6932836 (visibility=0)
Window: dev.polski.grammarmatrix/dev.polski.grammarmatrix.GlassBenchmarkActivity
Stats since: 337375008035ns
Total frames rendered: 307
Janky frames: 24 (7.82%)
Janky frames (legacy): 53 (17.26%)
50th percentile: 17ms
90th percentile: 25ms
95th percentile: 32ms
99th percentile: 65ms
Number Missed Vsync: 2
Number High input latency: 350
Number Slow UI thread: 5
Number Slow bitmap uploads: 0
Number Slow issue draw commands: 22
Number Frame deadline missed: 24
Number Frame deadline missed (legacy): 12
HISTOGRAM: 5ms=14 6ms=6 7ms=3 8ms=0 9ms=1 10ms=0 11ms=0 12ms=0 13ms=0 14ms=1 15ms=1 16ms=37 17ms=156 18ms=20 19ms=10 20ms=5 21ms=7 22ms=5 23ms=5 24ms=4 25ms=3 26ms=4 27ms=1 28ms=1 29ms=4 30ms=2 31ms=1 32ms=4 34ms=1 36ms=1 38ms=2 40ms=1 42ms=1 44ms=0 46ms=0 48ms=1 53ms=0 57ms=0 61ms=1 65ms=1 69ms=3 73ms=0 77ms=0 81ms=0 85ms=0 89ms=0 93ms=0 97ms=0 101ms=0 105ms=0 109ms=0 113ms=0 117ms=0 121ms=0 125ms=0 129ms=0 133ms=0 150ms=0 200ms=0 250ms=0 300ms=0 350ms=0 400ms=0 450ms=0 500ms=0 550ms=0 600ms=0 650ms=0 700ms=0 750ms=0 800ms=0 850ms=0 900ms=0 950ms=0 1000ms=0 1050ms=0 1100ms=0 1150ms=0 1200ms=0 1250ms=0 1300ms=0 1350ms=0 1400ms=0 1450ms=0 1500ms=0 1550ms=0 1600ms=0 1650ms=0 1700ms=0 1750ms=0 1800ms=0 1850ms=0 1900ms=0 1950ms=0 2000ms=0 2050ms=0 2100ms=0 2150ms=0 2200ms=0 2250ms=0 2300ms=0 2350ms=0 2400ms=0 2450ms=0 2500ms=0 2550ms=0 2600ms=0 2650ms=0 2700ms=0 2750ms=0 2800ms=0 2850ms=0 2900ms=0 2950ms=0 3000ms=0 3050ms=0 3100ms=0 3150ms=0 3200ms=0 3250ms=0 3300ms=0 3350ms=0 3400ms=0 3450ms=0 3500ms=0 3550ms=0 3600ms=0 3650ms=0 3700ms=0 3750ms=0 3800ms=0 3850ms=0 3900ms=0 3950ms=0 4000ms=0 4050ms=0 4100ms=0 4150ms=0 4200ms=0 4250ms=0 4300ms=0 4350ms=0 4400ms=0 4450ms=0 4500ms=0 4550ms=0 4600ms=0 4650ms=0 4700ms=0 4750ms=0 4800ms=0 4850ms=0 4900ms=0 4950ms=0
50th gpu percentile: 14ms
90th gpu percentile: 19ms
95th gpu percentile: 22ms
99th gpu percentile: 4950ms
GPU HISTOGRAM: 1ms=0 2ms=18 3ms=7 4ms=0 5ms=0 6ms=0 7ms=3 8ms=1 9ms=5 10ms=2 11ms=6 12ms=13 13ms=32 14ms=91 15ms=60 16ms=20 17ms=7 18ms=10 19ms=6 20ms=5 21ms=4 22ms=3 23ms=3 24ms=1 25ms=1 4950ms=9



---PROFILEDATA---
Flags,FrameTimelineVsyncId,IntendedVsync,Vsync,InputEventId,HandleInputStart,AnimationStart,PerformTraversalsStart,DrawStart,FrameDeadline,FrameInterval,FrameStartTime,SyncQueued,SyncStart,IssueDrawCommandsStart,SwapBuffers,FrameCompleted,DequeueBufferDuration,QueueBufferDuration,GpuCompleted,SwapBuffersCompleted,DisplayPresentTime,CommandSubmissionCompleted,
0,73813,340676661624,340676661624,-78748569,340677428828,340677982744,340678877078,340678920161,340709994956,340677422328,16666666,340678933078,340678965161,340679026619,340679441119,340694561661,1958,126667,340694561661,340680749994,0,340679441119,
0,73821,340693328290,340693328290,-333832845,340695926828,340697278953,340698061411,340698095494,340726661622,340695919953,16666666,340698312203,340698627328,340698650953,340699003661,340710749703,2250,318709,340710749703,340699971328,0,340699003661,
0,73829,340709994956,340709994956,-221785326,340713538245,340714228911,340714937953,340714974120,340743328288,340713532536,16666666,340715088786,340715217995,340715259370,340715595620,340717228453,2250,598375,340717193536,340717228453,0,340715595620,
0,73837,340726661622,340726661622,-1007829123,340730594578,340731407286,340731680245,340731704578,340759994954,340730587786,16666666,340731916536,340732403286,340732439203,340732801536,340744410870,1459,126958,340744410870,340733551203,0,340732801536,
0,73845,340743328288,340743328288,-1016321902,340745017536,340745753703,340747073828,340747114078,340776661620,340745011745,16666666,340747422911,340747568911,340747602203,340747939120,340760821370,1959,139500,340760821370,340748845911,0,340747939120,
0,73853,340759994954,340759994954,-759776525,340761164203,340762003453,340762654120,340762689411,340793328286,340761158161,16666666,340763329245,340763504578,340763541370,340763921703,340777340995,1500,176208,340777340995,340765082078,0,340763921703,
0,73861,340776661620,340776661620,-156461457,340777521745,340778208411,340778768036,340778791703,340809994952,340777515745,16666666,340778876828,340779462286,340779510036,340780461078,340793960911,3667,183875,340793960911,340782044828,0,340780461078,
0,73869,340793328286,340793328286,-794926081,340794154911,340794638453,340794881578,340794907161,340826661618,340794146995,16666666,340795109411,340795161703,340795203786,340795614661,340810779203,1792,96417,340810779203,340796813620,0,340795614661,
0,73877,340809994952,340809994952,-560036305,340810999036,340813192745,340814644536,340814691286,340843328284,340810992620,16666666,340814946370,340815074911,340815119203,340815448495,340827436495,4583,515167,340827436495,340816594245,0,340815448495,
0,73885,340826661618,340826661618,-442737763,340829868828,340830368578,340830673411,340830702703,340859994950,340829863536,16666666,340830971703,340832275203,340832358578,340832720536,340843969078,3750,446875,340843969078,340833826870,0,340832720536,
0,73893,340843328284,340843328284,-479550832,340845234161,340846134036,340847176120,340847210286,340876661616,340845228495,16666666,340847336203,340847428911,340847465828,340847828995,340860659995,1875,109500,340860659995,340848598120,0,340847828995,
0,73901,340859994950,340859994950,-818088119,340860989495,340861605745,340861921495,340861952286,340893328282,340860983036,16666666,340862690078,340862966953,340863060620,340863389578,340877146161,2000,165667,340877146161,340864391328,0,340863389578,
0,73909,340876661616,340876661616,-478735899,340877634620,340878812120,340879820911,340879856286,340909994948,340877628370,16666666,340880301495,340880566495,340880653370,340881032328,340894727328,1791,108833,340894727328,340882056328,0,340881032328,
0,73917,340893328282,340893328282,-751092517,340896621286,340898098620,340898472661,340898529661,340926661614,340896614578,16666666,340899071745,340899095411,340899144703,340900326161,340910518495,649750,185209,340910518495,340902166953,0,340900326161,
0,73925,340909994948,340909994948,-706548669,340911046953,340913201786,340914136245,340914178578,340943328280,340911041036,16666666,340914299245,340914442953,340914489370,340914862578,340927779203,1459,127500,340927779203,340915819453,0,340914862578,
0,73933,340926661614,340926661614,-125257234,340928212995,340928803620,340929188786,340929223370,340959994946,340928204245,16666666,340929591203,340929686161,340929722703,340930094661,340943775745,2541,626625,340943775745,340931596661,0,340930094661,
0,73941,340943328280,340943328280,-500980709,340944233495,340944974203,340946637620,340946673620,340976661612,340944227911,16666666,340946876161,340946976536,340947012203,340947336786,340960701786,1875,237208,340960701786,340948488161,0,340947336786,
0,73949,340959994946,340959994946,-649625706,340961009870,340962441411,340962726078,340962759703,340993328278,340961003828,16666666,340963131745,340963159911,340963218953,340963547078,340977093828,2083,254167,340977093828,340964834786,0,340963547078,
0,73957,340976661612,340976661612,-64510572,340977456578,340977870745,340978431203,340978457870,341009994944,340977451370,16666666,340978543328,340978793370,340978825161,340979788078,340994114745,2542,207250,340994114745,340981068745,0,340979788078,
0,73965,340993328278,340993328278,-702305440,340994405828,340994801120,340995018328,340995038703,341026661610,340994399953,16666666,340995235203,340996243328,340996263661,340996806495,341010721411,2417,132791,341010721411,340997639161,0,340996806495,
0,73973,341009994944,341009994944,-878799484,341010923911,341011611578,341012394036,341012420286,341043328276,341010918036,16666666,341012615370,341012720411,341012755661,341013272828,341027574870,1875,120250,341027574870,341014298536,0,341013272828,
0,73981,341026661610,341026661610,-495345001,341028259661,341028870661,341029232245,341029272911,341059994942,341028252703,16666666,341029751661,341029919578,341029958953,341030535161,341032916328,1916,963459,341032820370,341032916328,0,341030535161,
0,73996,341059994942,341059994942,0,341061697078,341061698203,341062556495,341062940703,341076661608,341061690203,16666666,341063053786,341063244286,341063320370,341063739745,341077232120,1708,113125,341077232120,341065924745,0,341063739745,
0,74004,341076661608,341076661608,0,341077541828,341077542578,341078041245,341078094870,341109994940,341077535786,16666666,341078426661,341079962078,341080096245,341080644661,341093927786,1959,189000,341093927786,341081676745,0,341080644661,
0,74012,341093328274,341093328274,0,341094232161,341094233286,341095969495,341096163536,341126661606,341094226328,16666666,341096454911,341096559536,341096591745,341096931411,341110765745,2084,189791,341110765745,341097728703,0,341096931411,
0,74020,341109994940,341109994940,0,341110777745,341110778536,341111215120,341111246036,341143328272,341110771953,16666666,341111472828,341111732328,341111812995,341112729953,341127325620,2708,434833,341127325620,341114090078,0,341112729953,
0,74028,341126661606,341126661606,-934106111,341128246911,341128998745,341129482911,341129532411,341159994938,341128239078,16666666,341130027411,341130127328,341130166620,341130473036,341143932245,1833,90791,341143932245,341131081245,0,341130473036,
0,74036,341143328272,341143328272,-1005586215,341144295786,341145163953,341145772911,341145809036,341176661604,341144267620,16666666,341145898620,341146107328,341146198703,341146514703,341160831078,1875,266708,341160831078,341147271370,0,341146514703,
0,74044,341159994938,341159994938,-1049653839,341161015870,341162290578,341163211495,341163255453,341193328270,341161008120,16666666,341163268995,341163444578,341163589745,341163943036,341177196953,2000,125709,341177196953,341165012745,0,341163943036,
0,74052,341176661604,341176661604,-103446131,341177498786,341178007953,341178269203,341178319995,341209994936,341177491953,16666666,341178602870,341178620745,341178701995,341179380911,341194673828,1541,98875,341194673828,341180144370,0,341179380911,
0,74060,341193328270,341193328270,-677805620,341194362161,341194931911,341198457828,341198576578,341226661602,341194355370,16666666,341199644078,341200588036,341201489911,341201916203,341211155411,2250,218916,341211155411,341203449911,0,341201916203,
0,74068,341209994936,341209994936,-153122822,341211530328,341212544828,341214278953,341214327745,341243328268,341211524536,16666666,341214453828,341214475703,341214605286,341215744286,341227953203,1833,171042,341227953203,341220931411,0,341215744286,
0,74076,341226661602,341226661602,-875729998,341228301286,341230137036,341233116578,341233158620,341259994934,341228295245,16666666,341233172578,341233343495,341233433870,341233784245,341243920036,2333,315459,341243920036,341234784786,0,341233784245,
0,74084,341243328268,341243328268,-752025879,341244275870,341245521536,341245790995,341245822578,341276661600,341244268786,16666666,341246037786,341246403495,341246453870,341246861286,341250152453,1157000,1343333,341248946120,341250152453,0,341246861286,
0,74092,341259994934,341259994934,-838575874,341262532203,341264991953,341268185911,341268276953,341293328266,341262526453,16666666,341269202495,341270044328,341270788786,341271184161,341277505578,1583,98209,341277505578,341271889036,0,341271184161,
0,74100,341276661600,341276661600,-881938196,341277775203,341278325120,341279104911,341279142453,341309994932,341277769328,16666666,341279801536,341279970578,341280214328,341280684953,341301519870,1958,308750,341301519870,341281826078,0,341280684953,
0,74108,341293328266,341309994932,-409346665,341315495245,341334501870,341337032578,341337072203,341326661598,341315487536,16666666,341337083120,341337100536,341337722286,341338213495,341344224078,2042,142916,341344224078,341339242661,0,341338213495,
0,74123,341343328264,341343328264,-564110738,341344613411,341345533203,341346666161,341346719703,341376661596,341344606620,16666666,341346968203,341347223078,341347305036,341347988786,341360816786,2458,324667,341360816786,341349491745,0,341347988786,
0,74131,341359994930,341359994930,-109453050,341361198661,341361833078,341362679995,341362738286,341393328262,341361192953,16666666,341363143703,341363390911,341363428078,341363824203,341365227536,2958,448083,341365177036,341365227536,0,341363824203,
0,74139,341376661596,341376661596,-436163953,341377554786,341378097203,341378772786,341378802828,341409994928,341377548370,16666666,341378811286,341379662120,341379697536,341380602578,341394052870,3292,222375,341394052870,341381365286,0,341380602578,
0,74147,341393328262,341393328262,-249863727,341394423745,341395052828,341396314578,341396351661,341426661594,341394416495,16666666,341396613745,341396710328,341396803620,341397092745,341410411912,2125,130375,341410411912,341397953120,0,341397092745,
0,74155,341409994928,341409994928,-303824734,341411336120,341411860412,341412529537,341412557787,341443328260,341411330495,16666666,341412651037,341412760912,341412801495,341413350078,341427429037,2125,162292,341427429037,341414343162,0,341413350078,
0,74163,341426661594,341426661594,-650656314,341427757953,341428822662,341429766245,341429819203,341459994926,341427751287,16666666,341429832662,341429995703,341430032745,341430491870,341448360453,2583,170709,341448360453,341431615912,0,341430491870,
0,74171,341443328260,341443328260,-150489506,341448108495,341448781370,341449042078,341449067245,341476661592,341448101787,16666666,341449321037,341449411453,341449478787,341449900245,341460962120,497417,288417,341460962120,341451501037,0,341449900245,
0,74179,341459994926,341459994926,-7575796,341461415328,341462325245,341463189662,341463233203,341493328258,341461409203,16666666,341463494703,341463671828,341463709287,341464501703,341477439203,1833,136125,341477439203,341465404370,0,341464501703,
0,74187,341476661592,341476661592,-947110492,341477807703,341478454620,341479288537,341479335662,341509994924,341477800828,16666666,341479440537,341479695370,341479739703,341481453745,341495777912,2208,140125,341495777912,341482337412,0,341481453745,
0,74202,341509994924,341509994924,-439658642,341510862412,341510863537,341511714203,341511748953,341526661590,341510857078,16666666,341511755703,341511873037,341511937870,341512596495,341528173703,2584,176542,341528173703,341513378578,0,341512596495,
0,74210,341526661590,341526661590,0,341527906953,341527907787,341529023787,341529060495,341559994922,341527901120,16666666,341529294203,341529479828,341529568037,341530132745,341543842828,2084,150333,341543842828,341531054912,0,341530132745,
0,74218,341543328256,341543328256,0,341544930328,341544931495,341546213620,341546267328,341576661588,341544923870,16666666,341546602787,341546777787,341546824828,341547278453,341560595828,1875,127917,341560595828,341548670537,0,341547278453,
0,74226,341559994922,341559994922,0,341560830537,341560831453,341561755162,341561805162,341593328254,341560824828,16666666,341561919745,341562215703,341562259412,341562596037,341577269453,2334,113333,341577269453,341563281453,0,341562596037,
0,74234,341576661588,341576661588,-489176569,341580874703,341581355828,341582139870,341582172953,341609994920,341580868203,16666666,341582183953,341582380870,341582420245,341582791245,341594061412,2208,182833,341594061412,341583885537,0,341582791245,
0,74242,341593328254,341593328254,-638868331,341593955953,341594870287,341597284703,341597324245,341626661586,341593947370,16666666,341597825953,341597913328,341597945912,341598413787,341610752578,2125,366750,341610752578,341599522828,0,341598413787,
0,74250,341609994920,341609994920,-683074022,341610797537,341612717245,341613297828,341613328828,341643328252,341610792287,16666666,341613412662,341613424912,341613480953,341613826787,341627189662,2167,98666,341627189662,341614503495,0,341613826787,
0,74258,341626661586,341626661586,-276241319,341627481662,341628725370,341629189120,341629220870,341659994918,341627475287,16666666,341629455703,341629552703,341629589078,341630050495,341644210203,2375,176292,341644210203,341630994620,0,341630050495,
0,74266,341643328252,341643328252,-191223078,341644206287,341645105120,341646003245,341646063203,341676661584,341644200245,16666666,341646376412,341646506745,341646575912,341646959703,341662323703,2792,107542,341662323703,341647807078,0,341646959703,
0,74274,341659994918,341659994918,-543312661,341662406578,341663008620,341663235828,341663260912,341693328250,341662401453,16666666,341663570578,341663738620,341663900995,341664550162,341677426828,2167,138500,341677426828,341665345370,0,341664550162,
0,74282,341676661584,341676661584,-992307248,341677862953,341678635703,341679854370,341679882370,341709994916,341677857370,16666666,341679973287,341680677370,341680741620,341681231162,341693815662,2083,413208,341693815662,341682517162,0,341681231162,
0,74290,341693328250,341693328250,-744320211,341694192162,341694642287,341694860912,341694883328,341726661582,341694186078,16666666,341695412703,341695597245,341695636495,341695931662,341710698078,2084,269583,341710698078,341696866203,0,341695931662,
0,74298,341709994916,341709994916,-22883334,341710839537,341711494537,341712509328,341712539703,341743328248,341710834203,16666666,341713102453,341713195120,341713228078,341713760953,341727137162,2250,106791,341727137162,341714421537,0,341713760953,
0,74306,341726661582,341726661582,-986703692,341727580037,341728490370,341729305745,341729345953,341759994914,341727574078,16666666,341729651662,341729823870,341729859203,341730229370,341743803828,2042,131167,341743803828,341731117828,0,341730229370,
0,74314,341743328248,341743328248,-856631214,341744160453,341744832078,341745399328,341745541662,341776661580,341744155037,16666666,341745649703,341745919328,341745957287,341746518745,341762469370,1667,144709,341762469370,341747498620,0,341746518745,
0,74322,341759994914,341759994914,-917246296,341762717495,341763099537,341763338453,341763362120,341793328246,341762711537,16666666,341763576453,341763620620,341764353620,341765053203,341777904745,1791,204250,341777904745,341766005453,0,341765053203,
0,74330,341776661580,341776661580,-967061842,341778474953,341779476287,341780941995,341780987162,341809994912,341778467662,16666666,341781226078,341781363995,341781420620,341782097370,341793841370,2042,192584,341793841370,341784188912,0,341782097370,
0,74338,341793328246,341793328246,-366754543,341794187953,341794887120,341795130162,341795159703,341826661578,341794182578,16666666,341795477620,341795635162,341795672412,341796648912,341797877078,2125,626875,341797841162,341797877078,0,341796648912,
0,74346,341809994912,341809994912,-102049325,341812797078,341813498328,341814493412,341814521703,341843328244,341812791328,16666666,341814653578,341814736120,341814774162,341815153870,341827756912,241750,289667,341827756912,341816274370,0,341815153870,
0,74354,341826661578,341826661578,-262943896,341827911995,341829155245,341829489912,341829526287,341859994910,341827906078,16666666,341830350287,341830472995,341830615120,341830966870,341844110953,2166,308375,341844110953,341832215787,0,341830966870,
0,74362,341843328244,341843328244,-663718999,341844762203,341845216078,341845943328,341845971203,341876661576,341844756703,16666666,341846169537,341846396328,341846494495,341846904995,341860668370,2750,124458,341860668370,341847691953,0,341846904995,
0,74370,341859994910,341859994910,-824677625,341860970828,341861592537,341862538745,341862568370,341893328242,341860965412,16666666,341862921828,341863011953,341863046162,341863351453,341877169412,2125,339625,341877169412,341864164953,0,341863351453,
0,74378,341876661576,341876661576,-1071412359,341877652995,341878338995,341879126537,341879150703,341909994908,341877647162,16666666,341879236870,341879383578,341879458287,341880261620,341894159245,2292,259542,341894159245,341881285912,0,341880261620,
0,74386,341893328242,341893328242,-131303532,341894395120,341894878453,341895116995,341895143787,341926661574,341894388787,16666666,341895345078,341895626037,341895668078,341897174287,341910786453,2208,213792,341910786453,341897945537,0,341897174287,
0,74394,341909994908,341909994908,-982030016,341911062370,341911623037,341912570328,341912617453,341943328240,341911056287,16666666,341912902412,341913036037,341913072037,341913682120,341927175912,2250,158375,341927175912,341914621370,0,341913682120,
0,74402,341926661574,341926661574,-483399195,341927961995,341929137620,341929362620,341929386995,341959994906,341927956745,16666666,341929650703,341929895870,341929931412,341930221703,341943761245,2958,261167,341943761245,341931301828,0,341930221703,
0,74417,341959994906,341959994906,0,341960820370,341960821370,341961584662,341961614703,341976661572,341960814453,16666666,341961695370,341961786620,341961828578,341962167870,341977093662,2291,103625,341977093662,341962854287,0,341962167870,
0,74425,341976661572,341976661572,0,341977322870,341977323828,341978308328,341978359287,342009994904,341977315328,16666666,341978670745,341978929412,341978961995,341979281787,341980978995,2750,674334,341980912245,341980978995,0,341979281787,
0,74433,341993328238,341993328238,0,341994308162,341994309162,341996099828,341996141620,342026661570,341994302995,16666666,341996356412,341996506453,341996541120,341996966495,342010547995,2250,268958,342010547995,341997885203,0,341996966495,
0,74448,342026661570,342026661570,-905154662,342027828537,342028619537,342029514870,342029559537,342043328236,342027820828,16666666,342029678870,342029998453,342030040162,342030412995,342044581662,2000,278667,342044581662,342031541037,0,342030412995,
0,74456,342043328236,342043328236,-214164409,342044652287,342045596078,342046780328,342046804912,342076661568,342044646120,16666666,342046812870,342047144412,342047181120,342047469078,342061078995,2792,97000,342061078995,342048739412,0,342047469078,
0,74464,342059994902,342059994902,-928306572,342061189537,342062103828,342062771412,342062801120,342093328234,342061183412,16666666,342063189162,342063287912,342063321328,342063672370,342077883870,1875,153167,342077883870,342065660495,0,342063672370,
0,74472,342076661568,342076661568,-329858574,342078231662,342078697245,342080209412,342080243828,342109994900,342078226412,16666666,342080464578,342080594870,342080630745,342081009620,342096575578,2125,115541,342096575578,342081900953,0,342081009620,
0,74480,342093328234,342093328234,-16610527,342097176453,342098047870,342098622620,342098657953,342126661566,342097170412,16666666,342098798370,342099162037,342099256578,342099601662,342111835954,1917,289958,342111835954,342100538662,0,342099601662,
0,74488,342109994900,342109994900,-133998581,342111898079,342112489995,342113062204,342113084704,342143328232,342111891662,16666666,342113091995,342114048329,342114119662,342114430079,342127686454,3708,153334,342127686454,342115544995,0,342114430079,
0,74496,342126661566,342126661566,-827918981,342128309995,342129112787,342129519662,342129566079,342159994898,342128301579,16666666,342129952370,342130043787,342130084954,342130641287,342143979870,1791,114542,342143979870,342131424995,0,342130641287,
0,74504,342143328232,342143328232,-976871309,342144543162,342144949995,342145637704,342145663329,342176661564,342144537995,16666666,342145847037,342146298829,342146498870,342147086662,342160806245,1291,89167,342160806245,342147756662,0,342147086662,
0,74512,342159994898,342159994898,-945017004,342160977245,342161881162,342163180037,342163232620,342193328230,342160971704,16666666,342163355120,342163511329,342163553495,342163863370,342177231579,1792,125375,342177231579,342164663204,0,342163863370,
0,74520,342176661564,342176661564,-101001899,342178155995,342178755704,342179346495,342179369412,342209994896,342178149787,16666666,342179376620,342179492620,342179533954,342180430454,342193927162,2042,108958,342193927162,342181349287,0,342180430454,
0,74528,342193328230,342193328230,-255712859,342194422245,342195195704,342195758662,342195795537,342226661562,342194415579,16666666,342196119287,342196343662,342196387495,342196707995,342213146662,2125,230750,342213146662,342197719412,0,342196707995,
0,74536,342209994896,342209994896,-693896609,342213627120,342214483412,342215543704,342215580537,342243328228,342213621287,16666666,342215786120,342216478829,342216565204,342217042329,342227527912,2167,194875,342227527912,342217909204,0,342217042329,
0,74544,342226661562,342226661562,-1020285016,342228553287,342229300954,342230009870,342230038954,342259994894,342228548079,16666666,342230129537,342230245287,342230282162,342230591162,342244775579,2209,377166,342244775579,342231805954,0,342230591162,
0,74552,342243328228,342243328228,-530854533,342245300912,342245794162,342247443287,342247491454,342276661560,342245294454,16666666,342247504079,342247668954,342247713370,342248082912,342261133495,1833,173917,342261133495,342248957287,0,342248082912,
0,74560,342259994894,342259994894,-290881961,342261615537,342262200537,342262706287,342262753870,342293328226,342261610037,16666666,342263002537,342263545995,342263585454,342264105412,342277703912,2167,123083,342277703912,342265226370,0,342264105412,
0,74568,342276661560,342276661560,-593429541,342278123495,342279014745,342279909495,342279977787,342309994892,342278118120,16666666,342281679079,342281819329,342281855870,342282189037,342295084704,2041,111542,342295084704,342282999995,0,342282189037,
0,74576,342293328226,342293328226,-1071866218,342294705954,342295168995,342295808912,342295836787,342326661558,342294700870,16666666,342295938412,342296449912,342296474620,342298479412,342311866662,536667,178459,342311866662,342299834662,0,342298479412,
0,74584,342309994892,342309994892,-363858926,342312350829,342312940912,342313789870,342313837662,342343328224,342312343662,16666666,342313850037,342313889412,342313974162,342314274620,342327352662,1458,83916,342327352662,342314886745,0,342314274620,
0,74592,342326661558,342326661558,-238035833,342327509662,342327905495,342328825412,342328887329,342359994890,342327502995,16666666,342329213579,342329432287,342329470704,342329845829,342331390287,2500,540708,342331352329,342331390287,0,342329845829,
0,74600,342343328224,342343328224,-221110375,342344378329,342345435870,342346577954,342346618620,342376661556,342344371704,16666666,342346827620,342347238037,342347288829,342347663495,342361167120,1875,135125,342361167120,342348946287,0,342347663495,
0,74608,342359994890,342359994890,-697984996,342360608620,342361268662,342362207995,342362236537,342393328222,342360602954,16666666,342362327162,342362507662,342362587995,342363169870,342377302370,2500,577958,342377302370,342365582787,0,342363169870,
0,74623,342393328222,342393328222,-1029594472,342395092245,342395093329,342396232954,342396266787,342409994888,342395086370,16666666,342396273662,342396551954,342396586829,342397823662,342414527995,1708,94375,342414527995,342399390745,0,342397823662,
0,74631,342409994888,342409994888,0,342416261620,342416262662,342416804995,342416836912,342443328220,342416255620,16666666,342417045620,342418033204,342418579454,342419782662,342427128912,2458,620167,342427128912,342422454454,0,342419782662,
0,74639,342426661554,342426661554,0,342427445579,342427446412,342428816245,342428857495,342459994886,342427439995,16666666,342429269620,342429555287,342429588579,342429923537,342445568204,1917,107541,342445568204,342430827454,0,342429923537,
0,74647,342443328220,342443328220,0,342445291745,342445292870,342446723412,342446788954,342476661552,342445285870,16666666,342446917954,342447704745,342447753912,342449562370,342462629912,1126959,95541,342462629912,342452873829,0,342449562370,
0,74655,342459994886,342459994886,0,342465938620,342465939370,342467182037,342467212620,342493328218,342465932870,16666666,342467218412,342469404912,342469440370,342470424495,342501849995,23871417,82375,342500146954,342501849995,0,342470424495,
0,74662,342476661552,342476661552,0,342486511912,342486513245,342490668787,342490721995,342526661550,342486504620,16666666,342491147037,342501966537,342502016412,342503488787,342529874829,4996042,158083,342529874829,342513885829,0,342503488787,
0,74670,342493328218,342493328218,0,342503367495,342503367829,342511822495,342511895037,342559994882,342503363829,16666666,342512304579,342513972454,342514109495,342523536537,342560936620,24618167,163209,342553119787,342560936620,0,342523536537,
0,74677,342509994884,342509994884,0,342519974787,342519975537,342524225162,342524258495,342576661548,342519970454,16666666,342524675995,342561017995,342561177954,342563857079,342579195829,2042,153041,342579195829,342565988579,0,342563857079,
0,74685,342526661550,342559994882,-19883665,342570829870,342570975704,342573002954,342573067412,342609994880,342570419245,16666666,342573305120,342574217537,342574262829,342575197579,342597537329,15335958,203500,342597537329,342594596829,0,342575197579,
0,74694,342576661548,342576661548,-742063495,342579950037,342581051745,342581944787,342581990620,342593328214,342579944412,16666666,342582112037,342594674287,342594717079,342597982079,340427412536,12684625,146125,340427412536,342621676370,0,342597982079,
0,74702,342593328214,342593328214,-539159040,342596514412,342596971245,342598353287,342598407329,342626661546,342596508745,16666666,342598740912,342621766995,342621808662,342623484912,342635809204,2417,116541,342635809204,342626417120,0,342623484912,
0,74710,342609994880,342609994880,-568105774,342623122162,342624544454,342625352079,342625384537,342659994878,342623119037,16666666,342625820787,342626461454,342626478662,342633246662,342682046829,46004125,560916,342635953454,342682046829,0,342633246662,
0,74726,342693328210,342693328210,-228432906,342695664079,342697113662,342698295995,342698350412,342709994876,342695658495,16666666,342699391787,342699612037,342699656829,342701633162,342714615245,1959,124250,342714615245,342703411412,0,342701633162,
0,74734,342709994876,342709994876,-597141851,342711682245,342712186954,342713906370,342713933912,342743328208,342711676995,16666666,342714122537,342714357745,342716947204,342718329412,342743811120,3103750,109291,342743811120,342723371704,0,342718329412,
0,74742,342726661542,342726661542,-356665545,342731273037,342732621454,342735518412,342735578454,342776661540,342731267204,16666666,342735752412,342739742370,342739787412,342741578454,342754520495,7687417,561916,342754520495,342751557662,0,342741578454,
0,74749,342743328208,342743328208,-296226431,342744745704,342745114787,342745322329,342745347079,342793328206,342744740537,16666666,342745588162,342751630245,342751672870,342752624120,342768433912,10706750,140542,342768433912,342765365204,0,342752624120,
0,74757,342759994874,342759994874,-694458734,342762063370,342762838829,342763574620,342763617870,342809994872,342761796370,16666666,342764393620,342765436579,342765492620,342767042495,342786078454,15959541,444125,342786078454,342784557079,0,342767042495,
0,74765,342776661540,342776661540,-444968426,342778837079,342779869204,342781418537,342781454287,342826661538,342778829745,16666666,342781548370,342784610120,342784651287,342785190037,342820216037,26718667,126417,342820216037,342812866204,0,342785190037,
0,74773,342793328206,342793328206,-757520086,342794707620,342796906745,342799103537,342799137329,342843328204,342794701287,16666666,342799768287,342812937496,342812959787,342823640704,342868190037,32448125,152000,342866817371,342868190037,0,342823640704,
0,74781,342809994872,342809994872,-195966543,342821483996,342821909329,342822334329,342822355079,342893328202,342821480787,16666666,342822546829,342868588121,342869423871,342870483454,342880769579,3943000,3182667,342879046454,342880769579,0,342870483454,
0,74788,342826661538,342859994870,-254307541,342869825996,342876310621,342880176621,342880212496,342843328204,342869822454,16666666,342880406996,342880793829,342880834454,342883535079,340627944953,10655250,145334,340627944953,342901334871,0,342883535079,
0,74805,342893328202,342893328202,-795907028,342894377662,342900206162,342900846746,342901154246,342909994868,342894371621,16666666,342901260912,342901410662,342901483829,342902049787,342910752704,1542,125792,342910752704,342908863787,0,342902049787,
0,74813,342909994868,342909994868,-1014197346,342912202954,342912670662,342913425121,342913456246,342943328200,342912197454,16666666,342913668829,342913781787,342913818537,342914189246,342931574912,1666,102917,342931574912,342916139537,0,342914189246,
0,74821,342926661534,342926661534,-488834083,342932923704,342932942121,342932942454,342933006079,342959994866,342932916537,16666666,342933285162,342933324746,342933350537,342936137829,342946861246,2250,188291,342946861246,342939178454,0,342936137829,
---PROFILEDATA---


View hierarchy:

  dev.polski.grammarmatrix/dev.polski.grammarmatrix.GlassBenchmarkActivity/android.view.ViewRootImpl@6932836
  7 views, 12.02 kB of render nodes


Total ViewRootImpl   : 1
Total attached Views : 7
Total RenderNode     : 12.02 kB (used) / 36.09 kB (capacity)

