Applications Graphics Acceleration Info:
Uptime: 417475 Realtime: 417475

** Graphics info for pid 3816 [dev.polski.grammarmatrix] **

Stats since: 411731948070ns
Total frames rendered: 340
Janky frames: 5 (1.47%)
Janky frames (legacy): 30 (8.82%)
50th percentile: 17ms
90th percentile: 19ms
95th percentile: 21ms
99th percentile: 28ms
Number Missed Vsync: 0
Number High input latency: 418
Number Slow UI thread: 0
Number Slow bitmap uploads: 0
Number Slow issue draw commands: 5
Number Frame deadline missed: 5
Number Frame deadline missed (legacy): 0
HISTOGRAM: 5ms=9 6ms=0 7ms=0 8ms=0 9ms=0 10ms=0 11ms=0 12ms=0 13ms=0 14ms=0 15ms=1 16ms=69 17ms=204 18ms=19 19ms=10 20ms=8 21ms=5 22ms=6 23ms=2 24ms=2 25ms=0 26ms=1 27ms=0 28ms=1 29ms=0 30ms=1 31ms=0 32ms=1 34ms=0 36ms=0 38ms=0 40ms=0 42ms=0 44ms=0 46ms=0 48ms=0 53ms=0 57ms=0 61ms=0 65ms=0 69ms=0 73ms=0 77ms=0 81ms=0 85ms=0 89ms=0 93ms=0 97ms=1 101ms=0 105ms=0 109ms=0 113ms=0 117ms=0 121ms=0 125ms=0 129ms=0 133ms=0 150ms=0 200ms=0 250ms=0 300ms=0 350ms=0 400ms=0 450ms=0 500ms=0 550ms=0 600ms=0 650ms=0 700ms=0 750ms=0 800ms=0 850ms=0 900ms=0 950ms=0 1000ms=0 1050ms=0 1100ms=0 1150ms=0 1200ms=0 1250ms=0 1300ms=0 1350ms=0 1400ms=0 1450ms=0 1500ms=0 1550ms=0 1600ms=0 1650ms=0 1700ms=0 1750ms=0 1800ms=0 1850ms=0 1900ms=0 1950ms=0 2000ms=0 2050ms=0 2100ms=0 2150ms=0 2200ms=0 2250ms=0 2300ms=0 2350ms=0 2400ms=0 2450ms=0 2500ms=0 2550ms=0 2600ms=0 2650ms=0 2700ms=0 2750ms=0 2800ms=0 2850ms=0 2900ms=0 2950ms=0 3000ms=0 3050ms=0 3100ms=0 3150ms=0 3200ms=0 3250ms=0 3300ms=0 3350ms=0 3400ms=0 3450ms=0 3500ms=0 3550ms=0 3600ms=0 3650ms=0 3700ms=0 3750ms=0 3800ms=0 3850ms=0 3900ms=0 3950ms=0 4000ms=0 4050ms=0 4100ms=0 4150ms=0 4200ms=0 4250ms=0 4300ms=0 4350ms=0 4400ms=0 4450ms=0 4500ms=0 4550ms=0 4600ms=0 4650ms=0 4700ms=0 4750ms=0 4800ms=0 4850ms=0 4900ms=0 4950ms=0
50th gpu percentile: 14ms
90th gpu percentile: 16ms
95th gpu percentile: 18ms
99th gpu percentile: 21ms
GPU HISTOGRAM: 1ms=0 2ms=9 3ms=0 4ms=0 5ms=0 6ms=0 7ms=0 8ms=0 9ms=0 10ms=4 11ms=3 12ms=16 13ms=35 14ms=137 15ms=89 16ms=18 17ms=7 18ms=6 19ms=9 20ms=1 21ms=3 22ms=1 23ms=0 24ms=1 25ms=0 4950ms=1

Pipeline=Skia (OpenGL)
Memory policy:
  Max surface area: 2592000
  Max resource usage: 124.42MB (x48)
  Background retention: 50% (altUiHidden = true)
  GPU Context timeout: 10
Contexts: 1 (stopped = 0)
CPU Caches:
  Glyph Cache: 33.70 KB (1 entry)
  Glyph Count: 11 
Total CPU memory usage:
  34510 bytes, 33.70 KB (0.00 bytes is purgeable)
GPU Caches:
  Other:
    Other: 49.27 KB (1 entry)
    Buffer Object: 36.00 KB (1 entry)
  Scratch:
    RenderTarget: 11.88 MB (1 entry)
    Buffer Object: 110.00 KB (3 entries)
    Texture: 2.00 MB (1 entry)
Total GPU memory usage:
  14748944 bytes, 14.07 MB (68.00 KB is purgeable)

GraphicBufferAllocator buffers:
        Handle |        Size |     W (Stride) x H | Layers |   Format |      Usage | Requestor
0xb400007b2c426ab0 |     unknown | 1080 (   0) x 2400 |      1 |        1 | 0x     b00 | VRI[GlassBenchmarkActivity]#0(BLAST Consumer)0
0xb400007b2c427e60 |     unknown | 1080 (   0) x 2400 |      1 |        1 | 0x     b00 | VRI[GlassBenchmarkActivity]#0(BLAST Consumer)0
0xb400007b2c4282e0 |     unknown | 1080 (   0) x 2400 |      1 |        1 | 0x     b00 | VRI[GlassBenchmarkActivity]#0(BLAST Consumer)0
Total allocated by GraphicBufferAllocator (estimate): 0.00 KB
GoldfishAllocator::dumpDebugInfo is not implemented
Profile data in ms:

	dev.polski.grammarmatrix/dev.polski.grammarmatrix.GlassBenchmarkActivity/android.view.ViewRootImpl@6932836 (visibility=0)
Window: dev.polski.grammarmatrix/dev.polski.grammarmatrix.GlassBenchmarkActivity
Stats since: 411731946778ns
Total frames rendered: 340
Janky frames: 5 (1.47%)
Janky frames (legacy): 30 (8.82%)
50th percentile: 17ms
90th percentile: 19ms
95th percentile: 21ms
99th percentile: 28ms
Number Missed Vsync: 0
Number High input latency: 418
Number Slow UI thread: 0
Number Slow bitmap uploads: 0
Number Slow issue draw commands: 5
Number Frame deadline missed: 5
Number Frame deadline missed (legacy): 0
HISTOGRAM: 5ms=9 6ms=0 7ms=0 8ms=0 9ms=0 10ms=0 11ms=0 12ms=0 13ms=0 14ms=0 15ms=1 16ms=69 17ms=204 18ms=19 19ms=10 20ms=8 21ms=5 22ms=6 23ms=2 24ms=2 25ms=0 26ms=1 27ms=0 28ms=1 29ms=0 30ms=1 31ms=0 32ms=1 34ms=0 36ms=0 38ms=0 40ms=0 42ms=0 44ms=0 46ms=0 48ms=0 53ms=0 57ms=0 61ms=0 65ms=0 69ms=0 73ms=0 77ms=0 81ms=0 85ms=0 89ms=0 93ms=0 97ms=1 101ms=0 105ms=0 109ms=0 113ms=0 117ms=0 121ms=0 125ms=0 129ms=0 133ms=0 150ms=0 200ms=0 250ms=0 300ms=0 350ms=0 400ms=0 450ms=0 500ms=0 550ms=0 600ms=0 650ms=0 700ms=0 750ms=0 800ms=0 850ms=0 900ms=0 950ms=0 1000ms=0 1050ms=0 1100ms=0 1150ms=0 1200ms=0 1250ms=0 1300ms=0 1350ms=0 1400ms=0 1450ms=0 1500ms=0 1550ms=0 1600ms=0 1650ms=0 1700ms=0 1750ms=0 1800ms=0 1850ms=0 1900ms=0 1950ms=0 2000ms=0 2050ms=0 2100ms=0 2150ms=0 2200ms=0 2250ms=0 2300ms=0 2350ms=0 2400ms=0 2450ms=0 2500ms=0 2550ms=0 2600ms=0 2650ms=0 2700ms=0 2750ms=0 2800ms=0 2850ms=0 2900ms=0 2950ms=0 3000ms=0 3050ms=0 3100ms=0 3150ms=0 3200ms=0 3250ms=0 3300ms=0 3350ms=0 3400ms=0 3450ms=0 3500ms=0 3550ms=0 3600ms=0 3650ms=0 3700ms=0 3750ms=0 3800ms=0 3850ms=0 3900ms=0 3950ms=0 4000ms=0 4050ms=0 4100ms=0 4150ms=0 4200ms=0 4250ms=0 4300ms=0 4350ms=0 4400ms=0 4450ms=0 4500ms=0 4550ms=0 4600ms=0 4650ms=0 4700ms=0 4750ms=0 4800ms=0 4850ms=0 4900ms=0 4950ms=0
50th gpu percentile: 14ms
90th gpu percentile: 16ms
95th gpu percentile: 18ms
99th gpu percentile: 21ms
GPU HISTOGRAM: 1ms=0 2ms=9 3ms=0 4ms=0 5ms=0 6ms=0 7ms=0 8ms=0 9ms=0 10ms=4 11ms=3 12ms=16 13ms=35 14ms=137 15ms=89 16ms=18 17ms=7 18ms=6 19ms=9 20ms=1 21ms=3 22ms=1 23ms=0 24ms=1 25ms=0 4950ms=1



---PROFILEDATA---
Flags,FrameTimelineVsyncId,IntendedVsync,Vsync,InputEventId,HandleInputStart,AnimationStart,PerformTraversalsStart,DrawStart,FrameDeadline,FrameInterval,FrameStartTime,SyncQueued,SyncStart,IssueDrawCommandsStart,SwapBuffers,FrameCompleted,DequeueBufferDuration,QueueBufferDuration,GpuCompleted,SwapBuffersCompleted,DisplayPresentTime,CommandSubmissionCompleted,
0,94525,415493325298,415493325298,-737008504,415494038405,415495144655,415495476238,415495535155,415526658630,415494031488,16666666,415495785280,415496256780,415496571572,415497261822,415510775614,4125,293209,415510775614,415497994822,0,415497261822,
0,94533,415509991964,415509991964,-745807530,415511385489,415512492780,415512655780,415512680447,415543325296,415511379905,16666666,415512811530,415513397114,415513417572,415514160655,415527518197,1500,76042,415527518197,415514910989,0,415514160655,
0,94541,415526658630,415526658630,-662285626,415527813572,415528536447,415528897780,415529631405,415559991962,415527807155,16666666,415529848905,415530258655,415530313072,415531017030,415544148155,1917,179083,415544148155,415532255489,0,415531017030,
0,94549,415543325296,415543325296,-918575619,415544633905,415545198739,415545884364,415545918239,415576658628,415544628572,16666666,415546223280,415546425114,415546464905,415547246697,415561599989,2500,183125,415561599989,415548105489,0,415547246697,
0,94557,415559991962,415559991962,-919576677,415561621489,415562031989,415562183947,415562205572,415593325294,415561616280,16666666,415562596739,415562686114,415562714405,415563727822,415577437072,1792,135458,415577437072,415564764989,0,415563727822,
0,94565,415576658628,415576658628,-668687525,415577992280,415579234905,415579393739,415579428155,415609991960,415577985072,16666666,415579557364,415579657155,415579765697,415581094864,415595851530,1292,99833,415595851530,415581842155,0,415581094864,
0,94573,415593325294,415593325294,-407882675,415596417072,415597142322,415597834155,415597864322,415626658626,415596411239,16666666,415598022614,415598131905,415598150822,415598864280,415610829989,5708,159292,415610829989,415599662822,0,415598864280,
0,94581,415609991960,415609991960,-640057606,415611033780,415611640072,415611894322,415611939655,415643325292,415611027239,16666666,415612694405,415612979405,415613007780,415614383072,415627348697,1584,228958,415627348697,415615221072,0,415614383072,
0,94589,415626658626,415626658626,-702757619,415627616864,415628857780,415629029239,415629066989,415659991958,415627611489,16666666,415629204239,415629220239,415629256405,415630113989,415643877447,241500,242708,415643877447,415631031614,0,415630113989,
0,94597,415643325292,415643325292,-398903023,415644245364,415644846655,415645072280,415645112989,415676658624,415644238447,16666666,415645319572,415645677072,415645770489,415647024197,415660636322,1625,140875,415660636322,415647612447,0,415647024197,
0,94605,415659991958,415659991958,-44757311,415661023655,415661718030,415661965072,415661999114,415693325290,415661016489,16666666,415662161614,415662678364,415662702072,415663420072,415677332864,4166,692750,415677332864,415664691405,0,415663420072,
0,94613,415676658624,415676658624,-716932040,415677585447,415678931072,415679253322,415679278947,415709991956,415677579739,16666666,415679416822,415679604447,415679655572,415680671447,415694073947,1333,80667,415694073947,415681331864,0,415680671447,
0,94621,415693325290,415693325290,-725960149,415694164405,415694487947,415694614822,415694633780,415726658622,415694160030,16666666,415695021530,415695125072,415695152322,415696345322,415710762239,2292,143667,415710762239,415697022197,0,415696345322,
0,94629,415709991956,415709991956,-478422822,415711325239,415711737322,415711910947,415712480155,415743325288,415711320114,16666666,415712629197,415712721572,415712757239,415713858989,415727323572,3042,349666,415727323572,415714815155,0,415713858989,
0,94637,415726658622,415726658622,-731316474,415727730197,415728455822,415728667155,415729016447,415759991954,415727723864,16666666,415729444864,415729572572,415729616405,415730389947,415745842905,2000,202125,415745842905,415731217530,0,415730389947,
0,94645,415743325288,415743325288,-108180444,415746141905,415746603614,415746755114,415746779072,415776658620,415746135739,16666666,415747196905,415747411905,415747823572,415748636864,415760542489,1542,80167,415760542489,415749196197,0,415748636864,
0,94653,415759991954,415759991954,-777896424,415761009947,415761849280,415762065655,415762108947,415793325286,415761003864,16666666,415762534864,415762700780,415762734155,415763552447,415777138489,2333,511125,415777138489,415764605155,0,415763552447,
0,94661,415776658620,415776658620,-807442472,415777627780,415777645364,415778923239,415778971072,415809991952,415777620572,16666666,415779130322,415779235155,415779268947,415779797447,415794012947,2041,102000,415794012947,415780651030,0,415779797447,
0,94669,415793325286,415793325286,0,415794040905,415794041572,415794531822,415794573822,415826658618,415794035405,16666666,415794694155,415794899530,415795018655,415795595489,415810441780,1875,225291,415810441780,415796871322,0,415795595489,
0,94677,415809991952,415809991952,0,415810891239,415810892530,415811648822,415812516280,415843325284,415810885155,16666666,415812951947,415813054489,415813093780,415813485697,415827216572,1875,133167,415827216572,415814158239,0,415813485697,
0,94685,415826658618,415826658618,0,415827570864,415827571572,415828418155,415828454280,415859991950,415827565197,16666666,415829004364,415829011114,415829078114,415829359239,415843786822,1792,136459,415843786822,415830058030,0,415829359239,
0,94693,415843325284,415843325284,0,415844175822,415844176947,415845884905,415845919280,415876658616,415844170114,16666666,415846094405,415846205405,415846258489,415846540114,415860723655,2167,154667,415860723655,415847306030,0,415846540114,
0,94701,415859991950,415859991950,-590372014,415861537780,415862410030,415862990780,415863020989,415893325282,415861530280,16666666,415863308280,415863351447,415863435530,415863741072,415865272905,4250,747000,415865203239,415865272905,0,415863741072,
0,94709,415876658616,415876658616,-482451951,415877691197,415878775989,415880336280,415880377739,415909991948,415877685322,16666666,415880472280,415880664489,415880739197,415881193114,415893759489,1666,87708,415893759489,415881806572,0,415881193114,
0,94717,415893325282,415893325282,-467811609,415894235114,415894787864,415895107572,415895147364,415926658614,415894228530,16666666,415895388530,415895627697,415895782572,415896424572,415911004780,4209,220084,415911004780,415897388905,0,415896424572,
0,94725,415909991948,415909991948,-324815847,415911277405,415911820239,415913031697,415913057114,415943325280,415911271739,16666666,415913158030,415913263989,415913330489,415913952739,415927297989,2208,82875,415927297989,415914470280,0,415913952739,
0,94733,415926658614,415926658614,-482014974,415928482364,415928900030,415929078614,415929104489,415959991946,415927994614,16666666,415929255739,415929341739,415929405322,415930148280,415946423572,1584,172041,415946423572,415930858905,0,415930148280,
0,94741,415943325280,415943325280,-1055170708,415946711280,415947127072,415947291989,415947316030,415976658612,415946705280,16666666,415947468489,415947803780,415947861072,415948882530,415961013072,2000,86166,415961013072,415949465030,0,415948882530,
0,94749,415959991946,415959991946,-271667811,415961645822,415962115530,415962304489,415962330572,415993325278,415961639697,16666666,415962473322,415962709280,415962730947,415963564530,415977344655,1875,234042,415977344655,415964665447,0,415963564530,
0,94757,415976658612,415976658612,-880783930,415977608239,415978636489,415978891114,415978929864,416009991944,415977601614,16666666,415979110530,415979473155,415979499614,415981334155,415994018697,2584,202792,415994018697,415982102780,0,415981334155,
0,94765,415993325278,415993325278,-401787554,415994193072,415994929239,415995124114,415995160197,416026658610,415994185864,16666666,415995323989,415995345155,415995686197,415997692114,416010775697,6375,160375,416010775697,415998491655,0,415997692114,
0,94773,416009991944,416009991944,-826402420,416010993030,416011876072,416012442739,416012481572,416043325276,416010986989,16666666,416012636447,416012805905,416012902197,416013895530,416027542239,2959,84167,416027542239,416014624072,0,416013895530,
0,94781,416026658610,416026658610,-535221954,416027816697,416028430364,416028628572,416028662822,416059991942,416027811197,16666666,416028838030,416029492489,416029534989,416030512614,416044768239,2084,174334,416044768239,416031501114,0,416030512614,
0,94789,416043325276,416043325276,-504486821,416045095030,416046022114,416046231572,416046266447,416076658608,416045088614,16666666,416046425280,416046455364,416046474489,416047285405,416061117572,2541,454541,416061117572,416048312780,0,416047285405,
0,94797,416059991942,416059991942,-352758648,416061459489,416062179697,416062414030,416062452364,416093325274,416061452364,16666666,416062623530,416062810864,416062853239,416063669364,416080151489,2083,249959,416080151489,416064697114,0,416063669364,
0,94805,416076658608,416076658608,-234500837,416080317905,416081248030,416081574447,416081620739,416109991940,416080309697,16666666,416081988905,416082097114,416082142572,416083278530,416094014572,2708,383542,416094014572,416084232572,0,416083278530,
0,94813,416093325274,416093325274,-109493999,416094679280,416095328405,416095929905,416095975822,416126658606,416094671780,16666666,416096354780,416096501530,416096611530,416097445114,416110775905,1709,272500,416110775905,416098318030,0,416097445114,
0,94821,416109991940,416109991940,-359253220,416111077905,416111485655,416112235780,416112266405,416143325272,416111071739,16666666,416112416489,416112525614,416112960030,416113679905,416127464155,2333,334625,416127464155,416114598614,0,416113679905,
0,94829,416126658606,416126658606,-550188901,416127727197,416128719614,416129022530,416129071739,416159991938,416127721405,16666666,416129589030,416129869655,416129918405,416130662239,416143811530,2083,266416,416143811530,416131590614,0,416130662239,
0,94837,416143325272,416143325272,-747821280,416144578280,416145236739,416145431530,416145454697,416176658604,416144572197,16666666,416145592197,416145902405,416145984739,416147134239,416161248822,1792,98542,416161248822,416147828030,0,416147134239,
0,94845,416159991938,416159991938,-167888106,416162360655,416162933489,416163288572,416163338405,416193325270,416162354239,16666666,416163605905,416163882405,416163989155,416165269947,416178123572,3334,437875,416178123572,416166336905,0,416165269947,
0,94853,416176658604,416176658604,-1031474536,416178644530,416179325697,416179555197,416179593364,416209991936,416178637489,16666666,416179768614,416179782780,416179882989,416181161989,416193762780,1500,93667,416193762780,416181852072,0,416181161989,
0,94861,416193325270,416193325270,-764782377,416194055614,416194503030,416194653864,416194674697,416226658602,416194050489,16666666,416194796822,416194812780,416194894697,416195921447,416210569447,2250,238250,416210569447,416196892072,0,416195921447,
0,94869,416209991936,416209991936,-879575193,416210964322,416211662281,416211833364,416211856031,416243325268,416210958906,16666666,416211980239,416212331739,416212403031,416213728322,416227422864,2000,120667,416227422864,416214577614,0,416213728322,
0,94877,416226658602,416226658602,-32981035,416227737739,416227749697,416228752281,416228789364,416259991934,416227732031,16666666,416228921697,416229112656,416229163906,416230074947,416243883781,1583,187542,416243883781,416230805031,0,416230074947,
0,94885,416243325268,416243325268,0,416244532156,416244532947,416245085739,416245122031,416276658600,416244527114,16666666,416245250281,416245521947,416245631989,416246177447,416260799281,1334,106917,416260799281,416246627114,0,416246177447,
0,94893,416259991934,416259991934,0,416260839239,416260840406,416260840822,416260891364,416293325266,416260833406,16666666,416261366656,416261576864,416261646197,416262652656,416277271781,1791,182250,416277271781,416263944989,0,416262652656,
0,94901,416276658600,416276658600,0,416277482156,416277701989,416277702656,416277774572,416309991932,416277476614,16666666,416278472739,416279157406,416279306114,416281010489,416293851572,1250,89042,416293851572,416281724739,0,416281010489,
0,94909,416293325266,416293325266,-530392216,416295842947,416295843781,416296181322,416296211447,416326658598,416295839364,16666666,416296402781,416296552364,416296831697,416297601031,416310703572,2250,283666,416310703572,416298326156,0,416297601031,
0,94917,416309991932,416309991932,-809491628,416311118156,416311574822,416311774447,416311798114,416343325264,416311111947,16666666,416311937489,416312163739,416312329822,416313449822,416327097656,2125,155834,416327097656,416314260864,0,416313449822,
0,94925,416326658598,416326658598,-783129431,416327514197,416328891239,416329072072,416329401156,416359991930,416327508781,16666666,416329546656,416329632197,416329665114,416330342406,416345516906,4000,538291,416345516906,416331605739,0,416330342406,
0,94933,416343325264,416343325264,-828188490,416346071822,416347158197,416347386656,416347426656,416376658596,416346065531,16666666,416347766114,416347889822,416347964697,416348784697,416360582281,1458,100667,416360582281,416349300531,0,416348784697,
0,94941,416359991930,416359991930,-484917922,416360993531,416361517656,416361685197,416361711406,416393325262,416360988156,16666666,416361867614,416362160447,416362262531,416363062614,416377170322,1458,188167,416377170322,416363948364,0,416363062614,
0,94949,416376658596,416376658596,-92975183,416378079947,416378643697,416378857156,416378893989,416409991928,416378072447,16666666,416379087739,416379119114,416379237864,416380409614,416393788864,2459,253667,416393788864,416381242614,0,416380409614,
0,94957,416393325262,416393325262,-925693982,416394149947,416394766031,416394946781,416394988281,416426658594,416394144072,16666666,416395125406,416395336572,416395391531,416396835281,416410520781,1958,178000,416410520781,416397514281,0,416396835281,
0,94965,416409991928,416409991928,-142690995,416410714239,416411612114,416411874489,416411920489,416443325260,416410708739,16666666,416412868031,416413003572,416413046614,416413629447,416427274114,1875,111250,416427274114,416414174822,0,416413629447,
0,94973,416426658594,416426658594,-589744077,416427918864,416428768197,416428925572,416428949239,416459991926,416427912906,16666666,416429077697,416429263572,416429299614,416430021572,416444179656,2000,443625,416444179656,416431188864,0,416430021572,
0,94981,416443325260,416443325260,-938392148,416444554822,416445413697,416445663906,416445707031,416476658592,416444549281,16666666,416445925281,416446139822,416446199906,416447526072,416460692239,1833,138291,416460692239,416448642364,0,416447526072,
0,94989,416459991926,416459991926,-69353334,416460847447,416461499322,416461648697,416461686364,416493325258,416460840197,16666666,416461841447,416462094989,416462244656,416463174072,416477271906,1666,103667,416477271906,416463662656,0,416463174072,
0,94997,416476658592,416476658592,-947234233,416477569114,416478233989,416478426114,416478456072,416509991924,416477562489,16666666,416479556489,416479959447,416479996114,416480990447,416495821156,1875,174333,416495821156,416481742406,0,416480990447,
0,95005,416493325258,416493325258,-420848658,416496575781,416497327906,416497556489,416497588614,416526658590,416496569572,16666666,416497741489,416497882572,416497902614,416498674572,416510320947,3917,132625,416510320947,416499289614,0,416498674572,
0,95013,416509991924,416509991924,-359819853,416511015406,416511486614,416511639781,416511661447,416543325256,416511008656,16666666,416511822572,416512087947,416512107197,416513251281,416527060864,1542,84583,416527060864,416513804156,0,416513251281,
0,95021,416526658590,416526658590,-637563517,416527531239,416527988697,416528355656,416528382531,416559991922,416527525447,16666666,416528525739,416529243197,416529282197,416529930822,416545545114,2333,205209,416545545114,416530600739,0,416529930822,
0,95029,416543325256,416543325256,-536283677,416545850322,416546620989,416546817114,416546844114,416576658588,416545843989,16666666,416547387197,416547701947,416548220739,416548879864,416560725531,1583,81750,416560725531,416549367114,0,416548879864,
0,95037,416559991922,416559991922,-1034897170,416561190781,416561787781,416561959531,416561984947,416593325254,416561184614,16666666,416562455114,416562508031,416562594781,416563183364,416577895739,2000,187458,416577895739,416563971239,0,416563183364,
0,95045,416576658588,416576658588,-673499647,416578150864,416578743656,416578909906,416578932156,416609991920,416578145572,16666666,416579247906,416579443947,416579463489,416580668572,416595086989,6000,99375,416595086989,416581335322,0,416580668572,
0,95053,416593325254,416593325254,-513811431,416595360031,416596403906,416596777114,416597152406,416626658586,416595353781,16666666,416597520322,416597683822,416597897031,416598640114,416612274489,2000,170250,416612274489,416599318156,0,416598640114,
0,95061,416609991920,416609991920,-500601241,416612453156,416613455114,416613738031,416613795072,416643325252,416612445822,16666666,416614133281,416614268072,416614316489,416616161114,416627321572,1917,124250,416627321572,416616985447,0,416616161114,
0,95069,416626658586,416626658586,-344982857,416627802322,416628627947,416628868697,416628904239,416659991918,416627796364,16666666,416629073697,416629535322,416629560781,416630403906,416643845864,251625,127000,416643845864,416631894864,0,416630403906,
0,95077,416643325252,416643325252,-41834034,416644520781,416645352572,416646203239,416646310114,416676658584,416644513239,16666666,416647133697,416647269031,416647328697,416648616447,416660732322,2042,168792,416660732322,416649643947,0,416648616447,
0,95085,416659991918,416659991918,-186702549,416661224739,416661241239,416662324989,416662389447,416693325250,416661218281,16666666,416662831364,416663082572,416663133072,416664500364,416677447114,2375,256084,416677447114,416665811906,0,416664500364,
0,95093,416676658584,416676658584,0,416677666947,416677668114,416678132697,416678184239,416709991916,416677660572,16666666,416678357156,416678678864,416678726864,416680682739,416694017239,2125,178250,416694017239,416682316406,0,416680682739,
0,95101,416693325250,416693325250,0,416694534864,416694535864,416695315447,416695365031,416726658582,416694528322,16666666,416696210197,416696620239,416696696531,416697029947,416710779864,1833,276042,416710779864,416697941114,0,416697029947,
0,95109,416709991916,416709991916,0,416711234072,416711235031,416711669739,416711705739,416743325248,416711228489,16666666,416711949864,416712445614,416712569739,416713068989,416727008489,1750,83167,416727008489,416713736697,0,416713068989,
0,95117,416726658582,416726658582,0,416727417447,416727418322,416727955572,416728456197,416759991914,416727411906,16666666,416728810072,416728901947,416728937864,416729290197,416744565781,1792,94417,416744565781,416730304906,0,416729290197,
0,95125,416743325248,416743325248,-670832838,416744908281,416745302989,416746145947,416746170947,416776658580,416744902197,16666666,416746379989,416746455531,416746491947,416746899489,416761321531,1792,196042,416761321531,416747888156,0,416746899489,
0,95133,416759991914,416759991914,-772453920,416761467572,416762223989,416762490739,416762518906,416793325246,416761461906,16666666,416763048489,416763256489,416763321781,416763703822,416765064614,1500,435458,416765007572,416765064614,0,416763703822,
0,95141,416776658580,416776658580,-848328625,416777698781,416778090822,416778302572,416778323822,416809991912,416777693239,16666666,416778514114,416778580156,416778600447,416779254739,416780596614,2250,691125,416780496197,416780596614,0,416779254739,
0,95149,416793325246,416793325246,-161136438,416794936156,416795801739,416796906822,416796932156,416826658578,416794930447,16666666,416797035864,416797120489,416797165197,416797865864,416810599906,1292,86958,416810599906,416798444031,0,416797865864,
0,95157,416809991912,416809991912,-937043487,416811012031,416811659822,416811844572,416811872322,416843325244,416811006572,16666666,416812362281,416812585989,416812632031,416813250281,416827151406,2125,276583,416827151406,416813977072,0,416813250281,
0,95165,416826658578,416826658578,-630724437,416827799114,416828698822,416828861531,416828885864,416859991910,416827793114,16666666,416829016239,416829155947,416829218114,416830095906,416843891781,1750,117875,416843891781,416830689197,0,416830095906,
0,95173,416843325244,416843325244,-610941406,416844428864,416845075114,416845255656,416845287447,416876658576,416844422114,16666666,416845428781,416845542572,416845633114,416846582822,416860478614,1708,171417,416860478614,416847548406,0,416846582822,
0,95181,416859991910,416859991910,-859599857,416860962739,416861407489,416861595322,416861617531,416893325242,416860957156,16666666,416861754781,416861879197,416861913197,416862428572,416877537822,1583,310375,416877537822,416863118031,0,416862428572,
0,95189,416876658576,416876658576,-166867990,416877545447,416878171114,416878369947,416878393989,416909991908,416877539697,16666666,416878526114,416879160197,416879285406,416879864864,416893841947,2166,169334,416893841947,416880526906,0,416879864864,
0,95197,416893325242,416893325242,-705264523,416894127406,416894753906,416894921656,416894952822,416926658574,416894121614,16666666,416895093114,416895673489,416895692281,416896656614,416910633989,2334,391125,416910633989,416897523031,0,416896656614,
0,95205,416909991908,416909991908,-895250367,416910876323,416911803406,416911972948,416912807948,416943325240,416910870906,16666666,416912969198,416913208114,416913256698,416913931948,416927536239,2292,429875,416927536239,416914942198,0,416913931948,
0,95213,416926658574,416926658574,-18431021,416928650739,416929220073,416929392739,416929417239,416959991906,416928645156,16666666,416929566531,416929877364,416929900156,416930638406,416944347823,2375,656000,416944347823,416931760448,0,416930638406,
0,95221,416943325240,416943325240,-44376364,416944803281,416945287698,416945456114,416945479364,416976658572,416944797781,16666666,416945881031,416946462031,416946481406,416946984864,416960462448,1541,81625,416960462448,416947451656,0,416946984864,
0,95229,416959991906,416959991906,-242648671,416961341239,416962158739,416962360739,416962445198,416993325238,416961335198,16666666,416962750656,416962941281,416962980073,416963589156,416977789614,1708,141958,416977789614,416964268614,0,416963589156,
0,95237,416976658572,416976658572,-82882402,416978193323,416978896989,416979125614,416979158239,417009991904,416978187323,16666666,416979302948,416979447781,416979466031,416980572739,416993870573,1708,66458,416993870573,416981083031,0,416980572739,
0,95245,416993325238,416993325238,-989672228,416994314114,416995059489,416995253781,416995623864,417026658570,416994307948,16666666,416995773698,416995892323,416995925781,416996863781,417010949573,2000,95625,417010949573,416997384073,0,416996863781,
0,95253,417009991904,417009991904,-21575787,417011249198,417011861531,417012664114,417012694281,417043325236,417011243364,16666666,417012839489,417012997823,417013018156,417013509614,417027856239,2083,168500,417027856239,417014424448,0,417013509614,
0,95261,417026658570,417026658570,-801679253,417027893823,417028923656,417029105823,417029135364,417059991902,417027888406,16666666,417029273989,417029428739,417029524448,417030308323,417044541239,1917,85500,417044541239,417030871489,0,417030308323,
0,95269,417043325236,417043325236,-707112343,417044770198,417045389989,417045559573,417045584739,417076658568,417044764073,16666666,417045730531,417045952073,417046041114,417046786906,417060987614,1500,72959,417060987614,417047371614,0,417046786906,
0,95277,417059991902,417059991902,-667422518,417061389489,417061821614,417062004614,417062028906,417093325234,417061382864,16666666,417062180906,417062708239,417062836906,417063850614,417078126406,2166,158125,417078126406,417064697906,0,417063850614,
0,95285,417076658568,417076658568,-482914528,417078407614,417078868864,417079043531,417079067573,417109991900,417078400739,16666666,417079216948,417079545781,417080193031,417081125156,417093733656,1583,76958,417093733656,417081583656,0,417081125156,
0,95293,417093325234,417093325234,-578894648,417094010031,417094785281,417095021156,417095051448,417126658566,417094004864,16666666,417095208531,417095351906,417095425573,417097106156,417110673489,3541,53083,417110673489,417097804489,0,417097106156,
0,95301,417109991900,417109991900,-603720722,417111161406,417111176364,417111550239,417111613156,417143325232,417111155614,16666666,417111772364,417112070406,417112105364,417112842156,417127419156,1833,76208,417127419156,417113386656,0,417112842156,
0,95309,417126658566,417126658566,0,417127724531,417127725239,417128182948,417128233323,417159991898,417127719031,16666666,417128369948,417128897823,417128945614,417129584864,417144832114,1791,72000,417144832114,417130032156,0,417129584864,
0,95317,417143325232,417143325232,0,417145355198,417145355989,417145356448,417145405614,417176658564,417145349281,16666666,417145718239,417146048406,417146120864,417146844489,417161052906,2875,112791,417161052906,417147475114,0,417146844489,
0,95325,417159991898,417159991898,0,417161087031,417161088156,417161088573,417161164031,417193325230,417161079656,16666666,417161612531,417161904281,417161964073,417163092281,417177504823,2208,143084,417177504823,417163878948,0,417163092281,
0,95333,417176658564,417176658564,0,417178094823,417178096239,417178096781,417178172114,417209991896,417178087198,16666666,417178659781,417178905948,417178962364,417180176489,417194625781,1916,171542,417194625781,417181397448,0,417180176489,
0,95341,417193325230,417193325230,0,417195188656,417195189531,417195189948,417195245364,417226658562,417195182948,16666666,417195589948,417195858073,417195911364,417197054573,417211643989,2125,147875,417211643989,417197733531,0,417197054573,
0,95349,417209991896,417209991896,0,417212272781,417212273614,417212274198,417212330323,417243325228,417212266781,16666666,417212814823,417213064739,417213102614,417213971073,417227398198,1541,76292,417227398198,417214649573,0,417213971073,
0,95357,417226658562,417226658562,0,417227622739,417227623531,417227623906,417227675656,417259991894,417227616323,16666666,417228126656,417228575281,417228615281,417229440073,417244595114,1791,73750,417244595114,417229990156,0,417229440073,
0,95365,417243325228,417243325228,0,417244897614,417244898489,417244898906,417244947031,417276658560,417244891781,16666666,417245252031,417245514281,417246047739,417246613448,417261115114,1917,75291,417261115114,417247142906,0,417246613448,
0,95373,417259991894,417259991894,0,417261098823,417261099531,417261099906,417261155156,417293325226,417261093614,16666666,417261460406,417261620031,417261738281,417262527989,417277624281,1667,65583,417277624281,417262989864,0,417262527989,
0,95381,417276658560,417276658560,0,417278004989,417278006073,417278006739,417278071823,417309991892,417277997614,16666666,417278676364,417278961698,417279040198,417280182281,417294635406,1875,69166,417294635406,417280760614,0,417280182281,
0,95389,417293325226,417293325226,0,417294886614,417294887531,417294887948,417294938198,417326658558,417294881281,16666666,417295329073,417295821114,417295860781,417296896573,417311039073,1833,119709,417311039073,417297503906,0,417296896573,
0,95397,417309991892,417309991892,0,417311248656,417311249823,417311250364,417311310823,417343325224,417311241323,16666666,417311675156,417311982448,417313078073,417313830323,417327639156,2125,155167,417327639156,417314535698,0,417313830323,
0,95405,417326658558,417326658558,0,417327872698,417327873489,417327873906,417327923698,417359991890,417327867489,16666666,417328360406,417328538239,417328597323,417329522406,417344410073,2000,154750,417344410073,417330146781,0,417329522406,
0,95413,417343325224,417343325224,0,417348264906,417348268489,417348269323,417348562323,417376658556,417348253448,16666666,417349369823,417350201989,417350292448,417351104031,417362727531,1542,85000,417362727531,417351712156,0,417351104031,
0,95421,417359991890,417359991890,0,417363455448,417363457364,417363458198,417363548114,417393325222,417363444781,16666666,417366233323,417366691739,417366747281,417367810698,417377131906,1792,108042,417377131906,417368706823,0,417367810698,
0,95429,417376658556,417376658556,0,417377745656,417377746781,417377747406,417377801698,417409991888,417377739573,16666666,417378381781,417378673031,417379090989,417379802573,417394334573,1750,78375,417394334573,417380309739,0,417379802573,
0,95437,417393325222,417393325222,0,417394689989,417394690906,417394691364,417394741989,417426658554,417394684906,16666666,417395113948,417395523156,417395558739,417396758073,417410853781,1667,69541,417410853781,417397300989,0,417396758073,
0,95445,417409991888,417409991888,0,417411428823,417411430031,417411430698,417411491698,417443325220,417411421281,16666666,417412284448,417413474239,417413663198,417414425031,417427494114,1542,86166,417427494114,417414973614,0,417414425031,
0,95453,417426658554,417426658554,0,417428424364,417428425448,417428426198,417428489448,417459991886,417428416906,16666666,417428979073,417429341406,417429394073,417430193823,417444872281,1417,73542,417444872281,417430724989,0,417430193823,
0,95461,417443325220,417443325220,0,417445205739,417445207156,417445207698,417445266864,417476658552,417445198073,16666666,417445645573,417445805489,417445857031,417446823406,417461499448,1833,96875,417461499448,417447746948,0,417446823406,
0,95469,417459991886,417459991886,0,417462270948,417462272573,417462273156,417462339114,417493325218,417462264073,16666666,417463004281,417463327489,417463520281,417465842073,417478456114,2250,141958,417478456114,417466751698,0,417465842073,
0,95477,417476658552,417476658552,0,417478564031,417478565698,417478566406,417478638531,417493325218,417478557239,16666666,417479120031,417480259739,417480826739,417482227989,415493790947,2416,220167,415493790947,417483310031,0,417482227989,
---PROFILEDATA---


View hierarchy:

  dev.polski.grammarmatrix/dev.polski.grammarmatrix.GlassBenchmarkActivity/android.view.ViewRootImpl@6932836
  7 views, 12.02 kB of render nodes


Total ViewRootImpl   : 1
Total attached Views : 7
Total RenderNode     : 12.02 kB (used) / 36.09 kB (capacity)

