Applications Graphics Acceleration Info:
Uptime: 464687 Realtime: 464687

** Graphics info for pid 3816 [dev.polski.grammarmatrix] **

Stats since: 459115397593ns
Total frames rendered: 325
Janky frames: 8 (2.46%)
Janky frames (legacy): 1 (0.31%)
50th percentile: 17ms
90th percentile: 17ms
95th percentile: 18ms
99th percentile: 19ms
Number Missed Vsync: 0
Number High input latency: 357
Number Slow UI thread: 1
Number Slow bitmap uploads: 0
Number Slow issue draw commands: 8
Number Frame deadline missed: 8
Number Frame deadline missed (legacy): 1
HISTOGRAM: 5ms=6 6ms=0 7ms=0 8ms=0 9ms=0 10ms=0 11ms=0 12ms=0 13ms=0 14ms=1 15ms=0 16ms=91 17ms=199 18ms=20 19ms=7 20ms=0 21ms=0 22ms=0 23ms=0 24ms=0 25ms=0 26ms=0 27ms=0 28ms=0 29ms=0 30ms=0 31ms=0 32ms=1 34ms=0 36ms=0 38ms=0 40ms=0 42ms=0 44ms=0 46ms=0 48ms=0 53ms=0 57ms=0 61ms=0 65ms=0 69ms=0 73ms=0 77ms=0 81ms=0 85ms=0 89ms=0 93ms=0 97ms=0 101ms=0 105ms=0 109ms=0 113ms=0 117ms=0 121ms=0 125ms=0 129ms=0 133ms=0 150ms=0 200ms=0 250ms=0 300ms=0 350ms=0 400ms=0 450ms=0 500ms=0 550ms=0 600ms=0 650ms=0 700ms=0 750ms=0 800ms=0 850ms=0 900ms=0 950ms=0 1000ms=0 1050ms=0 1100ms=0 1150ms=0 1200ms=0 1250ms=0 1300ms=0 1350ms=0 1400ms=0 1450ms=0 1500ms=0 1550ms=0 1600ms=0 1650ms=0 1700ms=0 1750ms=0 1800ms=0 1850ms=0 1900ms=0 1950ms=0 2000ms=0 2050ms=0 2100ms=0 2150ms=0 2200ms=0 2250ms=0 2300ms=0 2350ms=0 2400ms=0 2450ms=0 2500ms=0 2550ms=0 2600ms=0 2650ms=0 2700ms=0 2750ms=0 2800ms=0 2850ms=0 2900ms=0 2950ms=0 3000ms=0 3050ms=0 3100ms=0 3150ms=0 3200ms=0 3250ms=0 3300ms=0 3350ms=0 3400ms=0 3450ms=0 3500ms=0 3550ms=0 3600ms=0 3650ms=0 3700ms=0 3750ms=0 3800ms=0 3850ms=0 3900ms=0 3950ms=0 4000ms=0 4050ms=0 4100ms=0 4150ms=0 4200ms=0 4250ms=0 4300ms=0 4350ms=0 4400ms=0 4450ms=0 4500ms=0 4550ms=0 4600ms=0 4650ms=0 4700ms=0 4750ms=0 4800ms=0 4850ms=0 4900ms=0 4950ms=0
50th gpu percentile: 15ms
90th gpu percentile: 15ms
95th gpu percentile: 16ms
99th gpu percentile: 17ms
GPU HISTOGRAM: 1ms=0 2ms=6 3ms=0 4ms=0 5ms=0 6ms=0 7ms=0 8ms=0 9ms=0 10ms=0 11ms=0 12ms=8 13ms=13 14ms=121 15ms=153 16ms=20 17ms=3 18ms=0 19ms=0 20ms=0 21ms=1 22ms=0 23ms=0 24ms=0 25ms=0 4950ms=0

Pipeline=Skia (OpenGL)
Memory policy:
  Max surface area: 2592000
  Max resource usage: 124.42MB (x48)
  Background retention: 50% (altUiHidden = true)
  GPU Context timeout: 10
Contexts: 1 (stopped = 0)
CPU Caches:
  Glyph Cache: 33.70 KB (1 entry)
  Glyph Count: 11 
Total CPU memory usage:
  34510 bytes, 33.70 KB (0.00 bytes is purgeable)
GPU Caches:
  Other:
    Other: 49.27 KB (1 entry)
    Buffer Object: 36.00 KB (1 entry)
  Scratch:
    RenderTarget: 11.88 MB (1 entry)
    Buffer Object: 110.00 KB (3 entries)
    Texture: 2.00 MB (1 entry)
Total GPU memory usage:
  14748944 bytes, 14.07 MB (68.00 KB is purgeable)

GraphicBufferAllocator buffers:
        Handle |        Size |     W (Stride) x H | Layers |   Format |      Usage | Requestor
0xb400007b2c426ab0 |     unknown | 1080 (   0) x 2400 |      1 |        1 | 0x     b00 | VRI[GlassBenchmarkActivity]#0(BLAST Consumer)0
0xb400007b2c427e60 |     unknown | 1080 (   0) x 2400 |      1 |        1 | 0x     b00 | VRI[GlassBenchmarkActivity]#0(BLAST Consumer)0
0xb400007b2c4282e0 |     unknown | 1080 (   0) x 2400 |      1 |        1 | 0x     b00 | VRI[GlassBenchmarkActivity]#0(BLAST Consumer)0
Total allocated by GraphicBufferAllocator (estimate): 0.00 KB
GoldfishAllocator::dumpDebugInfo is not implemented
Profile data in ms:

	dev.polski.grammarmatrix/dev.polski.grammarmatrix.GlassBenchmarkActivity/android.view.ViewRootImpl@6932836 (visibility=0)
Window: dev.polski.grammarmatrix/dev.polski.grammarmatrix.GlassBenchmarkActivity
Stats since: 459115397259ns
Total frames rendered: 325
Janky frames: 8 (2.46%)
Janky frames (legacy): 1 (0.31%)
50th percentile: 17ms
90th percentile: 17ms
95th percentile: 18ms
99th percentile: 19ms
Number Missed Vsync: 0
Number High input latency: 357
Number Slow UI thread: 1
Number Slow bitmap uploads: 0
Number Slow issue draw commands: 8
Number Frame deadline missed: 8
Number Frame deadline missed (legacy): 1
HISTOGRAM: 5ms=6 6ms=0 7ms=0 8ms=0 9ms=0 10ms=0 11ms=0 12ms=0 13ms=0 14ms=1 15ms=0 16ms=91 17ms=199 18ms=20 19ms=7 20ms=0 21ms=0 22ms=0 23ms=0 24ms=0 25ms=0 26ms=0 27ms=0 28ms=0 29ms=0 30ms=0 31ms=0 32ms=1 34ms=0 36ms=0 38ms=0 40ms=0 42ms=0 44ms=0 46ms=0 48ms=0 53ms=0 57ms=0 61ms=0 65ms=0 69ms=0 73ms=0 77ms=0 81ms=0 85ms=0 89ms=0 93ms=0 97ms=0 101ms=0 105ms=0 109ms=0 113ms=0 117ms=0 121ms=0 125ms=0 129ms=0 133ms=0 150ms=0 200ms=0 250ms=0 300ms=0 350ms=0 400ms=0 450ms=0 500ms=0 550ms=0 600ms=0 650ms=0 700ms=0 750ms=0 800ms=0 850ms=0 900ms=0 950ms=0 1000ms=0 1050ms=0 1100ms=0 1150ms=0 1200ms=0 1250ms=0 1300ms=0 1350ms=0 1400ms=0 1450ms=0 1500ms=0 1550ms=0 1600ms=0 1650ms=0 1700ms=0 1750ms=0 1800ms=0 1850ms=0 1900ms=0 1950ms=0 2000ms=0 2050ms=0 2100ms=0 2150ms=0 2200ms=0 2250ms=0 2300ms=0 2350ms=0 2400ms=0 2450ms=0 2500ms=0 2550ms=0 2600ms=0 2650ms=0 2700ms=0 2750ms=0 2800ms=0 2850ms=0 2900ms=0 2950ms=0 3000ms=0 3050ms=0 3100ms=0 3150ms=0 3200ms=0 3250ms=0 3300ms=0 3350ms=0 3400ms=0 3450ms=0 3500ms=0 3550ms=0 3600ms=0 3650ms=0 3700ms=0 3750ms=0 3800ms=0 3850ms=0 3900ms=0 3950ms=0 4000ms=0 4050ms=0 4100ms=0 4150ms=0 4200ms=0 4250ms=0 4300ms=0 4350ms=0 4400ms=0 4450ms=0 4500ms=0 4550ms=0 4600ms=0 4650ms=0 4700ms=0 4750ms=0 4800ms=0 4850ms=0 4900ms=0 4950ms=0
50th gpu percentile: 15ms
90th gpu percentile: 15ms
95th gpu percentile: 16ms
99th gpu percentile: 17ms
GPU HISTOGRAM: 1ms=0 2ms=6 3ms=0 4ms=0 5ms=0 6ms=0 7ms=0 8ms=0 9ms=0 10ms=0 11ms=0 12ms=8 13ms=13 14ms=121 15ms=153 16ms=20 17ms=3 18ms=0 19ms=0 20ms=0 21ms=1 22ms=0 23ms=0 24ms=0 25ms=0 4950ms=0



---PROFILEDATA---
Flags,FrameTimelineVsyncId,IntendedVsync,Vsync,InputEventId,HandleInputStart,AnimationStart,PerformTraversalsStart,DrawStart,FrameDeadline,FrameInterval,FrameStartTime,SyncQueued,SyncStart,IssueDrawCommandsStart,SwapBuffers,FrameCompleted,DequeueBufferDuration,QueueBufferDuration,GpuCompleted,SwapBuffersCompleted,DisplayPresentTime,CommandSubmissionCompleted,
0,115637,462643323412,462643323412,0,462644658761,462644660094,462644660761,462644730928,462676656744,462644651428,16666666,462645446969,462645485094,462645540303,462646356594,462660753511,2959,241333,462660753511,462647608969,0,462646356594,
0,115645,462659990078,462659990078,-39439976,462661053594,462661243594,462661244136,462661292803,462693323410,462661049136,16666666,462661553511,462662012344,462662058761,462662894844,462677357386,1834,149375,462677357386,462663538761,0,462662894844,
0,115653,462676656744,462676656744,-513263128,462677484594,462678155761,462678311678,462678336636,462709990076,462677478886,16666666,462678545886,462678955928,462678984594,462679998886,462693985011,452500,192792,462693985011,462681439469,0,462679998886,
0,115661,462693323410,462693323410,-54208206,462694080636,462694502094,462694676553,462694701636,462726656742,462694075178,16666666,462694845719,462694882469,462695157136,462696337386,462710354886,1917,75750,462710354886,462696805553,0,462696337386,
0,115669,462709990076,462709990076,-68058099,462710890803,462711596719,462711755178,462711785719,462743323408,462710883303,16666666,462711917053,462712107553,462712206511,462712802719,462727214553,1625,72000,462727214553,462713227303,0,462712802719,
0,115677,462726656742,462726656742,-704464616,462727498761,462728184219,462728342844,462728367178,462759990074,462727493428,16666666,462728517636,462728854511,462729000844,462730136886,462743773553,2541,163709,462743773553,462731016178,0,462730136886,
0,115685,462743323408,462743323408,-419033499,462744264803,462744960844,462745711094,462745751261,462776656740,462744257803,16666666,462745905303,462746222428,462746274886,462746802053,462760821969,1583,87500,462760821969,462747409678,0,462746802053,
0,115693,462759990074,462759990074,-954591935,462760776636,462761177011,462761344053,462761367386,462793323406,462760771511,16666666,462761504344,462761595886,462761657011,462763083761,462777127011,1791,77417,462777127011,462763552178,0,462763083761,
0,115701,462776656740,462776656740,-145127178,462777441511,462778056303,462778276511,462778553094,462809990072,462777435469,16666666,462778776594,462779160219,462779200219,462780211928,462793775094,1583,95166,462793775094,462781027594,0,462780211928,
0,115709,462793323406,462793323406,-149872424,462794189636,462794934678,462795092386,462795116511,462826656738,462794184053,16666666,462795245636,462795260511,462795287928,462796394678,462810604678,2292,80458,462810604678,462797053719,0,462796394678,
0,115717,462809990072,462809990072,-935138218,462810807219,462811232886,462812623511,462812653969,462843323404,462810801928,16666666,462812814011,462812906094,462812939678,462813525094,462827300636,2083,104000,462827300636,462814102261,0,462813525094,
0,115725,462826656738,462826656738,-671568931,462827804511,462829031594,462829210053,462829238886,462859990070,462827798219,16666666,462829380094,462829755844,462829787386,462830293719,462843836011,1583,69041,462843836011,462830762511,0,462830293719,
0,115733,462843323404,462843323404,-70558737,462844221886,462844768469,462845621844,462845648886,462876656736,462844216678,16666666,462845785386,462845881053,462845956553,462846502011,462860562928,1833,73417,462860562928,462847007428,0,462846502011,
0,115741,462859990070,462859990070,-269295094,462860869011,462861412344,462861909928,462861954011,462893323402,462860862469,16666666,462862146636,462862244428,462862278844,462863347053,462877089678,1500,77125,462877089678,462863898386,0,462863347053,
0,115749,462876656736,462876656736,-460360040,462877497803,462878264886,462879158011,462879185344,462909990068,462877492344,16666666,462879330386,462879511803,462879543344,462880432594,462893806136,1792,107917,462893806136,462881078594,0,462880432594,
0,115757,462893323402,462893323402,-764696914,462894124803,462894704553,462894947053,462894996136,462926656734,462894119219,16666666,462895440303,462895476594,462895571928,462896357469,462910617386,1792,80709,462910617386,462896866636,0,462896357469,
0,115765,462909990068,462909990068,-246593260,462910937094,462911335511,462911626011,462911679969,462943323400,462910931594,16666666,462912292469,462912457678,462912480094,462913279969,462927098886,1542,86334,462927098886,462913835178,0,462913279969,
0,115773,462926656734,462926656734,-366170498,462927376761,462927889261,462928769761,462928799594,462959990066,462927371719,16666666,462928953969,462928967636,462929005303,462929733011,462944544844,1958,131875,462944544844,462930355219,0,462929733011,
0,115781,462943323400,462943323400,-553430424,462944871011,462945388719,462945636303,462945951136,462976656732,462944865261,16666666,462946129469,462946220844,462946238928,462946984094,462960987428,1708,82375,462960987428,462947651136,0,462946984094,
0,115789,462959990066,462959990066,-153124008,462961095303,462961713011,462962417594,462962454511,462993323398,462961089386,16666666,462962594344,462962876303,462963144178,462963659719,462977383344,1834,86000,462977383344,462964477636,0,462963659719,
0,115797,462976656732,462976656732,-180987856,462977564511,462977995969,462978148511,462978171094,463009990064,462977559678,16666666,462978314969,462978760469,462978966553,462979886719,462995147344,224792,91250,462995147344,462980909261,0,462979886719,
0,115805,462993323398,462993323398,-452461552,462995347928,462995927053,462996848094,462996886844,463026656730,462995341594,16666666,462997046469,462997351136,462997385219,462997910219,463010741719,1750,119167,463010741719,462998593094,0,462997910219,
0,115813,463009990064,463009990064,-246919631,463011467719,463012391719,463012545969,463012570219,463043323396,463011460094,16666666,463012856678,463013058594,463013115303,463014104344,463027414428,2500,131916,463027414428,463015206511,0,463014104344,
0,115821,463026656730,463026656730,-414377430,463027969678,463027984678,463028627011,463028811594,463059990062,463027963553,16666666,463029000594,463029217219,463029263094,463029876594,463044714678,2833,169000,463044714678,463030575344,0,463029876594,
0,115829,463043323396,463043323396,0,463044711178,463044712053,463045073761,463045110511,463076656728,463044706053,16666666,463045246970,463045638345,463045685970,463046676470,463061098720,1584,86167,463061098720,463047264595,0,463046676470,
0,115837,463059990062,463059990062,0,463061347386,463061348178,463061780428,463061822928,463093323394,463061341970,16666666,463062253928,463062417303,463062537136,463062934678,463077178595,1500,75208,463077178595,463063458970,0,463062934678,
0,115845,463076656728,463076656728,0,463077498261,463077499136,463077982261,463078016261,463109990060,463077492470,16666666,463078696720,463078951761,463079007886,463079314553,463093787970,5083,120833,463093787970,463080595303,0,463079314553,
0,115860,463109990060,463109990060,-62358886,463110687970,463111054720,463111264011,463111284095,463126656726,463110682845,16666666,463111478845,463111780345,463111856886,463112547178,463127417345,2000,94416,463127417345,463113464928,0,463112547178,
0,115868,463126656726,463126656726,-785554623,463127444428,463127847011,463129544553,463129593053,463159990058,463127439220,16666666,463129757720,463129885386,463129942511,463130533053,463143846470,2125,100291,463143846470,463131100511,0,463130533053,
0,115876,463143323392,463143323392,-226798858,463144233970,463145096470,463145254136,463145278761,463176656724,463144227345,16666666,463145564095,463145730220,463145750470,463146485220,463160451845,1791,73334,463160451845,463146951178,0,463146485220,
0,115884,463159990058,463159990058,-491757701,463160875845,463161812345,463162045220,463162076970,463193323390,463160868053,16666666,463162218803,463162399511,463162435720,463163284970,463177337428,1792,159542,463177337428,463164648511,0,463163284970,
0,115892,463176656724,463176656724,-977746639,463177589636,463178400178,463178875761,463178921261,463209990056,463177582178,16666666,463179101345,463179297345,463179410178,463180498011,463193827261,2125,153208,463193827261,463181418636,0,463180498011,
0,115900,463193323390,463193323390,-57289724,463194169345,463194870428,463195069345,463195101053,463226656722,463194161761,16666666,463195250678,463195406886,463195471678,463196704511,463210535595,2417,154250,463210535595,463197343345,0,463196704511,
0,115908,463209990056,463209990056,-7759539,463211257803,463212359553,463212681053,463212726345,463243323388,463211252636,16666666,463212941386,463213265261,463213327428,463214166220,463227299761,1834,116458,463227299761,463214768553,0,463214166220,
0,115916,463226656722,463226656722,-713731070,463227531178,463227953803,463228218803,463228243178,463259990054,463227525845,16666666,463228408970,463228473970,463228545636,463229397261,463243811845,1167,71125,463243811845,463230039761,0,463229397261,
0,115924,463243323388,463243323388,-524382844,463244299386,463244771386,463244932053,463244955553,463276656720,463244292845,16666666,463245295345,463245562553,463245610345,463246221095,463260610970,1875,129000,463260610970,463246851595,0,463246221095,
0,115932,463259990054,463259990054,-22599047,463260864803,463261421970,463261764386,463261813095,463293323386,463260859470,16666666,463262001220,463262021220,463262216470,463263083511,463277278720,1917,74250,463277278720,463263563678,0,463263083511,
0,115940,463276656720,463276656720,-895644723,463277662178,463278516386,463278714761,463278746553,463309990052,463277655011,16666666,463278882678,463279056928,463279149553,463279941636,463293906470,1750,75417,463293906470,463280661803,0,463279941636,
0,115948,463293323386,463293323386,-315408232,463293934970,463294502303,463294660428,463294684928,463326656718,463293929136,16666666,463295018845,463295175553,463295708053,463296585553,463310657636,2416,275000,463310657636,463297373970,0,463296585553,
0,115956,463309990052,463309990052,-457522846,463310691303,463311428720,463311578761,463311602970,463343323384,463310686095,16666666,463311756970,463312226886,463312361595,463313169595,463327251053,1917,225083,463327251053,463314083428,0,463313169595,
0,115964,463326656718,463326656718,-726745538,463327481470,463327853261,463327985595,463328498095,463359990050,463327396886,16666666,463328657011,463328947803,463328981595,463329712928,463343927011,259542,725250,463343927011,463331471636,0,463329712928,
0,115972,463343323384,463343323384,-851825940,463343968095,463344691803,463344883970,463344911095,463376656716,463343962636,16666666,463345049970,463345815511,463345836678,463346598053,463360663886,1875,81125,463360663886,463347116845,0,463346598053,
0,115980,463359990050,463359990050,-263403903,463360966386,463362317928,463362493595,463362524386,463393323382,463360960136,16666666,463362666845,463362783095,463362821720,463363358720,463377060136,1625,81292,463377060136,463363897845,0,463363358720,
0,115988,463376656716,463376656716,-107667895,463377408886,463378102553,463378317053,463378352553,463409990048,463377403845,16666666,463378710136,463378880720,463378899095,463379577220,463394095345,1584,210917,463394095345,463380308136,0,463379577220,
0,115996,463393323382,463393323382,-148574257,463394362886,463394763511,463395158553,463395213303,463426656714,463394357553,16666666,463395934636,463396342386,463396359636,463397285428,463410505261,1375,129459,463410505261,463397933678,0,463397285428,
0,116004,463409990048,463409990048,-860209858,463411050303,463412240386,463412425178,463412459261,463443323380,463411042470,16666666,463412609845,463412717386,463412755845,463413485136,463427461470,2542,213042,463427461470,463414382970,0,463413485136,
0,116012,463426656714,463426656714,-53759147,463427368678,463427764178,463427908136,463427931178,463459990046,463427363386,16666666,463428669511,463428860595,463428898761,463429578136,463443776678,333709,99209,463443776678,463430493803,0,463429578136,
0,116020,463443323380,463443323380,-483269788,463444453636,463445094345,463445301970,463445337636,463476656712,463444447345,16666666,463445489136,463445618970,463445656761,463446173553,463460740845,1791,88125,463460740845,463446667553,0,463446173553,
0,116028,463459990046,463459990046,-489724638,463460970511,463460983970,463461341345,463461376678,463493323378,463460964553,16666666,463461512553,463461720428,463461806053,463462983303,463477264886,1500,149625,463477264886,463463804636,0,463462983303,
0,116036,463476656712,463476656712,0,463477444845,463477445928,463478133761,463478199095,463509990044,463477439136,16666666,463478652803,463479067345,463479114053,463479698261,463493908220,1667,94292,463493908220,463480363928,0,463479698261,
0,116044,463493323378,463493323378,0,463494067928,463494069011,463494069553,463494126845,463526656710,463494061928,16666666,463494645678,463494931595,463495018303,463495854970,463510592428,1458,95541,463510592428,463496544386,0,463495854970,
0,116052,463509990044,463509990044,0,463511005970,463511007178,463511007595,463511062886,463543323376,463511000428,16666666,463511398720,463511854220,463511893803,463513193636,463527419511,1875,93917,463527419511,463514509720,0,463513193636,
0,116060,463526656710,463526656710,-879352124,463527997761,463528668720,463528669803,463528743053,463559990042,463527992761,16666666,463529217636,463529432970,463529471595,463530163303,463544975386,1875,129333,463544975386,463530728261,0,463530163303,
0,116068,463543323376,463543323376,-739522784,463545681595,463546576095,463546772261,463546801970,463576656708,463545674845,16666666,463546934720,463547335553,463547355303,463548516803,463562239261,1792,209458,463562239261,463549323345,0,463548516803,
0,116076,463559990042,463559990042,-927500080,463562830095,463563342345,463563863261,463563903720,463593323374,463562824761,16666666,463564546970,463564827053,463564859886,463565410595,463577559595,1542,76250,463577559595,463565927720,0,463565410595,
0,116084,463576656708,463576656708,-47482135,463577811970,463578805303,463578953261,463578975636,463609990040,463577806095,16666666,463579107511,463579194886,463579226553,463580294428,463593932678,2000,104667,463593932678,463580916261,0,463580294428,
0,116092,463593323374,463593323374,-525831316,463594226220,463595721886,463595948886,463595987136,463626656706,463594219386,16666666,463596501345,463596700761,463596782386,463597546553,463611817886,2042,172125,463611817886,463598357345,0,463597546553,
0,116100,463609990040,463609990040,-294096509,463612312303,463612865720,463613019386,463613043136,463643323372,463612306928,16666666,463613180345,463613236720,463613275386,463614548470,463628212845,2417,198250,463628212845,463615285178,0,463614548470,
0,116108,463626656706,463626656706,-185434538,463629291845,463629757261,463629933928,463629966095,463659990038,463629285886,16666666,463630088303,463630171845,463630223178,463631379761,463644664803,1292,97792,463644664803,463631984178,0,463631379761,
0,116116,463643323372,463643323372,-432414667,463645171720,463645859011,463646162553,463646220761,463676656704,463645165511,16666666,463646430970,463646888220,463646923095,463647517220,463661697261,2042,304084,463661697261,463648292345,0,463647517220,
0,116124,463659990038,463659990038,-646516590,463661617970,463662321303,463662529928,463662563303,463693323370,463661610928,16666666,463662704636,463662955303,463663103095,463663911970,463677398345,2000,191458,463677398345,463664685345,0,463663911970,
0,116132,463676656704,463676656704,-559684788,463677730636,463678476386,463678698261,463678731345,463709990036,463677723886,16666666,463678880011,463679009803,463679043595,463680140303,463693762928,2500,323708,463693762928,463681428303,0,463680140303,
0,116140,463693323370,463693323370,-339670876,463694016678,463694511470,463694672761,463694720136,463726656702,463694011428,16666666,463694898053,463695159303,463695253053,463696398970,463710629636,1875,192084,463710629636,463697007470,0,463696398970,
0,116148,463709990036,463709990036,-204436003,463710808720,463711480470,463711700595,463711738428,463743323368,463710803345,16666666,463711943428,463712373386,463712419386,463713158345,463727393720,1583,106583,463727393720,463714075053,0,463713158345,
0,116156,463726656702,463726656702,-328862704,463727465053,463727865220,463728493845,463728544511,463759990034,463727459928,16666666,463728740803,463728918345,463729038136,463729644636,463743727762,1334,83083,463743727762,463730101970,0,463729644636,
0,116164,463743323368,463743323368,-590665291,463744308012,463745776970,463745971178,463745996928,463776656700,463744302095,16666666,463746410845,463746769928,463746790803,463747364762,463760612512,1750,98167,463760612512,463747937512,0,463747364762,
0,116172,463759990034,463759990034,-954754493,463761157345,463761871303,463762205637,463762256553,463793323366,463761152178,16666666,463762475762,463762775678,463762797053,463763643803,463777141678,2000,119375,463777141678,463764900762,0,463763643803,
0,116180,463776656700,463776656700,-681729891,463777467595,463778013053,463778248678,463778287387,463809990032,463777462012,16666666,463778489053,463778650637,463778697720,463779417303,463793638095,1666,122708,463793638095,463779966887,0,463779417303,
0,116188,463793323366,463793323366,-610583839,463793874345,463794572928,463795401595,463795443178,463826656698,463793868887,16666666,463795639262,463795807220,463795845303,463796697512,463810579512,1709,227458,463810579512,463797547178,0,463796697512,
0,116196,463809990032,463809990032,-488843036,463810906428,463811324553,463811484178,463811508595,463843323364,463810901220,16666666,463811972012,463812578762,463812598762,463813417095,463827084095,1916,191750,463827084095,463814080720,0,463813417095,
0,116204,463826656698,463826656698,-30089285,463827493303,463828929428,463829155803,463829205262,463859990030,463827488137,16666666,463829363970,463829477012,463829516137,463830113720,463843729970,1458,104666,463843729970,463830800678,0,463830113720,
0,116212,463843323364,463843323364,-179455373,463844393720,463845456345,463845656637,463845687303,463876656696,463844387512,16666666,463845823803,463845983845,463846018595,463846536803,463860378303,1541,91209,463860378303,463847161762,0,463846536803,
0,116220,463859990030,463859990030,-612936668,463861057262,463861477637,463861647928,463861672137,463893323362,463861051637,16666666,463862172428,463862209595,463862271803,463863019095,463877094512,1625,73750,463877094512,463863506303,0,463863019095,
0,116228,463876656696,463876656696,-138327697,463877672137,463878689428,463878887762,463878919637,463909990028,463877664637,16666666,463879271595,463879352178,463879388470,463880965553,463893558262,1459,133500,463893558262,463881730220,0,463880965553,
0,116236,463893323362,463893323362,-547724272,463894196053,463894210220,463895083678,463895156012,463926656694,463894190303,16666666,463895375345,463895502678,463895540928,463896192012,463910711137,1500,120417,463910711137,463896848720,0,463896192012,
0,116244,463909990028,463909990028,0,463910848470,463910849428,463912469387,463912507387,463943323360,463910842428,16666666,463912772262,463912926970,463912970220,463913847178,463927109970,3583,336875,463927109970,463914927678,0,463913847178,
0,116252,463926656694,463926656694,0,463927626512,463927627762,463928923928,463928975178,463959990026,463927621553,16666666,463929275845,463929399595,463929443803,463929762803,463943952553,1917,239958,463943952553,463930835012,0,463929762803,
0,116260,463943323360,463943323360,0,463946095762,463946096595,463946533178,463946567303,463976656692,463946089803,16666666,463946774387,463946801470,463946893512,463947404387,463960852137,2083,223708,463960852137,463948682803,0,463947404387,
0,116275,463976656692,463976656692,-823378495,463984555345,463985855220,463986174387,463986218678,463993323358,463984543387,16666666,463986475428,463986826887,463986873970,463989517762,464010358012,2417,146667,464010358012,463995233137,0,463989517762,
0,116290,464009990024,464009990024,-361892509,464010749262,464011217720,464012956595,464013012178,464043323356,464010743012,16666666,464013254220,464013362053,464013437970,464014177512,464027613012,1541,80417,464027613012,464014878637,0,464014177512,
0,116298,464026656690,464026656690,-305620662,464027662012,464028581345,464028788012,464028824387,464059990022,464027656428,16666666,464029430845,464029587220,464029605720,464030176387,464044680845,1875,95500,464044680845,464030796928,0,464030176387,
0,116306,464043323356,464043323356,-399367484,464044593887,464045623928,464045868095,464046290178,464076656688,464044587845,16666666,464046485803,464046616678,464046703553,464047307428,464061337428,1791,348500,464061337428,464048217428,0,464047307428,
0,116314,464059990022,464059990022,-682644591,464061620095,464061984095,464062130928,464062151262,464093323354,464061614637,16666666,464062282345,464062497345,464062558678,464063647720,464064983262,1959,401667,464064950595,464064983262,0,464063647720,
0,116322,464076656688,464076656688,-180522472,464077608720,464079843470,464080359262,464080410637,464109990020,464077602053,16666666,464080599387,464080723637,464080747345,464082365470,464094109345,1375,96042,464094109345,464083186512,0,464082365470,
0,116330,464093323354,464093323354,-436468482,464094070553,464095097345,464095388637,464095869470,464126656686,464094065262,16666666,464096378512,464096599845,464096644970,464097403345,464111834303,3875,238333,464111834303,464098625387,0,464097403345,
0,116338,464109990020,464109990020,-738642834,464112398678,464113037303,464113800553,464113910095,464143323352,464112391553,16666666,464114205970,464114308053,464114334512,464115162762,464127364887,2625,167458,464127364887,464115922887,0,464115162762,
0,116346,464126656686,464126656686,-711921328,464127632428,464128962470,464129170345,464129207345,464159990018,464127574012,16666666,464129374012,464129535220,464129590345,464130227178,464144319637,1833,92583,464144319637,464130718512,0,464130227178,
0,116354,464143323352,464143323352,-960853116,464144444637,464144890137,464145054262,464145078220,464176656684,464144439095,16666666,464145288095,464146100637,464146284220,464146970845,464160662220,1792,128500,464160662220,464147672887,0,464146970845,
0,116362,464159990018,464159990018,-1003621218,464161003970,464161448428,464161595512,464161617595,464193323350,464160997970,16666666,464162186970,464162321053,464162356428,464162954012,464177110887,1458,76084,464177110887,464163448595,0,464162954012,
0,116370,464176656684,464176656684,-596708336,464177535428,464178014637,464178188678,464178212137,464209990016,464177529512,16666666,464178358595,464178823928,464178972678,464179699053,464193711428,1833,67167,464193711428,464180202887,0,464179699053,
0,116378,464193323350,464193323350,-1018583795,464194050803,464194521762,464194661387,464194683387,464226656682,464194045678,16666666,464194817220,464195278220,464195296137,464195866678,464210792095,1833,77542,464210792095,464196358928,0,464195866678,
0,116386,464209990016,464209990016,-826778476,464211046053,464211654178,464211797220,464211816970,464243323348,464211040762,16666666,464211948803,464212945428,464213037012,464213800428,464227603470,1542,77666,464227603470,464214553428,0,464213800428,
0,116394,464226656682,464226656682,-710569289,464228099845,464228474803,464228610512,464228630720,464259990014,464228094345,16666666,464228759553,464229088012,464229312512,464230223220,464243973178,1459,78125,464243973178,464230811428,0,464230223220,
0,116402,464243323348,464243323348,-92858835,464244327720,464244755137,464244852928,464244870262,464276656680,464244324387,16666666,464244970803,464245268345,464245408678,464246678928,464261538303,1208,142709,464261538303,464247266262,0,464246678928,
0,116410,464259990014,464259990014,-134676872,464261538012,464262053012,464262191678,464262213095,464293323346,464261533220,16666666,464262324845,464262570303,464262672595,464263817303,464278857012,2959,478458,464278857012,464265090512,0,464263817303,
0,116418,464276656680,464276656680,-1029179594,464279280845,464279780553,464279917637,464279939053,464309990012,464279275637,16666666,464280189345,464280424887,464281043470,464282349095,464293777137,2583,236541,464293777137,464283159803,0,464282349095,
0,116426,464293323346,464293323346,-996389076,464294092845,464295458803,464295789095,464295910428,464326656678,464294085887,16666666,464296777053,464296967803,464297046303,464297865512,464311061553,2667,341459,464311061553,464298777012,0,464297865512,
0,116434,464309990012,464309990012,-744678050,464310951053,464311797012,464311965928,464311987512,464343323344,464310946053,16666666,464312293262,464312584345,464313348678,464314309637,464327374178,1625,74500,464327374178,464315025512,0,464314309637,
0,116442,464326656678,464326656678,-812318417,464327730178,464327741387,464328578262,464328627845,464359990010,464327725512,16666666,464328768553,464328964512,464329289970,464330032428,464344274553,1416,166625,464344274553,464330692345,0,464330032428,
0,116450,464343323344,464343323344,0,464344633970,464344634845,464344953512,464344986387,464376656676,464344628928,16666666,464345111178,464345757262,464345821553,464346763095,464360642512,1083,142583,464360642512,464347478220,0,464346763095,
0,116458,464359990010,464359990010,0,464361999012,464362000262,464362000887,464362069220,464393323342,464361992137,16666666,464362556012,464362681095,464362721470,464363304012,464377113095,3125,95542,464377113095,464364278803,0,464363304012,
0,116466,464376656676,464376656676,0,464377376928,464377378095,464377378637,464377429137,464409990008,464377371470,16666666,464377733512,464377945970,464377991887,464379067303,464394079553,3625,177750,464394079553,464379871470,0,464379067303,
0,116474,464393323342,464393323342,0,464394193720,464394194512,464394194887,464394322595,464426656674,464394188303,16666666,464394672262,464394925387,464394965803,464395864678,464410844928,2166,143625,464410844928,464396688220,0,464395864678,
0,116482,464409990008,464409990008,0,464411333428,464411334470,464411335012,464411390970,464443323340,464411327262,16666666,464411802553,464412150095,464412192720,464413695845,464427202637,1667,143375,464427202637,464414490970,0,464413695845,
0,116490,464426656674,464426656674,0,464427616553,464427616928,464427617303,464427658303,464459990006,464427611387,16666666,464428604512,464428929012,464428948553,464430038762,464444581304,1291,72375,464444581304,464430684845,0,464430038762,
0,116498,464443323340,464443323340,0,464444606304,464444607054,464444607429,464444655137,464476656672,464444601429,16666666,464444989679,464445431470,464445490470,464446297387,464460751929,1459,70542,464460751929,464446971679,0,464446297387,
0,116506,464459990006,464459990006,0,464461000762,464461001387,464461001929,464461050762,464493323338,464460995720,16666666,464461353220,464461534304,464461632304,464463061095,464477319720,1375,76250,464477319720,464463592304,0,464463061095,
0,116514,464476656672,464476656672,0,464477670679,464477671470,464477671845,464477726012,464509990004,464477665345,16666666,464478060804,464478454512,464478493512,464479461387,464493688054,3917,80334,464493688054,464480821429,0,464479461387,
0,116522,464493323338,464493323338,0,464494003554,464494004929,464494005554,464494073512,464526656670,464493996387,16666666,464494646720,464494882179,464494945637,464495805054,464510564054,1833,128334,464510564054,464496509304,0,464495805054,
0,116530,464509990004,464509990004,0,464510870054,464510871429,464510871970,464510935012,464543323336,464510863387,16666666,464511345512,464512263304,464512333179,464513239970,464527246262,1209,89083,464527246262,464513987179,0,464513239970,
0,116538,464526656670,464526656670,0,464528221595,464528222262,464528222637,464528274220,464559990002,464528216262,16666666,464528625720,464528796179,464528983720,464529685970,464543819929,1666,109000,464543819929,464530346054,0,464529685970,
0,116546,464543323336,464543323336,0,464544543095,464544543887,464544544304,464544590304,464576656668,464544537220,16666666,464544884970,464545165387,464545345179,464546109845,464560773387,1958,92083,464560773387,464546770970,0,464546109845,
0,116554,464559990002,464559990002,0,464561114262,464561115387,464561115929,464561201804,464593323334,464561108762,16666666,464562266970,464562858762,464562980179,464563775137,464577352845,2000,185583,464577352845,464564792595,0,464563775137,
0,116562,464576656668,464576656668,0,464577779595,464577780637,464577781054,464577868804,464609990000,464577773845,16666666,464578215595,464578354220,464578718595,464579737095,464593823720,3750,213083,464593823720,464580872720,0,464579737095,
0,116570,464593323334,464593323334,0,464594292262,464594293554,464594294137,464594363762,464626656666,464594285429,16666666,464594841095,464595039220,464595098470,464596278470,464610536470,1583,90500,464610536470,464596807845,0,464596278470,
0,116578,464609990000,464609990000,0,464611044179,464611045179,464611045845,464611100429,464643323332,464611037887,16666666,464611453429,464611762762,464611847595,464613025595,464627216679,2375,189834,464627216679,464613990762,0,464613025595,
0,116586,464626656666,464626656666,0,464627616720,464627617887,464627618512,464627681470,464659989998,464627610262,16666666,464628742137,464628934804,464628977845,464630035512,464643864512,2042,113750,464643864512,464630640595,0,464630035512,
0,116594,464643323332,464643323332,0,464644215720,464644217262,464644217762,464644280679,464676656664,464644209387,16666666,464644679804,464644855720,464644926220,464646380179,464660758429,15916,95875,464660758429,464647083262,0,464646380179,
0,116602,464659989998,464659989998,0,464661101137,464661101929,464661102304,464661151762,464693323330,464661096095,16666666,464661593304,464661877470,464661925304,464663134554,464677366595,1625,81084,464677366595,464663667220,0,464663134554,
0,116610,464676656664,464676656664,0,464677686720,464677687512,464677688095,464677739970,464693323330,464677681220,16666666,464678367595,464678690220,464678728929,464679484887,462643827219,2791,293334,462643827219,464680250929,0,464679484887,
---PROFILEDATA---


View hierarchy:

  dev.polski.grammarmatrix/dev.polski.grammarmatrix.GlassBenchmarkActivity/android.view.ViewRootImpl@6932836
  7 views, 12.02 kB of render nodes


Total ViewRootImpl   : 1
Total attached Views : 7
Total RenderNode     : 12.02 kB (used) / 36.09 kB (capacity)

