Applications Graphics Acceleration Info:
Uptime: 425225 Realtime: 425225

** Graphics info for pid 3816 [dev.polski.grammarmatrix] **

Stats since: 419612893740ns
Total frames rendered: 329
Janky frames: 7 (2.13%)
Janky frames (legacy): 0 (0.00%)
50th percentile: 17ms
90th percentile: 17ms
95th percentile: 18ms
99th percentile: 19ms
Number Missed Vsync: 0
Number High input latency: 322
Number Slow UI thread: 0
Number Slow bitmap uploads: 0
Number Slow issue draw commands: 7
Number Frame deadline missed: 7
Number Frame deadline missed (legacy): 0
HISTOGRAM: 5ms=13 6ms=2 7ms=0 8ms=0 9ms=0 10ms=1 11ms=0 12ms=0 13ms=0 14ms=0 15ms=0 16ms=100 17ms=190 18ms=16 19ms=6 20ms=1 21ms=0 22ms=0 23ms=0 24ms=0 25ms=0 26ms=0 27ms=0 28ms=0 29ms=0 30ms=0 31ms=0 32ms=0 34ms=0 36ms=0 38ms=0 40ms=0 42ms=0 44ms=0 46ms=0 48ms=0 53ms=0 57ms=0 61ms=0 65ms=0 69ms=0 73ms=0 77ms=0 81ms=0 85ms=0 89ms=0 93ms=0 97ms=0 101ms=0 105ms=0 109ms=0 113ms=0 117ms=0 121ms=0 125ms=0 129ms=0 133ms=0 150ms=0 200ms=0 250ms=0 300ms=0 350ms=0 400ms=0 450ms=0 500ms=0 550ms=0 600ms=0 650ms=0 700ms=0 750ms=0 800ms=0 850ms=0 900ms=0 950ms=0 1000ms=0 1050ms=0 1100ms=0 1150ms=0 1200ms=0 1250ms=0 1300ms=0 1350ms=0 1400ms=0 1450ms=0 1500ms=0 1550ms=0 1600ms=0 1650ms=0 1700ms=0 1750ms=0 1800ms=0 1850ms=0 1900ms=0 1950ms=0 2000ms=0 2050ms=0 2100ms=0 2150ms=0 2200ms=0 2250ms=0 2300ms=0 2350ms=0 2400ms=0 2450ms=0 2500ms=0 2550ms=0 2600ms=0 2650ms=0 2700ms=0 2750ms=0 2800ms=0 2850ms=0 2900ms=0 2950ms=0 3000ms=0 3050ms=0 3100ms=0 3150ms=0 3200ms=0 3250ms=0 3300ms=0 3350ms=0 3400ms=0 3450ms=0 3500ms=0 3550ms=0 3600ms=0 3650ms=0 3700ms=0 3750ms=0 3800ms=0 3850ms=0 3900ms=0 3950ms=0 4000ms=0 4050ms=0 4100ms=0 4150ms=0 4200ms=0 4250ms=0 4300ms=0 4350ms=0 4400ms=0 4450ms=0 4500ms=0 4550ms=0 4600ms=0 4650ms=0 4700ms=0 4750ms=0 4800ms=0 4850ms=0 4900ms=0 4950ms=0
50th gpu percentile: 14ms
90th gpu percentile: 15ms
95th gpu percentile: 16ms
99th gpu percentile: 17ms
GPU HISTOGRAM: 1ms=1 2ms=14 3ms=1 4ms=0 5ms=0 6ms=0 7ms=0 8ms=0 9ms=0 10ms=1 11ms=2 12ms=7 13ms=23 14ms=117 15ms=139 16ms=19 17ms=4 18ms=1 19ms=0 20ms=0 21ms=0 22ms=0 23ms=0 24ms=0 25ms=0 4950ms=0

Pipeline=Skia (OpenGL)
Memory policy:
  Max surface area: 2592000
  Max resource usage: 124.42MB (x48)
  Background retention: 50% (altUiHidden = true)
  GPU Context timeout: 10
Contexts: 1 (stopped = 0)
CPU Caches:
  Glyph Cache: 33.70 KB (1 entry)
  Glyph Count: 11 
Total CPU memory usage:
  34510 bytes, 33.70 KB (0.00 bytes is purgeable)
GPU Caches:
  Other:
    Other: 49.27 KB (1 entry)
    Buffer Object: 36.00 KB (1 entry)
  Scratch:
    RenderTarget: 11.88 MB (1 entry)
    Buffer Object: 110.00 KB (3 entries)
    Texture: 2.00 MB (1 entry)
Total GPU memory usage:
  14748944 bytes, 14.07 MB (68.00 KB is purgeable)

GraphicBufferAllocator buffers:
        Handle |        Size |     W (Stride) x H | Layers |   Format |      Usage | Requestor
0xb400007b2c426ab0 |     unknown | 1080 (   0) x 2400 |      1 |        1 | 0x     b00 | VRI[GlassBenchmarkActivity]#0(BLAST Consumer)0
0xb400007b2c427e60 |     unknown | 1080 (   0) x 2400 |      1 |        1 | 0x     b00 | VRI[GlassBenchmarkActivity]#0(BLAST Consumer)0
0xb400007b2c4282e0 |     unknown | 1080 (   0) x 2400 |      1 |        1 | 0x     b00 | VRI[GlassBenchmarkActivity]#0(BLAST Consumer)0
Total allocated by GraphicBufferAllocator (estimate): 0.00 KB
GoldfishAllocator::dumpDebugInfo is not implemented
Profile data in ms:

	dev.polski.grammarmatrix/dev.polski.grammarmatrix.GlassBenchmarkActivity/android.view.ViewRootImpl@6932836 (visibility=0)
Window: dev.polski.grammarmatrix/dev.polski.grammarmatrix.GlassBenchmarkActivity
Stats since: 419612893449ns
Total frames rendered: 330
Janky frames: 7 (2.12%)
Janky frames (legacy): 0 (0.00%)
50th percentile: 17ms
90th percentile: 17ms
95th percentile: 18ms
99th percentile: 19ms
Number Missed Vsync: 0
Number High input latency: 323
Number Slow UI thread: 0
Number Slow bitmap uploads: 0
Number Slow issue draw commands: 7
Number Frame deadline missed: 7
Number Frame deadline missed (legacy): 0
HISTOGRAM: 5ms=13 6ms=2 7ms=0 8ms=0 9ms=0 10ms=1 11ms=0 12ms=0 13ms=0 14ms=0 15ms=0 16ms=101 17ms=190 18ms=16 19ms=6 20ms=1 21ms=0 22ms=0 23ms=0 24ms=0 25ms=0 26ms=0 27ms=0 28ms=0 29ms=0 30ms=0 31ms=0 32ms=0 34ms=0 36ms=0 38ms=0 40ms=0 42ms=0 44ms=0 46ms=0 48ms=0 53ms=0 57ms=0 61ms=0 65ms=0 69ms=0 73ms=0 77ms=0 81ms=0 85ms=0 89ms=0 93ms=0 97ms=0 101ms=0 105ms=0 109ms=0 113ms=0 117ms=0 121ms=0 125ms=0 129ms=0 133ms=0 150ms=0 200ms=0 250ms=0 300ms=0 350ms=0 400ms=0 450ms=0 500ms=0 550ms=0 600ms=0 650ms=0 700ms=0 750ms=0 800ms=0 850ms=0 900ms=0 950ms=0 1000ms=0 1050ms=0 1100ms=0 1150ms=0 1200ms=0 1250ms=0 1300ms=0 1350ms=0 1400ms=0 1450ms=0 1500ms=0 1550ms=0 1600ms=0 1650ms=0 1700ms=0 1750ms=0 1800ms=0 1850ms=0 1900ms=0 1950ms=0 2000ms=0 2050ms=0 2100ms=0 2150ms=0 2200ms=0 2250ms=0 2300ms=0 2350ms=0 2400ms=0 2450ms=0 2500ms=0 2550ms=0 2600ms=0 2650ms=0 2700ms=0 2750ms=0 2800ms=0 2850ms=0 2900ms=0 2950ms=0 3000ms=0 3050ms=0 3100ms=0 3150ms=0 3200ms=0 3250ms=0 3300ms=0 3350ms=0 3400ms=0 3450ms=0 3500ms=0 3550ms=0 3600ms=0 3650ms=0 3700ms=0 3750ms=0 3800ms=0 3850ms=0 3900ms=0 3950ms=0 4000ms=0 4050ms=0 4100ms=0 4150ms=0 4200ms=0 4250ms=0 4300ms=0 4350ms=0 4400ms=0 4450ms=0 4500ms=0 4550ms=0 4600ms=0 4650ms=0 4700ms=0 4750ms=0 4800ms=0 4850ms=0 4900ms=0 4950ms=0
50th gpu percentile: 14ms
90th gpu percentile: 15ms
95th gpu percentile: 16ms
99th gpu percentile: 17ms
GPU HISTOGRAM: 1ms=1 2ms=14 3ms=1 4ms=0 5ms=0 6ms=0 7ms=0 8ms=0 9ms=0 10ms=1 11ms=2 12ms=7 13ms=23 14ms=118 15ms=139 16ms=19 17ms=4 18ms=1 19ms=0 20ms=0 21ms=0 22ms=0 23ms=0 24ms=0 25ms=0 4950ms=0



---PROFILEDATA---
Flags,FrameTimelineVsyncId,IntendedVsync,Vsync,InputEventId,HandleInputStart,AnimationStart,PerformTraversalsStart,DrawStart,FrameDeadline,FrameInterval,FrameStartTime,SyncQueued,SyncStart,IssueDrawCommandsStart,SwapBuffers,FrameCompleted,DequeueBufferDuration,QueueBufferDuration,GpuCompleted,SwapBuffersCompleted,DisplayPresentTime,CommandSubmissionCompleted,
0,97991,423193324990,423193324990,-1058277742,423193888909,423193924575,423193924909,423193967700,423226658322,423193883825,16666666,423194401659,423194438992,423194501492,423195648909,423210701326,4292,150208,423210701326,423196661034,0,423195648909,
0,97999,423209991656,423209991656,-419269062,423210944034,423211478534,423211772742,423211817451,423243324988,423210938826,16666666,423212154576,423212567201,423213092951,423213858576,423227650492,2834,265875,423227650492,423214674367,0,423213858576,
0,98007,423226658322,423226658322,-593731469,423228322867,423228880534,423229067951,423229102826,423259991654,423228314534,16666666,423230169159,423230379659,423230422784,423231126492,423244657534,2875,309000,423244657534,423231950742,0,423231126492,
0,98015,423243324988,423243324988,-749246533,423245001242,423245583367,423245865242,423245912576,423276658320,423244995742,16666666,423246147701,423246288034,423246335242,423247142701,423260504492,1750,145209,423260504492,423247715951,0,423247142701,
0,98023,423259991654,423259991654,-1016708539,423260767951,423261988742,423262174409,423262202326,423293324986,423260763117,16666666,423262339159,423262539701,423262650742,423263148867,423277566284,1584,77333,423277566284,423263674951,0,423263148867,
0,98031,423276658320,423276658320,-1027910208,423277879326,423278564659,423278805659,423279116492,423309991652,423277873492,16666666,423279277659,423279380284,423279424409,423280524742,423293877742,1542,93791,423293877742,423281010034,0,423280524742,
0,98039,423293324986,423293324986,-385083467,423294069951,423295575826,423295752742,423295777951,423326658318,423294064326,16666666,423295915034,423296096951,423296114576,423296807076,423310685076,1959,88083,423310685076,423297397492,0,423296807076,
0,98047,423309991652,423309991652,-962927980,423311020117,423311511742,423311670742,423311695409,423343324984,423311015117,16666666,423311840492,423312158117,423312191451,423313038284,423327218867,1750,109416,423327218867,423313685992,0,423313038284,
0,98055,423326658318,423326658318,-2726399,423327432742,423327872534,423328948326,423328999409,423359991650,423327425117,16666666,423329230951,423329416201,423329479034,423330039909,423344460326,1500,86666,423344460326,423330534076,0,423330039909,
0,98063,423343324984,423343324984,-1250309,423344661492,423345162242,423345330242,423345354617,423376658316,423344656159,16666666,423345501826,423345858242,423345910034,423346580326,423363196659,1917,72958,423363196659,423347074076,0,423346580326,
0,98071,423359991650,423359991650,-239059257,423363671242,423364609034,423364799034,423364829284,423393324982,423363664617,16666666,423364983492,423365178534,423365270117,423365955492,423377065117,2250,174542,423377065117,423367131492,0,423365955492,
0,98079,423376658316,423376658316,-922187525,423377394992,423377953909,423378119659,423378148909,423409991648,423377389451,16666666,423378595242,423378796659,423378858576,423379412951,423393748826,1792,93834,423393748826,423379918284,0,423379412951,
0,98087,423393324982,423393324982,-996673144,423394622992,423395257784,423395412701,423395434576,423426658314,423394617492,16666666,423395559951,423395664409,423395722034,423397205451,423412745909,1708,79084,423412745909,423397756951,0,423397205451,
0,98095,423409991648,423409991648,-744119882,423413802284,423414537451,423414763659,423414793659,423443324980,423413796659,16666666,423414936451,423415060201,423415203617,423415781659,423427594909,2208,105708,423427594909,423416510034,0,423415781659,
0,98103,423426658314,423426658314,-476003360,423427843826,423428463242,423428642492,423428784034,423459991646,423427838451,16666666,423428930284,423429495451,423429532451,423430055617,423444564451,1416,66167,423444564451,423430537659,0,423430055617,
0,98111,423443324980,423443324980,-758797928,423445452492,423446165367,423446314701,423446336992,423476658312,423445446284,16666666,423446460367,423446478159,423446512992,423447345867,423460476492,1375,86250,423460476492,423447904701,0,423447345867,
0,98119,423459991646,423459991646,-564619182,423461483367,423462398701,423462622826,423462667409,423493324978,423461477534,16666666,423462865534,423463156784,423463207576,423464093326,423477367576,1916,102209,423477367576,423464682451,0,423464093326,
0,98127,423476658312,423476658312,-641303507,423477509367,423478373617,423478564534,423478830742,423509991644,423477502784,16666666,423478991034,423479148326,423479170201,423480491576,423494036117,1833,85541,423494036117,423480987159,0,423480491576,
0,98135,423493324978,423493324978,-306288767,423494247534,423494739909,423494900076,423494935867,423526658310,423494126784,16666666,423495080617,423495319326,423495339992,423496819034,423510856451,1875,74250,423510856451,423497722701,0,423496819034,
0,98143,423509991644,423509991644,-221299631,423511143617,423511531117,423512074951,423512102576,423543324976,423511138117,16666666,423512567326,423512713992,423512732742,423513290826,423527441034,1667,67709,423527441034,423513808034,0,423513290826,
0,98151,423526658310,423526658310,-136823055,423527771909,423528576742,423528727242,423528749159,423559991642,423527766159,16666666,423528936409,423529051659,423529159451,423529719742,423544486534,1834,69625,423544486534,423530157617,0,423529719742,
0,98159,423543324976,423543324976,-592772500,423544942492,423545509576,423546133492,423546164367,423576658308,423544935617,16666666,423546319826,423546562159,423546809367,423547337784,423560766701,1833,457041,423560766701,423548185367,0,423547337784,
0,98167,423559991642,423559991642,-672367826,423561145576,423561262242,423561645076,423561679742,423593324974,423561140367,16666666,423561797867,423562149909,423562293367,423563129826,423577412742,2250,319792,423577412742,423564113117,0,423563129826,
0,98175,423576658308,423576658308,0,423577608034,423577609367,423578070951,423578116451,423609991640,423577600826,16666666,423578312617,423578572242,423578624701,423579489201,423593789117,1584,141833,423593789117,423580393992,0,423579489201,
0,98183,423593324974,423593324974,0,423594184951,423594186284,423594688867,423594738451,423626658306,423594179242,16666666,423595425076,423595661117,423595710909,423596223784,423597471784,2958,375208,423597421326,423597471784,0,423596223784,
0,98191,423609991640,423609991640,0,423611033951,423611035617,423611640992,423611676117,423643324972,423611026451,16666666,423611904659,423612408034,423612469784,423613545284,423614786201,2333,302708,423614736492,423614786201,0,423613545284,
0,98206,423643324972,423643324972,-178384220,423644727284,423645127367,423645426076,423645447826,423659991638,423644722159,16666666,423645654034,423645669826,423645724617,423646424159,423660595992,1417,95833,423660595992,423647282201,0,423646424159,
0,98214,423659991638,423659991638,-295839975,423660969159,423661441034,423661878701,423661897326,423693324970,423660963451,16666666,423661982742,423661997242,423662026576,423662940326,423677505076,4041,204833,423677505076,423663658784,0,423662940326,
0,98222,423676658304,423676658304,-960205846,423677811326,423678360701,423678554826,423678590034,423709991636,423677804951,16666666,423678760367,423678782951,423678805284,423679572534,423694011451,2083,147542,423694011451,423680504367,0,423679572534,
0,98230,423693324970,423693324970,-532514772,423694315742,423695013826,423695299909,423695346951,423726658302,423694308367,16666666,423695889909,423696627951,423696723201,423697562784,423712446201,1542,111542,423712446201,423698392201,0,423697562784,
0,98238,423709991636,423709991636,-850760196,423712939992,423713443992,423713580826,423713605159,423743324968,423712932409,16666666,423713717951,423714271867,423714331742,423715257826,423727547242,2000,145917,423727547242,423716175992,0,423715257826,
0,98246,423726658302,423726658302,-73256441,423728245409,423729216826,423729499867,423729547242,423759991634,423727997701,16666666,423729749242,423729765409,423729808492,423730577492,423743827909,3292,309792,423743827909,423731812117,0,423730577492,
0,98254,423743324968,423743324968,-146383383,423744294992,423745123409,423745350784,423745395951,423776658300,423744288742,16666666,423746119367,423746230951,423746267284,423747098159,423760698617,1459,82750,423760698617,423747684326,0,423747098159,
0,98262,423759991634,423759991634,-396044934,423760874742,423761731534,423761901951,423761932909,423793324966,423760867409,16666666,423762075242,423762260326,423762307117,423763151534,423777520409,2416,190792,423777520409,423763880201,0,423763151534,
0,98270,423776658300,423776658300,-671867239,423777524659,423778606284,423778909576,423778967117,423809991632,423777517909,16666666,423779834992,423779993867,423780177409,423781011284,423793885492,1458,142375,423793885492,423781676284,0,423781011284,
0,98278,423793324966,423793324966,-605890725,423794219242,423795697659,423796283701,423796308367,423826658298,423794214617,16666666,423796430284,423796563742,423796617117,423797288826,423810772409,1625,101417,423810772409,423797981659,0,423797288826,
0,98286,423809991632,423809991632,-5073475,423810924909,423811657617,423811856201,423811889242,423843324964,423810918326,16666666,423812515742,423812907409,423813386784,423814254826,423827302284,1750,79083,423827302284,423815069659,0,423814254826,
0,98294,423826658298,423826658298,-474683832,423827668076,423828399617,423828572451,423828599159,423859991630,423827663159,16666666,423828739992,423828758284,423828960076,423830095701,423843761784,2375,128750,423843761784,423830828451,0,423830095701,
0,98302,423843324964,423843324964,-848834484,423844292576,423844688742,423844842451,423844864284,423876658296,423844287409,16666666,423845007617,423845184909,423845220992,423846994034,423861208117,1958,131042,423861208117,423847601326,0,423846994034,
0,98310,423859991630,423859991630,-180707214,423861557951,423862042701,423862206992,423862230117,423893324962,423861550951,16666666,423862362242,423862507159,423862550326,423863597617,423876984576,2000,158417,423876984576,423864648034,0,423863597617,
0,98318,423876658296,423876658296,-295288500,423877346784,423877805201,423878232784,423878264201,423909991628,423877341201,16666666,423878414576,423878659034,423878692576,423879527784,423893838284,1583,75333,423893838284,423879999117,0,423879527784,
0,98326,423893324962,423893324962,-331566863,423894250451,423894832367,423895673284,423895717701,423926658294,423894244367,16666666,423895889993,423896391326,423896428659,423897044451,423910491451,1625,171375,423910491451,423897699784,0,423897044451,
0,98334,423909991628,423909991628,-1060449456,423911258201,423911658784,423911810701,423911832284,423943324960,423911252493,16666666,423912334743,423912365909,423912400326,423913336284,423927220243,1625,125541,423927220243,423913894034,0,423913336284,
0,98342,423926658294,423926658294,-103425596,423927654784,423928729701,423928976951,423929021159,423959991626,423927648784,16666666,423929555868,423929664993,423929702243,423930260159,423943904534,1667,159458,423943904534,423930867243,0,423930260159,
0,98350,423943324960,423943324960,-140753289,423943953826,423945011993,423945166368,423945191701,423976658292,423943948243,16666666,423945327659,423945587409,423945624659,423946445534,423960504493,1583,137416,423960504493,423947089201,0,423946445534,
0,98358,423959991626,423959991626,-591892791,423960815451,423961481659,423961665784,423961692951,423993324958,423960809576,16666666,423961837618,423961872951,423961894868,423962847326,423977327243,2125,220291,423977327243,423963689076,0,423962847326,
0,98366,423976658292,423976658292,-22292208,423977444909,423978460326,423978641118,423978670201,424009991624,423977438868,16666666,423979022618,423979136493,423979159326,423979849451,423993771826,1291,54083,423993771826,423980449868,0,423979849451,
0,98374,423993324958,423993324958,-8733963,423994045326,423994059493,423994475284,423994510368,424026658290,423994040201,16666666,423994639826,423994777659,423994992868,423995708951,424010720576,2625,247208,424010720576,423996858909,0,423995708951,
0,98382,424009991624,424009991624,0,424011090034,424011090826,424011511909,424011558493,424043324956,424011084118,16666666,424011735993,424012140993,424012168201,424012990201,424027373618,1625,183500,424027373618,424013669618,0,424012990201,
0,98390,424026658290,424026658290,0,424027601284,424027602159,424027602576,424027653118,424059991622,424027596118,16666666,424028312076,424028697868,424028736576,424029495243,424043901118,2000,151792,424043901118,424030053701,0,424029495243,
0,98398,424043324956,424043324956,0,424044748034,424044748784,424044749326,424044801368,424076658288,424044741868,16666666,424045139784,424045349159,424045367576,424046006868,424060860534,1916,111250,424060860534,424046689659,0,424046006868,
0,98406,424059991622,424059991622,-677013037,424060752118,424060786409,424060786701,424060814701,424093324954,424060748326,16666666,424060986409,424061093493,424061128576,424062626993,424077575784,1333,83709,424077575784,424063080451,0,424062626993,
0,98414,424076658288,424076658288,-717386663,424077487368,424077957326,424078122201,424078147201,424109991620,424077482159,16666666,424078287743,424078564409,424078585243,424079632326,424093745576,1750,80458,424093745576,424080535993,0,424079632326,
0,98422,424093324954,424093324954,-611720848,424094103326,424094601034,424094755618,424094777659,424126658286,424094097284,16666666,424094953951,424095360534,424095396993,424096215659,424110505493,2041,154250,424110505493,424096896368,0,424096215659,
0,98430,424109991620,424109991620,-400007547,424110760034,424111466826,424111631368,424111659576,424143324952,424110754451,16666666,424111803784,424111901451,424111921909,424113098409,424127181326,1542,152667,424127181326,424113662659,0,424113098409,
0,98438,424126658286,424126658286,-571776967,424127558368,424128419534,424128650493,424128689868,424159991618,424127552951,16666666,424128866576,424128974451,424129012951,424129799784,424143802159,1625,118541,424143802159,424130297743,0,424129799784,
0,98446,424143324952,424143324952,-614815064,424144167034,424144603409,424144766409,424144790201,424176658284,424144161534,16666666,424144924326,424145357326,424145503201,424146407618,424160777576,1375,76916,424160777576,424147068118,0,424146407618,
0,98454,424159991618,424159991618,-738797069,424160974284,424161941368,424162135951,424162171993,424193324950,424160968243,16666666,424162341826,424162695743,424162807409,424163583993,424164917784,2125,739417,424164744368,424164917784,0,424163583993,
0,98462,424176658284,424176658284,-777142964,424177560909,424178371993,424178879368,424178907701,424209991616,424177555201,16666666,424179045826,424179183284,424179289118,424179808034,424193839868,1917,162959,424193839868,424180665826,0,424179808034,
0,98470,424193324950,424193324950,-177003286,424194036868,424194513868,424194696243,424194722451,424226658282,424194030368,16666666,424194878409,424195108034,424195130284,424196453784,424210700534,1708,86666,424210700534,424197242326,0,424196453784,
0,98478,424209991616,424209991616,-165319389,424210819118,424211336951,424211493534,424211515409,424243324948,424210813868,16666666,424211647201,424211873118,424211908743,424213265993,424227432784,1500,90583,424227432784,424213727493,0,424213265993,
0,98486,424226658282,424226658282,-655086218,424227717034,424228608534,424228760868,424228784868,424259991614,424227712076,16666666,424228909409,424229195993,424229389326,424229971201,424243770826,1625,72166,424243770826,424230453201,0,424229971201,
0,98494,424243324948,424243324948,-291206589,424244168993,424245088784,424245277284,424245300826,424276658280,424244162909,16666666,424245433243,424245696743,424245761534,424246265993,424260473493,2000,133250,424260473493,424247045368,0,424246265993,
0,98502,424259991614,424259991614,-443014957,424261494451,424261905868,424262071618,424262094159,424293324946,424261488826,16666666,424262233701,424262258951,424262293409,424263149951,424277071368,1416,74333,424277071368,424263748368,0,424263149951,
0,98510,424276658280,424276658280,-159397628,424277351576,424277803784,424277948701,424277969909,424309991612,424277345284,16666666,424278102159,424278136826,424278163326,424279310368,424280448743,2250,628625,424280420159,424280448743,0,424279310368,
0,98518,424293324946,424293324946,-1016753862,424294082743,424294528659,424294838243,424294888034,424326658278,424294077701,16666666,424295113409,424295466493,424295585576,424296906326,424310501784,1375,80084,424310501784,424297444826,0,424296906326,
0,98526,424309991612,424309991612,-546085786,424310875493,424311515868,424311688076,424311712326,424343324944,424310869743,16666666,424311843618,424311867284,424311933118,424313167618,424327241034,2000,286959,424327241034,424313877284,0,424313167618,
0,98534,424326658278,424326658278,-502741655,424327439159,424327805326,424327961493,424327985034,424359991610,424327433909,16666666,424328231243,424328581743,424328612451,424329403451,424343822451,1459,74709,424343822451,424329845243,0,424329403451,
0,98542,424343324944,424343324944,-278258549,424344161409,424344606201,424344780118,424344803368,424376658276,424344155993,16666666,424344936326,424345086368,424345104909,424345927826,424360693868,1792,139875,424360693868,424346551118,0,424345927826,
0,98550,424359991610,424359991610,-826193635,424360952284,424361540034,424362147201,424362186659,424393324942,424360947159,16666666,424362351409,424362683284,424362725409,424363473534,424379050701,1875,115291,424379050701,424363995409,0,424363473534,
0,98558,424376658276,424376658276,-398191947,424379448743,424380288659,424380467159,424380495076,424409991608,424379442909,16666666,424380697118,424380828451,424380978451,424381894284,424393783493,1625,121875,424393783493,424382595534,0,424381894284,
0,98566,424393324942,424393324942,-456215039,424393997409,424394531659,424394690909,424394712326,424426658274,424393992284,16666666,424394842909,424395228243,424395248118,424395829243,424410607951,549958,84750,424410607951,424397009118,0,424395829243,
0,98574,424409991608,424409991608,-37513846,424410960618,424411440326,424411592784,424411616326,424443324940,424410955326,16666666,424411754534,424412211784,424412246743,424412821951,424427467951,1833,169333,424427467951,424413746326,0,424412821951,
0,98582,424426658274,424426658274,-25258850,424427516701,424427531159,424428449118,424428508534,424459991606,424427511118,16666666,424428702576,424428977909,424429112909,424429681201,424443862826,1667,73458,424443862826,424430211909,0,424429681201,
0,98590,424443324940,424443324940,0,424444263993,424444265034,424444703243,424444748868,424476658272,424444257034,16666666,424444896618,424445082993,424445125826,424445837409,424460741284,1875,477875,424460741284,424446881701,0,424445837409,
0,98598,424459991606,424459991606,0,424461042701,424461043493,424461493743,424461529784,424493324938,424461037243,16666666,424461912743,424462090993,424462166743,424462629243,424477487618,1917,87583,424477487618,424463291743,0,424462629243,
0,98606,424476658272,424476658272,0,424477563868,424477565451,424478163534,424478209993,424509991604,424477556201,16666666,424478605909,424478624618,424478671743,424479082826,424493961451,1667,108459,424493961451,424479834076,0,424479082826,
0,98621,424509991604,424509991604,-420096148,424510874618,424511473159,424511929159,424511982409,424526658270,424510868826,16666666,424512478576,424512582618,424512619868,424513341284,424527626326,2667,167791,424527626326,424514159576,0,424513341284,
0,98629,424526658270,424526658270,-678767124,424527886993,424529277034,424530048534,424530097201,424559991602,424527880159,16666666,424530272243,424530447493,424530507118,424531249368,424543809159,1209,59584,424543809159,424531958534,0,424531249368,
0,98637,424543324936,424543324936,-840567365,424544331618,424544892201,424545103368,424545131784,424576658268,424544325909,16666666,424545280201,424545682868,424545714326,424546540493,424561123743,2125,127000,424561123743,424547330743,0,424546540493,
0,98645,424559991602,424559991602,-46528730,424561048493,424561513618,424561636993,424561654993,424593324934,424561044826,16666666,424561760659,424561772534,424562094034,424563195784,424577282743,3709,430459,424577282743,424564471493,0,424563195784,
0,98653,424576658268,424576658268,-226919543,424577542326,424577928909,424578079284,424578102951,424609991600,424577537826,16666666,424578222576,424578444576,424578483784,424579895826,424593890368,4416,152458,424593890368,424580674659,0,424579895826,
0,98661,424593324934,424593324934,-1001508419,424594137868,424594926951,424595194993,424595605201,424626658266,424594131993,16666666,424595732576,424595997368,424596097785,424596889826,424610595743,3458,466458,424610595743,424598120951,0,424596889826,
0,98669,424609991600,424609991600,-373059036,424610914618,424611147451,424611236326,424611249368,424643324932,424610911535,16666666,424611310951,424611458201,424611473285,424612868160,424627258410,2417,132250,424627258410,424613901285,0,424612868160,
0,98677,424626658266,424626658266,-443649806,424627819410,424628613576,424628898701,424628937451,424659991598,424627812785,16666666,424629100951,424629400951,424629475743,424630471535,424643991576,1417,114916,424643991576,424631193618,0,424630471535,
0,98685,424643324932,424643324932,-965566859,424644499993,424645234410,424645554910,424645609410,424676658264,424644493076,16666666,424645830951,424646257493,424646281951,424646978410,424661032410,1750,75875,424661032410,424647514201,0,424646978410,
0,98693,424659991598,424659991598,-247989975,424661062660,424661664326,424661909326,424661951701,424693324930,424661055618,16666666,424662162118,424662331410,424662354743,424663075368,424677362951,4458,185125,424677362951,424664074826,0,424663075368,
0,98701,424676658264,424676658264,-246528744,424677621118,424678460493,424678712910,424679225993,424709991596,424677615285,16666666,424679479410,424679811118,424679854160,424681099410,424693893160,1500,103917,424693893160,424681912451,0,424681099410,
0,98709,424693324930,424693324930,-696598234,424694111785,424695099826,424695492868,424695775410,424726658262,424694105951,16666666,424696417660,424696508201,424696553576,424697225285,424710724785,2250,219375,424710724785,424698152535,0,424697225285,
0,98717,424709991596,424709991596,-155800389,424711170701,424711793368,424711993368,424712134868,424743324928,424711163243,16666666,424712277535,424712597118,424712770951,424713837701,424727279035,1834,123333,424727279035,424714732326,0,424713837701,
0,98725,424726658262,424726658262,-637662766,424727509951,424727965410,424729150410,424729176451,424759991594,424727504410,16666666,424729563701,424729668618,424729701785,424730220076,424743815076,1792,171541,424743815076,424730788785,0,424730220076,
0,98733,424743324928,424743324928,-996754703,424744398493,424744846618,424745003576,424745028035,424776658260,424744392785,16666666,424745161785,424745212285,424745388701,424746386660,424760440201,1417,69208,424760440201,424746850160,0,424746386660,
0,98741,424759991594,424759991594,-389452462,424760763035,424761608201,424761978535,424762003535,424793324926,424760757451,16666666,424762139535,424762560035,424762593201,424763092951,424777224576,2333,239792,424777224576,424763730785,0,424763092951,
0,98749,424776658260,424776658260,-374828609,424777534493,424778133326,424778301535,424778329826,424809991592,424777529118,16666666,424778623493,424778776493,424778831701,424779499785,424793707826,2208,175917,424793707826,424780211660,0,424779499785,
0,98757,424793324926,424793324926,-423057966,424794095910,424794971535,424795163743,424795192285,424826658258,424794089035,16666666,424795336826,424795488451,424795506576,424796537951,424810571076,1917,113833,424810571076,424797280326,0,424796537951,
0,98765,424809991592,424809991592,-55997227,424810742076,424811521951,424811687743,424811712618,424843324924,424810736243,16666666,424812283660,424812555368,424812574701,424813259535,424827364660,218625,76833,424827364660,424813954243,0,424813259535,
0,98773,424826658258,424826658258,-548876617,424827615618,424828726785,424829107868,424829133868,424859991590,424827486701,16666666,424829271701,424829465410,424829500785,424830012826,424843863201,2042,157917,424843863201,424830698076,0,424830012826,
0,98781,424843324924,424843324924,-206326101,424844138993,424844841535,424845012410,424845035035,424876658256,424844133493,16666666,424845166951,424845548535,424845582201,424846547243,424847595951,2125,492542,424847565660,424847595951,0,424846547243,
0,98789,424859991590,424859991590,-155566384,424860693451,424860705535,424861276701,424861314826,424893324922,424860688243,16666666,424861453660,424861748410,424861838076,424862661326,424877445535,2083,128750,424877445535,424863536368,0,424862661326,
0,98797,424876658256,424876658256,0,424877760118,424877761035,424878284410,424878320493,424909991588,424877754326,16666666,424878452493,424878704160,424878723743,424879656951,424893778910,4167,145125,424893778910,424880299576,0,424879656951,
0,98805,424893324922,424893324922,0,424894249076,424894249910,424894250326,424894305785,424926658254,424894243576,16666666,424894844785,424895172118,424895214785,424896139576,424910696826,1875,269084,424910696826,424897313160,0,424896139576,
0,98813,424909991588,424909991588,0,424910737701,424910738618,424910738993,424910789035,424943324920,424910732160,16666666,424911115576,424911699826,424911819743,424912756410,424927134576,1792,73334,424927134576,424913252701,0,424912756410,
0,98821,424926658254,424926658254,0,424927827868,424927828701,424927829076,424927878576,424959991586,424927822326,16666666,424928272201,424928477576,424928515951,424929358535,424943791493,3500,271417,424943791493,424930113368,0,424929358535,
0,98829,424943324920,424943324920,0,424944327826,424944328868,424944329326,424944384576,424976658252,424944321535,16666666,424944734201,424944907576,424944949910,424946277326,424960894993,21542,82708,424960894993,424947019493,0,424946277326,
0,98837,424959991586,424959991586,0,424960869118,424960869743,424960870285,424960920076,424993324918,424960864326,16666666,424961391285,424961744201,424961785451,424962650535,424977468785,1750,172667,424977468785,424963308118,0,424962650535,
0,98845,424976658252,424976658252,0,424977382951,424977383743,424977384118,424977435785,425009991584,424977377368,16666666,424977962201,424978163076,424978208660,424978922368,424993852743,1375,72042,424993852743,424979521785,0,424978922368,
0,98853,424993324918,424993324918,0,424994098368,424994099243,424994099660,424994150576,425026658250,424994023118,16666666,424994450118,424994654076,424994691118,424995613160,425010692951,1583,331750,425010692951,424996599326,0,424995613160,
0,98861,425009991584,425009991584,0,425011085201,425011085868,425011086410,425011138785,425043324916,425011079910,16666666,425011665243,425011863618,425012245660,425013136201,425027217410,2458,214167,425027217410,425013849868,0,425013136201,
0,98869,425026658250,425026658250,0,425027384118,425027384868,425027385410,425027436785,425059991582,425027379076,16666666,425027955785,425028335951,425028371660,425029296243,425043742118,1333,52042,425043742118,425029720285,0,425029296243,
0,98877,425043324916,425043324916,0,425044117785,425044118910,425044119326,425044173993,425076658248,425044112076,16666666,425044478493,425044634785,425044702576,425045731285,425060779368,2542,263916,425060779368,425046609160,0,425045731285,
0,98885,425059991582,425059991582,0,425060769076,425060769951,425060770410,425060826326,425093324914,425060763285,16666666,425061429201,425062175993,425062348618,425063291201,425077233576,1833,90125,425077233576,425063863201,0,425063291201,
0,98893,425076658248,425076658248,0,425077746035,425077747535,425077748201,425077815743,425109991580,425077738493,16666666,425078277076,425078812160,425078868868,425079538826,425081385118,2500,538292,425081285326,425081385118,0,425079538826,
0,98901,425093324914,425093324914,0,425094023660,425094024410,425094024951,425094078951,425126658246,425094018160,16666666,425094639951,425094850576,425094893451,425095840035,425110728493,1875,69292,425110728493,425096673618,0,425095840035,
0,98909,425109991580,425109991580,0,425110973118,425110974160,425110974701,425111032868,425143324912,425110966910,16666666,425111542201,425111886076,425111934285,425113229826,425127498785,2375,204625,425127498785,425114119993,0,425113229826,
0,98917,425126658246,425126658246,0,425127620118,425127621035,425127621410,425127691118,425159991578,425127614451,16666666,425128392993,425128481285,425128556826,425129604660,425143751451,1583,163167,425143751451,425130255326,0,425129604660,
0,98925,425143324912,425143324912,0,425144147660,425144148410,425144148993,425144201076,425176658244,425144141701,16666666,425145023743,425145128243,425145167743,425146081410,425160762201,1917,243250,425160762201,425146762660,0,425146081410,
0,98933,425159991578,425159991578,0,425161127993,425161128826,425161129368,425161187910,425193324910,425161122493,16666666,425161516118,425161898326,425162540201,425163684826,425177625743,1833,105750,425177625743,425164843701,0,425163684826,
0,98941,425176658244,425176658244,0,425177663618,425177664451,425177664826,425177720243,425209991576,425177657993,16666666,425178037951,425178187118,425178239576,425179473493,425193732660,2459,207584,425193732660,425180509910,0,425179473493,
0,98949,425193324910,425193324910,0,425194293868,425194295035,425194295535,425194372368,425226658242,425194286993,16666666,425194841285,425195107243,425195158535,425196646035,425210992576,1750,98166,425210992576,425197286910,0,425196646035,
0,98957,425209991576,425209991576,0,425211258285,425211260118,425211260785,425211333618,425243324908,425211250243,16666666,425211812701,425212331910,425212358035,425213511035,425227446868,1209,118875,425227446868,425214287826,0,425213511035,
---PROFILEDATA---


View hierarchy:

  dev.polski.grammarmatrix/dev.polski.grammarmatrix.GlassBenchmarkActivity/android.view.ViewRootImpl@6932836
  7 views, 12.02 kB of render nodes


Total ViewRootImpl   : 1
Total attached Views : 7
Total RenderNode     : 12.02 kB (used) / 36.09 kB (capacity)

