Applications Graphics Acceleration Info:
Uptime: 335019 Realtime: 335019

** Graphics info for pid 3816 [dev.polski.grammarmatrix] **

Stats since: 329271204114ns
Total frames rendered: 338
Janky frames: 7 (2.07%)
Janky frames (legacy): 0 (0.00%)
50th percentile: 17ms
90th percentile: 17ms
95th percentile: 18ms
99th percentile: 19ms
Number Missed Vsync: 0
Number High input latency: 358
Number Slow UI thread: 0
Number Slow bitmap uploads: 0
Number Slow issue draw commands: 6
Number Frame deadline missed: 7
Number Frame deadline missed (legacy): 0
HISTOGRAM: 5ms=7 6ms=0 7ms=1 8ms=1 9ms=2 10ms=0 11ms=0 12ms=0 13ms=0 14ms=0 15ms=4 16ms=86 17ms=213 18ms=13 19ms=10 20ms=1 21ms=0 22ms=0 23ms=0 24ms=0 25ms=0 26ms=0 27ms=0 28ms=0 29ms=0 30ms=0 31ms=0 32ms=0 34ms=0 36ms=0 38ms=0 40ms=0 42ms=0 44ms=0 46ms=0 48ms=0 53ms=0 57ms=0 61ms=0 65ms=0 69ms=0 73ms=0 77ms=0 81ms=0 85ms=0 89ms=0 93ms=0 97ms=0 101ms=0 105ms=0 109ms=0 113ms=0 117ms=0 121ms=0 125ms=0 129ms=0 133ms=0 150ms=0 200ms=0 250ms=0 300ms=0 350ms=0 400ms=0 450ms=0 500ms=0 550ms=0 600ms=0 650ms=0 700ms=0 750ms=0 800ms=0 850ms=0 900ms=0 950ms=0 1000ms=0 1050ms=0 1100ms=0 1150ms=0 1200ms=0 1250ms=0 1300ms=0 1350ms=0 1400ms=0 1450ms=0 1500ms=0 1550ms=0 1600ms=0 1650ms=0 1700ms=0 1750ms=0 1800ms=0 1850ms=0 1900ms=0 1950ms=0 2000ms=0 2050ms=0 2100ms=0 2150ms=0 2200ms=0 2250ms=0 2300ms=0 2350ms=0 2400ms=0 2450ms=0 2500ms=0 2550ms=0 2600ms=0 2650ms=0 2700ms=0 2750ms=0 2800ms=0 2850ms=0 2900ms=0 2950ms=0 3000ms=0 3050ms=0 3100ms=0 3150ms=0 3200ms=0 3250ms=0 3300ms=0 3350ms=0 3400ms=0 3450ms=0 3500ms=0 3550ms=0 3600ms=0 3650ms=0 3700ms=0 3750ms=0 3800ms=0 3850ms=0 3900ms=0 3950ms=0 4000ms=0 4050ms=0 4100ms=0 4150ms=0 4200ms=0 4250ms=0 4300ms=0 4350ms=0 4400ms=0 4450ms=0 4500ms=0 4550ms=0 4600ms=0 4650ms=0 4700ms=0 4750ms=0 4800ms=0 4850ms=0 4900ms=0 4950ms=0
50th gpu percentile: 13ms
90th gpu percentile: 15ms
95th gpu percentile: 15ms
99th gpu percentile: 16ms
GPU HISTOGRAM: 1ms=0 2ms=9 3ms=1 4ms=0 5ms=1 6ms=0 7ms=0 8ms=2 9ms=6 10ms=8 11ms=23 12ms=37 13ms=84 14ms=106 15ms=57 16ms=2 17ms=2 18ms=0 19ms=0 20ms=0 21ms=0 22ms=0 23ms=0 24ms=0 25ms=0 4950ms=0

Pipeline=Skia (OpenGL)
Memory policy:
  Max surface area: 2592000
  Max resource usage: 124.42MB (x48)
  Background retention: 50% (altUiHidden = true)
  GPU Context timeout: 10
Contexts: 1 (stopped = 0)
CPU Caches:
  Glyph Cache: 33.70 KB (1 entry)
  Glyph Count: 11 
Total CPU memory usage:
  34510 bytes, 33.70 KB (0.00 bytes is purgeable)
GPU Caches:
  Other:
    Other: 49.27 KB (1 entry)
    Buffer Object: 36.00 KB (1 entry)
  Scratch:
    RenderTarget: 11.88 MB (1 entry)
    Buffer Object: 110.00 KB (3 entries)
    Texture: 2.00 MB (1 entry)
Total GPU memory usage:
  14748944 bytes, 14.07 MB (11.94 MB is purgeable)

GraphicBufferAllocator buffers:
        Handle |        Size |     W (Stride) x H | Layers |   Format |      Usage | Requestor
0xb400007b2c426ab0 |     unknown | 1080 (   0) x 2400 |      1 |        1 | 0x     b00 | VRI[GlassBenchmarkActivity]#0(BLAST Consumer)0
0xb400007b2c427e60 |     unknown | 1080 (   0) x 2400 |      1 |        1 | 0x     b00 | VRI[GlassBenchmarkActivity]#0(BLAST Consumer)0
0xb400007b2c4282e0 |     unknown | 1080 (   0) x 2400 |      1 |        1 | 0x     b00 | VRI[GlassBenchmarkActivity]#0(BLAST Consumer)0
Total allocated by GraphicBufferAllocator (estimate): 0.00 KB
GoldfishAllocator::dumpDebugInfo is not implemented
Profile data in ms:

	dev.polski.grammarmatrix/dev.polski.grammarmatrix.GlassBenchmarkActivity/android.view.ViewRootImpl@6932836 (visibility=0)
Window: dev.polski.grammarmatrix/dev.polski.grammarmatrix.GlassBenchmarkActivity
Stats since: 329271203614ns
Total frames rendered: 338
Janky frames: 7 (2.07%)
Janky frames (legacy): 0 (0.00%)
50th percentile: 17ms
90th percentile: 17ms
95th percentile: 18ms
99th percentile: 19ms
Number Missed Vsync: 0
Number High input latency: 358
Number Slow UI thread: 0
Number Slow bitmap uploads: 0
Number Slow issue draw commands: 6
Number Frame deadline missed: 7
Number Frame deadline missed (legacy): 0
HISTOGRAM: 5ms=7 6ms=0 7ms=1 8ms=1 9ms=2 10ms=0 11ms=0 12ms=0 13ms=0 14ms=0 15ms=4 16ms=86 17ms=213 18ms=13 19ms=10 20ms=1 21ms=0 22ms=0 23ms=0 24ms=0 25ms=0 26ms=0 27ms=0 28ms=0 29ms=0 30ms=0 31ms=0 32ms=0 34ms=0 36ms=0 38ms=0 40ms=0 42ms=0 44ms=0 46ms=0 48ms=0 53ms=0 57ms=0 61ms=0 65ms=0 69ms=0 73ms=0 77ms=0 81ms=0 85ms=0 89ms=0 93ms=0 97ms=0 101ms=0 105ms=0 109ms=0 113ms=0 117ms=0 121ms=0 125ms=0 129ms=0 133ms=0 150ms=0 200ms=0 250ms=0 300ms=0 350ms=0 400ms=0 450ms=0 500ms=0 550ms=0 600ms=0 650ms=0 700ms=0 750ms=0 800ms=0 850ms=0 900ms=0 950ms=0 1000ms=0 1050ms=0 1100ms=0 1150ms=0 1200ms=0 1250ms=0 1300ms=0 1350ms=0 1400ms=0 1450ms=0 1500ms=0 1550ms=0 1600ms=0 1650ms=0 1700ms=0 1750ms=0 1800ms=0 1850ms=0 1900ms=0 1950ms=0 2000ms=0 2050ms=0 2100ms=0 2150ms=0 2200ms=0 2250ms=0 2300ms=0 2350ms=0 2400ms=0 2450ms=0 2500ms=0 2550ms=0 2600ms=0 2650ms=0 2700ms=0 2750ms=0 2800ms=0 2850ms=0 2900ms=0 2950ms=0 3000ms=0 3050ms=0 3100ms=0 3150ms=0 3200ms=0 3250ms=0 3300ms=0 3350ms=0 3400ms=0 3450ms=0 3500ms=0 3550ms=0 3600ms=0 3650ms=0 3700ms=0 3750ms=0 3800ms=0 3850ms=0 3900ms=0 3950ms=0 4000ms=0 4050ms=0 4100ms=0 4150ms=0 4200ms=0 4250ms=0 4300ms=0 4350ms=0 4400ms=0 4450ms=0 4500ms=0 4550ms=0 4600ms=0 4650ms=0 4700ms=0 4750ms=0 4800ms=0 4850ms=0 4900ms=0 4950ms=0
50th gpu percentile: 13ms
90th gpu percentile: 15ms
95th gpu percentile: 15ms
99th gpu percentile: 16ms
GPU HISTOGRAM: 1ms=0 2ms=9 3ms=1 4ms=0 5ms=1 6ms=0 7ms=0 8ms=2 9ms=6 10ms=8 11ms=23 12ms=37 13ms=84 14ms=106 15ms=57 16ms=2 17ms=2 18ms=0 19ms=0 20ms=0 21ms=0 22ms=0 23ms=0 24ms=0 25ms=0 4950ms=0



---PROFILEDATA---
Flags,FrameTimelineVsyncId,IntendedVsync,Vsync,InputEventId,HandleInputStart,AnimationStart,PerformTraversalsStart,DrawStart,FrameDeadline,FrameInterval,FrameStartTime,SyncQueued,SyncStart,IssueDrawCommandsStart,SwapBuffers,FrameCompleted,DequeueBufferDuration,QueueBufferDuration,GpuCompleted,SwapBuffersCompleted,DisplayPresentTime,CommandSubmissionCompleted,
0,70361,333009995264,333009995264,-847700925,333011016574,333012265824,333012542324,333012583032,333043328596,333011010949,16666666,333012770116,333012782366,333012835491,333013675366,333027328699,2000,180417,333027328699,333014312199,0,333013675366,
0,70369,333026661930,333026661930,-670664548,333027665116,333028521074,333028695991,333028723574,333059995262,333027659408,16666666,333028870199,333029366491,333029526199,333030183991,333044729908,1792,111500,333044729908,333030889741,0,333030183991,
0,70377,333043328596,333043328596,-617901508,333045910491,333046365408,333046530074,333046562449,333076661928,333045905074,16666666,333046866658,333046986616,333047044199,333047846074,333061476241,2166,395083,333061476241,333049342574,0,333047846074,
0,70385,333059995262,333059995262,-116587050,333061720199,333062189283,333062351908,333062376741,333093328594,333061714491,16666666,333062527741,333062545074,333062577699,333064117449,333077338616,1875,195458,333077338616,333065654908,0,333064117449,
0,70393,333076661928,333076661928,-653351286,333077821449,333078360866,333078549408,333078573949,333109995260,333077815699,16666666,333078771033,333079082283,333079269449,333080590116,333093857241,4208,375416,333093857241,333081635866,0,333080590116,
0,70401,333093328594,333093328594,-163032161,333094148908,333095522866,333095749866,333095788074,333126661926,333094142699,16666666,333095945408,333096396783,333096418199,333097171949,333113760199,1833,117792,333113760199,333097813033,0,333097171949,
0,70409,333109995260,333109995260,-956924939,333114151074,333114976574,333115212824,333115259033,333143328592,333114145199,16666666,333115416366,333115661283,333115778699,333116863241,333127565241,1875,190958,333127565241,333117497949,0,333116863241,
0,70417,333126661926,333126661926,-223194321,333127906616,333128606783,333128767449,333128791366,333159995258,333127901283,16666666,333128931824,333129184366,333129289491,333130531199,333144903074,2000,217292,333144903074,333131780574,0,333130531199,
0,70425,333143328592,333143328592,-458244586,333144837824,333145574741,333145751074,333145778949,333176661924,333144832074,16666666,333145940741,333146058783,333146078699,333147141741,333161165116,2333,114041,333161165116,333147986699,0,333147141741,
0,70433,333159995258,333159995258,-824399453,333161739699,333162189658,333162354533,333162379033,333193328590,333161734199,16666666,333162527866,333163213658,333163246116,333163867449,333165046741,2250,192041,333164949116,333165046741,0,333163867449,
0,70441,333176661924,333176661924,-672367348,333177698574,333178401449,333178599574,333178625616,333209995256,333177692991,16666666,333178776533,333179052158,333179185033,333179939199,333193740074,1958,186291,333193740074,333180803366,0,333179939199,
0,70449,333193328590,333193328590,-688071244,333194173908,333195074699,333195341199,333195384116,333226661922,333194166783,16666666,333195570116,333195811449,333195850074,333196869949,333210729491,2458,110791,333210729491,333197473533,0,333196869949,
0,70457,333209995256,333209995256,-942648842,333210824741,333211439908,333211619741,333211646116,333243328588,333210819283,16666666,333211835866,333212364574,333212384741,333213537449,333227443241,1959,236750,333227443241,333214270824,0,333213537449,
0,70465,333226661922,333226661922,-330455598,333227831866,333229108074,333229313449,333229344283,333259995254,333227825824,16666666,333229497324,333229631033,333229876324,333230867783,333244522866,2209,175708,333244522866,333231555783,0,333230867783,
0,70473,333243328588,333243328588,-372580,333245321783,333245807533,333245965991,333245990574,333276661920,333245315991,16666666,333246147574,333246465824,333246855699,333247582908,333261388283,517791,248708,333261388283,333248799783,0,333247582908,
0,70481,333259995254,333259995254,-678259017,333261859158,333262714491,333262969033,333263092908,333293328586,333261853616,16666666,333263388533,333263650783,333263746116,333265517699,333278177949,1666,102958,333278177949,333266304949,0,333265517699,
0,70489,333276661920,333276661920,-108859353,333278162241,333278719824,333278953366,333278983366,333309995252,333278156366,16666666,333279261574,333279372449,333279594824,333282087824,333293989616,1917,291916,333293989616,333283200616,0,333282087824,
0,70497,333293328586,333293328586,-872717193,333294398491,333294429033,333295451033,333295528116,333326661918,333294387949,16666666,333295797824,333296250991,333296346533,333297728699,333310889908,1917,134834,333310889908,333298497783,0,333297728699,
0,70505,333309995252,333309995252,0,333311052866,333311053741,333311897991,333311937824,333343328584,333311047658,16666666,333313306449,333313945658,333314007783,333314726449,333327586241,3750,635667,333327586241,333316948616,0,333314726449,
0,70513,333326661918,333326661918,0,333327927033,333327927824,333328807241,333328843824,333359995250,333327920824,16666666,333329385283,333329767574,333329874283,333331220824,333345827324,1791,86417,333345827324,333332304158,0,333331220824,
0,70521,333343328584,333343328584,0,333345449741,333345450908,333347141533,333347187408,333376661916,333345442741,16666666,333347736033,333347754574,333347808574,333348860574,333361662074,1750,100000,333361662074,333349627783,0,333348860574,
0,70529,333359995250,333359995250,0,333361438616,333361439783,333364342199,333364565658,333393328582,333361432741,16666666,333365467741,333366507658,333366553408,333366872991,333377464491,1625,264208,333377464491,333367698449,0,333366872991,
0,70537,333376661916,333376661916,-728018204,333377833658,333379100533,333381434449,333381520283,333409995248,333377827616,16666666,333381854033,333381950074,333381986824,333382350741,333393748824,2500,301791,333393748824,333383308116,0,333382350741,
0,70545,333393328582,333393328582,-682083629,333394137491,333394636824,333395458241,333395487616,333426661914,333394131033,16666666,333395963408,333396206616,333396965824,333397284699,333398443199,2125,447541,333398352199,333398443199,0,333397284699,
0,70553,333409995248,333409995248,-826045645,333411023449,333411547324,333413080616,333413143074,333443328580,333411017283,16666666,333413663074,333413858241,333413891949,333414236658,333427375533,2375,390083,333427375533,333415344699,0,333414236658,
0,70561,333426661914,333426661914,-118565173,333427703366,333428923158,333431321866,333431371408,333459995246,333427697033,16666666,333431579741,333431681491,333431727074,333432522491,333443914908,2042,234125,333443914908,333433195366,0,333432522491,
0,70569,333443328580,333443328580,-835437736,333444180783,333445280449,333446112199,333446171283,333476661912,333444175158,16666666,333446572783,333446788699,333446986074,333447965449,333460799324,2042,376166,333460799324,333449108574,0,333447965449,
0,70577,333459995246,333459995246,-112451759,333461001408,333462140033,333463182199,333463240616,333493328578,333460994699,16666666,333463542033,333463792533,333463836199,333465128991,333477465366,2083,163709,333477465366,333465881866,0,333465128991,
0,70585,333476661912,333476661912,-415644775,333477878449,333478524491,333478752158,333478780699,333509995244,333477872449,16666666,333479125491,333479156074,333479231699,333480711283,333493744658,3125,275208,333493744658,333481785908,0,333480711283,
0,70593,333493328578,333493328578,-755934212,333493979199,333494631199,333494820658,333494849824,333526661910,333493973658,16666666,333495013908,333495688574,333495706408,333496579074,333510376491,1875,103959,333510376491,333497277241,0,333496579074,
0,70601,333509995244,333509995244,-334265712,333510626449,333511248658,333511434283,333511463033,333543328576,333510620324,16666666,333511615949,333511876491,333511895074,333513056324,333527216533,1958,301791,333527216533,333513837908,0,333513056324,
0,70609,333526661910,333526661910,-336646494,333527606991,333528762449,333529252324,333529281491,333559995242,333527601574,16666666,333529438533,333529468449,333529855158,333530593074,333544251866,1833,153250,333544251866,333531559616,0,333530593074,
0,70617,333543328576,333543328576,-104342805,333544512116,333545375116,333545555408,333545581741,333576661908,333544506699,16666666,333545720324,333545986074,333546026616,333546972991,333560925199,2500,215708,333560925199,333548218783,0,333546972991,
0,70625,333559995242,333559995242,-274605978,333561297116,333561821491,333561990199,333562013408,333593328574,333561291866,16666666,333562160033,333562207366,333562337324,333564361033,333577790116,1750,86666,333577790116,333565056199,0,333564361033,
0,70633,333576661908,333576661908,-1041747442,333578510199,333579045324,333579220533,333579246699,333609995240,333578504366,16666666,333579390283,333579544324,333579601658,333580795824,333594282741,2791,216875,333594282741,333581645533,0,333580795824,
0,70641,333593328574,333593328574,-287050758,333594753908,333595250366,333595432991,333595461283,333626661906,333594748283,16666666,333595614991,333595874116,333595906033,333596989533,333613354408,2042,271375,333613354408,333598054574,0,333596989533,
0,70649,333609995240,333609995240,-403577828,333613791699,333614482533,333615289741,333615337324,333643328572,333613786199,16666666,333615510366,333615681158,333615722241,333616579241,333627445449,2000,174750,333627445449,333617192033,0,333616579241,
0,70657,333626661906,333626661906,-531151922,333627881158,333628953074,333629136741,333629165199,333659995238,333627875241,16666666,333629312241,333629384033,333629458324,333630540324,333643966199,1709,99042,333643966199,333631250033,0,333630540324,
0,70665,333643328572,333643328572,-269647836,333645222824,333645843449,333646079658,333646114866,333676661904,333645216866,16666666,333646288408,333646502658,333646546324,333647378033,333661409741,2792,725250,333661409741,333648665408,0,333647378033,
0,70673,333659995238,333659995238,-688583687,333661524574,333662290283,333662476033,333662501741,333693328570,333661519324,16666666,333662859658,333663320616,333663433949,333664218408,333678115074,2125,146333,333678115074,333665711908,0,333664218408,
0,70681,333676661904,333676661904,-392563748,333678369324,333679249324,333679429533,333679458366,333709995236,333678363074,16666666,333679823824,333680247366,333680322658,333680979616,333693794324,4000,309041,333693794324,333681893949,0,333680979616,
0,70689,333693328570,333693328570,-943107018,333695146491,333696695699,333697065366,333697127158,333726661902,333695140699,16666666,333697706033,333697794991,333697828074,333698746699,333710472241,3042,313250,333710472241,333699629658,0,333698746699,
0,70697,333709995236,333709995236,-678669821,333711280658,333711690533,333712396908,333712449533,333743328568,333711275074,16666666,333712662908,333712813199,333712833741,333713888783,333727302950,2500,288625,333727302950,333714794116,0,333713888783,
0,70705,333726661902,333726661902,-668790095,333727951991,333727965950,333730152408,333730209658,333759995234,333727946325,16666666,333730375033,333730659741,333730697366,333731835033,333743847366,1667,180292,333743847366,333732750533,0,333731835033,
0,70713,333743328568,333743328568,0,333744364241,333744364908,333745337366,333745390408,333776661900,333744358825,16666666,333745883825,333746139533,333746181116,333746823283,333761109575,2042,264375,333761109575,333747757158,0,333746823283,
0,70721,333759995234,333759995234,0,333763091200,333763092075,333763092741,333763143408,333793328566,333763085616,16666666,333763588075,333763750325,333763782533,333766141033,333777476158,1708,188167,333777476158,333767444950,0,333766141033,
0,70729,333776661900,333776661900,0,333777429741,333777430908,333777431491,333777507075,333809995232,333777422741,16666666,333779062325,333779556241,333779662491,333781526116,333794111741,1708,88750,333794111741,333782569158,0,333781526116,
0,70737,333793328566,333793328566,0,333795165533,333795166283,333795166700,333795221575,333826661898,333795159575,16666666,333795742866,333797192991,333797217991,333798411533,333810562658,2167,117542,333810562658,333799679575,0,333798411533,
0,70745,333809995232,333809995232,0,333810729116,333810730033,333810730408,333810783700,333843328564,333810723158,16666666,333811182075,333811203866,333811223908,333812997700,333827131950,2375,457583,333827131950,333814147908,0,333812997700,
0,70753,333826661898,333826661898,-320896418,333827713283,333829755783,333829942283,333829974783,333859995230,333827707991,16666666,333830149200,333830279658,333830315991,333831195450,333843853158,1917,124209,333843853158,333831823450,0,333831195450,
0,70761,333843328564,333843328564,-476858674,333844524741,333844963991,333845335158,333845379408,333876661896,333844518908,16666666,333845543616,333845560783,333846037491,333846882075,333861852241,2125,151208,333861852241,333847750283,0,333846882075,
0,70769,333859995230,333859995230,-690974876,333862093033,333863089700,333863329950,333863367575,333893328562,333862086575,16666666,333863528366,333863895658,333863956783,333865351616,333877237783,1750,225541,333877237783,333866245366,0,333865351616,
0,70777,333876661896,333876661896,-342395751,333877478991,333878141533,333878382075,333878421325,333909995228,333877472366,16666666,333878596741,333878812408,333878854575,333879558616,333893959241,1708,294625,333893959241,333880859616,0,333879558616,
0,70785,333893328562,333893328562,-624234442,333894451075,333894996616,333895240366,333895276200,333926661894,333894444200,16666666,333895879700,333896194158,333896245950,333896852908,333910535450,2209,154667,333910535450,333897424741,0,333896852908,
0,70793,333909995228,333909995228,-522014283,333910811658,333911340408,333911518116,333911558991,333943328560,333910806200,16666666,333911703366,333912322741,333912342158,333913476366,333927201950,1833,126084,333927201950,333914039241,0,333913476366,
0,70801,333926661894,333926661894,-641628728,333927947325,333929074325,333929259616,333929288408,333959995226,333927939866,16666666,333929431866,333929546283,333929594825,333930614700,333943731200,2041,170459,333943731200,333931452283,0,333930614700,
0,70809,333943328560,333943328560,-776673370,333944160241,333944612700,333945205158,333945234575,333976661892,333944154491,16666666,333945391658,333945724658,333945786408,333946735658,333960771866,2166,177166,333960771866,333947480950,0,333946735658,
0,70817,333959995226,333959995226,-450322374,333960713616,333961361950,333961662533,333961741325,333993328558,333960707825,16666666,333962015408,333962716283,333962753491,333963389991,333977801158,2041,170208,333977801158,333964415283,0,333963389991,
0,70825,333976661892,333976661892,-285463350,333977925158,333978754658,333979029658,333979070741,334009995224,333977919491,16666666,333979240616,333979527408,333979552116,333980567950,333994102158,1583,142875,333994102158,333981340325,0,333980567950,
0,70833,333993328558,333993328558,-425130364,333994490075,333994956033,333995127283,333995154033,334026661890,333994483783,16666666,333995303408,333995511950,333995528700,333997102033,334010765116,2125,123750,334010765116,333997865033,0,333997102033,
0,70841,334009995224,334009995224,-675810287,334010939158,334011765116,334011932158,334011955991,334043328556,334010932950,16666666,334012253450,334012623075,334012679866,334013611950,334027225450,4083,184750,334027225450,334014538700,0,334013611950,
0,70849,334026661890,334026661890,-254589032,334027783533,334028853033,334029138700,334029197283,334059995222,334027777366,16666666,334029673575,334029882075,334029972283,334030690241,334043977741,2708,178875,334043977741,334031378700,0,334030690241,
0,70857,334043328556,334043328556,-397816136,334044408075,334044855033,334045022408,334045060825,334076661888,334044402658,16666666,334045222991,334045473200,334045506200,334047072200,334060736741,3000,156792,334060736741,334048468325,0,334047072200,
0,70865,334059995222,334059995222,-893718507,334061345700,334061779950,334061938825,334061961950,334093328554,334061322616,16666666,334062091116,334062183575,334062233575,334063445866,334077333116,352834,80834,334077333116,334064485116,0,334063445866,
0,70873,334076661888,334076661888,-324797305,334077728158,334078517075,334078773741,334078813700,334109995220,334077721241,16666666,334078972033,334079030616,334079226908,334080345991,334093918658,2291,241750,334093918658,334081070950,0,334080345991,
0,70881,334093328554,334093328554,-437805368,334094054783,334094466908,334094622741,334094647741,334126661886,334094049408,16666666,334094796075,334095602450,334095622241,334096490533,334110424616,1750,114750,334110424616,334097137700,0,334096490533,
0,70889,334109995220,334109995220,-942093348,334111033741,334111626200,334111831700,334111860658,334143328552,334111027825,16666666,334112428241,334112646408,334112682908,334113255783,334127263908,1833,228167,334127263908,334114319408,0,334113255783,
0,70897,334126661886,334126661886,-615243748,334127378741,334127919491,334128528533,334128739116,334159995218,334127373116,16666666,334128923908,334128946283,334129078283,334129615033,334143768033,1417,125000,334143768033,334130166491,0,334129615033,
0,70905,334143328552,334143328552,-115142270,334144342616,334144753200,334144907325,334144929158,334176661884,334144336700,16666666,334145064075,334145379575,334145446408,334146305283,334160453866,1542,117167,334160453866,334146875283,0,334146305283,
0,70913,334159995218,334159995218,-316373373,334160660241,334161087575,334161451700,334161483908,334193328550,334160654616,16666666,334162015325,334162338241,334162622033,334163254325,334177973741,2750,282417,334177973741,334164413908,0,334163254325,
0,70928,334193328550,334193328550,0,334194290950,334194291908,334194854408,334194887700,334209995216,334194284575,16666666,334195808783,334195990616,334196340825,334196659908,334210498908,1750,101042,334210498908,334197303741,0,334196659908,
0,70936,334209995216,334209995216,0,334211133283,334211134200,334211703575,334211743158,334243328548,334211127950,16666666,334213151116,334213251075,334213283908,334213704616,334227423616,1458,90583,334227423616,334214463950,0,334213704616,
0,70944,334226661882,334226661882,0,334227533783,334227534533,334231161825,334231209991,334259995214,334227527200,16666666,334232512033,334232717991,334232873950,334233731950,334244127575,3583,584750,334244127575,334235339825,0,334233731950,
0,70952,334243328548,334243328548,0,334244619908,334244620825,334246496408,334246536325,334276661880,334244614366,16666666,334246976950,334247112658,334247151783,334247990866,334260812908,1542,105125,334260812908,334248713700,0,334247990866,
0,70960,334259995214,334259995214,-53286499,334261287825,334262043950,334263682741,334263708491,334293328546,334261282491,16666666,334263715825,334264239700,334264305075,334264742408,334277286033,4417,409791,334277286033,334266243741,0,334264742408,
0,70968,334276661880,334276661880,-109142532,334277882950,334278473991,334279590325,334279638533,334309995212,334277876616,16666666,334281845783,334282002575,334282051158,334282420450,334293811241,3083,340000,334293811241,334283375575,0,334282420450,
0,70976,334293328546,334293328546,-301594969,334294488491,334294959658,334297164700,334297202033,334326661878,334294482158,16666666,334297695783,334297843491,334297925658,334298277616,334310579783,2334,456083,334310579783,334299395408,0,334298277616,
0,70984,334309995212,334309995212,-62294160,334311064325,334311777075,334312616491,334312645658,334343328544,334311058075,16666666,334312919866,334313251366,334313290658,334314299200,334315427616,2083,536833,334315352991,334315427616,0,334314299200,
0,70992,334326661878,334326661878,-767352846,334327521366,334328478658,334328830283,334328871366,334359995210,334327515075,16666666,334329137783,334329302783,334329745658,334330081450,334343896116,1667,235792,334343896116,334330869283,0,334330081450,
0,71000,334343328544,334343328544,-593818403,334344372991,334344831116,334346181616,334346255325,334376661876,334344367533,16666666,334346977866,334347130533,334347174533,334347768575,334360562783,1916,275708,334360562783,334348599075,0,334347768575,
0,71008,334359995210,334359995210,-593780193,334361001283,334361651491,334361892658,334361925116,334393328542,334360994700,16666666,334362099575,334362281033,334362317241,334363627658,334377543158,2208,123916,334377543158,334364628033,0,334363627658,
0,71016,334376661876,334376661876,-849840447,334378118741,334378904783,334379090033,334379114783,334409995208,334378113325,16666666,334379253575,334379370575,334379422616,334380756616,334396315325,2292,152292,334396315325,334381477825,0,334380756616,
0,71024,334393328542,334393328542,-104405728,334396977616,334398184283,334398411325,334398443616,334426661874,334396972366,16666666,334398596741,334398958575,334398997866,334399736366,334410473450,1958,220750,334410473450,334400728825,0,334399736366,
0,71032,334409995208,334409995208,-134521772,334411028658,334411522200,334411769825,334411796450,334443328540,334411023241,16666666,334411981533,334412674991,334412856575,334413495075,334427145950,1542,75250,334427145950,334414042533,0,334413495075,
0,71040,334426661874,334426661874,-554944685,334427562200,334428352033,334428525783,334428553075,334459995206,334427556408,16666666,334428696283,334429140158,334429169867,334429759908,334443887575,2792,204916,334443887575,334430386783,0,334429759908,
0,71048,334443328540,334443328540,-523413355,334444478033,334445012158,334445475700,334445515658,334476661872,334444471825,16666666,334445668825,334445754700,334445783242,334446357617,334461064992,1583,140959,334461064992,334446927283,0,334446357617,
0,71056,334459995206,334459995206,-48854246,334461378867,334461777867,334461939075,334461966242,334493328538,334461373283,16666666,334462105867,334462401783,334462501658,334463332450,334477247575,5375,636334,334477247575,334465402742,0,334463332450,
0,71064,334476661872,334476661872,-529651689,334477668867,334478457325,334478706617,334478746992,334509995204,334477662533,16666666,334478914075,334479160533,334479270783,334479946533,334493754950,1792,119000,334493754950,334480557242,0,334479946533,
0,71072,334493328538,334493328538,-1071261943,334494073867,334494555242,334494737158,334494764283,334526661870,334494068200,16666666,334494914617,334495276825,334495365158,334496204075,334510834533,1667,180375,334510834533,334497101908,0,334496204075,
0,71080,334509995204,334509995204,-428250634,334511476700,334512238992,334512569242,334512614200,334543328536,334511470825,16666666,334512788700,334512934158,334513262617,334514083533,334527573908,2041,97792,334527573908,334514796575,0,334514083533,
0,71088,334526661870,334526661870,-437249103,334528524783,334528921367,334529268408,334529296950,334559995202,334528519450,16666666,334529506742,334529604117,334529671575,334530710533,334543806908,1875,459583,334543806908,334531588825,0,334530710533,
0,71096,334543328536,334543328536,-301422567,334544251658,334544633533,334544784992,334544806200,334576661868,334544245825,16666666,334544948867,334545208158,334545307367,334546468992,334560566783,209833,88959,334560566783,334547213950,0,334546468992,
0,71104,334559995202,334559995202,-359098250,334561005158,334561549950,334561878450,334561938033,334593328534,334560999325,16666666,334562165408,334562336450,334562579283,334563462450,334577127700,2083,219083,334577127700,334564220617,0,334563462450,
0,71112,334576661868,334576661868,-889615134,334577725408,334578173367,334578328033,334578357908,334609995200,334577719950,16666666,334578495700,334578576783,334578593908,334579777408,334593778783,1875,158833,334593778783,334580697617,0,334579777408,
0,71120,334593328534,334593328534,-305642656,334594058033,334594541617,334594752742,334594779700,334626661866,334594052658,16666666,334594921617,334594954908,334594974200,334596133200,334610700700,1833,150041,334610700700,334596865658,0,334596133200,
0,71128,334609995200,334609995200,-1073541515,334610994408,334611544533,334611738908,334611773533,334643328532,334610987950,16666666,334611939783,334612589367,334612642742,334613573783,334627465075,2417,616584,334627465075,334614940658,0,334613573783,
0,71136,334626661866,334626661866,-733719675,334628399158,334628418492,334629028783,334629070992,334659995198,334628391575,16666666,334630044158,334630188492,334630224575,334630936117,334643883783,3250,314750,334643883783,334631844533,0,334630936117,
0,71144,334643328532,334643328532,0,334644656450,334644657825,334645421242,334645499450,334676661864,334644649242,16666666,334645722700,334646077908,334646148033,334647146950,334661197408,2125,109375,334661197408,334647933492,0,334647146950,
0,71152,334659995198,334659995198,0,334661541658,334661542492,334661542867,334661592950,334693328530,334661536158,16666666,334661933783,334662295783,334662347742,334663359200,334677306533,4167,655125,334677306533,334664607158,0,334663359200,
0,71160,334676661864,334676661864,0,334677711242,334677712033,334677712575,334677765283,334709995196,334677705992,16666666,334678088033,334678613867,334678655575,334680173450,334694525533,1750,88208,334694525533,334680929450,0,334680173450,
0,71168,334693328530,334693328530,0,334693854617,334693855367,334693855783,334693910533,334726661862,334693849075,16666666,334694362867,334695635242,334695677075,334696919200,334711077158,2625,158916,334711077158,334697761783,0,334696919200,
0,71176,334709995196,334709995196,0,334711869408,334711870200,334711870742,334711931242,334743328528,334711863325,16666666,334712440033,334713495658,334713537283,334714891867,334727637617,1791,90708,334727637617,334715518908,0,334714891867,
0,71184,334726661862,334726661862,0,334729140242,334729141033,334729141450,334729195908,334759995194,334729134867,16666666,334729619783,334729921158,334729988158,334730871242,334745010700,3209,234834,334745010700,334731873533,0,334730871242,
0,71192,334743328528,334743328528,0,334744707492,334744708283,334744708867,334744774825,334776661860,334744701783,16666666,334745138825,334746600242,334746783742,334748268950,334761234200,1917,134708,334761234200,334749335950,0,334748268950,
0,71200,334759995194,334759995194,0,334762548617,334762549450,334762549825,334762605783,334793328526,334762542992,16666666,334763450533,334763564117,334763613950,334764306492,334777388492,2125,324792,334777388492,334765161950,0,334764306492,
0,71208,334776661860,334776661860,0,334777618825,334777619867,334777620492,334777674325,334809995192,334777613450,16666666,334778031867,334778409742,334778450783,334779285450,334793837783,673917,103000,334793837783,334780769283,0,334779285450,
0,71216,334793328526,334793328526,0,334794088533,334794089492,334794089908,334794140617,334826661858,334794082658,16666666,334794455700,334794813658,334794889992,334796119033,334810985408,1959,278500,334810985408,334797190658,0,334796119033,
0,71224,334809995192,334809995192,0,334811101992,334811103075,334811103700,334811167158,334843328524,334811095950,16666666,334813686867,334815149825,334815195992,334817203825,334832090992,2584,359375,334832090992,334819978033,0,334817203825,
0,71232,334826661858,334826661858,0,334827472325,334827473450,334827473867,334827539575,334859995190,334827466742,16666666,334827885033,334827981825,334828418617,334829060033,334836758617,8250,5167291,334836668950,334836758617,0,334829060033,
0,71240,334843328524,334843328524,0,334845152033,334845153200,334845153783,334845215908,334876661856,334845146117,16666666,334845579283,334845694408,334845732283,334846663492,334861089533,1662750,172125,334861089533,334850225492,0,334846663492,
0,71248,334859995190,334859995190,0,334865461408,334865462242,334865462825,334865525367,334893328522,334865455450,16666666,334865916450,334866084242,334866117617,334866709575,334879547533,1916,152250,334879547533,334867505783,0,334866709575,
0,71256,334876661856,334876661856,0,334881212658,334881213658,334881214075,334881275158,334909995188,334881206533,16666666,334881683617,334882078492,334882145075,334886083450,334894473825,264000,245084,334894473825,334887621325,0,334886083450,
0,71264,334893328522,334893328522,0,334894192408,334894193492,334894193908,334894248950,334926661854,334894186908,16666666,334894598408,334894786033,334894820617,334897574242,334910866992,2374791,251542,334910866992,334900977908,0,334897574242,
0,71272,334909995188,334909995188,0,334910768700,334910769700,334910770242,334910829075,334943328520,334910763033,16666666,334911173450,334911193158,334911230075,334914374533,334928383575,916875,161666,334928383575,334918206033,0,334914374533,
0,71280,334926661854,334926661854,0,334931599325,334931600575,334931601075,334931681783,334959995186,334931591908,16666666,334933983658,334934738908,334934764242,334935995533,334944315825,3211417,104750,334944315825,334940314033,0,334935995533,
0,71288,334943328520,334943328520,0,334944949367,334944950158,334944950575,334945003908,334976661852,334944943325,16666666,334946520367,334948109367,334948149242,334949890533,334962415867,1875,346666,334962415867,334951486950,0,334949890533,
0,71296,334959995186,334959995186,0,334962032325,334962033367,334962033908,334962096783,334993328518,334962026492,16666666,334965013492,334965187950,334965234533,334970247700,334978671075,3292,204667,334978671075,334971877158,0,334970247700,
0,71304,334976661852,334976661852,0,334978397575,334978399033,334978399658,334978482033,335009995184,334978389783,16666666,334979278658,334981095742,334981149283,334981817950,334993859950,1750,136416,334993859950,334983012867,0,334981817950,
0,71312,334993328518,334993328518,0,334994307325,334994308658,334994309200,334994376700,335026661850,334994301242,16666666,334994898867,334995361617,334995417700,334997634867,335010841867,2875,197500,335010841867,334999281658,0,334997634867,
0,71320,335009995184,335009995184,0,335011946033,335011947242,335011947742,335013663325,335026661850,335011939408,16666666,335014105200,335014600033,335014650575,335015453283,333010491824,3084,226166,333010491824,335016632367,0,335015453283,
---PROFILEDATA---


View hierarchy:

  dev.polski.grammarmatrix/dev.polski.grammarmatrix.GlassBenchmarkActivity/android.view.ViewRootImpl@6932836
  7 views, 12.02 kB of render nodes


Total ViewRootImpl   : 1
Total attached Views : 7
Total RenderNode     : 12.02 kB (used) / 36.09 kB (capacity)

