Applications Graphics Acceleration Info:
Uptime: 448397 Realtime: 448397

** Graphics info for pid 3816 [dev.polski.grammarmatrix] **

Stats since: 442646977835ns
Total frames rendered: 338
Janky frames: 7 (2.07%)
Janky frames (legacy): 68 (20.12%)
50th percentile: 17ms
90th percentile: 21ms
95th percentile: 22ms
99th percentile: 32ms
Number Missed Vsync: 0
Number High input latency: 451
Number Slow UI thread: 1
Number Slow bitmap uploads: 0
Number Slow issue draw commands: 7
Number Frame deadline missed: 7
Number Frame deadline missed (legacy): 4
HISTOGRAM: 5ms=5 6ms=1 7ms=0 8ms=1 9ms=0 10ms=0 11ms=0 12ms=0 13ms=0 14ms=0 15ms=1 16ms=72 17ms=172 18ms=12 19ms=16 20ms=20 21ms=16 22ms=7 23ms=5 24ms=3 25ms=1 26ms=0 27ms=0 28ms=2 29ms=0 30ms=0 31ms=0 32ms=2 34ms=0 36ms=0 38ms=1 40ms=0 42ms=0 44ms=0 46ms=0 48ms=0 53ms=1 57ms=0 61ms=0 65ms=0 69ms=0 73ms=0 77ms=0 81ms=0 85ms=0 89ms=0 93ms=0 97ms=0 101ms=0 105ms=0 109ms=0 113ms=0 117ms=0 121ms=0 125ms=0 129ms=0 133ms=0 150ms=0 200ms=0 250ms=0 300ms=0 350ms=0 400ms=0 450ms=0 500ms=0 550ms=0 600ms=0 650ms=0 700ms=0 750ms=0 800ms=0 850ms=0 900ms=0 950ms=0 1000ms=0 1050ms=0 1100ms=0 1150ms=0 1200ms=0 1250ms=0 1300ms=0 1350ms=0 1400ms=0 1450ms=0 1500ms=0 1550ms=0 1600ms=0 1650ms=0 1700ms=0 1750ms=0 1800ms=0 1850ms=0 1900ms=0 1950ms=0 2000ms=0 2050ms=0 2100ms=0 2150ms=0 2200ms=0 2250ms=0 2300ms=0 2350ms=0 2400ms=0 2450ms=0 2500ms=0 2550ms=0 2600ms=0 2650ms=0 2700ms=0 2750ms=0 2800ms=0 2850ms=0 2900ms=0 2950ms=0 3000ms=0 3050ms=0 3100ms=0 3150ms=0 3200ms=0 3250ms=0 3300ms=0 3350ms=0 3400ms=0 3450ms=0 3500ms=0 3550ms=0 3600ms=0 3650ms=0 3700ms=0 3750ms=0 3800ms=0 3850ms=0 3900ms=0 3950ms=0 4000ms=0 4050ms=0 4100ms=0 4150ms=0 4200ms=0 4250ms=0 4300ms=0 4350ms=0 4400ms=0 4450ms=0 4500ms=0 4550ms=0 4600ms=0 4650ms=0 4700ms=0 4750ms=0 4800ms=0 4850ms=0 4900ms=0 4950ms=0
50th gpu percentile: 15ms
90th gpu percentile: 18ms
95th gpu percentile: 19ms
99th gpu percentile: 22ms
GPU HISTOGRAM: 1ms=0 2ms=10 3ms=2 4ms=0 5ms=0 6ms=1 7ms=0 8ms=0 9ms=2 10ms=3 11ms=4 12ms=8 13ms=19 14ms=93 15ms=127 16ms=16 17ms=15 18ms=13 19ms=12 20ms=7 21ms=1 22ms=2 23ms=0 24ms=0 25ms=0 4950ms=3

Pipeline=Skia (OpenGL)
Memory policy:
  Max surface area: 2592000
  Max resource usage: 124.42MB (x48)
  Background retention: 50% (altUiHidden = true)
  GPU Context timeout: 10
Contexts: 1 (stopped = 0)
CPU Caches:
  Glyph Cache: 33.70 KB (1 entry)
  Glyph Count: 11 
Total CPU memory usage:
  34510 bytes, 33.70 KB (0.00 bytes is purgeable)
GPU Caches:
  Other:
    Other: 49.27 KB (1 entry)
    Buffer Object: 36.00 KB (1 entry)
  Scratch:
    RenderTarget: 11.88 MB (1 entry)
    Buffer Object: 110.00 KB (3 entries)
    Texture: 2.00 MB (1 entry)
Total GPU memory usage:
  14748944 bytes, 14.07 MB (68.00 KB is purgeable)

GraphicBufferAllocator buffers:
        Handle |        Size |     W (Stride) x H | Layers |   Format |      Usage | Requestor
0xb400007b2c426ab0 |     unknown | 1080 (   0) x 2400 |      1 |        1 | 0x     b00 | VRI[GlassBenchmarkActivity]#0(BLAST Consumer)0
0xb400007b2c427e60 |     unknown | 1080 (   0) x 2400 |      1 |        1 | 0x     b00 | VRI[GlassBenchmarkActivity]#0(BLAST Consumer)0
0xb400007b2c4282e0 |     unknown | 1080 (   0) x 2400 |      1 |        1 | 0x     b00 | VRI[GlassBenchmarkActivity]#0(BLAST Consumer)0
Total allocated by GraphicBufferAllocator (estimate): 0.00 KB
GoldfishAllocator::dumpDebugInfo is not implemented
Profile data in ms:

	dev.polski.grammarmatrix/dev.polski.grammarmatrix.GlassBenchmarkActivity/android.view.ViewRootImpl@6932836 (visibility=0)
Window: dev.polski.grammarmatrix/dev.polski.grammarmatrix.GlassBenchmarkActivity
Stats since: 442646977168ns
Total frames rendered: 338
Janky frames: 7 (2.07%)
Janky frames (legacy): 68 (20.12%)
50th percentile: 17ms
90th percentile: 21ms
95th percentile: 22ms
99th percentile: 32ms
Number Missed Vsync: 0
Number High input latency: 451
Number Slow UI thread: 1
Number Slow bitmap uploads: 0
Number Slow issue draw commands: 7
Number Frame deadline missed: 7
Number Frame deadline missed (legacy): 4
HISTOGRAM: 5ms=5 6ms=1 7ms=0 8ms=1 9ms=0 10ms=0 11ms=0 12ms=0 13ms=0 14ms=0 15ms=1 16ms=72 17ms=172 18ms=12 19ms=16 20ms=20 21ms=16 22ms=7 23ms=5 24ms=3 25ms=1 26ms=0 27ms=0 28ms=2 29ms=0 30ms=0 31ms=0 32ms=2 34ms=0 36ms=0 38ms=1 40ms=0 42ms=0 44ms=0 46ms=0 48ms=0 53ms=1 57ms=0 61ms=0 65ms=0 69ms=0 73ms=0 77ms=0 81ms=0 85ms=0 89ms=0 93ms=0 97ms=0 101ms=0 105ms=0 109ms=0 113ms=0 117ms=0 121ms=0 125ms=0 129ms=0 133ms=0 150ms=0 200ms=0 250ms=0 300ms=0 350ms=0 400ms=0 450ms=0 500ms=0 550ms=0 600ms=0 650ms=0 700ms=0 750ms=0 800ms=0 850ms=0 900ms=0 950ms=0 1000ms=0 1050ms=0 1100ms=0 1150ms=0 1200ms=0 1250ms=0 1300ms=0 1350ms=0 1400ms=0 1450ms=0 1500ms=0 1550ms=0 1600ms=0 1650ms=0 1700ms=0 1750ms=0 1800ms=0 1850ms=0 1900ms=0 1950ms=0 2000ms=0 2050ms=0 2100ms=0 2150ms=0 2200ms=0 2250ms=0 2300ms=0 2350ms=0 2400ms=0 2450ms=0 2500ms=0 2550ms=0 2600ms=0 2650ms=0 2700ms=0 2750ms=0 2800ms=0 2850ms=0 2900ms=0 2950ms=0 3000ms=0 3050ms=0 3100ms=0 3150ms=0 3200ms=0 3250ms=0 3300ms=0 3350ms=0 3400ms=0 3450ms=0 3500ms=0 3550ms=0 3600ms=0 3650ms=0 3700ms=0 3750ms=0 3800ms=0 3850ms=0 3900ms=0 3950ms=0 4000ms=0 4050ms=0 4100ms=0 4150ms=0 4200ms=0 4250ms=0 4300ms=0 4350ms=0 4400ms=0 4450ms=0 4500ms=0 4550ms=0 4600ms=0 4650ms=0 4700ms=0 4750ms=0 4800ms=0 4850ms=0 4900ms=0 4950ms=0
50th gpu percentile: 15ms
90th gpu percentile: 18ms
95th gpu percentile: 19ms
99th gpu percentile: 22ms
GPU HISTOGRAM: 1ms=0 2ms=10 3ms=2 4ms=0 5ms=0 6ms=1 7ms=0 8ms=0 9ms=2 10ms=3 11ms=4 12ms=8 13ms=19 14ms=93 15ms=127 16ms=16 17ms=15 18ms=13 19ms=12 20ms=7 21ms=1 22ms=2 23ms=0 24ms=0 25ms=0 4950ms=3



---PROFILEDATA---
Flags,FrameTimelineVsyncId,IntendedVsync,Vsync,InputEventId,HandleInputStart,AnimationStart,PerformTraversalsStart,DrawStart,FrameDeadline,FrameInterval,FrameStartTime,SyncQueued,SyncStart,IssueDrawCommandsStart,SwapBuffers,FrameCompleted,DequeueBufferDuration,QueueBufferDuration,GpuCompleted,SwapBuffersCompleted,DisplayPresentTime,CommandSubmissionCompleted,
0,108453,446393324062,446393324062,-117570846,446394257878,446395937128,446396542712,446396576503,446426657394,446394250378,16666666,446396724003,446396825753,446396858837,446397420628,446410554212,1625,299167,446410554212,446398193795,0,446397420628,
0,108461,446409990728,446409990728,-743027155,446410829295,446411321253,446411468420,446411489545,446443324060,446410824128,16666666,446412308878,446412478670,446412514253,446413134837,446427422128,2375,267416,446427422128,446413857337,0,446413134837,
0,108469,446426657394,446426657394,-252883939,446427723170,446428348962,446428513212,446428539712,446459990726,446427717587,16666666,446429346420,446429485878,446429538878,446430250753,446444498378,2500,367542,446444498378,446431417712,0,446430250753,
0,108477,446443324060,446443324060,-312634990,446444714837,446445370253,446445551420,446445582253,446476657392,446444709295,16666666,446446086837,446446105962,446446397378,446446982503,446463335712,2875,206625,446463335712,446447775587,0,446446982503,
0,108485,446459990726,446459990726,-556571290,446466067212,446466903295,446467068295,446467092212,446493324058,446466061962,16666666,446467228212,446467410670,446467494753,446469053795,446477054545,2667,193250,446477054545,446470059378,0,446469053795,
0,108493,446476657392,446476657392,-1038257519,446477411837,446477819670,446478006462,446478035378,446509990724,446477406295,16666666,446478452378,446478654628,446478706753,446479242753,446493846295,2083,161500,446493846295,446479851295,0,446479242753,
0,108501,446493324058,446493324058,-43070774,446493996712,446494597503,446494834462,446494875712,446526657390,446493991003,16666666,446495093170,446495381003,446495407378,446496482337,446510530795,2125,187000,446510530795,446497217837,0,446496482337,
0,108509,446509990724,446509990724,-176403812,446510876587,446511300253,446511465212,446511489420,446543324056,446510870295,16666666,446511628128,446511709045,446511748170,446512828045,446527263712,1625,151084,446527263712,446513371753,0,446512828045,
0,108517,446526657390,446526657390,-423654625,446527452087,446527817253,446528225462,446528280962,446559990722,446527446503,16666666,446528517795,446528540378,446528622712,446529395795,446543864337,1959,130875,446543864337,446530082587,0,446529395795,
0,108525,446543324056,446543324056,-57004819,446543996253,446544889212,446545114503,446545147795,446576657388,446543990628,16666666,446545311212,446545597587,446545636212,446546801837,446560559878,62750,172250,446560559878,446547527295,0,446546801837,
0,108533,446559990722,446559990722,-24450293,446560690670,446561151462,446561323837,446561348045,446593324054,446560684920,16666666,446561494045,446561874462,446562068295,446562829337,446577607420,1917,86084,446577607420,446563357003,0,446562829337,
0,108541,446576657388,446576657388,-794164477,446577671837,446578083170,446578242712,446578268878,446609990720,446577666253,16666666,446578405837,446578577212,446578614712,446579621462,446593911295,2917,129625,446593911295,446580670462,0,446579621462,
0,108549,446593324054,446593324054,-187465322,446594008045,446594621670,446594841962,446594873337,446626657386,446594001962,16666666,446595039962,446595453503,446595503420,446596317420,446610613837,1708,121209,446610613837,446596994670,0,446596317420,
0,108557,446609990720,446609990720,-857131447,446610896753,446611319587,446611486087,446611508420,446643324052,446610891128,16666666,446611671378,446611766003,446611814545,446612753378,446627029753,1666,149417,446627029753,446613404753,0,446612753378,
0,108565,446626657386,446626657386,-138171180,446627475253,446628358295,446628563545,446628596795,446659990718,446627468170,16666666,446628761962,446628889628,446628907878,446629570712,446643859420,8291,92083,446643859420,446630213295,0,446629570712,
0,108573,446643324052,446643324052,-366597345,446644188212,446644597503,446644749503,446644773628,446676657384,446644182712,16666666,446644903670,446645137920,446645194253,446645816545,446660693128,1833,145333,446660693128,446646440087,0,446645816545,
0,108581,446659990718,446659990718,-428818873,446660947087,446661376878,446661551587,446661572170,446693324050,446660940670,16666666,446661704503,446661939128,446661986795,446662646503,446677225212,1416,82375,446677225212,446663229628,0,446662646503,
0,108589,446676657384,446676657384,-644487818,446677473212,446677987170,446678362420,446678395462,446709990716,446677467545,16666666,446678725753,446678918170,446678959628,446679573795,446693774003,1958,354250,446693774003,446680366962,0,446679573795,
0,108597,446693324050,446693324050,-926655538,446694036545,446694555295,446694734628,446694762337,446726657382,446694030795,16666666,446695350087,446695610128,446695631545,446696377128,446710668378,2084,85084,446710668378,446697025670,0,446696377128,
0,108605,446709990716,446709990716,-391907429,446710999795,446711014337,446711401253,446711438670,446743324048,446710993837,16666666,446711576628,446711906628,446711982087,446713059003,446727169878,1959,149625,446727169878,446713677378,0,446713059003,
0,108613,446726657382,446726657382,0,446727585628,446727586420,446728582962,446728625420,446759990714,446727579962,16666666,446728914878,446728988712,446729029837,446729323837,446743919337,1916,88250,446743919337,446729949170,0,446729323837,
0,108621,446743324048,446743324048,0,446744326045,446744326753,446744751337,446744788378,446776657380,446744320337,16666666,446745028503,446745058378,446745160670,446745536878,446761082920,1916,117333,446761082920,446746319670,0,446745536878,
0,108629,446759990714,446759990714,0,446761687712,446761688795,446762172212,446762297753,446793324046,446761681795,16666666,446762823962,446762904753,446762943087,446763247962,446777072212,402084,171375,446777072212,446764524170,0,446763247962,
0,108644,446793324046,446793324046,-221585929,446793857837,446794307337,446794600337,446794624253,446809990712,446793852170,16666666,446794867962,446795026795,446795073712,446795536587,446810700753,3583,234000,446810700753,446796710962,0,446795536587,
0,108652,446809990712,446809990712,-299071716,446811074420,446811534462,446812535253,446813041753,446843324044,446811068920,16666666,446813386462,446813498962,446813534420,446813810503,446827007878,1625,136250,446827007878,446814581712,0,446813810503,
0,108660,446826657378,446826657378,-851948403,446827330712,446827770628,446829105545,446829132587,446859990710,446827324837,16666666,446829278753,446829377712,446829425087,446830094795,446843800962,1750,213834,446843800962,446830782503,0,446830094795,
0,108668,446843324044,446843324044,-919319675,446844385212,446844925503,446845103378,446845147378,446876657376,446844379545,16666666,446845774378,446845787795,446845872795,446846530295,446860577753,2000,132375,446860577753,446847072878,0,446846530295,
0,108676,446859990710,446859990710,-177447620,446860851795,446861279337,446861466753,446861489420,446893324042,446860846753,16666666,446861632045,446861792462,446861836045,446862611087,446877275795,3083,275167,446877275795,446863395128,0,446862611087,
0,108684,446876657376,446876657376,-76913402,446877623045,446878317837,446878662503,446878728795,446909990708,446877618003,16666666,446878971045,446879342253,446879399545,446881009753,446893863420,2375,167625,446893863420,446882175587,0,446881009753,
0,108692,446893324042,446893324042,-913623569,446894094962,446894510212,446894669462,446894693337,446926657374,446894089295,16666666,446894838378,446894853962,446894873795,446896671670,446910560795,2833,249041,446910560795,446897663462,0,446896671670,
0,108700,446909990708,446909990708,-665077095,446910763628,446911618420,446911850420,446911886545,446943324040,446910757045,16666666,446912257628,446912273003,446912459087,446912957837,446927713253,1833,195458,446927713253,446913564128,0,446912957837,
0,108708,446926657374,446926657374,-108646070,446927916378,446928692670,446928900420,446928930212,446959990706,446927910212,16666666,446929270962,446929656795,446929698878,446930364212,446944306545,1958,239458,446944306545,446931027212,0,446930364212,
0,108716,446943324040,446943324040,-758104975,446944735128,446945354295,446945626295,446945664670,446976657372,446944728253,16666666,446945817545,446945906920,446945944337,446946955628,446961250878,1916,84833,446961250878,446947503837,0,446946955628,
0,108724,446959990706,446959990706,-1009405191,446962369503,446963077503,446963287337,446963320337,446993324038,446962362462,16666666,446963499420,446963594587,446963622712,446964452837,446977033795,2000,155833,446977033795,446965143962,0,446964452837,
0,108732,446976657372,446976657372,-276178670,446977264295,446977730670,446977901004,446977927754,447009990704,446977258045,16666666,446978085379,446978212379,446978267045,446979558754,446993856545,3417,129417,446993856545,446980138837,0,446979558754,
0,108740,446993324038,446993324038,-583447692,446994041337,446994582754,446994754004,446994779920,447026657370,446994035879,16666666,446995024170,446995190879,446995210337,446995758837,447010656087,1959,137375,447010656087,446996358879,0,446995758837,
0,108748,447009990704,447009990704,-979401833,447011062420,447011448920,447011595004,447011615962,447043324036,447011057170,16666666,447011762129,447012117712,447012186379,447013008587,447027503962,1792,79833,447027503962,447013504212,0,447013008587,
0,108756,447026657370,447026657370,-338819535,447027882837,447028800212,447029070629,447029095295,447059990702,447027877045,16666666,447029231545,447029316962,447029384754,447030193879,447043868045,1833,478417,447043868045,447031163379,0,447030193879,
0,108764,447043324036,447043324036,-170985861,447044194545,447044780420,447044943545,447044966004,447076657368,447044188587,16666666,447045107170,447045468379,447045505545,447046116962,447060574670,1667,92417,447060574670,447046638754,0,447046116962,
0,108772,447059990702,447059990702,-620422280,447060837254,447061410462,447061583170,447061619379,447093324034,447060832087,16666666,447061771754,447062067962,447062109712,447063038170,447077163254,3375,246000,447077163254,447063726504,0,447063038170,
0,108780,447076657368,447076657368,-456794507,447077374504,447078258795,447078469795,447078572087,447109990700,447077368879,16666666,447078877254,447079081087,447079134337,447079653629,447093866087,1875,106916,447093866087,447080735212,0,447079653629,
0,108788,447093324034,447093324034,-502134000,447094237379,447094864420,447095094337,447095128295,447126657366,447094230462,16666666,447095315504,447095341254,447095381129,447096368170,447110831170,1792,156708,447110831170,447097262004,0,447096368170,
0,108796,447109990700,447109990700,-556669382,447111075129,447111483254,447111637170,447111709670,447143324032,447111069920,16666666,447112744754,447112786795,447112853545,447113500254,447127654462,1459,78458,447127654462,447114018170,0,447113500254,
0,108804,447126657366,447126657366,-168019912,447127910087,447128523504,447128676670,447128700129,447159990698,447127904962,16666666,447128849129,447129021045,447129055212,447129596295,447144367462,2166,175500,447144367462,447130230837,0,447129596295,
0,108812,447143324032,447143324032,-128207244,447144649045,447144660879,447144999795,447145035712,447176657364,447144643795,16666666,447145171462,447145480962,447145537254,447146980462,447160788545,2500,205583,447160788545,447147810587,0,447146980462,
0,108820,447159990698,447159990698,0,447160690129,447160690795,447161385170,447161422045,447193324030,447160684670,16666666,447161556837,447161959212,447162253920,447163138462,447177409795,1917,163250,447177409795,447163762087,0,447163138462,
0,108828,447176657364,447176657364,0,447177929670,447177930670,447177931087,447177989045,447209990696,447177923420,16666666,447178600129,447178821754,447178859712,447179691545,447196916837,9625,139958,447196916837,447180731795,0,447179691545,
0,108836,447193324030,447193324030,0,447196847129,447196847920,447196848337,447196900087,447226657362,447196841754,16666666,447197629962,447197721337,447197801545,447199995379,447210629379,3750,256583,447210629379,447201250170,0,447199995379,
0,108844,447209990696,447209990696,0,447211122045,447211123379,447211123920,447211335254,447243324028,447211114212,16666666,447211895004,447212427004,447212587170,447213402254,447227511462,1709,73625,447227511462,447214064712,0,447213402254,
0,108852,447226657362,447226657362,-556660645,447227925379,447229263045,447229478420,447229509629,447259990694,447227918087,16666666,447229661795,447229867379,447229923129,447230552129,447244507754,1791,178625,447244507754,447231289712,0,447230552129,
0,108860,447243324028,447243324028,-995557704,447244632462,447245242420,447245416254,447245441962,447276657360,447244626587,16666666,447245586670,447246001212,447246046045,447246559587,447260466712,1791,92000,447260466712,447247305004,0,447246559587,
0,108868,447259990694,447259990694,-622510396,447261139045,447261879295,447262054837,447262081920,447293324026,447261127962,16666666,447262220712,447262734170,447262755087,447263890795,447277044004,1708,164875,447277044004,447264681670,0,447263890795,
0,108876,447276657360,447276657360,-801188664,447277480670,447277907920,447278087795,447278111795,447309990692,447277475087,16666666,447278280712,447278296545,447278316504,447279077670,447293966962,2834,173292,447293966962,447279986420,0,447279077670,
0,108884,447293324026,447293324026,-903582261,447294216795,447295109587,447295277129,447295302920,447326657358,447294211754,16666666,447295438879,447295449587,447295841629,447296817087,447310716837,2333,221917,447310716837,447297731754,0,447296817087,
0,108892,447309990692,447309990692,-487878150,447311003337,447311571045,447311728837,447311752420,447343324024,447310997879,16666666,447311895087,447311906045,447311934045,447313489712,447327198295,1333,89917,447327198295,447314065004,0,447313489712,
0,108900,447326657358,447326657358,-822376800,447327344837,447327791837,447327953087,447327974837,447359990690,447327339337,16666666,447328605212,447328997879,447329016379,447330173879,447343767754,1875,304250,447343767754,447331050629,0,447330173879,
0,108908,447343324024,447343324024,-212657709,447344152337,447344557962,447344754045,447344776420,447376657356,447344146837,16666666,447344912379,447344926962,447344985545,447345928962,447360622337,1333,82334,447360622337,447346589337,0,447345928962,
0,108916,447359990690,447359990690,-527738420,447361036879,447361459587,447361615087,447361658504,447393324022,447361030587,16666666,447362015795,447362342920,447362360295,447362983254,447377349170,2416,305625,447377349170,447363852337,0,447362983254,
0,108924,447376657356,447376657356,-1049147821,447377420962,447377958670,447378117462,447378140420,447409990688,447377415587,16666666,447378277545,447378489420,447378570379,447379433254,447393903129,1667,84458,447393903129,447379968337,0,447379433254,
0,108932,447393324022,447393324022,-334133739,447394099879,447394584295,447394864504,447394922504,447426657354,447394093837,16666666,447395190420,447395358920,447395385587,447396618462,447410665170,3291,233458,447410665170,447397393920,0,447396618462,
0,108940,447409990688,447409990688,-53532830,447411087129,447411727504,447411924004,447411953712,447443324020,447411078837,16666666,447412887837,447413323129,447413377795,447413957087,447427215629,1750,85458,447427215629,447414593004,0,447413957087,
0,108948,447426657354,447426657354,-837399942,447427430712,447427823295,447427986462,447428116129,447459990686,447427425462,16666666,447428280504,447428295295,447428330712,447429192712,447443733420,2209,162084,447443733420,447429874337,0,447429192712,
0,108956,447443324020,447443324020,-87333108,447443933879,447444532962,447444693170,447444713337,447476657352,447443928545,16666666,447444844754,447445131587,447445436712,447446328129,447460402545,4083,217709,447460402545,447447324879,0,447446328129,
0,108964,447459990686,447459990686,-115561466,447460633920,447461059712,447461225087,447461247129,447493324018,447460628254,16666666,447461381295,447461743837,447461761754,447462412837,447477169170,2959,240709,447477169170,447463342379,0,447462412837,
0,108972,447476657352,447476657352,-97936670,447477559170,447478051920,447478223962,447478253087,447509990684,447477553254,16666666,447478392629,447478735962,447478776795,447479577754,447480746129,2167,312667,447480713962,447480746129,0,447479577754,
0,108980,447493324018,447493324018,-412964876,447494596837,447495279545,447495671629,447495740420,447526657350,447494589504,16666666,447496115337,447496487337,447496508462,447497350295,447510651962,2292,178750,447510651962,447498047879,0,447497350295,
0,108988,447509990684,447509990684,-152496826,447510914712,447511363754,447511523795,447511546795,447543324016,447510908545,16666666,447511683670,447512087504,447512149754,447512948712,447527308004,2458,166291,447527308004,447513640545,0,447512948712,
0,108996,447526657350,447526657350,-657273122,447527646337,447528407837,447528567754,447528594004,447559990682,447527641087,16666666,447528725087,447528961587,447529024004,447530011462,447543859670,1792,110125,447543859670,447530688587,0,447530011462,
0,109004,447543324016,447543324016,-277085163,447544527337,447544916462,447545079420,447545106462,447576657348,447544521337,16666666,447545478004,447545804420,447545859295,447546489962,447560563545,2542,162959,447560563545,447547292337,0,447546489962,
0,109012,447559990682,447559990682,-90335182,447561155295,447562219337,447562827920,447562878670,447593324014,447561148129,16666666,447563105837,447563304129,447563344212,447564523045,447577200629,4042,187250,447577200629,447565465045,0,447564523045,
0,109020,447576657348,447576657348,-306823937,447577456962,447577471670,447577938045,447577978962,447609990680,447577451504,16666666,447578125045,447578846004,447578886629,447580444879,447593783879,3084,173833,447593783879,447581473962,0,447580444879,
0,109028,447593324014,447593324014,0,447593964545,447593965504,447594607004,447594647837,447626657346,447593959004,16666666,447595115504,447595145670,447595639087,447596493629,447610687379,1708,194958,447610687379,447597497254,0,447596493629,
0,109036,447609990680,447609990680,0,447611119170,447611120462,447611666212,447611713087,447643324012,447611112587,16666666,447612765337,447613600254,447613623045,447614684129,447627190879,3750,438792,447627190879,447615909379,0,447614684129,
0,109044,447626657346,447626657346,0,447627475212,447627476045,447628557170,447628608837,447659990678,447627470087,16666666,447628958837,447629109545,447629156920,447629774879,447643822545,2834,319166,447643822545,447630756712,0,447629774879,
0,109052,447643324012,447643324012,0,447643993670,447643994587,447645004129,447645038045,447676657344,447643987712,16666666,447645231420,447645466420,447645506462,447645873212,447660926295,1173083,190875,447660926295,447648595254,0,447645873212,
0,109060,447659990678,447659990678,-1003677993,447660958045,447661929295,447662393087,447662438879,447693324010,447660950420,16666666,447662819837,447662876587,447662922504,447663552712,447677382421,1958,396667,447677382421,447664804421,0,447663552712,
0,109068,447676657344,447676657344,-837360396,447678566629,447679035254,447680496712,447680522379,447709990676,447678559962,16666666,447680607462,447680704546,447680740087,447681069921,447693948296,1583,101459,447693948296,447682127046,0,447681069921,
0,109076,447693324010,447693324010,-525551297,447694153504,447694753879,447695065546,447695107421,447726657342,447694148129,16666666,447695394629,447695570379,447695685546,447696312046,447710830462,2000,171209,447710830462,447697589546,0,447696312046,
0,109084,447709990676,447709990676,-527335990,447712688671,447713208504,447714049587,447714101296,447743324008,447712682504,16666666,447714283671,447714440004,447714502421,447715378796,447727626837,4375,475541,447727626837,447716434087,0,447715378796,
0,109092,447726657342,447726657342,-485202719,447727649379,447728577587,447728753046,447728779421,447759990674,447727641462,16666666,447728929754,447728966754,447729414087,447730545212,447743868671,1916,275417,447743868671,447731231046,0,447730545212,
0,109100,447743324008,447743324008,-268794507,447744158296,447744895587,447745060212,447745083587,447776657340,447744152629,16666666,447745239046,447745683129,447745728504,447746649796,447762054212,1583,90083,447762054212,447747429754,0,447746649796,
0,109108,447759990674,447759990674,-541230450,447762634629,447763445379,447763614379,447763637087,447793324006,447762629296,16666666,447763865671,447764135837,447764374462,447765753837,447778684462,3667,254500,447778684462,447766561462,0,447765753837,
0,109116,447776657340,447776657340,-879524924,447779849379,447780482837,447780654629,447780685379,447809990672,447779843962,16666666,447780827296,447780922754,447780960712,447782245504,447793843796,1875,155375,447793843796,447783015087,0,447782245504,
0,109124,447793324006,447793324006,-1006675931,447794164087,447794855046,447795054462,447795108171,447826657338,447794158504,16666666,447795280546,447795378587,447795401629,447796525254,447810501462,1666,157250,447810501462,447797391171,0,447796525254,
0,109132,447809990672,447809990672,-1007223980,447810940421,447811616171,447811803504,447811834879,447843324004,447810934379,16666666,447812181712,447812332129,447812372546,447812894921,447827281004,2208,154458,447827281004,447813718212,0,447812894921,
0,109140,447826657338,447826657338,-203586867,447827648837,447828365587,447828583421,447828615337,447859990670,447827641379,16666666,447828758504,447828840004,447828874962,447829806546,447843767962,2125,226958,447843767962,447830687587,0,447829806546,
0,109148,447843324004,447843324004,-342916233,447844327712,447844862712,447845048337,447845074421,447876657336,447844322379,16666666,447845257504,447845389337,447845543837,447846392004,447860605421,2208,162625,447860605421,447847344254,0,447846392004,
0,109156,447859990670,447859990670,-316753780,447860733587,447861636004,447861975337,447862035087,447893324002,447860727879,16666666,447862252796,447862442504,447862499712,447863122504,447877152004,1666,161125,447877152004,447863698546,0,447863122504,
0,109164,447876657336,447876657336,-988873988,447877828129,447878338046,447878659796,447878710087,447909990668,447877822754,16666666,447879235421,447879413546,447879463962,447880100921,447894906921,2000,97291,447894906921,447880697754,0,447880100921,
0,109172,447893324002,447893324002,-426886562,447895147046,447895803337,447895989462,447896173587,447926657334,447895141462,16666666,447896549421,447896560629,447896837379,447897423212,447910340671,2583,220875,447910340671,447898389504,0,447897423212,
0,109180,447909990668,447909990668,-75730731,447910857004,447911510379,447911731962,447911771546,447943324000,447910849212,16666666,447911946171,447912202171,447912242296,447912945837,447927145254,1708,96958,447927145254,447913711337,0,447912945837,
0,109188,447926657334,447926657334,-402736906,447927482671,447927927504,447928455629,447928486796,447959990666,447927476962,16666666,447928639921,447928785504,447928821046,447929913087,447945963379,3792,238959,447945963379,447930840337,0,447929913087,
0,109196,447943324000,447943324000,-192490861,447946465379,447947117796,447947286837,447947316421,447976657332,447946458879,16666666,447947451587,447947477004,447947544004,447948644379,447960869921,1791,90708,447960869921,447949384921,0,447948644379,
0,109204,447959990666,447959990666,-1035618796,447961541212,447965080421,447965783796,447965822879,447993323998,447961535087,16666666,447965990504,447966134879,447966340754,447967175087,447977374587,2667,241583,447977374587,447968307129,0,447967175087,
0,109212,447976657332,447976657332,-873123002,447977720462,447978380546,447978696504,447978743962,448009990664,447977714921,16666666,447978941629,447979033087,447979058337,447980317087,447993820629,2333,145000,447993820629,447981000296,0,447980317087,
0,109220,447993323998,447993323998,-925930332,447994125171,447995355879,447995661754,447995720629,448026657330,447994117962,16666666,447995983921,447996355171,447996399879,447997124212,448010548337,2417,254459,448010548337,447997978171,0,447997124212,
0,109228,448009990664,448009990664,-533717718,448011017004,448011468296,448011656504,448011691587,448043323996,448011011212,16666666,448011823337,448011833879,448012453379,448013427712,448027282879,1875,80750,448027282879,448014135837,0,448013427712,
0,109236,448026657330,448026657330,-1039638724,448027642796,448027659796,448028296212,448028356962,448059990662,448027636546,16666666,448028561587,448028911462,448028960921,448029623296,448043917629,3708,205917,448043917629,448030367921,0,448029623296,
0,109244,448043323996,448043323996,0,448044482004,448044483337,448045031421,448045070837,448076657328,448044474254,16666666,448045217379,448045485379,448045528546,448046364796,448060780712,1667,88291,448060780712,448046941962,0,448046364796,
0,109252,448059990662,448059990662,0,448062236712,448062237754,448062238379,448062304254,448093323994,448062229754,16666666,448062773296,448062911254,448062946837,448063554004,448065268712,2958,1000208,448064940629,448065268712,0,448063554004,
0,109260,448076657328,448076657328,0,448077625212,448077626129,448077626587,448077681087,448109990660,448077619546,16666666,448078186004,448078350254,448078413504,448079626129,448093783254,3583,392709,448093783254,448081439879,0,448079626129,
0,109268,448093323994,448093323994,0,448094272087,448094273254,448094273796,448094345421,448126657326,448094247254,16666666,448095125379,448095244587,448095367337,448096393046,448110770421,1708,87667,448110770421,448096959087,0,448096393046,
0,109276,448109990660,448109990660,0,448110933462,448110934712,448110935254,448111003629,448143323992,448110926671,16666666,448111473379,448111746837,448112229296,448113038504,448127489796,3209,289084,448127489796,448114074837,0,448113038504,
0,109284,448126657326,448126657326,0,448127748129,448127749337,448127749879,448127816921,448159990658,448127741546,16666666,448128514712,448128658921,448128703754,448129499504,448143779671,1667,106459,448143779671,448130394129,0,448129499504,
0,109292,448143323992,448143323992,0,448144206629,448144207379,448144207796,448144261046,448176657324,448144200504,16666666,448144823629,448145015671,448145083462,448145847462,448160552462,1708,188833,448160552462,448146644629,0,448145847462,
0,109300,448159990658,448159990658,0,448160760587,448160761504,448160762087,448160820171,448193323990,448160754546,16666666,448161411171,448161607837,448161649712,448162425712,448177279087,2625,152458,448177279087,448163252087,0,448162425712,
0,109308,448176657324,448176657324,0,448177532754,448177533462,448177534004,448177583462,448209990656,448177527296,16666666,448178220921,448178415671,448178455296,448179429296,448193864087,3500,791708,448193864087,448180725004,0,448179429296,
0,109316,448193323990,448193323990,0,448194232879,448194233962,448194234587,448194302796,448226657322,448194226087,16666666,448194948462,448195152712,448195190504,448195753754,448210564754,1667,97208,448210564754,448196525337,0,448195753754,
0,109324,448209990656,448209990656,0,448210921046,448210921837,448210922462,448210973462,448243323988,448210915546,16666666,448211291462,448211427629,448211529962,448212607046,448227192879,2042,174083,448227192879,448213227004,0,448212607046,
0,109332,448226657322,448226657322,0,448227801629,448227803046,448227803671,448227862796,448259990654,448227794379,16666666,448228708004,448228884379,448228960171,448229782671,448243782837,2833,197292,448243782837,448230724046,0,448229782671,
0,109340,448243323988,448243323988,0,448244134087,448244134921,448244135337,448244185921,448276657320,448244128462,16666666,448244513379,448244670296,448244723254,448245415962,448260469587,2084,192458,448260469587,448246173587,0,448245415962,
0,109348,448259990654,448259990654,0,448260677504,448260678629,448260679087,448260731337,448293323986,448260671379,16666666,448261269046,448261423171,448261463671,448262321671,448277252671,1792,78042,448277252671,448262957504,0,448262321671,
0,109356,448276657320,448276657320,0,448277430879,448277431837,448277432254,448277482254,448309990652,448277425629,16666666,448277822629,448278184921,448278225087,448278843296,448293803254,1917,167167,448293803254,448279477962,0,448278843296,
0,109364,448293323986,448293323986,0,448294193712,448294194421,448294194837,448294256212,448326657318,448294187796,16666666,448294860921,448295086046,448295144421,448295740462,448310617712,1417,110083,448310617712,448296533421,0,448295740462,
0,109372,448309990652,448309990652,0,448310939796,448310940796,448310941254,448310993212,448343323984,448310934254,16666666,448311320962,448311673254,448311754921,448312567212,448327187629,1916,139083,448327187629,448313114004,0,448312567212,
0,109380,448326657318,448326657318,0,448327608546,448327609837,448327610629,448327672046,448359990650,448327601837,16666666,448328511337,448328676296,448328722671,448329424379,448343914046,1875,80375,448343914046,448329898921,0,448329424379,
0,109388,448343323984,448343323984,0,448344499921,448344501046,448344501712,448344562087,448376657316,448344494254,16666666,448345054754,448345275837,448345367712,448346121712,448360500171,2542,240833,448360500171,448347160921,0,448346121712,
0,109396,448359990650,448359990650,0,448360625629,448360626212,448360626587,448360677254,448393323982,448360620254,16666666,448361089212,448361343921,448361392337,448362376504,448377278088,3417,168750,448377278088,448363180546,0,448362376504,
0,109404,448376657316,448376657316,0,448377619421,448377620296,448377620713,448377671671,448409990648,448377613671,16666666,448377976463,448378140588,448378180004,448379093629,448393856463,9583,139208,448393856463,448380375338,0,448379093629,
0,109412,448393323982,448393323982,0,448394436754,448394437504,448394438088,448394492004,448409990648,448394430129,16666666,448395315338,448395940879,448395972629,448398550629,446393733253,2042,678000,446393733253,448399818379,0,448398550629,
---PROFILEDATA---


View hierarchy:

  dev.polski.grammarmatrix/dev.polski.grammarmatrix.GlassBenchmarkActivity/android.view.ViewRootImpl@6932836
  7 views, 12.02 kB of render nodes


Total ViewRootImpl   : 1
Total attached Views : 7
Total RenderNode     : 12.02 kB (used) / 36.09 kB (capacity)

